142,5,0.00562429696287964
177,5,0.0024283632831471587
180,5,0.5555555555555556
172,5,0.005473453749315818
189,5,0.0015639662183296842
192,5,0.043668122270742356
172,5,0.002037074760643716
181,5,0.0038819875776397515
150,5,0.002229654403567447
180,5,0.5882352941176471
186,5,0.15151515151515152
181,5,0.006666666666666667
182,5,0.002050861361771944
183,5,0.001902587519025875
181,5,0.3448275862068966
173,5,0.011441647597254004
185,5,0.0027144408251900108
179,5,0.00683526999316473
167,5,0.005574136008918618
185,5,0.38461538461538464
169,5,0.0018385732671446957
175,5,0.0034638032559750607
177,5,0.0011025358324145535
188,5,0.2127659574468085
159,5,0.37037037037037035
170,5,0.0050200803212851405
191,5,0.43478260869565216
154,5,0.0025647601949217746
180,5,0.0015363343063450607
168,5,0.0022391401701746527
166,5,0.0014374011786689666
155,5,0.5882352941176471
176,6,0.01773049645390071
176,5,0.0136986301369863
172,5,0.4166666666666667
177,5,0.005534034311012728
168,5,0.002334267040149393
200,5,0.7692307692307693
180,5,0.5882352941176471
174,5,0.002326663564448581
183,5,0.2631578947368421
168,5,0.001839587932303164
171,5,0.0018604651162790699
177,5,0.0016835016835016834
171,5,0.004952947003467063
175,5,0.47619047619047616
173,5,0.005787037037037037
187,5,0.47619047619047616
165,6,0.005173305742369374
168,5,0.0022391401701746527
152,5,0.004159733777038269
155,5,0.5263157894736842
179,7,0.5263157894736842
180,5,0.004666355576294913
164,5,0.002164970772894566
180,5,0.003885003885003885
165,5,0.059880239520958084
155,5,0.0013500742540839747
185,5,0.004168403501458941
182,5,0.0010177081213108082
151,5,0.006105006105006105
182,5,0.00297441998810232
169,5,0.0010534077741493732
174,5,0.012269938650306749
177,5,0.7142857142857143
175,5,0.011947431302270013
160,5,0.5882352941176471
172,5,0.0014856633486851878
185,5,0.21739130434782608
178,5,0.0034638032559750607
182,5,0.5263157894736842
173,5,0.0018335166850018336
176,5,0.018691588785046728
186,5,0.5882352941176471
169,5,0.0016286644951140066
204,5,0.625
172,5,0.0061312078479460455
201,5,0.003913894324853229
168,5,0.0014388489208633094
178,5,0.006038647342995169
187,5,0.002068680182043856
180,5,0.0023792529145848203
192,5,0.15873015873015872
192,5,0.0018148820326678765
179,5,0.5882352941176471
181,5,0.5882352941176471
165,5,0.0048449612403100775
149,5,0.013550135501355014
159,5,0.004770992366412214
184,5,0.002508780732563974
179,5,0.4
157,5,0.006570302233902759
185,5,0.0018429782528566164
187,5,0.0013948946854512485
189,5,0.002665955745134631
175,5,0.0023860653781913625
188,5,0.02564102564102564
190,5,0.005977286312014346
155,5,0.00414765657403567
176,5,0.0016837851490149856
182,5,0.7142857142857143
163,5,0.0034317089910775567
182,5,0.0013260840737302744
170,5,0.007107320540156361
164,5,0.002442002442002442
169,5,0.29411764705882354
201,5,0.0025113008538422904
162,5,0.005202913631633715
150,5,0.0056947608200455585
190,5,0.37037037037037035
166,5,0.4166666666666667
180,6,0.7692307692307693
195,5,0.45454545454545453
163,5,0.6666666666666666
174,5,0.00425531914893617
175,5,0.01773049645390071
165,5,0.003121098626716604
184,5,0.6666666666666666
176,5,0.0021915406530791147
172,5,0.012315270935960592
170,5,0.006775067750677507
175,5,0.004943153732081068
174,5,0.002560163850486431
182,5,0.006587615283267457
192,5,0.0017373175816539264
163,5,0.01
171,5,0.003910833007430583
188,5,0.002871088142405972
176,5,0.0026490066225165563
174,5,0.001754693805930865
174,5,0.47619047619047616
180,5,0.38461538461538464
170,5,0.35714285714285715
165,5,0.00693000693000693
192,5,0.8333333333333334
195,5,0.003067484662576687
177,5,0.005991611743559017
177,5,0.0038299502106472617
174,5,0.0029542097488921715
162,5,0.009082652134423252
186,5,0.004870920603994155
166,5,0.006901311249137336
176,5,0.0026455026455026454
183,5,0.45454545454545453
158,5,0.003259452411994785
186,5,0.47619047619047616
199,6,0.8333333333333334
186,5,0.001180498170227836
182,5,0.0064516129032258064
174,5,0.0064516129032258064
188,5,0.005005005005005005
172,5,0.007698229407236336
184,5,0.026737967914438502
184,5,0.5882352941176471
188,5,0.45454545454545453
200,5,0.5263157894736842
192,5,0.00216169476869866
188,5,0.0031259768677711786
181,5,0.4166666666666667
181,5,0.0051813471502590676
200,5,0.0017105713308244953
167,5,0.018050541516245487
196,5,0.37037037037037035
165,5,0.009074410163339383
174,5,0.0025367833587011668
174,5,0.006949270326615705
195,5,0.0014080540692762602
188,5,0.5882352941176471
201,5,0.5
183,5,0.008818342151675485
175,5,0.0018670649738610904
174,5,0.2222222222222222
165,5,0.012690355329949238
178,5,0.8333333333333334
176,5,0.004612546125461255
182,5,0.0011142061281337048
168,5,0.11764705882352941
166,5,0.0020755500207555004
183,5,0.47619047619047616
174,5,0.007087172218284904
182,5,0.0012682308180088776
172,5,0.7692307692307693
182,5,0.5
163,5,0.0034118048447628795
189,5,0.0035211267605633804
161,5,0.001756543123133673
178,5,0.0024177949709864605
187,5,0.5882352941176471
180,5,0.002777777777777778
185,5,0.38461538461538464
169,5,0.005482456140350877
169,5,0.0009646922631680494
179,5,0.003101736972704715
155,5,0.5555555555555556
192,5,0.0036845983787767134
175,5,0.0040650406504065045
181,5,0.0022655188038060714
170,5,0.0022396416573348264
157,5,0.002513826043237808
182,5,0.6666666666666666
186,5,0.011627906976744186
177,5,0.0013358268768367619
180,5,0.06060606060606061
175,5,0.0026226068712300026
190,5,0.006134969325153374
164,5,0.7692307692307693
177,5,0.01040582726326743
171,6,0.2857142857142857
167,5,0.005202913631633715
171,5,0.00253613999492772
205,5,0.0018155410312273058
184,5,0.0038299502106472617
172,5,0.010245901639344262
168,5,0.006476683937823834
171,5,0.00202020202020202
194,5,0.0038197097020626434
186,5,0.010416666666666666
189,5,0.017985611510791366
177,5,0.012836970474967908
174,5,0.002145002145002145
190,5,0.7142857142857143
180,6,0.006657789613848202
165,5,0.004088307440719542
165,5,0.004633920296570899
190,5,0.002478929102627665
145,5,0.009624639076034648
205,5,0.7692307692307693
194,5,0.47619047619047616
185,5,0.0019561815336463224
193,6,0.002906131938390003
167,5,0.0033967391304347825
168,5,0.003927729772191673
174,5,0.625
184,5,0.001151808339092375
173,5,0.0019896538002387586
172,5,0.0034411562284927736
183,5,0.004024144869215292
152,5,0.29411764705882354
155,5,0.45454545454545453
161,5,0.18181818181818182
160,6,0.5263157894736842
172,5,0.004262574595055414
177,5,0.5882352941176471
191,5,0.0024142926122646064
167,5,0.0018034265103697023
177,5,0.18518518518518517
180,5,0.008952551477170993
187,5,0.013927576601671309
185,5,0.004233700254022015
199,5,0.0026021337496747333
178,5,0.001691761123329386
166,5,0.001415227851684121
173,5,0.0022036139268400176
177,5,0.5
184,5,0.004101722723543888
166,5,0.007077140835102618
159,5,0.0038240917782026767
174,5,0.5263157894736842
158,5,0.0041753653444676405
163,5,0.0038550501156515036
184,5,0.7692307692307693
169,6,0.4166666666666667
145,5,0.0030807147258163892
164,6,0.11904761904761904
179,5,0.5
176,5,0.00495785820525533
188,6,0.6666666666666666
189,5,0.7142857142857143
173,5,0.0027831895352073478
201,5,0.5
205,6,0.5555555555555556
183,5,0.0036310820624546117
188,5,0.009398496240601503
168,5,0.5882352941176471
170,5,0.0018950161076369148
171,5,0.0023169601482854493
189,5,0.001366120218579235
172,5,0.0019801980198019802
166,5,0.004074979625101874
166,5,0.00225886604924328
177,5,0.0011682242990654205
178,5,0.6666666666666666
186,5,0.0032605151613955006
169,5,0.43478260869565216
154,5,0.002774694783573807
202,5,0.0035014005602240898
172,5,0.0016082341588935349
161,5,0.003589375448671931
186,5,0.0012386968908708038
187,5,0.002147305132059266
177,5,0.003930817610062893
175,5,0.02197802197802198
193,5,0.7142857142857143
185,5,0.0015569048731122529
171,5,0.0025037556334501754
153,6,0.0030778701138811943
176,5,0.0018301610541727673
175,5,0.43478260869565216
153,5,0.0039541320680110716
186,5,0.0038182512409316535
162,5,0.003952569169960474
172,5,0.00665335994677312
192,6,0.4166666666666667
178,5,0.0031746031746031746
181,6,0.0043159257660768235
180,5,0.3333333333333333
173,5,0.38461538461538464
178,5,0.0065919578114700065
151,5,0.3225806451612903
167,5,0.016286644951140065
159,6,0.08403361344537816
174,5,0.002727768685215494
151,5,0.0014092446448703494
181,5,0.003976143141153081
169,5,0.5263157894736842
160,5,0.5263157894736842
172,5,0.0020538098172109263
161,5,0.5555555555555556
181,5,0.10526315789473684
195,5,0.008097165991902834
179,5,0.001610305958132045
170,5,0.012690355329949238
170,5,0.001890359168241966
168,5,0.006635700066357001
187,5,0.6666666666666666
176,5,0.05128205128205128
188,5,0.0353356890459364
184,5,0.625
183,5,0.003363605785401951
159,5,0.016778523489932886
156,5,0.38461538461538464
167,5,0.003450655624568668
177,5,0.0041390728476821195
162,5,0.001332267519317879
180,5,0.008968609865470852
185,5,0.01592356687898089
184,5,0.0021724961981316533
188,6,0.4166666666666667
170,5,0.003589375448671931
181,5,0.45454545454545453
174,5,0.0018125793003443901
199,6,0.9090909090909091
183,5,0.5263157894736842
170,5,0.0021326508850501172
174,5,0.0019455252918287938
176,5,0.002105263157894737
190,5,0.005115089514066497
167,5,0.005861664712778429
183,5,0.040983606557377046
181,5,0.009233610341643583
195,5,0.7142857142857143
196,6,0.43478260869565216
185,5,0.02881844380403458
168,5,0.0022237046920169003
170,5,0.45454545454545453
190,5,0.6666666666666666
189,5,0.5555555555555556
194,5,0.00229147571035747
187,5,0.5555555555555556
181,5,0.6666666666666666
186,5,0.013280212483399735
193,5,0.004755111745126011
167,5,0.0031486146095717885
161,5,0.5882352941176471
171,5,0.003694126339120798
205,5,0.5882352941176471
179,5,0.5263157894736842
191,5,0.43478260869565216
181,5,0.0026532236667551074
175,5,0.0027210884353741495
175,5,0.0017029972752043597
170,5,0.002243661655822302
186,5,0.0033967391304347825
182,5,0.0025176233635448137
181,5,0.017006802721088437
172,5,0.0013412017167381974
175,5,0.24390243902439024
170,5,0.7142857142857143
197,5,0.4166666666666667
197,5,0.45454545454545453
179,5,0.001546551190844417
171,5,0.003401360544217687
193,5,0.003972983710766786
192,6,0.37037037037037035
184,5,0.3333333333333333
159,5,0.004191114836546521
175,5,0.007621951219512195
193,5,0.0023441162681669013
184,5,0.0022381378692927483
177,5,0.37037037037037035
169,6,0.29411764705882354
177,5,0.0032701111837802484
177,5,0.625
182,5,0.16129032258064516
172,5,0.002901073397156948
190,5,0.0018628912071535022
165,5,0.013315579227696404
186,5,0.47619047619047616
183,5,0.007621951219512195
173,5,0.0019665683382497543
182,5,0.08130081300813008
