176,12,0.008503401360544218
286,12,0.007288629737609329
297,12,0.008271298593879239
303,12,0.012091898428053204
501,12,0.03717472118959108
547,12,0.042735042735042736
288,12,0.008795074758135445
848,12,0.006013229104028864
177,12,0.008361204013377926
729,12,0.009708737864077669
820,12,0.008271298593879239
844,12,0.009871668311944718
162,12,0.005564830272676683
992,12,0.008673026886383347
472,12,0.0075815011372251705
176,12,0.01658374792703151
537,12,0.047619047619047616
727,12,0.04048582995951417
492,12,0.0014803849000740192
492,12,0.009910802775024777
491,12,0.013908205841446454
402,12,0.018315018315018316
162,12,0.007961783439490446
768,12,0.012254901960784314
426,12,0.008928571428571428
406,12,0.013140604467805518
283,12,0.006385696040868455
728,12,0.012300123001230012
510,12,0.04184100418410042
471,12,0.011682242990654205
472,12,0.012391573729863693
533,12,0.04484304932735426
475,12,0.014164305949008499
393,12,0.01201923076923077
789,12,0.009157509157509158
302,12,0.011904761904761904
456,12,0.011890606420927468
977,12,0.014285714285714285
432,12,0.013736263736263736
546,12,0.0010604453870625664
509,12,0.06578947368421052
440,12,0.009066183136899365
288,12,0.018832391713747645
731,12,0.14925373134328357
967,12,0.010905125408942203
430,12,0.010626992561105207
407,12,0.0071174377224199285
482,12,0.012033694344163659
467,12,0.011547344110854504
711,12,0.008084074373484237
495,12,0.005980861244019139
405,12,0.008460236886632826
414,12,0.011976047904191617
725,12,0.012106537530266344
177,12,0.010917030567685589
497,12,0.0007882705344474224
130,12,0.06756756756756757
727,12,0.041666666666666664
411,12,0.01631321370309951
395,12,0.01201923076923077
293,12,0.008176614881439084
417,12,0.008012820512820512
280,12,0.011750881316098707
973,12,0.012903225806451613
473,12,0.00816326530612245
496,12,0.0010090817356205853
300,12,0.01179245283018868
487,12,0.00859106529209622
781,12,0.017889087656529516
832,12,0.006086427267194157
163,12,0.007993605115907274
725,12,0.005777007510109763
285,12,0.006958942240779402
178,12,0.017391304347826087
175,12,0.011976047904191617
543,12,0.049019607843137254
299,12,0.009380863039399626
510,12,0.031545741324921134
479,12,0.006743088334457181
722,12,0.06896551724137931
269,12,0.07194244604316546
511,12,0.07092198581560284
500,12,0.0074850299401197605
554,12,0.03759398496240601
507,12,0.043859649122807015
799,12,0.012594458438287154
400,12,0.011185682326621925
528,12,0.05025125628140704
715,12,0.009157509157509158
510,12,0.06097560975609756
770,12,0.009523809523809525
727,12,0.08
833,12,0.008787346221441126
482,12,0.014947683109118086
305,12,0.08771929824561403
294,12,0.0074682598954443615
513,12,0.052083333333333336
487,12,0.01394700139470014
501,12,0.00177999288002848
289,12,0.01287001287001287
525,12,0.04878048780487805
131,12,0.10204081632653061
271,12,0.09259259259259259
985,12,0.01072961373390558
515,12,0.040160642570281124
285,12,0.10101010101010101
288,12,0.07142857142857142
732,12,0.04132231404958678
130,12,0.06711409395973154
769,12,0.006176652254478073
271,12,0.053763440860215055
495,12,0.0006619009796134498
401,12,0.012360939431396786
354,12,0.1388888888888889
167,12,0.07142857142857142
728,12,0.047619047619047616
203,12,0.08130081300813008
164,12,0.07751937984496124
468,12,0.010810810810810811
288,12,0.1694915254237288
504,12,0.05747126436781609
306,12,0.09345794392523364
410,12,0.006631299734748011
762,12,0.0136986301369863
350,12,0.12658227848101267
206,12,0.09009009009009009
493,12,0.013605442176870748
521,12,0.032362459546925564
303,12,0.013422818791946308
285,12,0.06944444444444445
770,12,0.012165450121654502
465,12,0.013368983957219251
270,12,0.11235955056179775
492,12,0.0008394191219675984
128,12,0.0847457627118644
408,12,0.006910850034554251
482,12,0.013422818791946308
477,12,0.009416195856873822
467,12,0.009891196834817012
491,12,0.007849293563579277
725,12,0.05025125628140704
416,12,0.01182033096926714
507,12,0.07352941176470588
450,12,0.009970089730807577
489,12,0.01529051987767584
710,12,0.006613756613756613
414,12,0.013679890560875513
400,12,0.009124087591240875
160,12,0.008605851979345954
417,12,0.00835421888053467
973,12,0.006925207756232687
348,12,0.006527415143603133
445,12,0.00945179584120983
547,12,0.06289308176100629
462,12,0.0056785917092561046
830,12,0.007304601899196494
398,12,0.00846740050804403
799,12,0.01098901098901099
778,12,0.006215040397762586
408,12,0.011534025374855825
481,12,0.011111111111111112
959,12,0.00946073793755913
505,12,0.06289308176100629
489,12,0.006024096385542169
492,12,0.0010907504363001745
489,12,0.00794912559618442
969,12,0.01288659793814433
778,12,0.007616146230007616
395,12,0.013568521031207599
411,12,0.009950248756218905
824,12,0.008598452278589854
493,12,0.0019596315892612187
292,12,0.015105740181268883
354,12,0.00992063492063492
478,12,0.01072961373390558
714,12,0.012578616352201259
401,12,0.009354536950420954
509,12,0.07936507936507936
406,12,0.013157894736842105
493,12,0.006915629322268326
480,12,0.0129366106080207
538,12,0.0008757334267448988
479,12,0.00791765637371338
294,12,0.010438413361169102
954,12,0.01680672268907563
466,12,0.0078125
402,12,0.028169014084507043
289,12,0.026737967914438502
531,12,0.059880239520958084
509,12,0.05181347150259067
484,12,0.010341261633919338
296,12,0.012376237623762377
405,12,0.008880994671403197
350,12,0.008726003490401396
297,12,0.00779423226812159
413,12,0.008710801393728223
477,12,0.006720430107526882
178,12,0.010764262648008612
406,12,0.008952551477170993
724,12,0.008873114463176575
303,12,0.014104372355430184
720,12,0.03731343283582089
281,12,0.01141552511415525
408,12,0.0102880658436214
349,12,0.01107419712070875
461,12,0.010615711252653927
205,12,0.07142857142857142
988,12,0.008928571428571428
508,12,0.05405405405405406
396,12,0.008176614881439084
542,12,0.06896551724137931
782,12,0.007733952049497293
294,12,0.007535795026375283
1001,12,0.006535947712418301
533,12,0.04807692307692308
412,12,0.011947431302270013
279,12,0.008695652173913044
466,12,0.008912655971479501
469,12,0.008695652173913044
399,12,0.015360983102918587
418,12,0.005652911249293386
489,12,0.008802816901408451
412,12,0.02666666666666667
834,12,0.01440922190201729
492,12,0.00074956899782625
398,12,0.008873114463176575
777,12,0.00675219446320054
481,12,0.011098779134295227
286,12,0.015128593040847202
725,12,0.032679738562091505
767,12,0.01443001443001443
403,12,0.011627906976744186
528,12,0.042735042735042736
400,12,0.010111223458038422
720,12,0.05181347150259067
473,12,0.00919963201471941
405,12,0.013245033112582781
844,12,0.010141987829614604
408,12,0.010341261633919338
731,12,0.05263157894736842
206,12,0.07462686567164178
466,12,0.00693000693000693
511,12,0.06493506493506493
410,12,0.0129366106080207
794,12,0.01221001221001221
400,12,0.010362694300518135
278,12,0.01466275659824047
400,12,0.013089005235602094
509,12,0.07751937984496124
283,12,0.009671179883945842
204,12,0.06756756756756757
393,12,0.00727802037845706
310,12,0.059880239520958084
278,12,0.009910802775024777
207,12,0.09900990099009901
502,12,0.04950495049504951
286,12,0.012004801920768308
411,12,0.1388888888888889
396,12,0.008928571428571428
488,12,0.00585480093676815
289,12,0.09259259259259259
281,12,0.014204545454545454
272,12,0.06134969325153374
759,12,0.008389261744966443
471,12,0.009009009009009009
203,12,0.13157894736842105
728,12,0.006009615384615385
711,12,0.0070921985815602835
397,12,0.010384215991692628
271,12,0.09009009009009009
297,12,0.011098779134295227
276,12,0.09345794392523364
476,12,0.021231422505307854
416,12,0.012610340479192938
354,12,0.10309278350515463
491,12,0.0009518370454978108
289,12,0.14705882352941177
279,12,0.017857142857142856
401,12,0.01141552511415525
166,12,0.11627906976744186
406,12,0.011614401858304297
422,12,0.008006405124099279
460,12,0.023529411764705882
424,12,0.00877963125548727
492,12,0.008116883116883116
160,12,0.014577259475218658
770,12,0.00856898029134533
418,12,0.013774104683195593
472,12,0.005027652086475616
544,12,0.001027643613194944
819,12,0.01297016861219196
416,12,0.008928571428571428
293,12,0.005367686527106817
476,12,0.014814814814814815
278,12,0.010917030567685589
404,12,0.01567398119122257
483,12,0.009319664492078284
400,12,0.015455950540958269
786,12,0.013550135501355014
400,12,0.03225806451612903
491,12,0.0017102787754403968
836,12,0.021691973969631236
480,12,0.02
843,12,0.011961722488038277
291,12,0.011402508551881414
284,12,0.005793742757821553
164,12,0.0684931506849315
299,12,0.008305647840531562
733,12,0.045454545454545456
286,12,0.01044932079414838
494,12,0.0009938382031405286
807,12,0.014347202295552367
