12,2,0.013733905579399141,"[0, 1, 2, 3, 6]"
24,4,0.020151133501259445,"[0, 1, 2, 4, 7]"
36,6,0.003336113427856547,"[0, 1, 3, 5, 6]"
36,6,0.032520325203252036,"[0, 1, 3, 6, 10]"
48,8,0.047058823529411764,"[0, 1, 4, 8, 25]"
60,10,0.000018606100707845845,"[0, 1, 3, 6, 17]"
60,10,0.000019050204432506316,"[0, 1, 3, 17, 42]"
60,10,0.000014810453958926909,"[0, 1, 3, 17, 54]"
60,10,0.06808510638297872,"[0, 1, 5, 10, 16]"
72,12,0.06639004149377593,"[0, 1, 6, 12, 19]"
72,12,0.010702341137123745,"[0, 2, 6, 10, 12]"
84,14,0.0006085269843684631,"[0, 1, 4, 13, 56]"
84,14,0.006369426751592357,"[0, 1, 4, 29, 40]"
84,14,0.005604203152364273,"[0, 1, 4, 29, 76]"
84,14,0.00000984880847883922,"[0, 1, 6, 18, 29]"
84,14,0.11510791366906475,"[0, 1, 7, 14, 43]"
84,14,0.0005933177587421663,"[0, 1, 9, 29, 60]"
84,14,0.000009113309190658403,"[0, 1, 14, 25, 37]"
84,14,0.0005722460658082976,"[0, 2, 4, 8, 14]"
84,14,0.000798562587342783,"[0, 2, 4, 14, 68]"
96,16,0.0625,"[0, 1, 8, 16, 25]"
