12,2,0.009569377990430622,"[0, 2, 7, 8, 11]"
24,4,0.021164021164021163,"[0, 2, 5, 16, 17]"
36,6,0.025806451612903226,"[0, 2, 6, 11, 30]"
36,6,0.00258631837579206,"[0, 7, 30, 33, 35]"
48,8,0.02865329512893983,"[0, 4, 10, 20, 34]"
60,10,0.05319148936170213,"[0, 36, 40, 50, 51]"
60,10,0.000019749692398540894,"[0, 1, 51, 53, 54]"
60,10,0.000009905894006934127,"[0, 31, 37, 44, 58]"
72,12,0.04106776180698152,"[0, 13, 18, 19, 43]"
72,12,0.004765308553728854,"[0, 4, 34, 56, 70]"
84,14,0.05813953488372093,"[0, 21, 39, 53, 67]"
84,14,0.0007373815580872322,"[0, 8, 50, 74, 76]"
84,14,0.00045057222672794447,"[0, 8, 38, 50, 64]"
84,14,0.000013664534316086642,"[0, 11, 25, 30, 66]"
96,16,0.060240963855421686,"[0, 31, 55, 56, 88]"
108,18,0.0823045267489712,"[0, 29, 36, 56, 99]"
120,20,0.08620689655172414,"[0, 6, 36, 40, 50]"
120,20,0.01443001443001443,"[0, 32, 57, 64, 81]"
120,20,0.00003249707526322631,"[0, 4, 32, 106, 118]"
132,22,0.145985401459854,"[0, 21, 33, 43, 98]"
144,24,0.12903225806451613,"[0, 12, 24, 26, 134]"
156,26,0.18018018018018017,"[0, 52, 56, 134, 143]"
180,30,0.16129032258064516,"[0, 33, 60, 78, 120]"
192,32,0.16806722689075632,"[0, 21, 64, 117, 176]"
216,36,0.1724137931034483,"[0, 28, 64, 108, 154]"
240,40,0.00006894079364641646,"[0, 72, 76, 92, 228]"
252,42,0.13513513513513514,"[0, 42, 123, 147, 249]"
288,48,0.24390243902439024,"[0, 93, 141, 144, 261]"
660,110,0.5263157894736842,"[0, 110, 410, 550, 575]"
