12,2,0.009718172983479106,3 2  1 1 1,5 2  1 0 0 1 1
24,4,0.021052631578947368,5 2  1 0 1 0 1,4 2  1 1 0 1
12,2,0.014025245441795231,3 2  1 1 1,8 2  1 0 0 1 1 0 1 1
24,4,0.028368794326241134,5 2  1 0 1 0 1,10 2  1 1 0 1 0 0 0 1 0 1
12,2,0.010509721492380452,3 2  1 1 1,9 2  1 0 0 0 1 1 0 1 1
12,2,0.0099601593625498,3 2  1 1 1,7 2  1 0 0 0 0 1 1
24,4,0.01713796058269066,5 2  1 0 1 0 1,16 2  1 1 0 1 0 0 0 1 0 1 0 0 0 1 0 1
12,2,0.010643959552953698,3 2  1 1 1,10 2  1 0 0 0 0 1 1 0 1 1
24,4,0.019175455417066157,5 2  1 0 1 0 1,7 2  1 1 0 1 1 0 1
24,4,0.04024144869215292,5 2  1 0 1 0 1,13 2  1 1 0 1 1 0 1 0 0 0 1 0 1
48,8,0.04878048780487805,9 2  1 0 0 0 1 0 0 0 1,18 2  1 1 0 0 0 1 0 0 0 0 0 0 0 1 0 0 0 1
48,8,0.055248618784530384,9 2  1 0 0 0 1 0 0 0 1,13 2  1 1 0 0 0 1 0 0 1 0 0 0 1
48,8,0.04024144869215292,9 2  1 0 0 0 1 0 0 0 1,37 2  1 1 0 0 0 1 0 0 1 0 0 0 1 0 0 0 0 0 0 0 1 0 0 0 1 0 0 0 0 0 0 0 1 0 0 0 1
36,6,0.003632401017072285,7 2  1 1 0 1 0 1 1,1 2  1
48,8,0.03816793893129771,9 2  1 0 0 0 1 0 0 0 1,18 2  1 1 0 0 0 1 0 0 1 0 0 0 1 1 0 0 0 1
48,8,0.03861003861003861,9 2  1 0 0 0 1 0 0 0 1,30 2  1 1 0 0 0 1 0 0 1 0 0 0 1 1 0 0 0 1 0 0 0 0 0 0 0 1 0 0 0 1
36,6,0.003033520400424693,7 2  1 1 0 1 0 1 1,13 2  1 0 0 0 0 0 1 1 1 0 1 1 1
72,12,0.08403361344537816,13 2  1 0 0 0 0 0 1 0 0 0 0 0 1,8 2  1 1 0 0 0 0 0 1
72,12,0.091324200913242,13 2  1 0 0 0 0 0 1 0 0 0 0 0 1,26 2  1 1 0 0 0 0 0 1 0 0 0 0 0 0 0 0 0 0 0 1 0 0 0 0 0 1
72,12,0.04065040650406504,13 2  1 0 0 0 0 0 1 0 0 0 0 0 1,44 2  1 1 0 0 0 0 0 1 0 0 0 0 0 0 0 0 0 0 0 1 0 0 0 0 0 1 0 0 0 0 0 0 0 0 0 0 0 1 0 0 0 0 0 1
36,6,0.0025053238131028436,7 2  1 1 0 1 0 1 1,25 2  1 0 0 0 0 0 1 1 1 0 1 1 1 0 0 0 0 0 1 1 1 0 1 1 1
72,12,0.10362694300518134,13 2  1 0 0 0 0 0 1 0 0 0 0 0 1,19 2  1 1 0 0 0 0 0 1 0 0 0 0 1 0 0 0 0 0 1
36,6,0.031746031746031744,7 2  1 0 0 1 0 0 1,5 2  1 1 0 0 1
72,12,0.04878048780487805,13 2  1 0 0 0 0 0 1 0 0 0 0 0 1,37 2  1 1 0 0 0 0 0 1 0 0 0 0 1 0 0 0 0 0 1 0 0 0 0 0 0 0 0 0 0 0 1 0 0 0 0 0 1
36,6,0.0033101621979476996,7 2  1 1 0 1 0 1 1,12 2  1 0 0 0 0 1 1 1 0 1 1 1
36,6,0.047961630695443645,7 2  1 0 0 1 0 0 1,14 2  1 1 0 0 1 0 0 0 0 0 1 0 0 1
36,6,0.023809523809523808,7 2  1 0 0 1 0 0 1,23 2  1 1 0 0 1 0 0 0 0 0 1 0 0 1 0 0 0 0 0 1 0 0 1
36,6,0.0030316810671517356,7 2  1 1 0 1 0 1 1,24 2  1 0 0 0 0 1 1 1 0 1 1 1 0 0 0 0 0 1 1 1 0 1 1 1
36,6,0.04008016032064128,7 2  1 0 0 1 0 0 1,10 2  1 1 0 0 1 0 1 0 0 1
36,6,0.029197080291970802,7 2  1 0 0 1 0 0 1,19 2  1 1 0 0 1 0 1 0 0 1 0 0 0 0 0 1 0 0 1
96,16,0.07604562737642585,17 2  1 0 0 0 0 0 0 0 1 0 0 0 0 0 0 0 1,10 2  1 1 0 0 0 0 0 0 0 1
96,16,0.07751937984496124,17 2  1 0 0 0 0 0 0 0 1 0 0 0 0 0 0 0 1,34 2  1 1 0 0 0 0 0 0 0 1 0 0 0 0 0 0 0 0 0 0 0 0 0 0 0 1 0 0 0 0 0 0 0 1
96,16,0.07575757575757576,17 2  1 0 0 0 0 0 0 0 1 0 0 0 0 0 0 0 1,58 2  1 1 0 0 0 0 0 0 0 1 0 0 0 0 0 0 0 0 0 0 0 0 0 0 0 1 0 0 0 0 0 0 0 1 0 0 0 0 0 0 0 0 0 0 0 0 0 0 0 1 0 0 0 0 0 0 0 1
96,16,0.091324200913242,17 2  1 0 0 0 0 0 0 0 1 0 0 0 0 0 0 0 1,25 2  1 1 0 0 0 0 0 0 0 1 0 0 0 0 0 0 1 0 0 0 0 0 0 0 1
96,16,0.07168458781362007,17 2  1 0 0 0 0 0 0 0 1 0 0 0 0 0 0 0 1,49 2  1 1 0 0 0 0 0 0 0 1 0 0 0 0 0 0 1 0 0 0 0 0 0 0 1 0 0 0 0 0 0 0 0 0 0 0 0 0 0 0 1 0 0 0 0 0 0 0 1
108,18,0.08064516129032258,19 2  1 0 0 0 0 0 0 0 0 1 0 0 0 0 0 0 0 0 1,11 2  1 1 0 0 0 0 0 0 0 0 1
108,18,0.10050251256281408,19 2  1 0 0 0 0 0 0 0 0 1 0 0 0 0 0 0 0 0 1,38 2  1 1 0 0 0 0 0 0 0 0 1 0 0 0 0 0 0 0 0 0 0 0 0 0 0 0 0 0 1 0 0 0 0 0 0 0 0 1
108,18,0.05555555555555555,19 2  1 0 0 0 0 0 0 0 0 1 0 0 0 0 0 0 0 0 1,65 2  1 1 0 0 0 0 0 0 0 0 1 0 0 0 0 0 0 0 0 0 0 0 0 0 0 0 0 0 1 0 0 0 0 0 0 0 0 1 0 0 0 0 0 0 0 0 0 0 0 0 0 0 0 0 0 1 0 0 0 0 0 0 0 0 1
108,18,0.08097165991902834,19 2  1 0 0 0 0 0 0 0 0 1 0 0 0 0 0 0 0 0 1,28 2  1 1 0 0 0 0 0 0 0 0 1 0 0 0 0 0 0 0 1 0 0 0 0 0 0 0 0 1
108,18,0.08583690987124463,19 2  1 0 0 0 0 0 0 0 0 1 0 0 0 0 0 0 0 0 1,55 2  1 1 0 0 0 0 0 0 0 0 1 0 0 0 0 0 0 0 1 0 0 0 0 0 0 0 0 1 0 0 0 0 0 0 0 0 0 0 0 0 0 0 0 0 0 1 0 0 0 0 0 0 0 0 1
120,20,0.02059732234809475,21 2  1 0 0 1 1 0 0 0 1 0 0 1 1 0 0 0 1 0 0 1 1,93 2  1 1 0 1 0 1 1 1 1 1 0 0 0 1 0 0 0 1 0 0 1 1 0 1 1 1 1 0 0 0 1 0 0 1 1 0 1 0 1 1 0 1 0 1 1 1 1 0 1 0 1 1 1 1 0 0 0 1 0 0 1 1 0 1 1 1 1 0 0 0 1 0 1 1 1 1 0 0 0 1 0 0 1 1 0 1 0 1 0 1 1 1 1
120,20,0.019821605550049554,21 2  1 0 0 1 1 0 0 0 1 0 0 1 1 0 0 0 1 0 0 1 1,78 2  1 1 0 1 0 1 1 1 1 1 0 0 0 1 0 0 0 1 0 0 1 1 0 1 1 0 1 0 1 1 1 1 0 1 0 1 1 1 1 0 0 0 1 0 0 1 1 0 1 1 1 1 0 0 0 1 0 1 1 1 1 0 0 0 1 0 0 1 1 0 1 0 1 0 1 1 1 1
72,12,0.006788866259334691,13 2  1 0 1 0 0 0 1 0 0 0 1 0 1,1 2  1
120,20,0.01567398119122257,21 2  1 1 1 1 1 0 0 0 1 1 1 1 1 0 0 0 1 1 1 1 1,93 2  1 0 1 0 0 1 0 1 0 1 0 0 1 0 1 0 1 0 0 1 0 1 0 0 0 0 0 0 0 0 0 0 0 1 1 0 0 0 1 1 1 1 0 1 1 1 1 0 0 0 1 1 0 0 0 1 1 0 0 0 1 1 0 0 1 0 1 0 0 1 0 1 1 1 1 0 1 1 1 1 0 1 1 1 1 0 1 1 0 0 0 1 1
72,12,0.009896091044037604,13 2  1 0 1 0 0 0 1 0 0 0 1 0 1,25 2  1 0 0 0 0 0 0 0 0 0 0 0 1 0 1 0 1 0 0 0 1 0 1 0 1
72,12,0.00644122383252818,13 2  1 0 1 0 0 0 1 0 0 0 1 0 1,49 2  1 0 0 0 0 0 0 0 0 0 0 0 1 0 1 0 1 0 0 0 1 0 1 0 1 0 0 0 0 0 0 0 0 0 0 0 1 0 1 0 1 0 0 0 1 0 1 0 1
120,20,0.017873100983020553,21 2  1 1 1 1 1 0 0 0 1 1 1 1 1 0 0 0 1 1 1 1 1,78 2  1 0 1 0 0 1 0 1 0 1 0 0 1 0 1 0 1 0 0 1 0 1 0 0 0 0 0 0 0 0 0 0 0 1 1 0 0 0 1 1 1 1 0 1 1 1 1 0 0 1 0 1 0 0 1 0 1 1 1 1 0 1 1 1 1 0 1 1 1 1 0 1 1 0 0 0 1 1
72,12,0.007707129094412331,13 2  1 0 1 0 0 0 1 0 0 0 1 0 1,23 2  1 0 0 0 0 0 0 0 0 0 1 0 1 0 1 0 0 0 1 0 1 0 1
120,20,0.015527950310559006,21 2  1 1 0 0 1 0 0 0 1 1 0 0 1 0 0 0 1 1 0 0 1,93 2  1 0 0 0 1 1 1 1 0 0 1 0 0 0 1 1 0 0 1 0 0 0 1 1 0 1 0 1 1 0 0 1 0 1 1 0 0 1 0 0 1 0 0 0 1 1 1 1 1 1 0 1 0 1 1 0 0 0 1 1 1 1 0 1 1 0 0 1 0 0 0 1 0 0 0 1 1 1 1 0 1 0 1 1 0 0 1 0 1 1 0 0 1
72,12,0.007524454477050414,13 2  1 0 1 0 0 0 1 0 0 0 1 0 1,47 2  1 0 0 0 0 0 0 0 0 0 1 0 1 0 1 0 0 0 1 0 1 0 1 0 0 0 0 0 0 0 0 0 0 0 1 0 1 0 1 0 0 0 1 0 1 0 1
120,20,0.023952095808383235,21 2  1 1 0 0 1 0 0 0 1 1 0 0 1 0 0 0 1 1 0 0 1,78 2  1 0 0 0 1 1 1 1 0 0 1 0 0 0 1 1 0 0 1 0 0 0 1 1 0 1 0 1 1 0 0 1 0 1 1 0 0 1 0 0 1 0 0 0 1 1 1 1 1 1 0 1 0 1 1 0 0 0 1 1 1 1 0 1 1 0 0 1 0 0 0 1 0 1 1 0 0 1
120,20,0.016366612111292964,21 2  1 1 1 1 1 0 0 0 1 1 1 1 1 0 0 0 1 1 1 1 1,29 2  1 0 1 0 0 1 0 1 1 1 1 0 1 1 1 1 0 1 1 1 1 0 1 1 0 0 0 1 1
84,14,0.00044695733792209536,15 2  1 1 1 0 0 1 0 0 0 1 0 0 1 0 1,43 2  1 0 1 1 1 1 0 0 1 1 1 1 0 0 0 0 1 0 1 1 0 1 1 1 0 1 0 1 0 1 1 0 0 0 1 0 1 1 1 0 1 0 1
120,20,0.011614401858304297,21 2  1 0 0 1 1 0 0 0 1 0 0 1 1 0 0 0 1 0 0 1 1,94 2  1 1 0 1 0 1 1 1 0 0 0 1 0 0 1 1 0 0 0 1 0 0 1 1 1 0 0 0 1 0 0 1 0 0 1 1 0 1 0 1 1 0 1 0 1 1 1 1 0 1 0 1 1 1 1 0 0 0 1 0 0 1 1 0 1 1 1 1 0 0 0 1 0 1 1 1 1 0 0 0 1 0 0 1 1 0 1 0 1 0 1 1 1 1
120,20,0.02717391304347826,21 2  1 1 0 0 1 0 0 0 1 1 0 0 1 0 0 0 1 1 0 0 1,53 2  1 0 0 0 1 1 1 1 1 0 1 0 1 1 0 0 1 1 1 1 0 1 0 1 0 0 0 1 1 1 1 0 0 1 0 0 0 1 1 1 1 1 0 1 0 1 1 0 1 1 0 0 1
84,14,0.005420054200542005,15 2  1 1 1 0 1 1 1 0 0 0 0 0 1 1 1,27 2  1 0 1 1 0 0 0 0 0 1 1 0 0 0 0 0 1 0 1 1 1 0 1 1 0 1 1
120,20,0.023529411764705882,21 2  1 1 1 1 1 0 0 0 1 1 1 1 1 0 0 0 1 1 1 1 1,94 2  1 0 1 0 0 1 0 1 1 1 1 0 1 1 1 1 0 0 0 1 1 0 0 0 0 1 1 0 0 0 1 1 1 1 0 1 1 1 1 0 1 0 0 1 0 1 0 0 0 0 0 0 0 0 0 0 1 1 0 0 0 1 1 0 0 1 0 1 0 0 1 0 1 1 1 1 0 1 1 1 1 0 1 1 1 1 0 1 1 0 0 0 1 1
120,20,0.019120458891013385,21 2  1 1 0 0 1 0 0 0 1 1 0 0 1 0 0 0 1 1 0 0 1,94 2  1 0 0 0 1 1 1 1 1 0 1 0 1 1 0 0 1 1 1 1 0 1 0 1 0 0 0 1 1 1 1 0 0 1 0 0 0 1 1 1 1 1 0 1 0 1 1 0 1 1 0 0 1 0 0 0 0 0 0 0 0 0 0 0 0 1 1 1 1 0 1 0 0 1 0 0 0 1 1 1 0 1 0 1 1 0 0 1 0 1 1 0 0 1
120,20,0.08333333333333333,21 2  1 0 0 0 0 0 0 0 0 0 1 0 0 0 0 0 0 0 0 0 1,42 2  1 1 0 0 0 0 0 0 0 0 0 1 0 0 0 0 0 0 0 0 0 0 0 0 0 0 0 0 0 0 0 1 0 0 0 0 0 0 0 0 0 1
120,20,0.09216589861751152,21 2  1 0 0 0 0 0 0 0 0 0 1 0 0 0 0 0 0 0 0 0 1,31 2  1 1 0 0 0 0 0 0 0 0 0 1 0 0 0 0 0 0 0 0 1 0 0 0 0 0 0 0 0 0 1
84,14,0.003372681281618887,15 2  1 1 1 0 0 0 0 0 1 1 1 0 1 1 1,63 2  1 0 1 1 1 0 1 1 1 1 0 1 1 1 0 1 1 1 0 1 0 1 1 0 1 1 0 1 0 1 1 0 0 0 0 0 1 1 0 1 1 0 1 1 0 1 1 0 0 0 0 0 0 0 0 0 1 1 0 1 0 1 1
120,20,0.10309278350515463,21 2  1 0 0 0 0 0 0 0 0 0 1 0 0 0 0 0 0 0 0 0 1,91 2  1 1 0 0 0 0 0 0 0 0 0 1 0 0 0 0 0 0 0 0 1 0 0 0 0 0 0 0 0 0 1 0 0 0 0 0 0 0 0 0 0 0 0 0 0 0 0 0 0 0 1 0 0 0 0 0 0 0 0 0 1 0 0 0 0 0 0 0 0 0 0 0 0 0 0 0 0 0 0 0 1 0 0 0 0 0 0 0 0 0 1
120,20,0.10416666666666667,21 2  1 0 0 0 0 0 0 0 0 0 1 0 0 0 0 0 0 0 0 0 1,42 2  1 1 0 0 0 0 0 0 0 0 0 1 0 0 0 0 0 0 0 0 1 0 0 0 0 0 0 0 0 0 1 1 0 0 0 0 0 0 0 0 0 1
120,20,0.0947867298578199,21 2  1 0 0 0 0 0 0 0 0 0 1 0 0 0 0 0 0 0 0 0 1,72 2  1 1 0 0 0 0 0 0 0 0 0 1 0 0 0 0 0 0 0 0 1 0 0 0 0 0 0 0 0 0 1 1 0 0 0 0 0 0 0 0 0 1 0 0 0 0 0 0 0 0 0 0 0 0 0 0 0 0 0 0 0 1 0 0 0 0 0 0 0 0 0 1
84,14,0.0065595277140045915,15 2  1 1 1 0 1 1 1 0 0 0 0 0 1 1 1,15 2  1 0 1 1 1 0 1 1 1 0 1 1 0 1 1
84,14,0.0038528221922558272,15 2  1 1 1 0 0 0 0 0 1 1 1 0 1 1 1,36 2  1 0 1 1 0 0 0 0 1 0 1 1 1 0 1 1 1 0 1 1 0 0 0 0 0 0 0 0 0 1 1 0 1 0 1 1
84,14,0.005885815185403178,15 2  1 1 1 0 1 1 1 0 0 0 0 0 1 1 1,43 2  1 0 1 1 1 0 1 1 1 0 1 1 0 0 0 0 1 0 1 1 0 0 0 0 0 0 0 0 1 0 1 1 1 0 1 1 1 0 1 1 0 1 1
84,14,0.004522840343735866,15 2  1 1 1 0 0 0 0 0 1 1 1 0 1 1 1,64 2  1 0 1 1 0 0 0 0 1 0 1 1 1 0 1 1 1 0 1 1 0 0 0 0 0 0 0 0 1 0 1 1 0 0 0 0 1 0 1 1 1 0 1 1 1 0 1 1 0 0 0 0 0 0 0 0 0 1 1 0 1 0 1 1
120,20,0.026737967914438502,21 2  1 1 1 1 1 0 0 0 1 1 1 1 1 0 0 0 1 1 1 1 1,14 2  1 0 1 0 0 1 0 1 1 0 0 0 1 1
120,20,0.03007518796992481,21 2  1 1 0 0 1 0 0 0 1 1 0 0 1 0 0 0 1 1 0 0 1,53 2  1 0 0 0 1 1 1 1 1 1 0 1 0 1 1 0 0 0 1 1 1 1 0 1 1 0 0 1 0 0 0 1 0 0 0 1 1 1 1 0 1 0 1 1 0 0 1 0 1 1 0 0 1
120,20,0.022026431718061675,21 2  1 0 0 1 1 0 0 0 1 0 0 1 1 0 0 0 1 0 0 1 1,77 2  1 1 0 1 0 1 1 1 0 1 0 1 1 1 1 0 0 1 1 0 1 0 1 1 0 1 0 1 1 1 1 0 1 0 1 1 1 1 0 0 0 1 0 0 1 1 0 1 1 1 1 0 0 0 1 0 1 1 1 1 0 0 0 1 0 0 1 1 0 1 0 1 0 1 1 1 1
120,20,0.02053388090349076,21 2  1 0 0 1 1 0 0 0 1 0 0 1 1 0 0 0 1 0 0 1 1,62 2  1 1 0 1 0 1 1 1 0 1 0 1 1 1 1 0 0 1 1 0 1 0 1 1 0 1 0 1 1 1 1 0 1 1 1 1 0 0 0 1 0 1 1 1 1 0 0 0 1 0 0 1 1 0 1 0 1 0 1 1 1 1
120,20,0.0006510840549514942,21 2  1 1 0 0 0 1 0 0 1 0 0 0 0 0 0 0 1 1 0 0 1,41 2  1 0 0 0 0 1 1 1 0 0 1 0 1 0 1 1 0 0 1 0 1 0 1 1 0 0 1 0 1 0 1 1 1 0 1 0 1 1 0 0 1
108,18,0.011135857461024499,19 2  1 0 0 1 0 0 0 0 0 1 0 0 0 0 0 1 0 0 1,1 2  1
108,18,0.011049723756906077,19 2  1 0 0 1 0 0 0 0 0 1 0 0 0 0 0 1 0 0 1,37 2  1 0 0 0 0 0 0 0 0 0 0 0 0 0 0 0 0 0 1 0 0 1 0 0 1 0 0 0 0 0 1 0 0 1 0 0 1
108,18,0.007363770250368188,19 2  1 0 0 1 0 0 0 0 0 1 0 0 0 0 0 1 0 0 1,73 2  1 0 0 0 0 0 0 0 0 0 0 0 0 0 0 0 0 0 1 0 0 1 0 0 1 0 0 0 0 0 1 0 0 1 0 0 1 0 0 0 0 0 0 0 0 0 0 0 0 0 0 0 0 0 1 0 0 1 0 0 1 0 0 0 0 0 1 0 0 1 0 0 1
108,18,0.01199760047990402,19 2  1 0 0 1 0 0 0 0 0 1 0 0 0 0 0 1 0 0 1,34 2  1 0 0 0 0 0 0 0 0 0 0 0 0 0 0 1 0 0 1 0 0 1 0 0 0 0 0 1 0 0 1 0 0 1
108,18,0.012414649286157667,19 2  1 0 0 1 0 0 0 0 0 1 0 0 0 0 0 1 0 0 1,70 2  1 0 0 0 0 0 0 0 0 0 0 0 0 0 0 1 0 0 1 0 0 1 0 0 0 0 0 1 0 0 1 0 0 1 0 0 0 0 0 0 0 0 0 0 0 0 0 0 0 0 0 1 0 0 1 0 0 1 0 0 0 0 0 1 0 0 1 0 0 1
120,20,0.0006480251433755629,21 2  1 0 0 1 1 0 0 0 0 0 0 0 1 0 0 1 0 0 0 1 1,41 2  1 1 0 1 0 1 1 1 1 0 0 0 0 1 0 0 0 0 0 0 0 0 0 0 1 1 0 1 0 1 1 1 0 1 0 1 0 0 1 1 1
120,20,0.0005652591713300549,21 2  1 1 0 0 0 1 0 0 1 0 0 0 0 0 0 0 1 1 0 0 1,57 2  1 0 0 0 0 1 1 1 0 0 1 0 1 0 1 1 0 0 1 0 1 0 1 1 0 0 1 0 1 0 1 1 1 0 1 0 1 1 0 0 1 0 0 0 0 1 1 1 1 0 1 0 1 1 0 0 1
120,20,0.0005664278229346626,21 2  1 0 0 1 1 0 0 0 0 0 0 0 1 0 0 1 0 0 0 1 1,57 2  1 1 0 1 0 1 1 1 1 0 0 0 0 1 0 0 0 0 0 0 0 0 0 0 1 1 0 1 0 1 1 1 0 1 0 1 0 0 1 1 1 0 0 0 0 1 0 0 1 1 0 1 0 1 1 1 1
60,10,0.00001592227382808084,11 2  1 1 0 0 0 0 0 1 1 0 1,8 2  1 0 0 1 1 1 0 1
60,10,0.00002430443738265514,11 2  1 0 1 1 0 0 0 0 0 1 1,33 2  1 1 1 1 0 0 1 0 1 0 1 1 1 1 0 1 0 1 0 0 1 0 1 0 0 0 1 1 1 1 1 1 1
120,20,0.000035236516306578836,21 2  1 0 1 0 0 0 0 0 0 0 0 0 0 0 1 0 1 0 0 0 1,15 2  1 0 0 0 0 0 1 0 1 0 1 0 0 0 1
60,10,0.000020860473678775823,11 2  1 0 0 1 1 1 1 1 0 0 1,45 2  1 1 0 0 0 0 0 0 1 0 1 0 1 0 0 1 0 1 1 0 1 1 0 1 0 0 1 0 1 0 1 1 0 0 1 1 1 1 0 1 1 1 0 0 1
60,10,0.00001964736902081442,11 2  1 0 0 1 1 1 1 1 0 0 1,33 2  1 1 0 0 0 0 0 0 1 0 1 0 1 0 0 1 0 0 1 0 0 0 1 1 1 1 0 1 1 1 0 0 1
120,20,0.000046029919447640965,21 2  1 0 0 0 1 0 1 0 0 0 0 0 0 0 0 0 0 0 1 0 1,65 2  1 0 1 0 1 0 1 0 0 0 0 0 1 0 0 0 1 0 0 0 1 0 1 0 1 0 1 0 0 0 1 0 0 0 1 0 0 0 0 0 1 0 0 0 1 0 0 0 0 0 0 0 1 0 1 0 1 0 1 0 1 0 1 0 1
60,10,0.000018646193146591708,11 2  1 1 0 0 0 0 0 1 1 0 1,45 2  1 0 0 1 1 1 1 0 1 1 1 1 1 0 0 0 1 1 0 1 1 0 1 0 0 1 1 0 1 1 1 1 1 1 0 0 1 1 0 1 0 0 1 1 1
60,10,0.05037783375314862,11 2  1 0 0 0 0 1 0 0 0 0 1,7 2  1 1 0 0 0 0 1
60,10,0.044444444444444446,11 2  1 0 0 0 0 1 0 0 0 0 1,22 2  1 1 0 0 0 0 1 0 0 0 0 0 0 0 0 0 1 0 0 0 0 1
60,10,0.032467532467532464,11 2  1 0 0 0 0 1 0 0 0 0 1,37 2  1 1 0 0 0 0 1 0 0 0 0 0 0 0 0 0 1 0 0 0 0 1 0 0 0 0 0 0 0 0 0 1 0 0 0 0 1
60,10,0.05555555555555555,11 2  1 0 0 0 0 1 0 0 0 0 1,16 2  1 1 0 0 0 0 1 0 0 0 1 0 0 0 0 1
60,10,0.04048582995951417,11 2  1 0 0 0 0 1 0 0 0 0 1,31 2  1 1 0 0 0 0 1 0 0 0 1 0 0 0 0 1 0 0 0 0 0 0 0 0 0 1 0 0 0 0 1
120,20,0.000028890461814032097,21 2  1 0 0 0 0 0 1 0 1 0 1 0 1 0 1 0 0 0 0 0 1,89 2  1 0 1 0 0 0 0 0 0 0 0 0 0 0 0 0 1 0 0 0 1 0 0 0 1 0 0 0 0 0 1 0 0 0 1 0 1 0 0 0 1 0 1 0 0 0 1 0 0 0 0 0 1 0 0 0 1 0 0 0 1 0 1 0 0 0 0 0 1 0 1 0 1 0 1 0 0 0 1 0 1 0 1 0 0 0 0 0 1
60,10,0.000015134901157744265,11 2  1 0 1 1 0 0 0 0 0 1 1,45 2  1 1 1 0 0 0 0 0 0 1 0 1 0 1 1 1 0 0 0 1 1 0 1 1 1 1 0 1 0 1 0 0 1 0 1 0 0 0 1 1 1 1 1 1 1
84,14,0.0000056649247967070924,15 2  1 0 1 0 1 1 0 1 0 1 0 0 1 1 1,16 2  1 1 1 1 0 1 1 0 1 1 1 1 1 0 1 1
120,20,0.00004078569564082485,21 2  1 0 0 0 0 0 1 0 1 0 1 0 1 0 1 0 0 0 0 0 1,65 2  1 0 1 0 0 0 0 0 0 0 0 0 0 0 0 0 1 0 0 0 1 0 0 0 1 0 0 0 0 0 1 0 0 0 0 0 1 0 0 0 0 0 0 0 1 0 1 0 1 0 1 0 0 0 1 0 1 0 1 0 0 0 0 0 1
60,10,0.000015925861927554846,11 2  1 0 1 1 0 0 0 0 0 1 1,33 2  1 1 1 0 0 0 0 0 0 1 0 1 0 1 1 1 0 0 0 1 1 0 1 1 1 1 0 0 0 0 1 1 1
120,20,0.00004500207009522438,21 2  1 0 1 0 0 0 0 0 0 0 0 0 0 0 1 0 1 0 0 0 1,89 2  1 0 0 0 0 0 1 0 1 0 1 0 1 0 0 0 1 0 1 0 1 0 1 0 1 0 0 0 0 0 0 0 1 0 1 0 0 0 1 0 1 0 0 0 1 0 0 0 0 0 1 0 1 0 0 0 1 0 1 0 1 0 1 0 1 0 1 0 0 0 0 0 1 0 1 0 0 0 1 0 0 0 0 0 1 0 1 0 1
60,10,0.00001749983375157936,11 2  1 0 1 1 0 0 0 0 0 1 1,44 2  1 1 1 0 0 1 1 1 0 1 1 1 1 0 1 1 1 1 1 0 0 1 1 0 0 1 0 1 0 1 0 1 0 1 0 0 0 1 1 1 1 1 1 1
60,10,0.00002498672580191773,11 2  1 1 0 0 0 0 0 1 1 0 1,1 2  1
120,20,0.000030431210249231613,21 2  1 0 0 0 1 0 1 0 0 0 0 0 0 0 0 0 0 0 1 0 1,89 2  1 0 1 0 1 0 0 0 0 0 0 0 0 0 0 0 0 0 1 0 0 0 1 0 0 0 1 0 1 0 1 0 0 0 0 0 0 0 1 0 1 0 0 0 1 0 1 0 1 0 1 0 0 0 1 0 0 0 1 0 0 0 0 0 1 0 0 0 1 0 0 0 0 0 0 0 1 0 1 0 1 0 1 0 1 0 1 0 1
84,14,0.000008815193868151145,15 2  1 0 1 0 1 1 0 1 0 1 0 0 1 1 1,58 2  1 1 1 1 0 1 1 0 1 1 1 1 1 0 1 1 0 0 0 0 0 0 0 0 0 0 0 0 0 1 0 1 0 0 1 1 1 1 0 1 1 1 0 0 1 0 1 1 1 0 1 1 1 1 1 0 1 1
60,10,0.000011820505622127987,11 2  1 0 0 1 1 1 1 1 0 0 1,25 2  1 1 0 1 0 0 1 0 1 0 1 1 0 0 1 1 1 1 0 1 1 1 0 0 1
120,20,0.00004660342581783187,21 2  1 0 0 0 1 0 1 0 0 0 0 0 0 0 0 0 0 0 1 0 1,65 2  1 0 1 0 1 0 0 0 0 0 0 0 0 0 0 0 0 0 1 0 0 0 1 0 0 0 1 0 1 0 1 0 0 0 0 0 0 0 1 0 1 0 0 0 1 0 1 0 1 0 1 0 0 0 0 0 0 0 0 0 1 0 1 0 1
60,10,0.000013340768588359912,11 2  1 0 1 1 0 0 0 0 0 1 1,49 2  1 1 1 0 0 1 0 0 0 1 0 1 0 1 0 0 1 0 0 0 1 1 0 1 1 0 1 1 1 1 0 1 0 1 0 0 1 0 1 0 0 0 1 1 1 1 1 1 1
120,20,0.00004083666152124731,21 2  1 0 0 0 1 0 1 0 0 0 0 0 0 0 0 0 0 0 1 0 1,87 2  1 0 1 0 1 0 0 0 0 0 1 0 1 0 1 0 0 0 1 0 1 0 1 0 1 0 0 0 1 0 1 0 1 0 1 0 1 0 0 0 0 0 1 0 1 0 0 0 0 0 1 0 0 0 1 0 0 0 1 0 0 0 1 0 0 0 1 0 0 0 0 0 0 0 1 0 1 0 1 0 1 0 1 0 1 0 1
60,10,0.000017340338830220744,11 2  1 1 0 0 0 0 0 1 1 0 1,47 2  1 0 0 0 0 0 0 0 1 1 0 0 0 0 0 1 1 0 1 0 0 0 1 1 0 0 0 0 1 0 0 1 0 1 0 1 0 0 0 1 0 0 1 1 1 0 1
120,20,0.00004082249155994987,21 2  1 0 1 0 0 0 0 0 0 0 0 0 0 0 1 0 1 0 0 0 1,1 2  1
60,10,0.000019101375776590307,11 2  1 0 0 1 1 1 1 1 0 0 1,49 2  1 1 0 1 0 0 1 0 0 0 1 0 1 1 1 0 0 0 1 1 1 0 1 0 0 0 1 0 0 1 0 1 1 0 0 1 0 0 1 1 1 1 0 1 1 1 0 0 1
84,14,0.000008065351933647963,15 2  1 0 1 0 1 1 0 1 0 1 0 0 1 1 1,47 2  1 1 1 1 0 1 1 0 1 1 1 1 1 0 1 1 0 0 1 0 1 0 0 1 1 1 1 0 1 1 1 0 0 1 0 1 1 1 0 1 1 1 1 1 0 1 1
60,10,0.000010886788827324098,11 2  1 0 0 1 1 1 1 1 0 0 1,13 2  1 1 0 1 0 0 1 1 1 0 0 0 1
120,20,0.000022427282340421476,21 2  1 0 0 0 0 0 1 0 1 0 1 0 1 0 1 0 0 0 0 0 1,49 2  1 0 1 0 0 0 1 0 0 0 0 0 1 0 0 0 1 0 0 0 1 0 1 0 0 0 0 0 1 0 1 0 1 0 1 0 0 0 1 0 1 0 1 0 0 0 0 0 1
84,14,0.000010237751298402809,15 2  1 0 1 0 1 1 0 1 0 1 0 0 1 1 1,58 2  1 1 1 1 0 1 1 0 1 1 1 1 1 0 1 1 0 0 1 0 1 0 0 1 1 1 1 0 1 0 1 1 0 1 1 0 0 0 0 0 0 0 1 1 1 1 0 1 1 0 1 1 1 1 1 0 1 1
84,14,0.06779661016949153,15 2  1 0 0 0 0 0 0 1 0 0 0 0 0 0 1,30 2  1 1 0 0 0 0 0 0 1 0 0 0 0 0 0 0 0 0 0 0 0 0 1 0 0 0 0 0 0 1
84,14,0.06993006993006994,15 2  1 0 0 0 0 0 0 1 0 0 0 0 0 0 1,22 2  1 1 0 0 0 0 0 0 1 0 0 0 0 0 1 0 0 0 0 0 0 1
84,14,0.05698005698005698,15 2  1 0 0 0 0 0 0 1 0 0 0 0 0 0 1,64 2  1 1 0 0 0 0 0 0 1 0 0 0 0 0 1 0 0 0 0 0 0 1 0 0 0 0 0 0 0 0 0 0 0 0 0 1 0 0 0 0 0 0 1 0 0 0 0 0 0 0 0 0 0 0 0 0 1 0 0 0 0 0 0 1
84,14,0.0664451827242525,15 2  1 0 0 0 0 0 0 1 0 0 0 0 0 0 1,30 2  1 1 0 0 0 0 0 0 1 0 0 0 0 0 1 0 0 0 0 0 0 1 1 0 0 0 0 0 0 1
84,14,0.07722007722007722,15 2  1 0 0 0 0 0 0 1 0 0 0 0 0 0 1,51 2  1 1 0 0 0 0 0 0 1 0 0 0 0 0 1 0 0 0 0 0 0 1 1 0 0 0 0 0 0 1 0 0 0 0 0 0 0 0 0 0 0 0 0 1 0 0 0 0 0 0 1
84,14,0.004316857327865314,15 2  1 1 1 0 0 0 0 0 1 1 1 0 1 1 1,44 2  1 0 1 1 0 1 1 0 1 0 1 1 0 0 0 0 0 1 1 0 1 1 0 1 1 0 1 1 0 0 0 0 0 0 0 0 0 1 1 0 1 0 1 1
84,14,0.004718093890068413,15 2  1 1 1 0 1 1 1 0 0 0 0 0 1 1 1,44 2  1 0 1 1 1 1 0 1 1 1 0 1 0 1 1 0 1 0 1 1 0 1 1 0 1 1 0 1 1 1 0 1 1 1 0 1 1 1 0 1 1 0 1 1
84,14,0.006447453255963894,15 2  1 1 1 0 0 0 0 0 1 1 1 0 1 1 1,55 2  1 0 1 1 0 1 1 0 1 0 1 1 1 1 0 1 1 1 0 1 0 1 1 0 0 0 0 0 1 1 0 1 1 0 1 1 0 1 1 0 0 0 0 0 0 0 0 0 1 1 0 1 0 1 1
84,14,0.005408328826392645,15 2  1 1 1 0 1 1 1 0 0 0 0 0 1 1 1,67 2  1 0 1 1 1 1 0 1 1 1 0 1 0 1 1 0 1 0 1 1 0 1 1 0 0 0 0 0 1 1 0 1 0 1 1 0 1 1 0 1 0 1 1 0 1 1 0 1 1 0 1 1 1 0 1 1 1 0 1 1 1 0 1 1 0 1 1
84,14,0.0006115085916957133,15 2  1 1 1 0 0 1 0 0 0 1 0 0 1 0 1,16 2  1 0 1 1 0 0 0 1 0 1 1 1 0 1 0 1
84,14,0.00044277175116227583,15 2  1 0 1 0 0 1 0 0 0 1 0 0 1 1 1,47 2  1 1 1 1 1 0 0 1 1 0 0 1 1 1 0 0 1 0 1 1 0 1 0 1 1 1 0 1 1 0 1 0 1 0 1 1 0 0 0 0 1 1 1 1 0 1 1
84,14,0.0007252157516861266,15 2  1 0 1 0 0 1 0 0 0 1 0 0 1 1 1,43 2  1 1 1 1 1 0 0 1 1 1 0 0 1 1 1 0 1 0 0 0 0 1 1 1 0 0 0 1 1 0 1 1 1 1 1 1 1 0 0 1 0 1 1
60,10,0.00000972771162393445,11 2  1 1 0 0 0 0 0 1 1 0 1,46 2  1 0 0 0 0 0 0 1 1 1 0 0 0 0 1 1 1 1 0 1 1 0 1 1 0 0 0 1 0 0 1 0 1 0 1 0 0 0 1 0 0 1 1 1 0 1
120,20,0.00002518263707538926,21 2  1 0 0 0 1 0 1 0 0 0 0 0 0 0 0 0 0 0 1 0 1,97 2  1 0 1 0 1 0 0 0 0 0 1 0 0 0 0 0 0 0 1 0 0 0 1 0 0 0 1 0 0 0 0 0 1 0 0 0 0 0 0 0 1 0 1 0 0 0 1 0 1 0 0 0 1 0 1 0 1 0 1 0 0 0 1 0 0 0 1 0 0 0 0 0 1 0 0 0 1 0 0 0 0 0 0 0 1 0 1 0 1 0 1 0 1 0 1 0 1
120,20,0.000039082804738399246,21 2  1 0 1 0 0 0 0 0 0 0 0 0 0 0 1 0 1 0 0 0 1,93 2  1 0 0 0 0 0 0 0 0 0 0 0 0 0 0 0 1 0 1 0 0 0 0 0 0 0 0 0 0 0 1 0 1 0 0 0 1 0 0 0 0 0 0 0 1 0 1 0 0 0 0 0 0 0 0 0 1 0 0 0 0 0 1 0 0 0 1 0 0 0 1 0 0 0 0 0 0 0 1 0 0 0 0 0 1 0 1 0 1 0 0 0 1
120,20,0.000029395251491074133,21 2  1 0 0 0 0 0 1 0 1 0 1 0 1 0 1 0 0 0 0 0 1,97 2  1 0 1 0 0 0 1 0 0 0 0 0 1 0 0 0 0 0 0 0 1 0 0 0 1 0 1 0 1 0 0 0 0 0 0 0 1 0 1 0 1 0 0 0 1 0 0 0 0 0 0 0 1 0 0 0 0 0 1 0 0 0 1 0 1 0 0 0 0 0 1 0 0 0 0 0 1 0 1 0 1 0 1 0 0 0 1 0 1 0 1 0 0 0 0 0 1
84,14,0.00000586387139826359,15 2  1 1 1 0 0 1 0 1 0 1 1 0 1 0 1,24 2  1 0 1 1 0 0 0 0 1 1 0 0 1 1 0 1 1 1 1 0 0 1 0 1
120,20,0.00002975353657974171,21 2  1 0 0 0 0 0 1 0 1 0 1 0 1 0 1 0 0 0 0 0 1,25 2  1 0 1 0 0 0 1 0 0 0 0 0 1 0 1 0 1 0 0 0 0 0 0 0 1
120,20,0.00002321227743778239,21 2  1 0 1 0 0 0 0 0 0 0 0 0 0 0 1 0 1 0 0 0 1,91 2  1 0 0 0 0 0 0 0 0 0 0 0 0 0 1 0 1 0 1 0 0 0 0 0 0 0 0 0 1 0 1 0 1 0 1 0 0 0 1 0 1 0 0 0 1 0 1 0 0 0 0 0 0 0 1 0 0 0 0 0 1 0 0 0 1 0 0 0 1 0 0 0 0 0 0 0 1 0 0 0 0 0 1 0 1 0 1 0 0 0 1
120,20,0.00042288662409607986,21 2  1 0 0 1 1 0 0 0 0 0 0 0 1 0 0 1 0 0 0 1 1,41 2  1 0 0 0 1 0 0 1 1 0 1 0 0 1 1 0 0 0 1 0 0 1 1 0 0 0 1 0 0 1 1 0 0 0 1 0 1 1 1 1 1
120,20,0.0006567497455094736,21 2  1 1 0 0 0 1 0 0 1 0 0 0 0 0 0 0 1 1 0 0 1,41 2  1 1 1 0 0 1 0 1 0 1 1 1 0 1 0 1 1 0 0 0 0 0 0 0 0 0 0 1 0 0 0 0 1 1 1 1 0 1 0 1 1
120,20,0.000601829561868079,21 2  1 0 0 1 1 0 0 0 0 0 0 0 1 0 0 1 0 0 0 1 1,89 2  1 0 0 0 1 0 0 1 1 0 1 0 0 1 1 1 0 0 0 0 0 0 0 0 1 0 0 0 1 0 0 1 0 0 1 0 1 1 1 0 1 0 1 0 0 1 1 1 1 0 0 0 1 0 0 1 1 0 1 0 0 1 1 0 0 0 1 0 0 1 1 0 0 0 1 0 0 1 1 0 0 0 1 0 1 1 1 1 1
120,20,0.0006221807435059885,21 2  1 1 0 0 0 1 0 0 1 0 0 0 0 0 0 0 1 1 0 0 1,89 2  1 1 1 0 0 1 0 1 0 1 1 1 0 1 0 0 0 1 1 1 0 1 0 0 0 1 1 1 0 1 0 0 1 0 0 1 0 0 0 1 1 1 1 0 0 1 0 1 1 0 0 1 0 0 0 1 1 1 1 0 0 1 0 0 1 0 0 0 0 0 0 0 1 1 1 1 0 1 0 1 0 1 1 0 0 1 0 0 1
120,20,0.0006456403137811925,21 2  1 1 0 0 0 1 0 0 1 0 0 0 0 0 0 0 1 1 0 0 1,57 2  1 1 1 1 0 1 0 1 1 0 0 1 0 0 0 0 1 1 1 0 0 1 0 1 0 1 1 1 0 1 0 1 1 0 0 0 0 0 0 0 0 0 0 1 0 0 0 0 1 1 1 1 0 1 0 1 1
120,20,0.0005103603143819537,21 2  1 0 0 1 1 0 0 0 0 0 0 0 1 0 0 1 0 0 0 1 1,89 2  1 0 0 1 0 0 1 1 0 1 0 1 0 1 1 0 1 0 1 1 0 1 0 1 0 1 1 0 0 0 1 1 1 1 0 0 0 1 0 1 1 1 1 0 0 0 1 1 1 1 0 1 0 1 1 0 1 0 1 0 0 1 1 0 0 0 1 0 0 1 1 0 0 0 1 0 0 1 1 0 0 0 1 0 1 1 1 1 1
84,14,0.0000062591383419792895,15 2  1 1 1 0 0 1 0 1 0 1 1 0 1 0 1,66 2  1 0 1 1 0 0 0 0 1 1 0 0 1 1 0 1 1 1 1 0 0 1 0 1 0 0 0 0 0 0 0 0 0 0 0 0 0 1 1 0 1 1 1 1 1 0 1 1 1 0 1 0 0 1 1 1 0 1 1 1 1 0 0 1 0 1
