54,6,0,7 2  1 0 0 1 0 0 1,"[0, 1, 3, 6, 19]"
54,6,0,7 2  1 0 0 1 0 0 1,"[0, 1, 3, 6, 28]"
54,6,0,7 2  1 0 0 1 0 0 1,"[0, 1, 3, 6, 10]"
54,6,0,7 2  1 0 0 1 0 0 1,"[0, 1, 3, 6, 46]"
54,6,0,7 2  1 0 0 1 0 0 1,"[0, 1, 3, 6, 37]"
54,6,0,7 2  1 0 0 1 0 0 1,"[0, 1, 3, 10, 15]"
54,6,0,7 2  1 0 0 1 0 0 1,"[0, 1, 3, 10, 24]"
54,6,0,7 2  1 0 0 1 0 0 1,"[0, 1, 3, 10, 33]"
54,6,0,7 2  1 0 0 1 0 0 1,"[0, 1, 3, 10, 42]"
54,6,0,7 2  1 0 0 1 0 0 1,"[0, 1, 3, 10, 51]"
54,6,0,7 2  1 0 0 1 0 0 1,"[0, 1, 3, 15, 19]"
54,6,0,7 2  1 0 0 1 0 0 1,"[0, 1, 3, 15, 28]"
54,6,0,7 2  1 0 0 1 0 0 1,"[0, 1, 3, 15, 37]"
54,6,0,7 2  1 0 0 1 0 0 1,"[0, 1, 3, 15, 46]"
54,6,0,7 2  1 0 0 1 0 0 1,"[0, 1, 3, 19, 24]"
54,6,0,7 2  1 0 0 1 0 0 1,"[0, 1, 3, 19, 33]"
54,6,0,7 2  1 0 0 1 0 0 1,"[0, 1, 3, 19, 42]"
54,6,0,7 2  1 0 0 1 0 0 1,"[0, 1, 3, 19, 51]"
54,6,0,7 2  1 0 0 1 0 0 1,"[0, 1, 3, 24, 28]"
54,6,0,7 2  1 0 0 1 0 0 1,"[0, 1, 3, 24, 37]"
54,6,0,7 2  1 0 0 1 0 0 1,"[0, 1, 3, 24, 46]"
54,6,0,7 2  1 0 0 1 0 0 1,"[0, 1, 3, 28, 33]"
54,6,0,7 2  1 0 0 1 0 0 1,"[0, 1, 3, 28, 42]"
54,6,0,7 2  1 0 0 1 0 0 1,"[0, 1, 3, 28, 51]"
54,6,0,7 2  1 0 0 1 0 0 1,"[0, 1, 3, 33, 46]"
54,6,0,7 2  1 0 0 1 0 0 1,"[0, 1, 3, 33, 37]"
54,6,0,7 2  1 0 0 1 0 0 1,"[0, 1, 3, 37, 51]"
54,6,0,7 2  1 0 0 1 0 0 1,"[0, 1, 3, 37, 42]"
54,6,0,7 2  1 0 0 1 0 0 1,"[0, 1, 3, 42, 46]"
54,6,0,7 2  1 0 0 1 0 0 1,"[0, 1, 3, 46, 51]"
54,6,0,7 2  1 0 0 1 0 0 1,"[0, 1, 4, 7, 9]"
54,6,0,7 2  1 0 0 1 0 0 1,"[0, 1, 4, 7, 18]"
54,6,0,7 2  1 0 0 1 0 0 1,"[0, 1, 4, 7, 27]"
54,6,0,7 2  1 0 0 1 0 0 1,"[0, 1, 4, 7, 36]"
54,6,0,7 2  1 0 0 1 0 0 1,"[0, 1, 4, 7, 45]"
54,6,0,7 2  1 0 0 1 0 0 1,"[0, 1, 4, 9, 16]"
54,6,0,7 2  1 0 0 1 0 0 1,"[0, 1, 4, 9, 25]"
54,6,0,7 2  1 0 0 1 0 0 1,"[0, 1, 4, 9, 43]"
54,6,0,7 2  1 0 0 1 0 0 1,"[0, 1, 4, 9, 34]"
54,6,0,7 2  1 0 0 1 0 0 1,"[0, 1, 4, 9, 52]"
54,6,0,7 2  1 0 0 1 0 0 1,"[0, 1, 4, 16, 27]"
54,6,0,7 2  1 0 0 1 0 0 1,"[0, 1, 4, 16, 18]"
54,6,0,7 2  1 0 0 1 0 0 1,"[0, 1, 4, 16, 36]"
54,6,0,7 2  1 0 0 1 0 0 1,"[0, 1, 4, 16, 45]"
54,6,0,7 2  1 0 0 1 0 0 1,"[0, 1, 4, 18, 25]"
54,6,0,7 2  1 0 0 1 0 0 1,"[0, 1, 4, 18, 34]"
54,6,0,7 2  1 0 0 1 0 0 1,"[0, 1, 4, 18, 52]"
54,6,0,7 2  1 0 0 1 0 0 1,"[0, 1, 4, 18, 43]"
54,6,0,7 2  1 0 0 1 0 0 1,"[0, 1, 4, 25, 27]"
54,6,0,7 2  1 0 0 1 0 0 1,"[0, 1, 4, 25, 36]"
54,6,0,7 2  1 0 0 1 0 0 1,"[0, 1, 4, 25, 45]"
54,6,0,7 2  1 0 0 1 0 0 1,"[0, 1, 4, 27, 34]"
54,6,0,7 2  1 0 0 1 0 0 1,"[0, 1, 4, 27, 43]"
54,6,0,7 2  1 0 0 1 0 0 1,"[0, 1, 4, 27, 52]"
54,6,0,7 2  1 0 0 1 0 0 1,"[0, 1, 4, 34, 36]"
54,6,0,7 2  1 0 0 1 0 0 1,"[0, 1, 4, 34, 45]"
54,6,0,7 2  1 0 0 1 0 0 1,"[0, 1, 4, 36, 43]"
54,6,0,7 2  1 0 0 1 0 0 1,"[0, 1, 4, 36, 52]"
54,6,0,7 2  1 0 0 1 0 0 1,"[0, 1, 4, 43, 45]"
54,6,0,7 2  1 0 0 1 0 0 1,"[0, 1, 4, 45, 52]"
54,6,0,7 2  1 0 0 1 0 0 1,"[0, 1, 6, 10, 12]"
54,6,0,7 2  1 0 0 1 0 0 1,"[0, 1, 6, 10, 21]"
54,6,0,7 2  1 0 0 1 0 0 1,"[0, 1, 6, 10, 30]"
54,6,0,7 2  1 0 0 1 0 0 1,"[0, 1, 6, 10, 39]"
54,6,0,7 2  1 0 0 1 0 0 1,"[0, 1, 6, 10, 48]"
54,6,0,7 2  1 0 0 1 0 0 1,"[0, 1, 6, 12, 28]"
54,12,0,13 2  1 0 0 0 0 0 1 0 0 0 0 0 1,"[0, 1, 6, 12, 19]"
54,12,0,13 2  1 0 0 0 0 0 1 0 0 0 0 0 1,"[0, 1, 6, 12, 37]"
54,6,0,7 2  1 0 0 1 0 0 1,"[0, 1, 6, 12, 46]"
54,6,0,7 2  1 0 0 1 0 0 1,"[0, 1, 6, 19, 21]"
54,6,0,7 2  1 0 0 1 0 0 1,"[0, 1, 6, 19, 39]"
54,12,0,13 2  1 0 0 0 0 0 1 0 0 0 0 0 1,"[0, 1, 6, 19, 30]"
54,12,0,13 2  1 0 0 0 0 0 1 0 0 0 0 0 1,"[0, 1, 6, 19, 48]"
54,6,0,7 2  1 0 0 1 0 0 1,"[0, 1, 6, 21, 28]"
54,6,0,7 2  1 0 0 1 0 0 1,"[0, 1, 6, 21, 37]"
54,6,0,7 2  1 0 0 1 0 0 1,"[0, 1, 6, 21, 46]"
54,6,0,7 2  1 0 0 1 0 0 1,"[0, 1, 6, 28, 30]"
54,6,0,7 2  1 0 0 1 0 0 1,"[0, 1, 6, 28, 39]"
54,6,0,7 2  1 0 0 1 0 0 1,"[0, 1, 6, 28, 48]"
54,12,0,13 2  1 0 0 0 0 0 1 0 0 0 0 0 1,"[0, 1, 6, 30, 37]"
54,6,0,7 2  1 0 0 1 0 0 1,"[0, 1, 6, 30, 46]"
54,6,0,7 2  1 0 0 1 0 0 1,"[0, 1, 6, 37, 39]"
54,12,0,13 2  1 0 0 0 0 0 1 0 0 0 0 0 1,"[0, 1, 6, 37, 48]"
54,6,0,7 2  1 0 0 1 0 0 1,"[0, 1, 6, 39, 46]"
54,6,0,7 2  1 0 0 1 0 0 1,"[0, 1, 6, 46, 48]"
54,6,0,7 2  1 0 0 1 0 0 1,"[0, 1, 7, 9, 13]"
54,6,0,7 2  1 0 0 1 0 0 1,"[0, 1, 7, 9, 22]"
54,6,0,7 2  1 0 0 1 0 0 1,"[0, 1, 7, 9, 31]"
54,6,0,7 2  1 0 0 1 0 0 1,"[0, 1, 7, 9, 40]"
54,6,0,7 2  1 0 0 1 0 0 1,"[0, 1, 7, 9, 49]"
54,12,0,13 2  1 0 0 0 0 0 1 0 0 0 0 0 1,"[0, 1, 7, 13, 18]"
54,6,0,7 2  1 0 0 1 0 0 1,"[0, 1, 7, 13, 27]"
54,6,0,7 2  1 0 0 1 0 0 1,"[0, 1, 7, 13, 45]"
54,12,0,13 2  1 0 0 0 0 0 1 0 0 0 0 0 1,"[0, 1, 7, 13, 36]"
54,6,0,7 2  1 0 0 1 0 0 1,"[0, 1, 7, 18, 22]"
54,12,0,13 2  1 0 0 0 0 0 1 0 0 0 0 0 1,"[0, 1, 7, 18, 31]"
54,6,0,7 2  1 0 0 1 0 0 1,"[0, 1, 7, 18, 40]"
54,12,0,13 2  1 0 0 0 0 0 1 0 0 0 0 0 1,"[0, 1, 7, 18, 49]"
54,6,0,7 2  1 0 0 1 0 0 1,"[0, 1, 7, 22, 27]"
54,6,0,7 2  1 0 0 1 0 0 1,"[0, 1, 7, 22, 36]"
54,6,0,7 2  1 0 0 1 0 0 1,"[0, 1, 7, 22, 45]"
54,6,0,7 2  1 0 0 1 0 0 1,"[0, 1, 7, 27, 31]"
54,6,0,7 2  1 0 0 1 0 0 1,"[0, 1, 7, 27, 40]"
54,6,0,7 2  1 0 0 1 0 0 1,"[0, 1, 7, 27, 49]"
54,12,0,13 2  1 0 0 0 0 0 1 0 0 0 0 0 1,"[0, 1, 7, 31, 36]"
54,6,0,7 2  1 0 0 1 0 0 1,"[0, 1, 7, 31, 45]"
54,6,0,7 2  1 0 0 1 0 0 1,"[0, 1, 7, 36, 40]"
54,12,0,13 2  1 0 0 0 0 0 1 0 0 0 0 0 1,"[0, 1, 7, 36, 49]"
54,6,0,7 2  1 0 0 1 0 0 1,"[0, 1, 7, 40, 45]"
54,6,0,7 2  1 0 0 1 0 0 1,"[0, 1, 7, 45, 49]"
54,6,0,7 2  1 0 0 1 0 0 1,"[0, 1, 9, 13, 16]"
54,6,0,7 2  1 0 0 1 0 0 1,"[0, 1, 9, 13, 25]"
54,18,0,19 2  1 0 0 0 0 0 0 0 0 1 0 0 0 0 0 0 0 0 1,"[0, 1, 9, 18, 28]"
54,18,0,19 2  1 0 0 0 0 0 0 0 0 1 0 0 0 0 0 0 0 0 1,"[0, 1, 9, 28, 45]"
54,18,0,19 2  1 0 0 0 0 0 0 0 0 1 0 0 0 0 0 0 0 0 1,"[0, 1, 10, 19, 27]"
54,18,0,19 2  1 0 0 0 0 0 0 0 0 1 0 0 0 0 0 0 0 0 1,"[0, 1, 10, 27, 46]"
54,12,0,13 2  1 0 0 0 0 0 1 0 0 0 0 0 1,"[0, 1, 12, 19, 24]"
54,12,0,13 2  1 0 0 0 0 0 1 0 0 0 0 0 1,"[0, 1, 12, 19, 42]"
54,12,0,13 2  1 0 0 0 0 0 1 0 0 0 0 0 1,"[0, 1, 12, 24, 37]"
54,12,0,13 2  1 0 0 0 0 0 1 0 0 0 0 0 1,"[0, 1, 12, 37, 42]"
54,12,0,13 2  1 0 0 0 0 0 1 0 0 0 0 0 1,"[0, 1, 13, 18, 25]"
54,12,0,13 2  1 0 0 0 0 0 1 0 0 0 0 0 1,"[0, 1, 13, 18, 43]"
54,12,0,13 2  1 0 0 0 0 0 1 0 0 0 0 0 1,"[0, 1, 13, 25, 36]"
54,12,0,13 2  1 0 0 0 0 0 1 0 0 0 0 0 1,"[0, 1, 13, 36, 43]"
54,12,0,13 2  1 0 0 0 0 0 1 0 0 0 0 0 1,"[0, 1, 18, 25, 31]"
54,12,0,13 2  1 0 0 0 0 0 1 0 0 0 0 0 1,"[0, 1, 18, 25, 49]"
54,18,0,19 2  1 0 0 0 0 0 0 0 0 1 0 0 0 0 0 0 0 0 1,"[0, 1, 18, 28, 36]"
54,12,0,13 2  1 0 0 0 0 0 1 0 0 0 0 0 1,"[0, 1, 18, 31, 43]"
54,12,0,13 2  1 0 0 0 0 0 1 0 0 0 0 0 1,"[0, 1, 18, 43, 49]"
54,12,0,13 2  1 0 0 0 0 0 1 0 0 0 0 0 1,"[0, 1, 19, 24, 30]"
54,12,0,13 2  1 0 0 0 0 0 1 0 0 0 0 0 1,"[0, 1, 19, 24, 48]"
54,18,0,19 2  1 0 0 0 0 0 0 0 0 1 0 0 0 0 0 0 0 0 1,"[0, 1, 19, 27, 37]"
54,12,0,13 2  1 0 0 0 0 0 1 0 0 0 0 0 1,"[0, 1, 19, 30, 42]"
54,12,0,13 2  1 0 0 0 0 0 1 0 0 0 0 0 1,"[0, 1, 19, 42, 48]"
54,12,0,13 2  1 0 0 0 0 0 1 0 0 0 0 0 1,"[0, 1, 24, 30, 37]"
54,12,0,13 2  1 0 0 0 0 0 1 0 0 0 0 0 1,"[0, 1, 24, 37, 48]"
54,12,0,13 2  1 0 0 0 0 0 1 0 0 0 0 0 1,"[0, 1, 25, 31, 36]"
54,12,0,13 2  1 0 0 0 0 0 1 0 0 0 0 0 1,"[0, 1, 25, 36, 49]"
54,18,0,19 2  1 0 0 0 0 0 0 0 0 1 0 0 0 0 0 0 0 0 1,"[0, 1, 27, 37, 46]"
54,18,0,19 2  1 0 0 0 0 0 0 0 0 1 0 0 0 0 0 0 0 0 1,"[0, 1, 28, 36, 45]"
54,12,0,13 2  1 0 0 0 0 0 1 0 0 0 0 0 1,"[0, 1, 30, 37, 42]"
54,12,0,13 2  1 0 0 0 0 0 1 0 0 0 0 0 1,"[0, 1, 31, 36, 43]"
54,12,0,13 2  1 0 0 0 0 0 1 0 0 0 0 0 1,"[0, 1, 36, 43, 49]"
54,12,0,13 2  1 0 0 0 0 0 1 0 0 0 0 0 1,"[0, 1, 37, 42, 48]"
54,12,0,13 2  1 0 0 0 0 0 1 0 0 0 0 0 1,"[0, 2, 6, 12, 20]"
54,12,0,13 2  1 0 0 0 0 0 1 0 0 0 0 0 1,"[0, 2, 6, 12, 38]"
54,12,0,13 2  1 0 0 0 0 0 1 0 0 0 0 0 1,"[0, 2, 6, 20, 30]"
54,12,0,13 2  1 0 0 0 0 0 1 0 0 0 0 0 1,"[0, 2, 6, 20, 48]"
54,12,0,13 2  1 0 0 0 0 0 1 0 0 0 0 0 1,"[0, 2, 6, 30, 38]"
54,12,0,13 2  1 0 0 0 0 0 1 0 0 0 0 0 1,"[0, 2, 6, 38, 48]"
54,12,0,13 2  1 0 0 0 0 0 1 0 0 0 0 0 1,"[0, 2, 8, 14, 18]"
54,12,0,13 2  1 0 0 0 0 0 1 0 0 0 0 0 1,"[0, 2, 8, 14, 36]"
54,12,0,13 2  1 0 0 0 0 0 1 0 0 0 0 0 1,"[0, 2, 8, 18, 32]"
54,12,0,13 2  1 0 0 0 0 0 1 0 0 0 0 0 1,"[0, 2, 8, 18, 50]"
54,12,0,13 2  1 0 0 0 0 0 1 0 0 0 0 0 1,"[0, 2, 8, 32, 36]"
54,12,0,13 2  1 0 0 0 0 0 1 0 0 0 0 0 1,"[0, 2, 8, 36, 50]"
54,18,0,19 2  1 0 0 0 0 0 0 0 0 1 0 0 0 0 0 0 0 0 1,"[0, 2, 9, 18, 29]"
54,18,0,19 2  1 0 0 0 0 0 0 0 0 1 0 0 0 0 0 0 0 0 1,"[0, 2, 9, 29, 45]"
54,18,0,19 2  1 0 0 0 0 0 0 0 0 1 0 0 0 0 0 0 0 0 1,"[0, 2, 11, 20, 27]"
54,18,0,19 2  1 0 0 0 0 0 0 0 0 1 0 0 0 0 0 0 0 0 1,"[0, 2, 11, 27, 47]"
54,12,0,13 2  1 0 0 0 0 0 1 0 0 0 0 0 1,"[0, 2, 12, 20, 24]"
54,12,0,13 2  1 0 0 0 0 0 1 0 0 0 0 0 1,"[0, 2, 12, 20, 42]"
54,12,0,13 2  1 0 0 0 0 0 1 0 0 0 0 0 1,"[0, 2, 12, 24, 38]"
54,12,0,13 2  1 0 0 0 0 0 1 0 0 0 0 0 1,"[0, 2, 12, 38, 42]"
54,12,0,13 2  1 0 0 0 0 0 1 0 0 0 0 0 1,"[0, 2, 14, 18, 26]"
54,12,0,13 2  1 0 0 0 0 0 1 0 0 0 0 0 1,"[0, 2, 14, 18, 44]"
54,12,0,13 2  1 0 0 0 0 0 1 0 0 0 0 0 1,"[0, 2, 14, 26, 36]"
54,12,0,13 2  1 0 0 0 0 0 1 0 0 0 0 0 1,"[0, 2, 14, 36, 44]"
54,12,0,13 2  1 0 0 0 0 0 1 0 0 0 0 0 1,"[0, 2, 18, 26, 32]"
54,12,0,13 2  1 0 0 0 0 0 1 0 0 0 0 0 1,"[0, 2, 18, 26, 50]"
54,18,0,19 2  1 0 0 0 0 0 0 0 0 1 0 0 0 0 0 0 0 0 1,"[0, 2, 18, 29, 36]"
54,12,0,13 2  1 0 0 0 0 0 1 0 0 0 0 0 1,"[0, 2, 18, 32, 44]"
54,12,0,13 2  1 0 0 0 0 0 1 0 0 0 0 0 1,"[0, 2, 18, 44, 50]"
54,12,0,13 2  1 0 0 0 0 0 1 0 0 0 0 0 1,"[0, 2, 20, 24, 30]"
54,12,0,13 2  1 0 0 0 0 0 1 0 0 0 0 0 1,"[0, 2, 20, 24, 48]"
54,18,0,19 2  1 0 0 0 0 0 0 0 0 1 0 0 0 0 0 0 0 0 1,"[0, 2, 20, 27, 38]"
54,12,0,13 2  1 0 0 0 0 0 1 0 0 0 0 0 1,"[0, 2, 20, 30, 42]"
54,12,0,13 2  1 0 0 0 0 0 1 0 0 0 0 0 1,"[0, 2, 20, 42, 48]"
54,12,0,13 2  1 0 0 0 0 0 1 0 0 0 0 0 1,"[0, 2, 24, 30, 38]"
54,12,0,13 2  1 0 0 0 0 0 1 0 0 0 0 0 1,"[0, 2, 24, 38, 48]"
54,12,0,13 2  1 0 0 0 0 0 1 0 0 0 0 0 1,"[0, 2, 26, 32, 36]"
54,12,0,13 2  1 0 0 0 0 0 1 0 0 0 0 0 1,"[0, 2, 26, 36, 50]"
54,18,0,19 2  1 0 0 0 0 0 0 0 0 1 0 0 0 0 0 0 0 0 1,"[0, 2, 27, 38, 47]"
54,18,0,19 2  1 0 0 0 0 0 0 0 0 1 0 0 0 0 0 0 0 0 1,"[0, 2, 29, 36, 45]"
54,12,0,13 2  1 0 0 0 0 0 1 0 0 0 0 0 1,"[0, 2, 30, 38, 42]"
54,12,0,13 2  1 0 0 0 0 0 1 0 0 0 0 0 1,"[0, 2, 32, 36, 44]"
54,12,0,13 2  1 0 0 0 0 0 1 0 0 0 0 0 1,"[0, 2, 36, 44, 50]"
54,12,0,13 2  1 0 0 0 0 0 1 0 0 0 0 0 1,"[0, 2, 38, 42, 48]"
54,12,0,13 2  1 0 0 0 0 0 1 0 0 0 0 0 1,"[0, 3, 6, 12, 21]"
54,12,0,13 2  1 0 0 0 0 0 1 0 0 0 0 0 1,"[0, 3, 6, 12, 39]"
54,12,0,13 2  1 0 0 0 0 0 1 0 0 0 0 0 1,"[0, 3, 6, 21, 30]"
54,12,0,13 2  1 0 0 0 0 0 1 0 0 0 0 0 1,"[0, 3, 6, 21, 48]"
54,12,0,13 2  1 0 0 0 0 0 1 0 0 0 0 0 1,"[0, 3, 6, 30, 39]"
54,12,0,13 2  1 0 0 0 0 0 1 0 0 0 0 0 1,"[0, 3, 6, 39, 48]"
54,12,0,13 2  1 0 0 0 0 0 1 0 0 0 0 0 1,"[0, 3, 9, 15, 18]"
54,12,0,13 2  1 0 0 0 0 0 1 0 0 0 0 0 1,"[0, 3, 9, 15, 36]"
54,12,0,13 2  1 0 0 0 0 0 1 0 0 0 0 0 1,"[0, 3, 9, 18, 33]"
54,18,0,19 2  1 0 0 0 0 0 0 0 0 1 0 0 0 0 0 0 0 0 1,"[0, 3, 9, 18, 30]"
54,12,0,13 2  1 0 0 0 0 0 1 0 0 0 0 0 1,"[0, 3, 9, 18, 51]"
54,18,0,19 2  1 0 0 0 0 0 0 0 0 1 0 0 0 0 0 0 0 0 1,"[0, 3, 9, 30, 45]"
54,12,0,13 2  1 0 0 0 0 0 1 0 0 0 0 0 1,"[0, 3, 9, 33, 36]"
54,12,0,13 2  1 0 0 0 0 0 1 0 0 0 0 0 1,"[0, 3, 9, 36, 51]"
54,12,0,13 2  1 0 0 0 0 0 1 0 0 0 0 0 1,"[0, 3, 12, 21, 24]"
54,12,0,13 2  1 0 0 0 0 0 1 0 0 0 0 0 1,"[0, 3, 12, 21, 42]"
54,18,0,19 2  1 0 0 0 0 0 0 0 0 1 0 0 0 0 0 0 0 0 1,"[0, 3, 12, 21, 27]"
54,12,0,13 2  1 0 0 0 0 0 1 0 0 0 0 0 1,"[0, 3, 12, 24, 39]"
54,18,0,19 2  1 0 0 0 0 0 0 0 0 1 0 0 0 0 0 0 0 0 1,"[0, 3, 12, 27, 48]"
54,12,0,13 2  1 0 0 0 0 0 1 0 0 0 0 0 1,"[0, 3, 12, 39, 42]"
54,12,0,13 2  1 0 0 0 0 0 1 0 0 0 0 0 1,"[0, 3, 15, 18, 27]"
54,12,0,13 2  1 0 0 0 0 0 1 0 0 0 0 0 1,"[0, 3, 15, 18, 45]"
54,12,0,13 2  1 0 0 0 0 0 1 0 0 0 0 0 1,"[0, 3, 15, 27, 36]"
54,12,0,13 2  1 0 0 0 0 0 1 0 0 0 0 0 1,"[0, 3, 15, 36, 45]"
54,12,0,13 2  1 0 0 0 0 0 1 0 0 0 0 0 1,"[0, 3, 18, 27, 33]"
54,12,0,13 2  1 0 0 0 0 0 1 0 0 0 0 0 1,"[0, 3, 18, 27, 51]"
54,18,0,19 2  1 0 0 0 0 0 0 0 0 1 0 0 0 0 0 0 0 0 1,"[0, 3, 18, 30, 36]"
54,12,0,13 2  1 0 0 0 0 0 1 0 0 0 0 0 1,"[0, 3, 18, 33, 45]"
54,12,0,13 2  1 0 0 0 0 0 1 0 0 0 0 0 1,"[0, 3, 18, 45, 51]"
54,12,0,13 2  1 0 0 0 0 0 1 0 0 0 0 0 1,"[0, 3, 21, 24, 30]"
54,12,0,13 2  1 0 0 0 0 0 1 0 0 0 0 0 1,"[0, 3, 21, 24, 48]"
54,18,0,19 2  1 0 0 0 0 0 0 0 0 1 0 0 0 0 0 0 0 0 1,"[0, 3, 21, 27, 39]"
54,12,0,13 2  1 0 0 0 0 0 1 0 0 0 0 0 1,"[0, 3, 21, 30, 42]"
54,12,0,13 2  1 0 0 0 0 0 1 0 0 0 0 0 1,"[0, 3, 21, 42, 48]"
54,18,0,19 2  1 0 0 0 0 0 0 0 0 1 0 0 0 0 0 0 0 0 1,"[0, 3, 27, 39, 48]"
54,18,0,19 2  1 0 0 0 0 0 0 0 0 1 0 0 0 0 0 0 0 0 1,"[0, 3, 30, 36, 45]"
54,18,0,19 2  1 0 0 0 0 0 0 0 0 1 0 0 0 0 0 0 0 0 1,"[0, 4, 9, 18, 31]"
54,18,0,19 2  1 0 0 0 0 0 0 0 0 1 0 0 0 0 0 0 0 0 1,"[0, 4, 9, 31, 45]"
54,18,0,19 2  1 0 0 0 0 0 0 0 0 1 0 0 0 0 0 0 0 0 1,"[0, 4, 13, 22, 27]"
54,18,0,19 2  1 0 0 0 0 0 0 0 0 1 0 0 0 0 0 0 0 0 1,"[0, 4, 13, 27, 49]"
54,18,0,19 2  1 0 0 0 0 0 0 0 0 1 0 0 0 0 0 0 0 0 1,"[0, 4, 18, 31, 36]"
54,18,0,19 2  1 0 0 0 0 0 0 0 0 1 0 0 0 0 0 0 0 0 1,"[0, 4, 22, 27, 40]"
54,18,0,19 2  1 0 0 0 0 0 0 0 0 1 0 0 0 0 0 0 0 0 1,"[0, 4, 27, 40, 49]"
54,18,0,19 2  1 0 0 0 0 0 0 0 0 1 0 0 0 0 0 0 0 0 1,"[0, 4, 31, 36, 45]"
54,18,0,19 2  1 0 0 0 0 0 0 0 0 1 0 0 0 0 0 0 0 0 1,"[0, 5, 9, 18, 32]"
54,18,0,19 2  1 0 0 0 0 0 0 0 0 1 0 0 0 0 0 0 0 0 1,"[0, 5, 9, 32, 45]"
54,18,0,19 2  1 0 0 0 0 0 0 0 0 1 0 0 0 0 0 0 0 0 1,"[0, 5, 14, 23, 27]"
54,18,0,19 2  1 0 0 0 0 0 0 0 0 1 0 0 0 0 0 0 0 0 1,"[0, 5, 14, 27, 50]"
54,18,0,19 2  1 0 0 0 0 0 0 0 0 1 0 0 0 0 0 0 0 0 1,"[0, 5, 18, 32, 36]"
54,18,0,19 2  1 0 0 0 0 0 0 0 0 1 0 0 0 0 0 0 0 0 1,"[0, 5, 23, 27, 41]"
54,18,0,19 2  1 0 0 0 0 0 0 0 0 1 0 0 0 0 0 0 0 0 1,"[0, 5, 27, 41, 50]"
54,18,0,19 2  1 0 0 0 0 0 0 0 0 1 0 0 0 0 0 0 0 0 1,"[0, 5, 32, 36, 45]"
54,18,0,19 2  1 0 0 0 0 0 0 0 0 1 0 0 0 0 0 0 0 0 1,"[0, 6, 9, 18, 33]"
54,18,0,19 2  1 0 0 0 0 0 0 0 0 1 0 0 0 0 0 0 0 0 1,"[0, 6, 9, 33, 45]"
54,18,0,19 2  1 0 0 0 0 0 0 0 0 1 0 0 0 0 0 0 0 0 1,"[0, 6, 15, 24, 27]"
54,18,0,19 2  1 0 0 0 0 0 0 0 0 1 0 0 0 0 0 0 0 0 1,"[0, 6, 15, 27, 51]"
54,18,0,19 2  1 0 0 0 0 0 0 0 0 1 0 0 0 0 0 0 0 0 1,"[0, 6, 18, 33, 36]"
54,18,0,19 2  1 0 0 0 0 0 0 0 0 1 0 0 0 0 0 0 0 0 1,"[0, 6, 24, 27, 42]"
54,18,0,19 2  1 0 0 0 0 0 0 0 0 1 0 0 0 0 0 0 0 0 1,"[0, 6, 27, 42, 51]"
54,18,0,19 2  1 0 0 0 0 0 0 0 0 1 0 0 0 0 0 0 0 0 1,"[0, 6, 33, 36, 45]"
54,18,0,19 2  1 0 0 0 0 0 0 0 0 1 0 0 0 0 0 0 0 0 1,"[0, 7, 9, 18, 34]"
54,18,0,19 2  1 0 0 0 0 0 0 0 0 1 0 0 0 0 0 0 0 0 1,"[0, 7, 9, 34, 45]"
54,18,0,19 2  1 0 0 0 0 0 0 0 0 1 0 0 0 0 0 0 0 0 1,"[0, 7, 16, 25, 27]"
54,18,0,19 2  1 0 0 0 0 0 0 0 0 1 0 0 0 0 0 0 0 0 1,"[0, 7, 16, 27, 52]"
54,18,0,19 2  1 0 0 0 0 0 0 0 0 1 0 0 0 0 0 0 0 0 1,"[0, 7, 18, 34, 36]"
54,18,0,19 2  1 0 0 0 0 0 0 0 0 1 0 0 0 0 0 0 0 0 1,"[0, 7, 25, 27, 43]"
54,18,0,19 2  1 0 0 0 0 0 0 0 0 1 0 0 0 0 0 0 0 0 1,"[0, 7, 27, 43, 52]"
54,18,0,19 2  1 0 0 0 0 0 0 0 0 1 0 0 0 0 0 0 0 0 1,"[0, 7, 34, 36, 45]"
54,18,0,19 2  1 0 0 0 0 0 0 0 0 1 0 0 0 0 0 0 0 0 1,"[0, 8, 9, 18, 35]"
54,18,0,19 2  1 0 0 0 0 0 0 0 0 1 0 0 0 0 0 0 0 0 1,"[0, 8, 9, 35, 45]"
54,18,0,19 2  1 0 0 0 0 0 0 0 0 1 0 0 0 0 0 0 0 0 1,"[0, 8, 17, 26, 27]"
54,18,0,19 2  1 0 0 0 0 0 0 0 0 1 0 0 0 0 0 0 0 0 1,"[0, 8, 17, 27, 53]"
54,18,0,19 2  1 0 0 0 0 0 0 0 0 1 0 0 0 0 0 0 0 0 1,"[0, 8, 18, 35, 36]"
54,18,0,19 2  1 0 0 0 0 0 0 0 0 1 0 0 0 0 0 0 0 0 1,"[0, 8, 26, 27, 44]"
54,18,0,19 2  1 0 0 0 0 0 0 0 0 1 0 0 0 0 0 0 0 0 1,"[0, 8, 27, 44, 53]"
54,18,0,19 2  1 0 0 0 0 0 0 0 0 1 0 0 0 0 0 0 0 0 1,"[0, 8, 35, 36, 45]"
54,18,0,19 2  1 0 0 0 0 0 0 0 0 1 0 0 0 0 0 0 0 0 1,"[0, 9, 10, 18, 37]"
54,18,0,19 2  1 0 0 0 0 0 0 0 0 1 0 0 0 0 0 0 0 0 1,"[0, 9, 10, 37, 45]"
54,18,0,19 2  1 0 0 0 0 0 0 0 0 1 0 0 0 0 0 0 0 0 1,"[0, 9, 11, 18, 38]"
54,18,0,19 2  1 0 0 0 0 0 0 0 0 1 0 0 0 0 0 0 0 0 1,"[0, 9, 11, 38, 45]"
54,18,0,19 2  1 0 0 0 0 0 0 0 0 1 0 0 0 0 0 0 0 0 1,"[0, 9, 12, 18, 39]"
54,18,0,19 2  1 0 0 0 0 0 0 0 0 1 0 0 0 0 0 0 0 0 1,"[0, 9, 12, 39, 45]"
54,18,0,19 2  1 0 0 0 0 0 0 0 0 1 0 0 0 0 0 0 0 0 1,"[0, 9, 13, 18, 40]"
54,18,0,19 2  1 0 0 0 0 0 0 0 0 1 0 0 0 0 0 0 0 0 1,"[0, 9, 13, 40, 45]"
54,18,0,19 2  1 0 0 0 0 0 0 0 0 1 0 0 0 0 0 0 0 0 1,"[0, 9, 14, 18, 41]"
54,18,0,19 2  1 0 0 0 0 0 0 0 0 1 0 0 0 0 0 0 0 0 1,"[0, 9, 14, 41, 45]"
54,18,0,19 2  1 0 0 0 0 0 0 0 0 1 0 0 0 0 0 0 0 0 1,"[0, 9, 15, 18, 42]"
54,18,0,19 2  1 0 0 0 0 0 0 0 0 1 0 0 0 0 0 0 0 0 1,"[0, 9, 15, 42, 45]"
54,18,0,19 2  1 0 0 0 0 0 0 0 0 1 0 0 0 0 0 0 0 0 1,"[0, 9, 16, 18, 43]"
54,18,0,19 2  1 0 0 0 0 0 0 0 0 1 0 0 0 0 0 0 0 0 1,"[0, 9, 16, 43, 45]"
54,18,0,19 2  1 0 0 0 0 0 0 0 0 1 0 0 0 0 0 0 0 0 1,"[0, 9, 17, 18, 44]"
54,18,0,19 2  1 0 0 0 0 0 0 0 0 1 0 0 0 0 0 0 0 0 1,"[0, 9, 17, 44, 45]"
54,18,0,19 2  1 0 0 0 0 0 0 0 0 1 0 0 0 0 0 0 0 0 1,"[0, 9, 18, 19, 46]"
54,18,0,19 2  1 0 0 0 0 0 0 0 0 1 0 0 0 0 0 0 0 0 1,"[0, 9, 18, 20, 47]"
54,18,0,19 2  1 0 0 0 0 0 0 0 0 1 0 0 0 0 0 0 0 0 1,"[0, 9, 18, 21, 48]"
54,18,0,19 2  1 0 0 0 0 0 0 0 0 1 0 0 0 0 0 0 0 0 1,"[0, 9, 18, 22, 49]"
54,18,0,19 2  1 0 0 0 0 0 0 0 0 1 0 0 0 0 0 0 0 0 1,"[0, 9, 18, 23, 50]"
54,18,0,19 2  1 0 0 0 0 0 0 0 0 1 0 0 0 0 0 0 0 0 1,"[0, 9, 18, 24, 51]"
54,18,0,19 2  1 0 0 0 0 0 0 0 0 1 0 0 0 0 0 0 0 0 1,"[0, 9, 18, 25, 52]"
54,18,0,19 2  1 0 0 0 0 0 0 0 0 1 0 0 0 0 0 0 0 0 1,"[0, 9, 18, 26, 53]"
54,18,0,19 2  1 0 0 0 0 0 0 0 0 1 0 0 0 0 0 0 0 0 1,"[0, 9, 19, 45, 46]"
54,18,0,19 2  1 0 0 0 0 0 0 0 0 1 0 0 0 0 0 0 0 0 1,"[0, 9, 20, 45, 47]"
54,18,0,19 2  1 0 0 0 0 0 0 0 0 1 0 0 0 0 0 0 0 0 1,"[0, 9, 21, 45, 48]"
54,18,0,19 2  1 0 0 0 0 0 0 0 0 1 0 0 0 0 0 0 0 0 1,"[0, 9, 22, 45, 49]"
54,18,0,19 2  1 0 0 0 0 0 0 0 0 1 0 0 0 0 0 0 0 0 1,"[0, 9, 23, 45, 50]"
54,18,0,19 2  1 0 0 0 0 0 0 0 0 1 0 0 0 0 0 0 0 0 1,"[0, 9, 24, 45, 51]"
54,18,0,19 2  1 0 0 0 0 0 0 0 0 1 0 0 0 0 0 0 0 0 1,"[0, 9, 25, 45, 52]"
54,18,0,19 2  1 0 0 0 0 0 0 0 0 1 0 0 0 0 0 0 0 0 1,"[0, 9, 26, 45, 53]"
54,18,0,19 2  1 0 0 0 0 0 0 0 0 1 0 0 0 0 0 0 0 0 1,"[0, 10, 18, 36, 37]"
54,18,0,19 2  1 0 0 0 0 0 0 0 0 1 0 0 0 0 0 0 0 0 1,"[0, 10, 19, 27, 28]"
54,18,0,19 2  1 0 0 0 0 0 0 0 0 1 0 0 0 0 0 0 0 0 1,"[0, 10, 27, 28, 46]"
54,18,0,19 2  1 0 0 0 0 0 0 0 0 1 0 0 0 0 0 0 0 0 1,"[0, 10, 36, 37, 45]"
