50,4,0.000006780624095422367,5 2  1 1 1 1 1,"[0, 1, 2, 3, 9]"
50,4,0.000005919888516659454,5 2  1 1 1 1 1,"[0, 1, 2, 3, 14]"
50,4,0.000007592244825600442,5 2  1 1 1 1 1,"[0, 1, 2, 3, 19]"
50,4,0.000006413010716140907,5 2  1 1 1 1 1,"[0, 1, 2, 3, 24]"
50,4,0.000005335534419132373,5 2  1 1 1 1 1,"[0, 1, 2, 3, 29]"
50,8,0.014461315979754157,9 2  1 0 1 0 1 0 1 0 1,"[0, 2, 4, 6, 8]"
50,8,0.021668472372697724,9 2  1 0 1 0 1 0 1 0 1,"[0, 2, 4, 6, 18]"
50,8,0.011098779134295227,9 2  1 0 1 0 1 0 1 0 1,"[0, 2, 4, 6, 28]"
50,8,0.013422818791946308,9 2  1 0 1 0 1 0 1 0 1,"[0, 2, 4, 6, 38]"
50,8,0.01124859392575928,9 2  1 0 1 0 1 0 1 0 1,"[0, 2, 4, 6, 48]"
50,20,0.8,21 2  1 0 0 0 0 1 0 0 0 0 1 0 0 0 0 1 0 0 0 0 1,"[0, 5, 10, 15, 20]"
50,20,0.9090909090909091,21 2  1 0 0 0 0 1 0 0 0 0 1 0 0 0 0 1 0 0 0 0 1,"[0, 5, 10, 15, 45]"
50,20,0.7692307692307693,21 2  1 0 0 0 0 1 0 0 0 0 1 0 0 0 0 1 0 0 0 0 1,"[0, 5, 10, 20, 40]"
50,20,0.8333333333333334,21 2  1 0 0 0 0 1 0 0 0 0 1 0 0 0 0 1 0 0 0 0 1,"[0, 5, 10, 40, 45]"
50,20,0.8695652173913043,21 2  1 0 0 0 0 1 0 0 0 0 1 0 0 0 0 1 0 0 0 0 1,"[0, 5, 15, 20, 35]"
50,40,1,41 2  1 0 0 0 0 0 0 0 0 0 1 0 0 0 0 0 0 0 0 0 1 0 0 0 0 0 0 0 0 0 1 0 0 0 0 0 0 0 0 0 1,"[0, 10, 20, 30, 40]"
