30,4,0,5 2  1 1 1 1 1,"[0, 1, 2, 3, 14]"
30,6,0,7 2  1 1 1 1 0 0 1,"[0, 1, 2, 3, 6]"
30,6,0,7 2  1 0 0 1 1 1 1,"[0, 1, 2, 3, 12]"
30,4,0,5 2  1 1 1 1 1,"[0, 1, 2, 3, 19]"
30,6,0,7 2  1 1 1 1 0 0 1,"[0, 1, 2, 3, 21]"
30,6,0,7 2  1 0 1 1 1 0 1,"[0, 1, 2, 3, 24]"
30,6,0,7 2  1 0 0 1 1 1 1,"[0, 1, 2, 3, 27]"
30,4,0,5 2  1 1 1 1 1,"[0, 1, 2, 3, 29]"
30,4,0,5 2  1 0 1 0 1,"[0, 1, 2, 4, 7]"
30,8,0,9 2  1 1 1 0 1 0 0 0 1,"[0, 1, 2, 4, 8]"
30,8,0,9 2  1 1 0 0 1 0 0 1 1,"[0, 1, 2, 4, 13]"
30,4,0,5 2  1 0 1 0 1,"[0, 1, 2, 4, 19]"
30,4,0,5 2  1 1 0 0 1,"[0, 1, 2, 4, 17]"
30,4,0,5 2  1 1 1 1 1,"[0, 1, 2, 4, 18]"
30,8,0,9 2  1 1 1 0 1 0 0 0 1,"[0, 1, 2, 4, 23]"
30,4,0,5 2  1 0 1 0 1,"[0, 1, 2, 4, 25]"
30,6,0,7 2  1 0 1 1 1 0 1,"[0, 1, 2, 4, 28]"
30,4,0,5 2  1 1 0 0 1,"[0, 1, 2, 5, 15]"
30,6,0,7 2  1 1 1 1 0 0 1,"[0, 1, 2, 5, 14]"
30,4,0,5 2  1 1 0 0 1,"[0, 1, 2, 6, 7]"
30,6,0,7 2  1 1 1 1 0 0 1,"[0, 1, 2, 5, 29]"
30,6,0,7 2  1 1 1 1 0 0 1,"[0, 1, 2, 6, 18]"
30,4,0,5 2  1 1 0 0 1,"[0, 1, 2, 6, 22]"
30,4,0,5 2  1 0 1 0 1,"[0, 1, 2, 7, 10]"
30,4,0,5 2  1 0 1 0 1,"[0, 1, 2, 7, 16]"
30,4,0,5 2  1 0 1 0 1,"[0, 1, 2, 7, 22]"
30,4,0,5 2  1 1 0 0 1,"[0, 1, 2, 7, 21]"
30,4,0,5 2  1 0 1 0 1,"[0, 1, 2, 7, 28]"
30,4,0,5 2  1 1 1 1 1,"[0, 1, 2, 8, 9]"
30,4,0,5 2  1 1 0 0 1,"[0, 1, 2, 8, 16]"
30,6,0,7 2  1 0 1 1 1 0 1,"[0, 1, 2, 8, 14]"
30,8,0,9 2  1 1 1 0 1 0 0 0 1,"[0, 1, 2, 8, 19]"
30,4,0,5 2  1 1 1 1 1,"[0, 1, 2, 8, 24]"
30,6,0,7 2  1 0 1 1 1 0 1,"[0, 1, 2, 8, 29]"
30,8,0,9 2  1 0 0 0 1 0 1 1 1,"[0, 1, 2, 9, 13]"
30,4,0,5 2  1 0 0 1 1,"[0, 1, 2, 9, 16]"
30,6,0,7 2  1 0 1 1 1 0 1,"[0, 1, 2, 9, 18]"
30,4,0,5 2  1 1 1 1 1,"[0, 1, 2, 9, 23]"
30,4,0,5 2  1 0 0 1 1,"[0, 1, 2, 10, 11]"
30,8,0,9 2  1 0 0 0 1 0 1 1 1,"[0, 1, 2, 9, 28]"
30,4,0,5 2  1 0 1 0 1,"[0, 1, 2, 10, 13]"
30,4,0,5 2  1 0 1 0 1,"[0, 1, 2, 10, 19]"
30,4,0,5 2  1 0 0 1 1,"[0, 1, 2, 10, 26]"
30,4,0,5 2  1 0 1 0 1,"[0, 1, 2, 10, 25]"
30,6,0,7 2  1 0 0 1 1 1 1,"[0, 1, 2, 11, 14]"
30,4,0,5 2  1 0 0 1 1,"[0, 1, 2, 11, 25]"
30,6,0,7 2  1 0 0 1 1 1 1,"[0, 1, 2, 11, 29]"
30,4,0,5 2  1 0 0 1 1,"[0, 1, 2, 12, 17]"
30,6,0,7 2  1 0 0 1 1 1 1,"[0, 1, 2, 12, 18]"
30,4,0,5 2  1 0 1 0 1,"[0, 1, 2, 13, 16]"
30,4,0,5 2  1 1 1 1 1,"[0, 1, 2, 13, 14]"
30,4,0,5 2  1 0 0 1 1,"[0, 1, 2, 13, 15]"
30,6,0,7 2  1 0 1 1 1 0 1,"[0, 1, 2, 13, 19]"
30,4,0,5 2  1 0 1 0 1,"[0, 1, 2, 13, 22]"
30,8,0,9 2  1 0 0 0 1 0 1 1 1,"[0, 1, 2, 13, 24]"
30,4,0,5 2  1 0 1 0 1,"[0, 1, 2, 13, 28]"
30,4,0,5 2  1 1 1 1 1,"[0, 1, 2, 13, 29]"
30,4,0,5 2  1 1 1 1 1,"[0, 1, 2, 14, 18]"
30,6,0,7 2  1 1 1 1 0 0 1,"[0, 1, 2, 14, 20]"
30,6,0,7 2  1 0 1 1 1 0 1,"[0, 1, 2, 14, 23]"
30,6,0,7 2  1 0 0 1 1 1 1,"[0, 1, 2, 14, 26]"
30,4,0,5 2  1 1 1 1 1,"[0, 1, 2, 14, 28]"
30,4,0,5 2  1 1 0 0 1,"[0, 1, 2, 15, 20]"
30,4,0,5 2  1 0 0 1 1,"[0, 1, 2, 15, 28]"
30,4,0,5 2  1 0 1 0 1,"[0, 1, 2, 16, 19]"
30,4,0,5 2  1 1 0 0 1,"[0, 1, 2, 16, 23]"
30,4,0,5 2  1 0 0 1 1,"[0, 1, 2, 16, 24]"
30,4,0,5 2  1 0 1 0 1,"[0, 1, 2, 16, 25]"
30,4,0,5 2  1 1 0 0 1,"[0, 1, 2, 17, 19]"
30,4,0,5 2  1 0 0 1 1,"[0, 1, 2, 17, 27]"
30,4,0,5 2  1 1 1 1 1,"[0, 1, 2, 18, 19]"
30,6,0,7 2  1 1 1 1 0 0 1,"[0, 1, 2, 18, 21]"
30,6,0,7 2  1 0 1 1 1 0 1,"[0, 1, 2, 18, 24]"
30,4,0,5 2  1 1 1 1 1,"[0, 1, 2, 18, 29]"
30,6,0,7 2  1 0 0 1 1 1 1,"[0, 1, 2, 18, 27]"
30,4,0,5 2  1 0 1 0 1,"[0, 1, 2, 19, 22]"
30,8,0,9 2  1 1 1 0 1 0 0 0 1,"[0, 1, 2, 19, 23]"
30,8,0,9 2  1 1 0 0 1 0 0 1 1,"[0, 1, 2, 19, 28]"
30,6,0,7 2  1 1 1 1 0 0 1,"[0, 1, 2, 20, 29]"
30,4,0,5 2  1 1 0 0 1,"[0, 1, 2, 21, 22]"
30,4,0,5 2  1 0 1 0 1,"[0, 1, 2, 22, 25]"
30,4,0,5 2  1 1 1 1 1,"[0, 1, 2, 23, 24]"
30,6,0,7 2  1 0 1 1 1 0 1,"[0, 1, 2, 23, 29]"
30,4,0,5 2  1 0 0 1 1,"[0, 1, 2, 25, 26]"
30,8,0,9 2  1 0 0 0 1 0 1 1 1,"[0, 1, 2, 24, 28]"
30,4,0,5 2  1 0 1 0 1,"[0, 1, 2, 25, 28]"
30,4,0,5 2  1 1 1 1 1,"[0, 1, 2, 28, 29]"
30,6,0,7 2  1 0 0 1 1 1 1,"[0, 1, 2, 26, 29]"
30,4,0,5 2  1 1 1 1 1,"[0, 1, 3, 4, 7]"
30,4,0,5 2  1 1 1 1 1,"[0, 1, 3, 4, 12]"
30,4,0,5 2  1 0 0 1 1,"[0, 1, 3, 4, 16]"
30,4,0,5 2  1 1 1 1 1,"[0, 1, 3, 4, 17]"
30,4,0,5 2  1 1 0 0 1,"[0, 1, 3, 4, 18]"
30,4,0,5 2  1 1 1 1 1,"[0, 1, 3, 4, 22]"
30,4,0,5 2  1 1 1 1 1,"[0, 1, 3, 4, 27]"
30,4,0,5 2  1 0 1 0 1,"[0, 1, 3, 5, 6]"
30,4,0,5 2  1 1 0 0 1,"[0, 1, 3, 5, 13]"
30,4,0,5 2  1 0 1 0 1,"[0, 1, 3, 5, 12]"
30,4,0,5 2  1 0 1 0 1,"[0, 1, 3, 5, 18]"
30,4,0,5 2  1 0 1 0 1,"[0, 1, 3, 5, 24]"
30,4,0,5 2  1 1 0 0 1,"[0, 1, 3, 5, 28]"
30,4,0,5 2  1 1 0 0 1,"[0, 1, 3, 6, 10]"
30,4,0,5 2  1 0 1 0 1,"[0, 1, 3, 6, 11]"
30,8,0,9 2  1 0 1 1 0 1 1 1 1,"[0, 1, 3, 6, 17]"
30,4,0,5 2  1 0 1 0 1,"[0, 1, 3, 6, 23]"
30,4,0,5 2  1 1 0 0 1,"[0, 1, 3, 6, 25]"
30,4,0,5 2  1 1 1 1 1,"[0, 1, 3, 7, 9]"
30,4,0,5 2  1 0 1 0 1,"[0, 1, 3, 6, 29]"
30,8,0,9 2  1 1 1 0 1 0 0 0 1,"[0, 1, 3, 7, 14]"
30,4,0,5 2  1 1 1 1 1,"[0, 1, 3, 7, 19]"
30,4,0,5 2  1 1 1 1 1,"[0, 1, 3, 7, 24]"
30,8,0,9 2  1 1 1 0 1 0 0 0 1,"[0, 1, 3, 7, 29]"
30,6,0,7 2  1 1 1 1 0 0 1,"[0, 1, 3, 8, 9]"
30,4,0,5 2  1 1 0 0 1,"[0, 1, 3, 8, 11]"
30,6,0,7 2  1 1 1 1 0 0 1,"[0, 1, 3, 8, 24]"
30,4,0,5 2  1 1 0 0 1,"[0, 1, 3, 8, 26]"
30,4,0,5 2  1 1 1 1 1,"[0, 1, 3, 9, 12]"
30,4,0,5 2  1 1 0 0 1,"[0, 1, 3, 9, 15]"
30,6,0,7 2  1 0 1 1 1 0 1,"[0, 1, 3, 9, 17]"
30,4,0,5 2  1 1 1 1 1,"[0, 1, 3, 9, 22]"
30,6,0,7 2  1 1 1 1 0 0 1,"[0, 1, 3, 9, 23]"
30,4,0,5 2  1 1 1 1 1,"[0, 1, 3, 9, 27]"
30,4,0,5 2  1 0 0 1 1,"[0, 1, 3, 10, 15]"
30,4,0,5 2  1 1 0 0 1,"[0, 1, 3, 10, 21]"
30,4,0,5 2  1 0 0 1 1,"[0, 1, 3, 11, 13]"
30,4,0,5 2  1 0 1 0 1,"[0, 1, 3, 11, 12]"
30,4,0,5 2  1 0 1 0 1,"[0, 1, 3, 11, 18]"
30,4,0,5 2  1 1 0 0 1,"[0, 1, 3, 11, 23]"
30,4,0,5 2  1 0 1 0 1,"[0, 1, 3, 11, 24]"
30,4,0,5 2  1 0 0 1 1,"[0, 1, 3, 11, 28]"
30,6,0,7 2  1 0 1 1 1 0 1,"[0, 1, 3, 12, 14]"
30,4,0,5 2  1 0 0 1 1,"[0, 1, 3, 12, 18]"
30,8,0,9 2  1 1 1 1 0 1 1 0 1,"[0, 1, 3, 12, 17]"
30,4,0,5 2  1 1 1 1 1,"[0, 1, 3, 12, 19]"
30,4,0,5 2  1 0 1 0 1,"[0, 1, 3, 12, 23]"
30,4,0,5 2  1 1 1 1 1,"[0, 1, 3, 12, 24]"
30,8,0,9 2  1 1 0 0 1 0 0 1 1,"[0, 1, 3, 12, 29]"
30,4,0,5 2  1 1 0 0 1,"[0, 1, 3, 13, 20]"
30,4,0,5 2  1 0 0 1 1,"[0, 1, 3, 13, 26]"
30,4,0,5 2  1 1 0 0 1,"[0, 1, 3, 14, 16]"
30,4,0,5 2  1 1 1 1 1,"[0, 1, 3, 14, 17]"
30,8,0,9 2  1 1 1 0 1 0 0 0 1,"[0, 1, 3, 14, 22]"
30,6,0,7 2  1 0 1 1 1 0 1,"[0, 1, 3, 14, 27]"
30,4,0,5 2  1 1 0 0 1,"[0, 1, 3, 15, 24]"
30,4,0,5 2  1 0 0 1 1,"[0, 1, 3, 15, 25]"
30,4,0,5 2  1 0 0 1 1,"[0, 1, 3, 16, 19]"
30,4,0,5 2  1 1 0 0 1,"[0, 1, 3, 16, 29]"
30,4,0,5 2  1 0 1 0 1,"[0, 1, 3, 17, 18]"
30,4,0,5 2  1 1 1 1 1,"[0, 1, 3, 17, 19]"
30,6,0,7 2  1 1 1 1 0 0 1,"[0, 1, 3, 17, 21]"
30,8,0,9 2  1 1 0 0 1 0 0 1 1,"[0, 1, 3, 17, 24]"
30,6,0,7 2  1 0 0 1 1 1 1,"[0, 1, 3, 17, 27]"
30,4,0,5 2  1 1 0 0 1,"[0, 1, 3, 18, 19]"
30,4,0,5 2  1 1 1 1 1,"[0, 1, 3, 17, 29]"
30,4,0,5 2  1 0 1 0 1,"[0, 1, 3, 18, 23]"
30,4,0,5 2  1 0 0 1 1,"[0, 1, 3, 18, 27]"
30,4,0,5 2  1 0 1 0 1,"[0, 1, 3, 18, 29]"
30,4,0,5 2  1 1 1 1 1,"[0, 1, 3, 19, 22]"
30,4,0,5 2  1 1 1 1 1,"[0, 1, 3, 19, 27]"
30,4,0,5 2  1 1 0 0 1,"[0, 1, 3, 20, 28]"
30,4,0,5 2  1 1 0 0 1,"[0, 1, 3, 21, 25]"
30,4,0,5 2  1 1 1 1 1,"[0, 1, 3, 22, 24]"
30,8,0,9 2  1 1 1 0 1 0 0 0 1,"[0, 1, 3, 22, 29]"
30,4,0,5 2  1 1 0 0 1,"[0, 1, 3, 23, 26]"
30,8,0,9 2  1 0 1 1 0 1 1 1 1,"[0, 1, 3, 23, 24]"
30,4,0,5 2  1 1 1 1 1,"[0, 1, 3, 24, 27]"
30,4,0,5 2  1 0 1 0 1,"[0, 1, 3, 24, 29]"
30,4,0,5 2  1 0 0 1 1,"[0, 1, 3, 26, 28]"
30,6,0,7 2  1 0 1 1 1 0 1,"[0, 1, 3, 27, 29]"
30,4,0,5 2  1 0 0 1 1,"[0, 1, 4, 5, 15]"
30,4,0,5 2  1 1 0 0 1,"[0, 1, 4, 5, 20]"
30,4,0,5 2  1 0 0 1 1,"[0, 1, 4, 6, 9]"
30,4,0,5 2  1 1 0 0 1,"[0, 1, 4, 6, 21]"
30,4,0,5 2  1 0 0 1 1,"[0, 1, 4, 6, 24]"
30,8,0,9 2  1 1 0 0 1 0 0 1 1,"[0, 1, 4, 7, 8]"
30,4,0,5 2  1 1 1 1 1,"[0, 1, 4, 7, 13]"
30,6,0,7 2  1 1 1 1 0 0 1,"[0, 1, 4, 7, 11]"
30,4,0,5 2  1 0 1 0 1,"[0, 1, 4, 7, 14]"
30,4,0,5 2  1 1 1 1 1,"[0, 1, 4, 7, 18]"
30,4,0,5 2  1 0 1 0 1,"[0, 1, 4, 7, 20]"
30,4,0,5 2  1 1 0 0 1,"[0, 1, 4, 7, 22]"
30,6,0,7 2  1 0 1 1 1 0 1,"[0, 1, 4, 7, 23]"
30,4,0,5 2  1 1 1 1 1,"[0, 1, 4, 7, 28]"
30,8,0,9 2  1 0 1 1 0 1 1 1 1,"[0, 1, 4, 7, 26]"
30,4,0,5 2  1 1 1 1 1,"[0, 1, 4, 8, 12]"
30,4,0,5 2  1 0 1 0 1,"[0, 1, 4, 8, 13]"
30,4,0,5 2  1 0 1 0 1,"[0, 1, 4, 8, 19]"
30,8,0,9 2  1 1 1 0 1 0 0 0 1,"[0, 1, 4, 8, 17]"
30,4,0,5 2  1 1 0 0 1,"[0, 1, 4, 8, 23]"
30,6,0,7 2  1 0 1 1 1 0 1,"[0, 1, 4, 8, 22]"
30,4,0,5 2  1 0 1 0 1,"[0, 1, 4, 8, 25]"
30,4,0,5 2  1 1 1 1 1,"[0, 1, 4, 8, 27]"
30,4,0,5 2  1 0 0 1 1,"[0, 1, 4, 9, 21]"
30,4,0,5 2  1 1 0 0 1,"[0, 1, 4, 9, 24]"
30,4,0,5 2  1 1 0 0 1,"[0, 1, 4, 10, 25]"
30,4,0,5 2  1 1 0 0 1,"[0, 1, 4, 11, 26]"
30,6,0,7 2  1 1 1 1 0 0 1,"[0, 1, 4, 11, 22]"
30,4,0,5 2  1 1 1 1 1,"[0, 1, 4, 12, 18]"
30,4,0,5 2  1 0 0 1 1,"[0, 1, 4, 12, 19]"
30,4,0,5 2  1 1 1 1 1,"[0, 1, 4, 12, 13]"
30,4,0,5 2  1 1 1 1 1,"[0, 1, 4, 12, 23]"
30,4,0,5 2  1 1 0 0 1,"[0, 1, 4, 12, 27]"
30,4,0,5 2  1 1 1 1 1,"[0, 1, 4, 12, 28]"
30,8,0,9 2  1 0 1 1 0 1 1 1 1,"[0, 1, 4, 13, 14]"
30,6,0,7 2  1 0 1 1 1 0 1,"[0, 1, 4, 13, 17]"
30,4,0,5 2  1 0 1 0 1,"[0, 1, 4, 13, 20]"
30,4,0,5 2  1 1 1 1 1,"[0, 1, 4, 13, 22]"
30,4,0,5 2  1 1 0 0 1,"[0, 1, 4, 13, 28]"
30,4,0,5 2  1 0 1 0 1,"[0, 1, 4, 13, 26]"
30,4,0,5 2  1 1 1 1 1,"[0, 1, 4, 13, 27]"
30,6,0,7 2  1 1 1 1 0 0 1,"[0, 1, 4, 13, 29]"
30,4,0,5 2  1 0 1 0 1,"[0, 1, 4, 14, 19]"
30,4,0,5 2  1 0 1 0 1,"[0, 1, 4, 14, 25]"
30,6,0,7 2  1 1 1 1 0 0 1,"[0, 1, 4, 14, 28]"
30,4,0,5 2  1 1 0 0 1,"[0, 1, 4, 14, 29]"
30,4,0,5 2  1 0 0 1 1,"[0, 1, 4, 15, 20]"
30,4,0,5 2  1 0 0 1 1,"[0, 1, 4, 16, 18]"
30,4,0,5 2  1 1 1 1 1,"[0, 1, 4, 17, 18]"
30,8,0,9 2  1 1 1 0 1 0 0 0 1,"[0, 1, 4, 17, 23]"
30,6,0,7 2  1 0 1 1 1 0 1,"[0, 1, 4, 17, 28]"
30,4,0,5 2  1 1 1 1 1,"[0, 1, 4, 18, 22]"
30,4,0,5 2  1 1 1 1 1,"[0, 1, 4, 18, 27]"
30,4,0,5 2  1 0 1 0 1,"[0, 1, 4, 19, 20]"
30,4,0,5 2  1 0 0 1 1,"[0, 1, 4, 19, 27]"
30,4,0,5 2  1 0 1 0 1,"[0, 1, 4, 19, 26]"
30,4,0,5 2  1 0 1 0 1,"[0, 1, 4, 20, 25]"
30,4,0,5 2  1 0 0 1 1,"[0, 1, 4, 21, 24]"
30,6,0,7 2  1 0 1 1 1 0 1,"[0, 1, 4, 22, 23]"
30,6,0,7 2  1 1 1 1 0 0 1,"[0, 1, 4, 22, 26]"
30,4,0,5 2  1 1 1 1 1,"[0, 1, 4, 22, 28]"
30,4,0,5 2  1 1 1 1 1,"[0, 1, 4, 23, 27]"
30,4,0,5 2  1 0 1 0 1,"[0, 1, 4, 25, 26]"
30,4,0,5 2  1 0 0 1 1,"[0, 1, 5, 6, 7]"
30,6,0,7 2  1 1 1 1 0 0 1,"[0, 1, 4, 28, 29]"
30,4,0,5 2  1 1 1 1 1,"[0, 1, 4, 27, 28]"
30,4,0,5 2  1 0 1 0 1,"[0, 1, 5, 6, 9]"
30,4,0,5 2  1 1 0 0 1,"[0, 1, 5, 6, 14]"
30,4,0,5 2  1 0 1 0 1,"[0, 1, 5, 6, 15]"
30,4,0,5 2  1 0 1 0 1,"[0, 1, 5, 6, 21]"
30,4,0,5 2  1 0 0 1 1,"[0, 1, 5, 6, 22]"
30,4,0,5 2  1 0 1 0 1,"[0, 1, 5, 6, 27]"
30,4,0,5 2  1 1 0 0 1,"[0, 1, 5, 6, 29]"
30,4,0,5 2  1 1 0 0 1,"[0, 1, 5, 7, 11]"
30,4,0,5 2  1 0 0 1 1,"[0, 1, 5, 7, 21]"
30,4,0,5 2  1 1 0 0 1,"[0, 1, 5, 7, 26]"
30,4,0,5 2  1 0 0 1 1,"[0, 1, 5, 8, 13]"
30,4,0,5 2  1 0 0 1 1,"[0, 1, 5, 8, 28]"
30,4,0,5 2  1 0 0 1 1,"[0, 1, 5, 9, 11]"
30,8,0,9 2  1 1 1 1 0 1 1 0 1,"[0, 1, 5, 9, 12]"
30,4,0,5 2  1 0 1 0 1,"[0, 1, 5, 9, 18]"
30,4,0,5 2  1 0 1 0 1,"[0, 1, 5, 9, 24]"
30,4,0,5 2  1 0 0 1 1,"[0, 1, 5, 9, 26]"
30,6,0,7 2  1 0 0 1 1 1 1,"[0, 1, 5, 9, 27]"
30,10,0,11 2  1 0 0 0 0 1 0 0 0 0 1,"[0, 1, 5, 10, 16]"
30,4,0,5 2  1 0 0 1 1,"[0, 1, 5, 11, 24]"
30,4,0,5 2  1 1 0 0 1,"[0, 1, 5, 11, 22]"
30,4,0,5 2  1 0 1 0 1,"[0, 1, 5, 12, 15]"
30,4,0,5 2  1 0 1 0 1,"[0, 1, 5, 12, 21]"
30,4,0,5 2  1 0 0 1 1,"[0, 1, 5, 12, 20]"
30,6,0,7 2  1 0 0 1 1 1 1,"[0, 1, 5, 12, 24]"
30,4,0,5 2  1 0 1 0 1,"[0, 1, 5, 12, 27]"
30,4,0,5 2  1 1 0 0 1,"[0, 1, 5, 13, 18]"
30,4,0,5 2  1 0 0 1 1,"[0, 1, 5, 13, 23]"
30,6,0,7 2  1 1 1 1 0 0 1,"[0, 1, 5, 14, 17]"
30,4,0,5 2  1 1 0 0 1,"[0, 1, 5, 14, 21]"
30,4,0,5 2  1 0 1 0 1,"[0, 1, 5, 15, 18]"
30,4,0,5 2  1 1 0 0 1,"[0, 1, 5, 15, 17]"
30,4,0,5 2  1 0 0 1 1,"[0, 1, 5, 15, 19]"
30,4,0,5 2  1 0 1 0 1,"[0, 1, 5, 15, 24]"
30,10,0,11 2  1 0 0 0 0 1 0 0 0 0 1,"[0, 1, 5, 16, 25]"
30,4,0,5 2  1 0 1 0 1,"[0, 1, 5, 18, 21]"
30,6,0,7 2  1 1 1 1 0 0 1,"[0, 1, 5, 17, 29]"
30,4,0,5 2  1 1 0 0 1,"[0, 1, 5, 18, 28]"
30,4,0,5 2  1 0 1 0 1,"[0, 1, 5, 18, 27]"
30,4,0,5 2  1 1 0 0 1,"[0, 1, 5, 19, 20]"
30,4,0,5 2  1 0 0 1 1,"[0, 1, 5, 20, 27]"
30,4,0,5 2  1 0 0 1 1,"[0, 1, 5, 21, 22]"
30,4,0,5 2  1 0 1 0 1,"[0, 1, 5, 21, 24]"
30,4,0,5 2  1 1 0 0 1,"[0, 1, 5, 21, 29]"
30,4,0,5 2  1 1 0 0 1,"[0, 1, 5, 22, 26]"
30,4,0,5 2  1 0 0 1 1,"[0, 1, 5, 23, 28]"
30,8,0,9 2  1 1 1 1 0 1 1 0 1,"[0, 1, 5, 24, 27]"
30,4,0,5 2  1 0 0 1 1,"[0, 1, 5, 24, 26]"
30,4,0,5 2  1 1 0 0 1,"[0, 1, 6, 7, 17]"
30,4,0,5 2  1 0 0 1 1,"[0, 1, 6, 7, 20]"
30,6,0,7 2  1 0 0 1 1 1 1,"[0, 1, 6, 8, 9]"
30,4,0,5 2  1 0 0 1 1,"[0, 1, 6, 8, 16]"
30,6,0,7 2  1 0 0 1 1 1 1,"[0, 1, 6, 8, 24]"
30,4,0,5 2  1 0 1 0 1,"[0, 1, 6, 9, 11]"
30,4,0,5 2  1 0 1 0 1,"[0, 1, 6, 9, 17]"
30,4,0,5 2  1 0 0 1 1,"[0, 1, 6, 9, 19]"
30,8,0,9 2  1 1 1 1 0 1 1 0 1,"[0, 1, 6, 9, 23]"
30,4,0,5 2  1 0 1 0 1,"[0, 1, 6, 9, 29]"
30,4,0,5 2  1 0 0 1 1,"[0, 1, 6, 10, 13]"
30,4,0,5 2  1 1 0 0 1,"[0, 1, 6, 10, 18]"
30,4,0,5 2  1 0 0 1 1,"[0, 1, 6, 10, 28]"
30,12,0,13 2  1 1 1 0 0 1 1 1 0 0 1 1 1,"[0, 1, 6, 11, 15]"
30,4,0,5 2  1 0 1 0 1,"[0, 1, 6, 11, 21]"
30,4,0,5 2  1 0 1 0 1,"[0, 1, 6, 11, 27]"
30,4,0,5 2  1 0 0 1 1,"[0, 1, 6, 12, 21]"
30,4,0,5 2  1 1 0 0 1,"[0, 1, 6, 13, 16]"
30,4,0,5 2  1 0 0 1 1,"[0, 1, 6, 13, 25]"
30,4,0,5 2  1 1 0 0 1,"[0, 1, 6, 14, 20]"
30,4,0,5 2  1 0 1 0 1,"[0, 1, 6, 15, 17]"
30,4,0,5 2  1 0 1 0 1,"[0, 1, 6, 15, 23]"
30,4,0,5 2  1 0 1 0 1,"[0, 1, 6, 15, 29]"
30,10,0,11 2  1 0 0 0 0 1 0 0 0 0 1,"[0, 1, 6, 15, 26]"
30,4,0,5 2  1 0 0 1 1,"[0, 1, 6, 16, 23]"
30,4,0,5 2  1 1 0 0 1,"[0, 1, 6, 16, 28]"
30,6,0,7 2  1 1 1 1 0 0 1,"[0, 1, 6, 17, 18]"
30,4,0,5 2  1 0 1 0 1,"[0, 1, 6, 17, 21]"
30,4,0,5 2  1 1 0 0 1,"[0, 1, 6, 17, 22]"
30,4,0,5 2  1 0 1 0 1,"[0, 1, 6, 17, 27]"
30,4,0,5 2  1 1 0 0 1,"[0, 1, 6, 18, 25]"
30,4,0,5 2  1 0 0 1 1,"[0, 1, 6, 19, 24]"
30,4,0,5 2  1 1 0 0 1,"[0, 1, 6, 19, 21]"
30,4,0,5 2  1 0 0 1 1,"[0, 1, 6, 20, 22]"
30,4,0,5 2  1 1 0 0 1,"[0, 1, 6, 20, 29]"
30,4,0,5 2  1 0 1 0 1,"[0, 1, 6, 21, 23]"
30,4,0,5 2  1 0 0 1 1,"[0, 1, 6, 21, 27]"
30,4,0,5 2  1 0 1 0 1,"[0, 1, 6, 21, 29]"
30,4,0,5 2  1 0 1 0 1,"[0, 1, 6, 23, 27]"
30,6,0,7 2  1 0 0 1 1 1 1,"[0, 1, 6, 23, 24]"
30,4,0,5 2  1 0 0 1 1,"[0, 1, 6, 25, 28]"
30,4,0,5 2  1 1 1 1 1,"[0, 1, 7, 8, 9]"
30,4,0,5 2  1 0 1 0 1,"[0, 1, 6, 27, 29]"
30,4,0,5 2  1 1 1 1 1,"[0, 1, 7, 8, 14]"
30,8,0,9 2  1 0 1 1 0 1 1 1 1,"[0, 1, 7, 8, 10]"
30,6,0,7 2  1 0 0 1 1 1 1,"[0, 1, 7, 8, 13]"
30,4,0,5 2  1 0 1 0 1,"[0, 1, 7, 8, 16]"
30,4,0,5 2  1 0 1 0 1,"[0, 1, 7, 8, 22]"
30,6,0,7 2  1 0 1 1 1 0 1,"[0, 1, 7, 8, 19]"
30,4,0,5 2  1 1 1 1 1,"[0, 1, 7, 8, 24]"
30,6,0,7 2  1 1 1 1 0 0 1,"[0, 1, 7, 8, 25]"
30,4,0,5 2  1 1 1 1 1,"[0, 1, 7, 8, 29]"
30,4,0,5 2  1 1 1 1 1,"[0, 1, 7, 9, 13]"
30,8,0,9 2  1 1 1 1 0 1 1 0 1,"[0, 1, 7, 8, 28]"
30,4,0,5 2  1 1 0 0 1,"[0, 1, 7, 9, 16]"
30,4,0,5 2  1 0 0 1 1,"[0, 1, 7, 9, 15]"
30,4,0,5 2  1 1 1 1 1,"[0, 1, 7, 9, 18]"
30,4,0,5 2  1 1 1 1 1,"[0, 1, 7, 9, 23]"
30,4,0,5 2  1 1 1 1 1,"[0, 1, 7, 9, 28]"
30,4,0,5 2  1 1 0 0 1,"[0, 1, 7, 10, 12]"
30,4,0,5 2  1 0 1 0 1,"[0, 1, 7, 10, 14]"
30,4,0,5 2  1 0 1 0 1,"[0, 1, 7, 10, 20]"
30,6,0,7 2  1 1 1 1 0 0 1,"[0, 1, 7, 10, 23]"
30,4,0,5 2  1 0 1 0 1,"[0, 1, 7, 10, 26]"
30,4,0,5 2  1 1 0 0 1,"[0, 1, 7, 10, 27]"
30,4,0,5 2  1 1 0 0 1,"[0, 1, 7, 11, 20]"
30,6,0,7 2  1 1 1 1 0 0 1,"[0, 1, 7, 11, 19]"
30,4,0,5 2  1 0 0 1 1,"[0, 1, 7, 12, 22]"
30,4,0,5 2  1 1 0 0 1,"[0, 1, 7, 12, 25]"
30,6,0,7 2  1 0 1 1 1 0 1,"[0, 1, 7, 13, 14]"
30,4,0,5 2  1 0 0 1 1,"[0, 1, 7, 13, 16]"
30,4,0,5 2  1 1 1 1 1,"[0, 1, 7, 13, 19]"
30,4,0,5 2  1 1 1 1 1,"[0, 1, 7, 13, 24]"
30,6,0,7 2  1 0 0 1 1 1 1,"[0, 1, 7, 13, 23]"
30,4,0,5 2  1 1 0 0 1,"[0, 1, 7, 14, 15]"
30,4,0,5 2  1 0 1 0 1,"[0, 1, 7, 14, 16]"
30,6,0,7 2  1 0 1 1 1 0 1,"[0, 1, 7, 13, 29]"
30,8,0,9 2  1 1 1 0 1 0 0 0 1,"[0, 1, 7, 14, 18]"
30,4,0,5 2  1 0 1 0 1,"[0, 1, 7, 14, 22]"
30,4,0,5 2  1 1 1 1 1,"[0, 1, 7, 14, 23]"
30,8,0,9 2  1 1 0 0 1 0 0 1 1,"[0, 1, 7, 14, 28]"
30,4,0,5 2  1 0 0 1 1,"[0, 1, 7, 15, 24]"
30,4,0,5 2  1 1 0 0 1,"[0, 1, 7, 15, 29]"
30,4,0,5 2  1 0 1 0 1,"[0, 1, 7, 16, 20]"
30,4,0,5 2  1 1 0 0 1,"[0, 1, 7, 16, 24]"
30,4,0,5 2  1 0 1 0 1,"[0, 1, 7, 16, 26]"
30,4,0,5 2  1 1 0 0 1,"[0, 1, 7, 17, 21]"
30,4,0,5 2  1 1 1 1 1,"[0, 1, 7, 18, 19]"
30,4,0,5 2  1 1 1 1 1,"[0, 1, 7, 18, 24]"
30,8,0,9 2  1 1 1 0 1 0 0 0 1,"[0, 1, 7, 18, 29]"
30,4,0,5 2  1 1 0 0 1,"[0, 1, 7, 19, 22]"
30,6,0,7 2  1 0 1 1 1 0 1,"[0, 1, 7, 19, 23]"
30,6,0,7 2  1 1 1 1 0 0 1,"[0, 1, 7, 19, 26]"
30,4,0,5 2  1 1 1 1 1,"[0, 1, 7, 19, 28]"
30,4,0,5 2  1 0 1 0 1,"[0, 1, 7, 20, 22]"
30,4,0,5 2  1 0 0 1 1,"[0, 1, 7, 20, 21]"
30,4,0,5 2  1 1 0 0 1,"[0, 1, 7, 20, 26]"
30,4,0,5 2  1 0 1 0 1,"[0, 1, 7, 20, 28]"
30,4,0,5 2  1 0 0 1 1,"[0, 1, 7, 22, 27]"
30,4,0,5 2  1 0 1 0 1,"[0, 1, 7, 22, 26]"
30,4,0,5 2  1 1 1 1 1,"[0, 1, 7, 23, 24]"
30,6,0,7 2  1 1 1 1 0 0 1,"[0, 1, 7, 23, 25]"
30,4,0,5 2  1 0 0 1 1,"[0, 1, 7, 16, 28]"
30,6,0,7 2  1 0 0 1 1 1 1,"[0, 1, 7, 23, 28]"
30,4,0,5 2  1 1 1 1 1,"[0, 1, 7, 23, 29]"
30,4,0,5 2  1 1 1 1 1,"[0, 1, 7, 24, 28]"
30,4,0,5 2  1 1 0 0 1,"[0, 1, 7, 25, 27]"
30,4,0,5 2  1 0 1 0 1,"[0, 1, 7, 26, 28]"
30,6,0,7 2  1 0 1 1 1 0 1,"[0, 1, 7, 28, 29]"
30,6,0,7 2  1 0 1 1 1 0 1,"[0, 1, 8, 9, 12]"
30,6,0,7 2  1 1 1 1 0 0 1,"[0, 1, 8, 9, 18]"
30,6,0,7 2  1 0 0 1 1 1 1,"[0, 1, 8, 9, 21]"
30,4,0,5 2  1 1 1 1 1,"[0, 1, 8, 9, 22]"
30,6,0,7 2  1 0 1 1 1 0 1,"[0, 1, 8, 9, 27]"
30,4,0,5 2  1 0 1 0 1,"[0, 1, 8, 10, 13]"
30,4,0,5 2  1 1 0 0 1,"[0, 1, 8, 10, 15]"
30,4,0,5 2  1 0 1 0 1,"[0, 1, 8, 10, 19]"
30,4,0,5 2  1 1 1 1 1,"[0, 1, 8, 9, 17]"
30,6,0,7 2  1 1 1 1 0 0 1,"[0, 1, 8, 10, 22]"
30,4,0,5 2  1 0 1 0 1,"[0, 1, 8, 10, 25]"
30,4,0,5 2  1 1 0 0 1,"[0, 1, 8, 11, 18]"
30,8,0,9 2  1 0 0 0 1 0 1 1 1,"[0, 1, 8, 12, 14]"
30,4,0,5 2  1 1 1 1 1,"[0, 1, 8, 12, 19]"
30,4,0,5 2  1 0 0 1 1,"[0, 1, 8, 12, 23]"
30,6,0,7 2  1 0 1 1 1 0 1,"[0, 1, 8, 12, 24]"
30,8,0,9 2  1 0 0 0 1 0 1 1 1,"[0, 1, 8, 12, 29]"
30,4,0,5 2  1 0 1 0 1,"[0, 1, 8, 13, 16]"
30,4,0,5 2  1 0 0 1 1,"[0, 1, 8, 13, 20]"
30,8,0,9 2  1 1 1 1 0 1 1 0 1,"[0, 1, 8, 13, 22]"
30,4,0,5 2  1 0 1 0 1,"[0, 1, 8, 13, 28]"
30,4,0,5 2  1 0 0 1 1,"[0, 1, 8, 14, 15]"
30,6,0,7 2  1 0 1 1 1 0 1,"[0, 1, 8, 14, 17]"
30,4,0,5 2  1 1 1 1 1,"[0, 1, 8, 14, 22]"
30,8,0,9 2  1 0 0 0 1 0 1 1 1,"[0, 1, 8, 14, 27]"
30,4,0,5 2  1 1 0 0 1,"[0, 1, 8, 15, 25]"
30,4,0,5 2  1 1 0 0 1,"[0, 1, 8, 16, 17]"
30,4,0,5 2  1 0 0 1 1,"[0, 1, 8, 15, 29]"
30,4,0,5 2  1 0 1 0 1,"[0, 1, 8, 16, 19]"
30,4,0,5 2  1 0 0 1 1,"[0, 1, 8, 16, 21]"
30,4,0,5 2  1 0 1 0 1,"[0, 1, 8, 16, 25]"
30,8,0,9 2  1 1 1 0 1 0 0 0 1,"[0, 1, 8, 17, 19]"
30,4,0,5 2  1 1 1 1 1,"[0, 1, 8, 17, 24]"
30,6,0,7 2  1 0 1 1 1 0 1,"[0, 1, 8, 17, 29]"
30,6,0,7 2  1 1 1 1 0 0 1,"[0, 1, 8, 18, 24]"
30,4,0,5 2  1 1 0 0 1,"[0, 1, 8, 18, 26]"
30,4,0,5 2  1 1 0 0 1,"[0, 1, 8, 19, 23]"
30,8,0,9 2  1 1 0 0 1 0 0 1 1,"[0, 1, 8, 19, 22]"
30,4,0,5 2  1 0 1 0 1,"[0, 1, 8, 19, 28]"
30,4,0,5 2  1 1 1 1 1,"[0, 1, 8, 19, 27]"
30,4,0,5 2  1 0 0 1 1,"[0, 1, 8, 20, 28]"
30,6,0,7 2  1 0 0 1 1 1 1,"[0, 1, 8, 21, 24]"
30,4,0,5 2  1 1 1 1 1,"[0, 1, 8, 22, 24]"
30,6,0,7 2  1 0 0 1 1 1 1,"[0, 1, 8, 22, 28]"
30,8,0,9 2  1 0 1 1 0 1 1 1 1,"[0, 1, 8, 22, 25]"
30,4,0,5 2  1 1 1 1 1,"[0, 1, 8, 22, 29]"
30,4,0,5 2  1 0 0 1 1,"[0, 1, 8, 23, 27]"
30,6,0,7 2  1 0 1 1 1 0 1,"[0, 1, 8, 24, 27]"
30,4,0,5 2  1 0 1 0 1,"[0, 1, 8, 25, 28]"
30,4,0,5 2  1 1 0 0 1,"[0, 1, 9, 10, 11]"
30,4,0,5 2  1 0 0 1 1,"[0, 1, 9, 10, 14]"
30,8,0,9 2  1 0 0 0 1 0 1 1 1,"[0, 1, 8, 27, 29]"
30,4,0,5 2  1 1 0 0 1,"[0, 1, 9, 10, 26]"
30,4,0,5 2  1 0 1 0 1,"[0, 1, 9, 11, 12]"
30,4,0,5 2  1 0 0 1 1,"[0, 1, 9, 10, 29]"
30,4,0,5 2  1 0 1 0 1,"[0, 1, 9, 11, 18]"
30,4,0,5 2  1 0 0 1 1,"[0, 1, 9, 11, 20]"
30,4,0,5 2  1 0 1 0 1,"[0, 1, 9, 11, 24]"
30,4,0,5 2  1 1 0 0 1,"[0, 1, 9, 11, 25]"
30,4,0,5 2  1 1 1 1 1,"[0, 1, 9, 12, 18]"
30,4,0,5 2  1 0 1 0 1,"[0, 1, 9, 12, 17]"
30,6,0,7 2  1 0 0 1 1 1 1,"[0, 1, 9, 12, 20]"
30,4,0,5 2  1 1 1 1 1,"[0, 1, 9, 12, 13]"
30,4,0,5 2  1 0 0 1 1,"[0, 1, 9, 12, 24]"
30,8,0,9 2  1 1 0 0 1 0 0 1 1,"[0, 1, 9, 12, 23]"
30,4,0,5 2  1 1 1 1 1,"[0, 1, 9, 12, 28]"
30,8,0,9 2  1 0 0 0 1 0 1 1 1,"[0, 1, 9, 13, 17]"
30,4,0,5 2  1 1 1 1 1,"[0, 1, 9, 13, 22]"
30,4,0,5 2  1 1 1 1 1,"[0, 1, 9, 13, 27]"
30,4,0,5 2  1 0 0 1 1,"[0, 1, 9, 14, 25]"
30,4,0,5 2  1 1 0 0 1,"[0, 1, 9, 15, 18]"
30,4,0,5 2  1 0 0 1 1,"[0, 1, 9, 15, 22]"
30,4,0,5 2  1 0 0 1 1,"[0, 1, 9, 16, 17]"
30,4,0,5 2  1 1 0 0 1,"[0, 1, 9, 16, 22]"
30,8,0,9 2  1 1 0 0 1 0 0 1 1,"[0, 1, 9, 17, 18]"
30,4,0,5 2  1 1 1 1 1,"[0, 1, 9, 17, 23]"
30,8,0,9 2  1 0 0 0 1 0 1 1 1,"[0, 1, 9, 17, 28]"
30,4,0,5 2  1 1 1 1 1,"[0, 1, 9, 18, 22]"
30,8,0,9 2  1 0 1 1 0 1 1 1 1,"[0, 1, 9, 18, 23]"
30,4,0,5 2  1 1 1 1 1,"[0, 1, 9, 18, 27]"
30,4,0,5 2  1 0 0 1 1,"[0, 1, 9, 19, 21]"
30,4,0,5 2  1 1 0 0 1,"[0, 1, 9, 19, 24]"
30,6,0,7 2  1 0 0 1 1 1 1,"[0, 1, 9, 20, 27]"
30,4,0,5 2  1 0 0 1 1,"[0, 1, 9, 20, 26]"
30,6,0,7 2  1 0 0 1 1 1 1,"[0, 1, 9, 21, 23]"
30,4,0,5 2  1 1 1 1 1,"[0, 1, 9, 22, 23]"
30,4,0,5 2  1 1 1 1 1,"[0, 1, 9, 22, 28]"
30,6,0,7 2  1 0 1 1 1 0 1,"[0, 1, 9, 23, 27]"
30,4,0,5 2  1 0 0 1 1,"[0, 1, 9, 24, 27]"
30,4,0,5 2  1 1 0 0 1,"[0, 1, 9, 25, 26]"
30,4,0,5 2  1 0 0 1 1,"[0, 1, 9, 25, 29]"
30,4,0,5 2  1 1 1 1 1,"[0, 1, 9, 27, 28]"
30,4,0,5 2  1 0 0 1 1,"[0, 1, 10, 11, 17]"
30,4,0,5 2  1 1 0 0 1,"[0, 1, 10, 11, 24]"
30,4,0,5 2  1 1 0 0 1,"[0, 1, 10, 12, 22]"
30,4,0,5 2  1 0 0 1 1,"[0, 1, 10, 12, 25]"
30,8,0,9 2  1 1 1 1 0 1 1 0 1,"[0, 1, 10, 13, 14]"
30,4,0,5 2  1 0 0 1 1,"[0, 1, 10, 13, 21]"
30,6,0,7 2  1 0 0 1 1 1 1,"[0, 1, 10, 13, 29]"
30,4,0,5 2  1 0 0 1 1,"[0, 1, 10, 14, 24]"
30,6,0,7 2  1 0 0 1 1 1 1,"[0, 1, 10, 14, 28]"
30,4,0,5 2  1 0 0 1 1,"[0, 1, 10, 15, 18]"
30,4,0,5 2  1 1 0 0 1,"[0, 1, 10, 15, 23]"
30,10,0,11 2  1 0 0 0 0 1 0 0 0 0 1,"[0, 1, 10, 16, 20]"
30,4,0,5 2  1 0 0 1 1,"[0, 1, 10, 17, 26]"
30,4,0,5 2  1 1 0 0 1,"[0, 1, 10, 18, 21]"
30,4,0,5 2  1 1 0 0 1,"[0, 1, 10, 19, 25]"
30,6,0,7 2  1 1 1 1 0 0 1,"[0, 1, 10, 22, 23]"
30,4,0,5 2  1 1 0 0 1,"[0, 1, 10, 22, 27]"
30,6,0,7 2  1 0 1 1 1 0 1,"[0, 1, 2, 3, 9]"
30,4,0,5 2  1 0 0 1 1,"[0, 1, 10, 24, 29]"
30,4,0,5 2  1 1 0 0 1,"[0, 1, 10, 24, 26]"
30,4,0,5 2  1 0 0 1 1,"[0, 1, 10, 25, 27]"
30,4,0,5 2  1 1 0 0 1,"[0, 1, 11, 12, 16]"
30,4,0,5 2  1 0 0 1 1,"[0, 1, 11, 12, 26]"
30,4,0,5 2  1 0 0 1 1,"[0, 1, 11, 13, 18]"
30,4,0,5 2  1 0 0 1 1,"[0, 1, 11, 14, 16]"
30,6,0,7 2  1 0 0 1 1 1 1,"[0, 1, 11, 14, 17]"
30,10,0,11 2  1 0 0 0 0 1 0 0 0 0 1,"[0, 1, 11, 15, 21]"
30,4,0,5 2  1 1 0 0 1,"[0, 1, 11, 16, 27]"
30,4,0,5 2  1 0 0 1 1,"[0, 1, 11, 16, 29]"
30,4,0,5 2  1 0 0 1 1,"[0, 1, 11, 17, 25]"
30,6,0,7 2  1 0 0 1 1 1 1,"[0, 1, 11, 17, 29]"
30,4,0,5 2  1 1 0 0 1,"[0, 1, 11, 18, 23]"
30,4,0,5 2  1 0 0 1 1,"[0, 1, 11, 18, 28]"
30,4,0,5 2  1 0 0 1 1,"[0, 1, 10, 21, 28]"
30,6,0,7 2  1 0 0 1 1 1 1,"[0, 1, 10, 28, 29]"
30,6,0,7 2  1 1 1 1 0 0 1,"[0, 1, 11, 19, 22]"
30,4,0,5 2  1 1 0 0 1,"[0, 1, 11, 19, 26]"
30,4,0,5 2  1 1 0 0 1,"[0, 1, 11, 20, 22]"
30,4,0,5 2  1 0 0 1 1,"[0, 1, 11, 20, 24]"
30,4,0,5 2  1 1 0 0 1,"[0, 1, 11, 24, 25]"
30,4,0,5 2  1 0 0 1 1,"[0, 1, 11, 26, 27]"
30,4,0,5 2  1 1 1 1 1,"[0, 1, 12, 13, 14]"
30,4,0,5 2  1 1 0 0 1,"[0, 1, 12, 13, 15]"
30,4,0,5 2  1 1 1 1 1,"[0, 1, 12, 13, 19]"
30,4,0,5 2  1 1 1 1 1,"[0, 1, 12, 13, 24]"
30,4,0,5 2  1 1 1 1 1,"[0, 1, 12, 13, 29]"
30,6,0,7 2  1 0 1 1 1 0 1,"[0, 1, 12, 14, 18]"
30,4,0,5 2  1 1 1 1 1,"[0, 1, 12, 14, 28]"
30,8,0,9 2  1 0 0 0 1 0 1 1 1,"[0, 1, 12, 14, 23]"
30,4,0,5 2  1 0 0 1 1,"[0, 1, 12, 14, 29]"
30,4,0,5 2  1 1 0 0 1,"[0, 1, 12, 15, 28]"
30,4,0,5 2  1 1 0 0 1,"[0, 1, 12, 16, 26]"
30,6,0,7 2  1 0 0 1 1 1 1,"[0, 1, 12, 17, 18]"
30,4,0,5 2  1 1 1 1 1,"[0, 1, 12, 18, 19]"
30,4,0,5 2  1 1 1 1 1,"[0, 1, 12, 18, 24]"
30,6,0,7 2  1 0 1 1 1 0 1,"[0, 1, 12, 18, 29]"
30,4,0,5 2  1 1 1 1 1,"[0, 1, 12, 19, 23]"
30,4,0,5 2  1 1 1 1 1,"[0, 1, 12, 19, 28]"
30,6,0,7 2  1 0 0 1 1 1 1,"[0, 1, 12, 20, 24]"
30,4,0,5 2  1 0 0 1 1,"[0, 1, 12, 13, 28]"
30,6,0,7 2  1 0 1 1 1 0 1,"[0, 1, 12, 23, 24]"
30,8,0,9 2  1 0 0 0 1 0 1 1 1,"[0, 1, 12, 23, 29]"
30,4,0,5 2  1 1 1 1 1,"[0, 1, 12, 24, 28]"
30,4,0,5 2  1 1 1 1 1,"[0, 1, 12, 28, 29]"
30,4,0,5 2  1 1 1 1 1,"[0, 1, 13, 14, 17]"
30,6,0,7 2  1 1 1 1 0 0 1,"[0, 1, 13, 14, 19]"
30,6,0,7 2  1 0 0 1 1 1 1,"[0, 1, 13, 14, 25]"
30,8,0,9 2  1 1 0 0 1 0 0 1 1,"[0, 1, 13, 14, 22]"
30,6,0,7 2  1 0 1 1 1 0 1,"[0, 1, 13, 17, 19]"
30,8,0,9 2  1 0 0 0 1 0 1 1 1,"[0, 1, 13, 17, 24]"
30,6,0,7 2  1 0 0 1 1 1 1,"[0, 1, 13, 22, 23]"
30,6,0,7 2  1 0 1 1 1 0 1,"[0, 1, 13, 22, 29]"
30,6,0,7 2  1 0 0 1 1 1 1,"[0, 1, 13, 25, 29]"
30,6,0,7 2  1 1 1 1 0 0 1,"[0, 1, 14, 17, 20]"
30,6,0,7 2  1 0 1 1 1 0 1,"[0, 1, 14, 17, 23]"
30,6,0,7 2  1 0 0 1 1 1 1,"[0, 1, 14, 17, 26]"
30,8,0,9 2  1 1 1 0 1 0 0 0 1,"[0, 1, 14, 18, 22]"
30,6,0,7 2  1 0 1 1 1 0 1,"[0, 1, 14, 18, 27]"
30,8,0,9 2  1 0 1 1 0 1 1 1 1,"[0, 1, 14, 19, 28]"
30,6,0,7 2  1 1 1 1 0 0 1,"[0, 1, 13, 19, 29]"
30,8,0,9 2  1 0 0 0 1 0 1 1 1,"[0, 1, 14, 23, 27]"
30,8,0,9 2  1 1 1 1 0 1 1 0 1,"[0, 1, 14, 25, 28]"
30,10,0,11 2  1 0 0 0 0 1 0 0 0 0 1,"[0, 1, 15, 21, 26]"
30,6,0,7 2  1 0 1 1 1 0 1,"[0, 1, 14, 22, 28]"
30,12,0,13 2  1 1 1 0 0 1 1 1 0 0 1 1 1,"[0, 1, 16, 20, 25]"
30,8,0,9 2  1 0 1 1 0 1 1 1 1,"[0, 1, 17, 18, 21]"
30,6,0,7 2  1 0 1 1 1 0 1,"[0, 1, 17, 18, 24]"
30,8,0,9 2  1 1 1 1 0 1 1 0 1,"[0, 1, 17, 18, 27]"
30,8,0,9 2  1 1 1 0 1 0 0 0 1,"[0, 1, 17, 19, 23]"
30,6,0,7 2  1 0 1 1 1 0 1,"[0, 1, 17, 19, 28]"
30,6,0,7 2  1 1 1 1 0 0 1,"[0, 1, 17, 20, 29]"
30,6,0,7 2  1 0 1 1 1 0 1,"[0, 1, 17, 23, 29]"
30,8,0,9 2  1 0 0 0 1 0 1 1 1,"[0, 1, 17, 24, 28]"
30,6,0,7 2  1 0 0 1 1 1 1,"[0, 1, 17, 26, 29]"
30,8,0,9 2  1 1 1 0 1 0 0 0 1,"[0, 1, 18, 22, 29]"
30,6,0,7 2  1 1 1 1 0 0 1,"[0, 1, 18, 23, 24]"
30,8,0,9 2  1 1 0 0 1 0 0 1 1,"[0, 1, 18, 27, 29]"
30,6,0,7 2  1 0 1 1 1 0 1,"[0, 1, 19, 22, 23]"
30,6,0,7 2  1 1 1 1 0 0 1,"[0, 1, 19, 28, 29]"
30,6,0,7 2  1 0 0 1 1 1 1,"[0, 1, 20, 24, 27]"
30,8,0,9 2  1 1 1 1 0 1 1 0 1,"[0, 1, 21, 23, 24]"
30,6,0,7 2  1 1 1 1 0 0 1,"[0, 1, 22, 23, 25]"
30,6,0,7 2  1 0 0 1 1 1 1,"[0, 1, 22, 23, 28]"
30,8,0,9 2  1 1 0 0 1 0 0 1 1,"[0, 1, 23, 24, 27]"
30,6,0,7 2  1 0 1 1 1 0 1,"[0, 1, 22, 28, 29]"
30,8,0,9 2  1 0 0 0 1 0 1 1 1,"[0, 1, 23, 27, 29]"
30,6,0,7 2  1 0 0 1 1 1 1,"[0, 1, 25, 28, 29]"
30,6,0,7 2  1 0 1 1 1 0 1,"[0, 2, 3, 4, 6]"
30,8,0,9 2  1 0 0 0 1 0 1 1 1,"[0, 2, 3, 4, 11]"
30,8,0,9 2  1 0 1 1 0 1 1 1 1,"[0, 1, 19, 22, 26]"
30,8,0,9 2  1 1 0 0 1 0 0 1 1,"[0, 2, 3, 4, 21]"
30,8,0,9 2  1 0 0 0 1 0 1 1 1,"[0, 2, 3, 4, 26]"
30,6,0,7 2  1 0 1 1 1 0 1,"[0, 2, 3, 6, 19]"
30,6,0,7 2  1 1 1 1 0 0 1,"[0, 2, 3, 6, 16]"
30,8,0,9 2  1 1 1 1 0 1 1 0 1,"[0, 2, 3, 9, 10]"
30,8,0,9 2  1 1 0 0 1 0 0 1 1,"[0, 2, 3, 9, 16]"
30,6,0,7 2  1 0 0 1 1 1 1,"[0, 2, 3, 9, 25]"
30,6,0,7 2  1 0 0 1 1 1 1,"[0, 2, 3, 10, 24]"
30,8,0,9 2  1 0 0 0 1 0 1 1 1,"[0, 2, 3, 11, 19]"
30,6,0,7 2  1 0 0 1 1 1 1,"[0, 2, 3, 12, 16]"
30,8,0,9 2  1 0 1 1 0 1 1 1 1,"[0, 2, 3, 16, 21]"
30,6,0,7 2  1 0 1 1 1 0 1,"[0, 2, 3, 16, 24]"
30,8,0,9 2  1 1 1 1 0 1 1 0 1,"[0, 2, 3, 16, 27]"
30,6,0,7 2  1 0 1 1 1 0 1,"[0, 2, 3, 19, 21]"
30,8,0,9 2  1 0 0 0 1 0 1 1 1,"[0, 2, 3, 19, 26]"
30,6,0,7 2  1 0 0 1 1 1 1,"[0, 2, 3, 24, 25]"
30,8,0,9 2  1 0 1 0 1 0 1 0 1,"[0, 2, 4, 6, 8]"
30,6,0,7 2  1 0 0 1 1 1 1,"[0, 2, 4, 6, 9]"
30,12,0,13 2  1 0 1 0 1 0 1 0 0 0 0 0 1,"[0, 2, 4, 6, 12]"
30,12,0,13 2  1 0 0 0 1 0 1 0 1 0 0 0 1,"[0, 2, 4, 6, 18]"
30,6,0,7 2  1 1 1 1 0 0 1,"[0, 2, 4, 6, 27]"
30,12,0,13 2  1 0 0 0 0 0 1 0 1 0 1 0 1,"[0, 2, 4, 6, 24]"
30,8,0,9 2  1 0 1 0 1 0 1 0 1,"[0, 2, 4, 6, 28]"
30,8,0,9 2  1 1 1 1 0 1 1 0 1,"[0, 2, 4, 7, 13]"
30,6,0,7 2  1 0 0 1 1 1 1,"[0, 2, 4, 7, 28]"
30,6,0,7 2  1 0 1 1 1 0 1,"[0, 2, 4, 8, 11]"
30,16,0,17 2  1 0 1 0 1 0 0 0 1 0 0 0 0 0 0 0 1,"[0, 2, 4, 8, 16]"
30,12,0,13 2  1 0 0 0 1 0 1 0 1 0 0 0 1,"[0, 2, 4, 8, 26]"
30,8,0,9 2  1 1 1 1 0 1 1 0 1,"[0, 2, 4, 9, 21]"
30,6,0,7 2  1 1 1 1 0 0 1,"[0, 2, 4, 10, 13]"
30,12,0,13 2  1 0 1 0 1 0 1 0 0 0 0 0 1,"[0, 2, 4, 10, 28]"
30,8,0,9 2  1 0 0 0 1 0 1 1 1,"[0, 2, 4, 11, 18]"
30,8,0,9 2  1 1 0 0 1 0 0 1 1,"[0, 2, 4, 11, 23]"
30,8,0,9 2  1 0 1 0 0 0 0 0 1,"[0, 2, 4, 12, 14]"
30,6,0,7 2  1 1 1 1 0 0 1,"[0, 2, 4, 12, 21]"
30,6,0,7 2  1 0 1 1 1 0 1,"[0, 2, 4, 13, 16]"
30,6,0,7 2  1 0 0 1 1 1 1,"[0, 2, 4, 13, 22]"
30,8,0,9 2  1 0 1 1 0 1 1 1 1,"[0, 2, 4, 13, 25]"
30,8,0,9 2  1 0 1 0 1 0 1 0 1,"[0, 2, 4, 16, 18]"
30,8,0,9 2  1 1 1 0 1 0 0 0 1,"[0, 2, 4, 16, 23]"
30,12,0,13 2  1 0 0 0 1 0 1 0 1 0 0 0 1,"[0, 2, 4, 16, 28]"
30,6,0,7 2  1 0 1 1 1 0 1,"[0, 2, 4, 18, 21]"
30,16,0,17 2  1 0 0 0 0 0 0 0 1 0 0 0 1 0 1 0 1,"[0, 2, 4, 18, 26]"
30,6,0,7 2  1 0 0 1 1 1 1,"[0, 2, 4, 21, 24]"
30,8,0,9 2  1 0 1 1 0 1 1 1 1,"[0, 2, 4, 21, 27]"
30,8,0,9 2  1 0 0 0 0 0 1 0 1,"[0, 2, 4, 20, 22]"
30,12,0,13 2  1 0 0 0 0 0 1 0 1 0 1 0 1,"[0, 2, 4, 22, 28]"
30,6,0,7 2  1 0 1 1 1 0 1,"[0, 2, 4, 23, 26]"
30,6,0,7 2  1 1 1 1 0 0 1,"[0, 2, 4, 25, 28]"
30,8,0,9 2  1 0 1 0 1 0 1 0 1,"[0, 2, 4, 26, 28]"
30,12,0,13 2  1 1 1 0 0 1 1 1 0 0 1 1 1,"[0, 2, 5, 10, 17]"
30,6,0,7 2  1 0 0 1 1 1 1,"[0, 2, 5, 11, 13]"
30,8,0,9 2  1 1 1 1 0 1 1 0 1,"[0, 2, 5, 11, 28]"
30,6,0,7 2  1 0 0 1 1 1 1,"[0, 2, 5, 13, 26]"
30,6,0,7 2  1 1 1 1 0 0 1,"[0, 2, 5, 14, 16]"
30,8,0,9 2  1 0 1 1 0 1 1 1 1,"[0, 2, 5, 16, 29]"
30,10,0,11 2  1 0 0 0 0 1 0 0 0 0 1,"[0, 2, 5, 17, 25]"
30,6,0,7 2  1 0 0 1 1 1 1,"[0, 2, 5, 26, 28]"
30,8,0,9 2  1 0 1 0 1 0 1 0 1,"[0, 2, 6, 8, 14]"
30,8,0,9 2  1 0 1 0 1 0 1 0 1,"[0, 2, 6, 8, 24]"
30,6,0,7 2  1 0 1 1 1 0 1,"[0, 2, 6, 9, 13]"
30,6,0,7 2  1 0 0 1 1 1 1,"[0, 2, 6, 9, 19]"
30,6,0,7 2  1 0 1 1 1 0 1,"[0, 2, 6, 9, 28]"
30,8,0,9 2  1 0 1 0 0 0 0 0 1,"[0, 2, 6, 10, 26]"
30,8,0,9 2  1 0 1 0 0 0 0 0 1,"[0, 2, 6, 12, 20]"
30,6,0,7 2  1 1 1 1 0 0 1,"[0, 2, 6, 12, 19]"
30,8,0,9 2  1 1 1 0 1 0 0 0 1,"[0, 2, 6, 13, 14]"
30,6,0,7 2  1 0 1 1 1 0 1,"[0, 2, 6, 13, 24]"
30,8,0,9 2  1 1 1 0 1 0 0 0 1,"[0, 2, 6, 13, 29]"
30,8,0,9 2  1 0 1 0 1 0 1 0 1,"[0, 2, 6, 14, 18]"
30,16,0,17 2  1 0 1 0 1 0 0 0 1 0 0 0 0 0 0 0 1,"[0, 2, 6, 14, 28]"
30,12,0,13 2  1 0 1 0 1 0 1 0 0 0 0 0 1,"[0, 2, 6, 16, 18]"
30,8,0,9 2  1 0 1 0 0 0 0 0 1,"[0, 2, 6, 16, 22]"
30,6,0,7 2  1 0 1 1 1 0 1,"[0, 2, 6, 18, 19]"
30,8,0,9 2  1 0 1 0 1 0 1 0 1,"[0, 2, 6, 18, 24]"
30,6,0,7 2  1 0 0 1 1 1 1,"[0, 2, 6, 19, 24]"
30,6,0,7 2  1 1 1 1 0 0 1,"[0, 2, 6, 19, 27]"
30,12,0,13 2  1 0 0 0 1 0 1 0 1 0 0 0 1,"[0, 2, 6, 24, 28]"
30,6,0,7 2  1 1 1 1 0 0 1,"[0, 2, 7, 8, 14]"
30,6,0,7 2  1 1 1 1 0 0 1,"[0, 2, 7, 8, 29]"
30,8,0,9 2  1 1 1 0 1 0 0 0 1,"[0, 2, 6, 28, 29]"
30,10,0,11 2  1 0 0 0 0 1 0 0 0 0 1,"[0, 2, 7, 12, 15]"
30,6,0,7 2  1 0 0 1 1 1 1,"[0, 2, 7, 13, 19]"
30,6,0,7 2  1 1 1 1 0 0 1,"[0, 2, 7, 14, 23]"
30,8,0,9 2  1 0 0 0 0 0 1 0 1,"[0, 2, 6, 22, 26]"
30,10,0,11 2  1 0 0 0 0 1 0 0 0 0 1,"[0, 2, 7, 15, 27]"
30,8,0,9 2  1 1 1 1 0 1 1 0 1,"[0, 2, 7, 19, 28]"
30,6,0,7 2  1 1 1 1 0 0 1,"[0, 2, 7, 23, 29]"
30,6,0,7 2  1 1 1 1 0 0 1,"[0, 2, 8, 11, 13]"
30,6,0,7 2  1 1 1 1 0 0 1,"[0, 2, 8, 11, 28]"
30,8,0,9 2  1 0 0 0 0 0 1 0 1,"[0, 2, 8, 12, 18]"
30,6,0,7 2  1 1 1 1 0 0 1,"[0, 2, 8, 13, 26]"
30,12,0,13 2  1 0 0 0 1 0 1 0 1 0 0 0 1,"[0, 2, 8, 14, 16]"
30,12,0,13 2  1 0 1 0 1 0 1 0 0 0 0 0 1,"[0, 2, 8, 14, 22]"
30,6,0,7 2  1 0 1 1 1 0 1,"[0, 2, 8, 11, 19]"
30,8,0,9 2  1 1 1 0 1 0 0 0 1,"[0, 2, 8, 16, 19]"
30,8,0,9 2  1 0 1 0 1 0 1 0 1,"[0, 2, 8, 16, 24]"
30,6,0,7 2  1 0 1 1 1 0 1,"[0, 2, 8, 16, 29]"
30,6,0,7 2  1 0 1 1 1 0 1,"[0, 2, 8, 19, 26]"
30,6,0,7 2  1 1 1 1 0 0 1,"[0, 2, 8, 22, 29]"
30,8,0,9 2  1 0 1 0 1 0 1 0 1,"[0, 2, 8, 24, 26]"
30,12,0,13 2  1 0 1 0 1 0 1 0 0 0 0 0 1,"[0, 2, 8, 26, 28]"
30,6,0,7 2  1 0 0 1 1 1 1,"[0, 2, 9, 10, 18]"
30,6,0,7 2  1 0 1 1 1 0 1,"[0, 2, 9, 13, 21]"
30,8,0,9 2  1 0 1 0 1 0 1 0 1,"[0, 2, 8, 14, 26]"
30,6,0,7 2  1 0 1 1 1 0 1,"[0, 2, 9, 16, 18]"
30,8,0,9 2  1 0 0 0 1 0 1 1 1,"[0, 2, 9, 16, 28]"
30,6,0,7 2  1 0 0 1 1 1 1,"[0, 2, 9, 18, 25]"
30,6,0,7 2  1 0 0 1 1 1 1,"[0, 2, 9, 19, 21]"
30,8,0,9 2  1 1 0 0 1 0 0 1 1,"[0, 2, 9, 21, 28]"
30,8,0,9 2  1 0 0 0 1 0 1 1 1,"[0, 2, 9, 13, 16]"
30,8,0,9 2  1 0 0 0 0 0 1 0 1,"[0, 2, 10, 12, 14]"
30,8,0,9 2  1 0 1 0 0 0 0 0 1,"[0, 2, 10, 12, 28]"
30,8,0,9 2  1 0 1 1 0 1 1 1 1,"[0, 2, 10, 13, 19]"
30,8,0,9 2  1 0 1 0 0 0 0 0 1,"[0, 2, 10, 14, 22]"
30,8,0,9 2  1 0 0 0 0 0 1 0 1,"[0, 2, 10, 16, 26]"
30,10,0,11 2  1 0 0 0 0 1 0 0 0 0 1,"[0, 2, 10, 17, 20]"
30,8,0,9 2  1 0 0 0 0 0 1 0 1,"[0, 2, 10, 18, 22]"
30,6,0,7 2  1 1 1 1 0 0 1,"[0, 2, 10, 19, 28]"
30,6,0,7 2  1 0 1 1 1 0 1,"[0, 2, 11, 13, 14]"
30,6,0,7 2  1 0 0 1 1 1 1,"[0, 2, 11, 13, 20]"
30,6,0,7 2  1 0 0 1 1 1 1,"[0, 2, 11, 14, 16]"
30,6,0,7 2  1 0 1 1 1 0 1,"[0, 2, 11, 13, 29]"
30,6,0,7 2  1 1 1 1 0 0 1,"[0, 2, 11, 13, 23]"
30,6,0,7 2  1 0 1 1 1 0 1,"[0, 2, 11, 14, 28]"
30,8,0,9 2  1 1 1 1 0 1 1 0 1,"[0, 2, 11, 16, 29]"
30,8,0,9 2  1 0 0 0 1 0 1 1 1,"[0, 2, 11, 18, 19]"
30,6,0,7 2  1 0 1 1 1 0 1,"[0, 2, 11, 19, 23]"
30,6,0,7 2  1 0 0 1 1 1 1,"[0, 2, 11, 20, 28]"
30,8,0,9 2  1 0 1 1 0 1 1 1 1,"[0, 2, 11, 23, 28]"
30,8,0,9 2  1 1 0 0 1 0 0 1 1,"[0, 2, 11, 28, 29]"
30,10,0,11 2  1 0 0 0 0 1 0 0 0 0 1,"[0, 2, 12, 15, 22]"
30,12,0,13 2  1 0 0 0 0 0 1 0 1 0 1 0 1,"[0, 2, 12, 16, 18]"
30,12,0,13 2  1 0 0 0 0 0 1 0 1 0 1 0 1,"[0, 2, 10, 18, 24]"
30,6,0,7 2  1 1 1 1 0 0 1,"[0, 2, 12, 19, 21]"
30,8,0,9 2  1 0 0 0 0 0 1 0 1,"[0, 2, 12, 20, 26]"
30,8,0,9 2  1 1 1 0 1 0 0 0 1,"[0, 2, 13, 14, 21]"
30,6,0,7 2  1 0 1 1 1 0 1,"[0, 2, 13, 14, 26]"
30,8,0,9 2  1 1 0 0 1 0 0 1 1,"[0, 2, 13, 16, 19]"
30,8,0,9 2  1 0 0 0 1 0 1 1 1,"[0, 2, 13, 16, 24]"
30,8,0,9 2  1 1 1 1 0 1 1 0 1,"[0, 2, 13, 19, 22]"
30,6,0,7 2  1 1 1 1 0 0 1,"[0, 2, 13, 19, 25]"
30,6,0,7 2  1 0 0 1 1 1 1,"[0, 2, 13, 20, 26]"
30,6,0,7 2  1 0 1 1 1 0 1,"[0, 2, 13, 21, 24]"
30,8,0,9 2  1 1 1 0 1 0 0 0 1,"[0, 2, 13, 21, 29]"
30,6,0,7 2  1 1 1 1 0 0 1,"[0, 2, 13, 23, 26]"
30,8,0,9 2  1 0 1 0 1 0 1 0 1,"[0, 2, 14, 16, 18]"
30,12,0,13 2  1 0 1 0 1 0 1 0 0 0 0 0 1,"[0, 2, 14, 16, 20]"
30,6,0,7 2  1 0 1 1 1 0 1,"[0, 2, 14, 16, 23]"
30,12,0,13 2  1 0 0 0 0 0 1 0 1 0 1 0 1,"[0, 2, 14, 16, 26]"
30,8,0,9 2  1 0 1 0 1 0 1 0 1,"[0, 2, 14, 16, 28]"
30,8,0,9 2  1 0 1 0 1 0 1 0 1,"[0, 2, 14, 18, 26]"
30,8,0,9 2  1 0 1 0 0 0 0 0 1,"[0, 2, 14, 20, 24]"
30,8,0,9 2  1 1 1 0 1 0 0 0 1,"[0, 2, 14, 21, 28]"
30,6,0,7 2  1 1 1 1 0 0 1,"[0, 2, 14, 22, 23]"
30,12,0,13 2  1 0 0 0 1 0 1 0 1 0 0 0 1,"[0, 2, 14, 26, 28]"
30,6,0,7 2  1 0 1 1 1 0 1,"[0, 2, 13, 26, 29]"
30,12,0,13 2  1 1 1 0 0 1 1 1 0 0 1 1 1,"[0, 2, 15, 22, 27]"
30,6,0,7 2  1 1 1 1 0 0 1,"[0, 2, 16, 18, 21]"
30,12,0,13 2  1 0 0 0 1 0 1 0 1 0 0 0 1,"[0, 2, 16, 18, 24]"
30,6,0,7 2  1 0 0 1 1 1 1,"[0, 2, 16, 18, 27]"
30,8,0,9 2  1 1 1 0 1 0 0 0 1,"[0, 2, 16, 19, 23]"
30,6,0,7 2  1 0 1 1 1 0 1,"[0, 2, 16, 19, 28]"
30,6,0,7 2  1 1 1 1 0 0 1,"[0, 2, 16, 20, 29]"
30,8,0,9 2  1 1 0 0 1 0 0 1 1,"[0, 2, 16, 23, 29]"
30,16,0,17 2  1 0 0 0 0 0 0 0 1 0 0 0 1 0 1 0 1,"[0, 2, 16, 24, 28]"
30,6,0,7 2  1 0 0 1 1 1 1,"[0, 2, 16, 26, 29]"
30,10,0,11 2  1 0 0 0 0 1 0 0 0 0 1,"[0, 2, 17, 20, 25]"
30,6,0,7 2  1 0 1 1 1 0 1,"[0, 2, 18, 19, 21]"
30,8,0,9 2  1 0 1 0 0 0 0 0 1,"[0, 2, 18, 20, 22]"
30,8,0,9 2  1 0 0 0 1 0 1 1 1,"[0, 2, 18, 19, 26]"
30,8,0,9 2  1 0 0 0 0 0 1 0 1,"[0, 2, 18, 20, 28]"
30,8,0,9 2  1 0 1 0 1 0 1 0 1,"[0, 2, 18, 24, 26]"
30,6,0,7 2  1 0 0 1 1 1 1,"[0, 2, 18, 24, 25]"
30,6,0,7 2  1 0 0 1 1 1 1,"[0, 2, 19, 21, 24]"
30,6,0,7 2  1 1 1 1 0 0 1,"[0, 2, 19, 21, 27]"
30,6,0,7 2  1 0 0 1 1 1 1,"[0, 2, 19, 22, 28]"
30,6,0,7 2  1 0 1 1 1 0 1,"[0, 2, 19, 23, 26]"
30,8,0,9 2  1 0 1 1 0 1 1 1 1,"[0, 2, 19, 25, 28]"
30,12,0,13 2  1 0 0 0 0 0 1 0 1 0 1 0 1,"[0, 2, 20, 26, 28]"
30,6,0,7 2  1 0 1 1 1 0 1,"[0, 2, 21, 24, 28]"
30,8,0,9 2  1 1 1 0 1 0 0 0 1,"[0, 2, 21, 28, 29]"
30,8,0,9 2  1 0 1 1 0 1 1 1 1,"[0, 2, 22, 23, 29]"
30,6,0,7 2  1 1 1 1 0 0 1,"[0, 2, 23, 26, 28]"
30,8,0,9 2  1 0 1 0 1 0 1 0 1,"[0, 2, 24, 26, 28]"
30,6,0,7 2  1 0 0 1 1 1 1,"[0, 3, 4, 5, 6]"
30,6,0,7 2  1 0 1 1 1 0 1,"[0, 2, 26, 28, 29]"
30,6,0,7 2  1 0 0 1 1 1 1,"[0, 3, 4, 5, 21]"
30,6,0,7 2  1 0 1 1 1 0 1,"[0, 3, 4, 6, 17]"
30,6,0,7 2  1 0 0 1 1 1 1,"[0, 3, 4, 6, 20]"
30,6,0,7 2  1 0 0 1 1 1 1,"[0, 3, 4, 8, 12]"
30,8,0,9 2  1 1 1 1 0 1 1 0 1,"[0, 3, 4, 8, 27]"
30,6,0,7 2  1 0 1 1 1 0 1,"[0, 3, 4, 11, 12]"
30,8,0,9 2  1 0 0 0 1 0 1 1 1,"[0, 3, 4, 11, 17]"
30,6,0,7 2  1 0 1 1 1 0 1,"[0, 3, 4, 11, 27]"
30,6,0,7 2  1 0 0 1 1 1 1,"[0, 3, 4, 12, 23]"
30,6,0,7 2  1 0 1 1 1 0 1,"[0, 3, 4, 12, 26]"
30,6,0,7 2  1 0 1 1 1 0 1,"[0, 3, 4, 17, 21]"
30,8,0,9 2  1 0 0 0 1 0 1 1 1,"[0, 3, 4, 17, 26]"
30,8,0,9 2  1 1 1 1 0 1 1 0 1,"[0, 3, 4, 20, 21]"
30,6,0,7 2  1 0 0 1 1 1 1,"[0, 3, 4, 23, 27]"
30,8,0,9 2  1 1 0 0 1 0 0 1 1,"[0, 3, 4, 26, 27]"
30,8,0,9 2  1 1 1 1 0 1 1 0 1,"[0, 3, 5, 6, 19]"
30,6,0,7 2  1 1 1 1 0 0 1,"[0, 3, 5, 7, 9]"
30,8,0,9 2  1 0 1 1 0 1 1 1 1,"[0, 3, 5, 7, 24]"
30,6,0,7 2  1 1 1 1 0 0 1,"[0, 3, 5, 9, 22]"
30,10,0,11 2  1 0 0 0 0 1 0 0 0 0 1,"[0, 3, 5, 10, 18]"
30,12,0,13 2  1 1 1 0 0 1 1 1 0 0 1 1 1,"[0, 3, 5, 18, 25]"
30,6,0,7 2  1 0 0 1 1 1 1,"[0, 3, 5, 19, 21]"
30,6,0,7 2  1 1 1 1 0 0 1,"[0, 3, 5, 22, 24]"
30,6,0,7 2  1 0 1 1 1 0 1,"[0, 3, 6, 7, 14]"
30,8,0,9 2  1 1 1 1 0 1 1 0 1,"[0, 3, 6, 7, 11]"
30,6,0,7 2  1 0 0 1 1 1 1,"[0, 3, 6, 7, 26]"
30,8,0,9 2  1 1 0 0 1 0 0 1 1,"[0, 3, 6, 7, 29]"
30,12,0,13 2  1 0 0 1 0 0 1 0 0 1 0 0 1,"[0, 3, 6, 9, 12]"
30,12,0,13 2  1 0 0 1 0 0 1 0 0 1 0 0 1,"[0, 3, 6, 9, 27]"
30,6,0,7 2  1 1 1 1 0 0 1,"[0, 3, 6, 10, 14]"
30,6,0,7 2  1 1 1 1 0 0 1,"[0, 3, 6, 10, 29]"
30,6,0,7 2  1 0 0 1 1 1 1,"[0, 3, 6, 11, 22]"
30,12,0,13 2  1 0 0 1 0 0 1 0 0 1 0 0 1,"[0, 3, 6, 12, 24]"
30,6,0,7 2  1 0 1 1 1 0 1,"[0, 3, 6, 14, 22]"
30,6,0,7 2  1 1 1 1 0 0 1,"[0, 3, 6, 14, 25]"
30,6,0,7 2  1 1 1 1 0 0 1,"[0, 3, 6, 16, 17]"
30,8,0,9 2  1 1 0 0 1 0 0 1 1,"[0, 3, 6, 17, 19]"
30,6,0,7 2  1 0 0 1 1 1 1,"[0, 3, 6, 19, 20]"
30,6,0,7 2  1 0 0 1 1 1 1,"[0, 3, 6, 22, 26]"
30,6,0,7 2  1 0 1 1 1 0 1,"[0, 3, 6, 22, 29]"
30,12,0,13 2  1 0 0 1 0 0 1 0 0 1 0 0 1,"[0, 3, 6, 24, 27]"
30,8,0,9 2  1 0 1 1 0 1 1 1 1,"[0, 3, 6, 25, 29]"
30,6,0,7 2  1 0 1 1 1 0 1,"[0, 3, 7, 9, 11]"
30,6,0,7 2  1 1 1 1 0 0 1,"[0, 3, 7, 9, 20]"
30,6,0,7 2  1 0 1 1 1 0 1,"[0, 3, 7, 9, 26]"
30,8,0,9 2  1 0 1 1 0 1 1 1 1,"[0, 3, 7, 11, 12]"
30,6,0,7 2  1 0 0 1 1 1 1,"[0, 3, 7, 11, 21]"
30,6,0,7 2  1 1 1 1 0 0 1,"[0, 3, 7, 11, 27]"
30,8,0,9 2  1 1 0 0 1 0 0 1 1,"[0, 3, 7, 11, 24]"
30,6,0,7 2  1 1 1 1 0 0 1,"[0, 3, 7, 12, 26]"
30,8,0,9 2  1 1 1 0 1 0 0 0 1,"[0, 3, 7, 14, 16]"
30,6,0,7 2  1 0 1 1 1 0 1,"[0, 3, 7, 14, 21]"
30,8,0,9 2  1 1 1 0 1 0 0 0 1,"[0, 3, 7, 16, 29]"
30,6,0,7 2  1 1 1 1 0 0 1,"[0, 3, 7, 20, 24]"
30,6,0,7 2  1 0 0 1 1 1 1,"[0, 3, 7, 21, 26]"
30,6,0,7 2  1 0 1 1 1 0 1,"[0, 3, 7, 21, 29]"
30,6,0,7 2  1 0 1 1 1 0 1,"[0, 3, 7, 24, 26]"
30,6,0,7 2  1 1 1 1 0 0 1,"[0, 3, 7, 26, 27]"
30,8,0,9 2  1 0 1 1 0 1 1 1 1,"[0, 3, 8, 9, 16]"
30,6,0,7 2  1 0 0 1 1 1 1,"[0, 3, 8, 12, 19]"
30,10,0,11 2  1 0 0 0 0 1 0 0 0 0 1,"[0, 3, 8, 13, 15]"
30,12,0,13 2  1 1 1 0 0 1 1 1 0 0 1 1 1,"[0, 3, 8, 15, 28]"
30,6,0,7 2  1 1 1 1 0 0 1,"[0, 3, 8, 16, 24]"
30,6,0,7 2  1 0 0 1 1 1 1,"[0, 3, 8, 19, 27]"
30,6,0,7 2  1 0 0 1 1 1 1,"[0, 3, 9, 10, 17]"
30,6,0,7 2  1 0 0 1 1 1 1,"[0, 3, 9, 11, 13]"
30,6,0,7 2  1 0 1 1 1 0 1,"[0, 3, 9, 11, 22]"
30,6,0,7 2  1 0 0 1 1 1 1,"[0, 3, 9, 11, 28]"
30,12,0,13 2  1 0 0 1 0 0 1 0 0 1 0 0 1,"[0, 3, 9, 12, 21]"
30,6,0,7 2  1 0 1 1 1 0 1,"[0, 3, 9, 16, 17]"
30,6,0,7 2  1 1 1 1 0 0 1,"[0, 3, 9, 16, 23]"
30,6,0,7 2  1 0 0 1 1 1 1,"[0, 3, 9, 17, 25]"
30,6,0,7 2  1 0 0 1 1 1 1,"[0, 3, 9, 13, 26]"
30,8,0,9 2  1 0 1 1 0 1 1 1 1,"[0, 3, 9, 20, 22]"
30,12,0,13 2  1 0 0 1 0 0 1 0 0 1 0 0 1,"[0, 3, 9, 21, 27]"
30,8,0,9 2  1 1 0 0 1 0 0 1 1,"[0, 3, 9, 22, 26]"
30,8,0,9 2  1 1 1 1 0 1 1 0 1,"[0, 3, 9, 26, 28]"
30,8,0,9 2  1 0 1 1 0 1 1 1 1,"[0, 3, 10, 14, 21]"
30,6,0,7 2  1 0 0 1 1 1 1,"[0, 3, 10, 17, 24]"
30,10,0,11 2  1 0 0 0 0 1 0 0 0 0 1,"[0, 3, 10, 18, 20]"
30,6,0,7 2  1 1 1 1 0 0 1,"[0, 3, 10, 21, 29]"
30,8,0,9 2  1 1 0 0 1 0 0 1 1,"[0, 3, 11, 12, 19]"
30,6,0,7 2  1 1 1 1 0 0 1,"[0, 3, 11, 12, 22]"
30,8,0,9 2  1 1 1 1 0 1 1 0 1,"[0, 3, 11, 13, 24]"
30,8,0,9 2  1 0 0 0 1 0 1 1 1,"[0, 3, 11, 17, 19]"
30,6,0,7 2  1 0 1 1 1 0 1,"[0, 3, 11, 19, 27]"
30,6,0,7 2  1 0 0 1 1 1 1,"[0, 3, 11, 21, 22]"
30,6,0,7 2  1 0 1 1 1 0 1,"[0, 3, 11, 22, 24]"
30,6,0,7 2  1 0 0 1 1 1 1,"[0, 3, 11, 24, 28]"
30,6,0,7 2  1 1 1 1 0 0 1,"[0, 3, 11, 22, 27]"
30,6,0,7 2  1 1 1 1 0 0 1,"[0, 3, 12, 13, 14]"
30,8,0,9 2  1 0 1 1 0 1 1 1 1,"[0, 3, 12, 13, 29]"
30,6,0,7 2  1 0 1 1 1 0 1,"[0, 3, 12, 14, 16]"
30,6,0,7 2  1 0 0 1 1 1 1,"[0, 3, 12, 16, 17]"
30,6,0,7 2  1 0 1 1 1 0 1,"[0, 3, 12, 16, 29]"
30,8,0,9 2  1 1 1 1 0 1 1 0 1,"[0, 3, 12, 19, 23]"
30,6,0,7 2  1 0 1 1 1 0 1,"[0, 3, 12, 19, 26]"
30,6,0,7 2  1 1 1 1 0 0 1,"[0, 3, 12, 14, 28]"
30,12,0,13 2  1 0 0 1 0 0 1 0 0 1 0 0 1,"[0, 3, 12, 21, 24]"
30,6,0,7 2  1 1 1 1 0 0 1,"[0, 3, 12, 22, 26]"
30,6,0,7 2  1 1 1 1 0 0 1,"[0, 3, 12, 28, 29]"
30,6,0,7 2  1 1 1 1 0 0 1,"[0, 3, 13, 14, 27]"
30,10,0,11 2  1 0 0 0 0 1 0 0 0 0 1,"[0, 3, 13, 15, 23]"
30,6,0,7 2  1 0 0 1 1 1 1,"[0, 3, 13, 24, 26]"
30,6,0,7 2  1 1 1 1 0 0 1,"[0, 3, 13, 27, 29]"
30,8,0,9 2  1 1 1 0 1 0 0 0 1,"[0, 3, 14, 16, 22]"
30,8,0,9 2  1 1 0 0 1 0 0 1 1,"[0, 3, 14, 16, 27]"
30,8,0,9 2  1 1 0 0 1 0 0 1 1,"[0, 3, 14, 21, 22]"
30,6,0,7 2  1 1 1 1 0 0 1,"[0, 3, 14, 21, 25]"
30,8,0,9 2  1 0 1 1 0 1 1 1 1,"[0, 3, 14, 27, 28]"
30,10,0,11 2  1 0 0 0 0 1 0 0 0 0 1,"[0, 3, 15, 23, 28]"
30,6,0,7 2  1 0 1 1 1 0 1,"[0, 3, 16, 17, 24]"
30,6,0,7 2  1 1 1 1 0 0 1,"[0, 3, 16, 17, 21]"
30,6,0,7 2  1 0 0 1 1 1 1,"[0, 3, 16, 17, 27]"
30,8,0,9 2  1 1 1 0 1 0 0 0 1,"[0, 3, 16, 22, 29]"
30,6,0,7 2  1 1 1 1 0 0 1,"[0, 3, 16, 23, 24]"
30,6,0,7 2  1 0 1 1 1 0 1,"[0, 3, 16, 27, 29]"
30,6,0,7 2  1 0 1 1 1 0 1,"[0, 3, 17, 19, 21]"
30,8,0,9 2  1 0 0 0 1 0 1 1 1,"[0, 3, 17, 19, 26]"
30,8,0,9 2  1 1 1 1 0 1 1 0 1,"[0, 3, 17, 24, 25]"
30,10,0,11 2  1 0 0 0 0 1 0 0 0 0 1,"[0, 3, 18, 20, 25]"
30,6,0,7 2  1 0 0 1 1 1 1,"[0, 3, 19, 20, 21]"
30,6,0,7 2  1 0 0 1 1 1 1,"[0, 3, 19, 23, 27]"
30,6,0,7 2  1 0 1 1 1 0 1,"[0, 3, 19, 26, 27]"
30,6,0,7 2  1 1 1 1 0 0 1,"[0, 3, 20, 22, 24]"
30,8,0,9 2  1 1 1 1 0 1 1 0 1,"[0, 3, 21, 22, 26]"
30,6,0,7 2  1 0 1 1 1 0 1,"[0, 3, 21, 22, 29]"
30,12,0,13 2  1 0 0 1 0 0 1 0 0 1 0 0 1,"[0, 3, 21, 24, 27]"
30,6,0,7 2  1 1 1 1 0 0 1,"[0, 3, 21, 25, 29]"
30,6,0,7 2  1 0 1 1 1 0 1,"[0, 3, 22, 24, 26]"
30,8,0,9 2  1 0 1 1 0 1 1 1 1,"[0, 3, 22, 26, 27]"
30,6,0,7 2  1 0 0 1 1 1 1,"[0, 3, 24, 26, 28]"
30,6,0,7 2  1 1 1 1 0 0 1,"[0, 3, 27, 28, 29]"
30,6,0,7 2  1 0 0 1 1 1 1,"[0, 4, 5, 6, 18]"
30,8,0,9 2  1 0 1 1 0 1 1 1 1,"[0, 4, 5, 8, 11]"
30,6,0,7 2  1 1 1 1 0 0 1,"[0, 4, 5, 8, 26]"
30,10,0,11 2  1 0 0 0 0 1 0 0 0 0 1,"[0, 4, 5, 10, 19]"
30,6,0,7 2  1 1 1 1 0 0 1,"[0, 4, 5, 11, 23]"
30,6,0,7 2  1 0 0 1 1 1 1,"[0, 4, 5, 18, 21]"
30,10,0,11 2  1 0 0 0 0 1 0 0 0 0 1,"[0, 4, 5, 19, 25]"
30,8,0,9 2  1 0 1 1 0 1 1 1 1,"[0, 4, 5, 23, 26]"
30,8,0,9 2  1 0 0 0 1 0 1 1 1,"[0, 4, 6, 7, 8]"
30,8,0,9 2  1 0 0 0 1 0 1 1 1,"[0, 4, 6, 7, 23]"
30,12,0,13 2  1 0 0 0 1 0 1 0 1 0 0 0 1,"[0, 4, 6, 8, 12]"
30,16,0,17 2  1 0 0 0 0 0 0 0 1 0 0 0 1 0 1 0 1,"[0, 4, 6, 8, 22]"
30,6,0,7 2  1 0 0 1 1 1 1,"[0, 4, 6, 9, 17]"
30,8,0,9 2  1 0 1 0 0 0 0 0 1,"[0, 4, 6, 10, 14]"
30,8,0,9 2  1 0 0 0 0 0 1 0 1,"[0, 4, 6, 10, 26]"
30,6,0,7 2  1 1 1 1 0 0 1,"[0, 4, 6, 12, 17]"
30,8,0,9 2  1 0 1 0 1 0 1 0 1,"[0, 4, 6, 12, 18]"
30,8,0,9 2  1 0 1 0 1 0 1 0 1,"[0, 4, 6, 12, 28]"
30,8,0,9 2  1 0 0 0 0 0 1 0 1,"[0, 4, 6, 14, 20]"
30,8,0,9 2  1 0 0 0 0 0 1 0 1,"[0, 4, 6, 16, 24]"
30,6,0,7 2  1 0 0 1 1 1 1,"[0, 4, 6, 17, 24]"
30,6,0,7 2  1 1 1 1 0 0 1,"[0, 4, 6, 17, 27]"
30,12,0,13 2  1 0 0 0 0 0 1 0 1 0 1 0 1,"[0, 4, 6, 18, 20]"
30,8,0,9 2  1 0 0 0 1 0 1 1 1,"[0, 4, 6, 22, 23]"
30,8,0,9 2  1 0 1 0 1 0 1 0 1,"[0, 4, 6, 22, 28]"
30,8,0,9 2  1 0 0 0 1 0 1 1 1,"[0, 4, 7, 8, 21]"
30,8,0,9 2  1 0 1 0 1 0 1 0 1,"[0, 4, 6, 18, 22]"
30,6,0,7 2  1 0 0 1 1 1 1,"[0, 4, 7, 10, 11]"
30,6,0,7 2  1 0 0 1 1 1 1,"[0, 4, 7, 10, 26]"
30,6,0,7 2  1 1 1 1 0 0 1,"[0, 4, 7, 11, 16]"
30,6,0,7 2  1 0 0 1 1 1 1,"[0, 4, 7, 11, 25]"
30,8,0,9 2  1 1 0 0 1 0 0 1 1,"[0, 4, 7, 13, 26]"
30,8,0,9 2  1 0 0 0 1 0 1 1 1,"[0, 4, 7, 21, 23]"
30,8,0,9 2  1 1 1 1 0 1 1 0 1,"[0, 4, 7, 25, 26]"
30,6,0,7 2  1 1 1 1 0 0 1,"[0, 4, 8, 9, 12]"
30,6,0,7 2  1 1 1 1 0 0 1,"[0, 4, 7, 16, 26]"
30,8,0,9 2  1 0 1 1 0 1 1 1 1,"[0, 4, 8, 9, 27]"
30,8,0,9 2  1 0 0 0 0 0 1 0 1,"[0, 4, 8, 10, 14]"
30,8,0,9 2  1 1 0 0 1 0 0 1 1,"[0, 4, 8, 11, 17]"
30,8,0,9 2  1 1 1 1 0 1 1 0 1,"[0, 4, 8, 11, 29]"
30,8,0,9 2  1 0 1 0 1 0 1 0 1,"[0, 4, 8, 12, 16]"
30,12,0,13 2  1 0 0 0 0 0 1 0 1 0 1 0 1,"[0, 4, 8, 12, 18]"
30,12,0,13 2  1 0 1 0 1 0 1 0 0 0 0 0 1,"[0, 4, 8, 12, 24]"
30,8,0,9 2  1 0 1 0 1 0 1 0 1,"[0, 4, 8, 12, 26]"
30,12,0,13 2  1 0 0 0 0 0 1 0 1 0 1 0 1,"[0, 4, 8, 14, 26]"
30,8,0,9 2  1 1 1 0 1 0 0 0 1,"[0, 4, 8, 16, 17]"
30,12,0,13 2  1 0 0 0 1 0 1 0 1 0 0 0 1,"[0, 4, 8, 16, 22]"
30,8,0,9 2  1 1 0 0 1 0 0 1 1,"[0, 4, 8, 21, 27]"
30,8,0,9 2  1 0 0 0 1 0 1 1 1,"[0, 4, 8, 21, 22]"
30,12,0,13 2  1 0 1 0 1 0 1 0 0 0 0 0 1,"[0, 4, 8, 20, 26]"
30,8,0,9 2  1 0 1 0 1 0 1 0 1,"[0, 4, 8, 22, 26]"
30,8,0,9 2  1 0 1 0 0 0 0 0 1,"[0, 4, 8, 24, 28]"
30,12,0,13 2  1 1 1 0 0 1 1 1 0 0 1 1 1,"[0, 4, 9, 14, 15]"
30,10,0,11 2  1 0 0 0 0 1 0 0 0 0 1,"[0, 4, 9, 15, 29]"
30,8,0,9 2  1 0 1 0 0 0 0 0 1,"[0, 4, 10, 12, 24]"
30,8,0,9 2  1 0 1 0 0 0 0 0 1,"[0, 4, 10, 18, 28]"
30,10,0,11 2  1 0 0 0 0 1 0 0 0 0 1,"[0, 4, 10, 19, 20]"
30,8,0,9 2  1 0 0 0 0 0 1 0 1,"[0, 4, 10, 22, 24]"
30,12,0,13 2  1 0 0 0 0 0 1 0 1 0 1 0 1,"[0, 4, 10, 22, 26]"
30,8,0,9 2  1 1 1 0 1 0 0 0 1,"[0, 4, 11, 12, 13]"
30,8,0,9 2  1 1 1 0 1 0 0 0 1,"[0, 4, 11, 12, 28]"
30,8,0,9 2  1 1 1 0 1 0 0 0 1,"[0, 4, 11, 13, 27]"
30,8,0,9 2  1 1 1 1 0 1 1 0 1,"[0, 4, 11, 14, 23]"
30,8,0,9 2  1 0 0 0 1 0 1 1 1,"[0, 4, 11, 17, 18]"
30,8,0,9 2  1 0 1 1 0 1 1 1 1,"[0, 4, 11, 20, 23]"
30,8,0,9 2  1 1 1 0 1 0 0 0 1,"[0, 4, 11, 27, 28]"
30,8,0,9 2  1 1 1 0 1 0 0 0 1,"[0, 4, 12, 13, 26]"
30,8,0,9 2  1 0 0 0 0 0 1 0 1,"[0, 4, 12, 14, 22]"
30,8,0,9 2  1 0 1 0 1 0 1 0 1,"[0, 4, 12, 16, 18]"
30,8,0,9 2  1 0 1 0 1 0 1 0 1,"[0, 4, 12, 16, 28]"
30,12,0,13 2  1 0 0 0 1 0 1 0 1 0 0 0 1,"[0, 4, 12, 18, 26]"
30,8,0,9 2  1 0 1 0 0 0 0 0 1,"[0, 4, 12, 20, 22]"
30,16,0,17 2  1 0 1 0 1 0 0 0 1 0 0 0 0 0 0 0 1,"[0, 4, 12, 26, 28]"
30,8,0,9 2  1 1 1 0 1 0 0 0 1,"[0, 4, 13, 26, 27]"
30,10,0,11 2  1 0 0 0 0 1 0 0 0 0 1,"[0, 4, 14, 15, 24]"
30,12,0,13 2  1 0 1 0 1 0 1 0 0 0 0 0 1,"[0, 4, 14, 16, 28]"
30,8,0,9 2  1 0 1 0 0 0 0 0 1,"[0, 4, 14, 20, 28]"
30,10,0,11 2  1 0 0 0 0 1 0 0 0 0 1,"[0, 4, 15, 24, 29]"
30,8,0,9 2  1 1 1 0 1 0 0 0 1,"[0, 4, 16, 17, 23]"
30,12,0,13 2  1 0 1 0 1 0 1 0 0 0 0 0 1,"[0, 4, 16, 22, 26]"
30,8,0,9 2  1 0 0 0 1 0 1 1 1,"[0, 4, 17, 18, 26]"
30,8,0,9 2  1 0 1 0 1 0 1 0 1,"[0, 4, 16, 22, 28]"
30,8,0,9 2  1 1 0 0 1 0 0 1 1,"[0, 4, 17, 23, 26]"
30,8,0,9 2  1 0 1 0 1 0 1 0 1,"[0, 4, 18, 22, 26]"
30,8,0,9 2  1 0 1 0 1 0 1 0 1,"[0, 4, 16, 18, 22]"
30,12,0,13 2  1 1 1 0 0 1 1 1 0 0 1 1 1,"[0, 4, 19, 20, 25]"
30,8,0,9 2  1 0 1 0 0 0 0 0 1,"[0, 4, 20, 24, 26]"
30,8,0,9 2  1 0 0 0 0 0 1 0 1,"[0, 4, 20, 24, 28]"
30,8,0,9 2  1 0 0 0 1 0 1 1 1,"[0, 4, 21, 22, 23]"
30,12,0,13 2  1 0 0 0 1 0 1 0 1 0 0 0 1,"[0, 4, 22, 26, 28]"
30,8,0,9 2  1 1 1 1 0 1 1 0 1,"[0, 4, 23, 26, 29]"
30,8,0,9 2  1 1 1 0 1 0 0 0 1,"[0, 4, 26, 27, 28]"
30,10,0,11 2  1 0 0 0 0 1 0 0 0 0 1,"[0, 5, 6, 10, 21]"
30,8,0,9 2  1 0 1 1 0 1 1 1 1,"[0, 5, 6, 13, 27]"
30,12,0,13 2  1 1 1 0 0 1 1 1 0 0 1 1 1,"[0, 5, 6, 21, 25]"
30,8,0,9 2  1 0 1 1 0 1 1 1 1,"[0, 5, 7, 9, 18]"
30,10,0,11 2  1 0 0 0 0 1 0 0 0 0 1,"[0, 5, 7, 10, 22]"
30,10,0,11 2  1 0 0 0 0 1 0 0 0 0 1,"[0, 5, 7, 22, 25]"
30,12,0,13 2  1 1 1 0 0 1 1 1 0 0 1 1 1,"[0, 5, 8, 10, 23]"
30,8,0,9 2  1 1 1 1 0 1 1 0 1,"[0, 5, 8, 22, 29]"
30,10,0,11 2  1 0 0 0 0 1 0 0 0 0 1,"[0, 5, 8, 23, 25]"
30,10,0,11 2  1 0 0 0 0 1 0 0 0 0 1,"[0, 5, 9, 10, 24]"
30,12,0,13 2  1 1 1 0 0 1 1 1 0 0 1 1 1,"[0, 5, 9, 24, 25]"
30,12,0,13 2  1 1 1 0 0 1 1 1 0 0 1 1 1,"[0, 5, 10, 11, 26]"
30,10,0,11 2  1 0 0 0 0 1 0 0 0 0 1,"[0, 5, 10, 12, 27]"
30,10,0,11 2  1 0 0 0 0 1 0 0 0 0 1,"[0, 5, 10, 13, 28]"
30,12,0,13 2  1 1 1 0 0 1 1 1 0 0 1 1 1,"[0, 5, 10, 14, 29]"
30,10,0,11 2  1 0 0 0 0 1 0 0 0 0 1,"[0, 5, 11, 25, 26]"
30,8,0,9 2  1 0 1 1 0 1 1 1 1,"[0, 5, 12, 13, 21]"
30,12,0,13 2  1 1 1 0 0 1 1 1 0 0 1 1 1,"[0, 5, 12, 25, 27]"
30,10,0,11 2  1 0 0 0 0 1 0 0 0 0 1,"[0, 5, 13, 25, 28]"
30,8,0,9 2  1 0 1 1 0 1 1 1 1,"[0, 5, 14, 16, 17]"
30,8,0,9 2  1 1 1 1 0 1 1 0 1,"[0, 5, 14, 22, 23]"
30,10,0,11 2  1 0 0 0 0 1 0 0 0 0 1,"[0, 5, 14, 25, 29]"
30,8,0,9 2  1 1 1 1 0 1 1 0 1,"[0, 5, 17, 26, 28]"
30,8,0,9 2  1 1 1 1 0 1 1 0 1,"[0, 5, 18, 19, 21]"
30,8,0,9 2  1 0 0 0 1 0 1 1 1,"[0, 6, 7, 8, 19]"
30,8,0,9 2  1 1 0 0 1 0 0 1 1,"[0, 6, 7, 9, 23]"
30,8,0,9 2  1 0 1 1 0 1 1 1 1,"[0, 6, 7, 9, 29]"
30,8,0,9 2  1 0 0 0 1 0 1 1 1,"[0, 6, 7, 19, 23]"
30,8,0,9 2  1 1 1 1 0 1 1 0 1,"[0, 6, 7, 27, 29]"
30,12,0,13 2  1 0 0 0 0 0 1 0 1 0 1 0 1,"[0, 6, 8, 10, 12]"
30,8,0,9 2  1 0 1 0 1 0 1 0 1,"[0, 6, 8, 12, 14]"
30,8,0,9 2  1 0 1 0 1 0 1 0 1,"[0, 6, 8, 12, 24]"
30,8,0,9 2  1 0 1 0 1 0 1 0 1,"[0, 6, 8, 14, 22]"
30,12,0,13 2  1 0 0 0 0 0 1 0 1 0 1 0 1,"[0, 6, 8, 16, 24]"
30,8,0,9 2  1 0 0 0 1 0 1 1 1,"[0, 6, 8, 19, 22]"
30,8,0,9 2  1 0 1 0 0 0 0 0 1,"[0, 6, 8, 20, 26]"
30,12,0,13 2  1 0 0 0 1 0 1 0 1 0 0 0 1,"[0, 6, 8, 22, 24]"
30,8,0,9 2  1 0 1 1 0 1 1 1 1,"[0, 6, 9, 11, 13]"
30,12,0,13 2  1 0 0 1 0 0 1 0 0 1 0 0 1,"[0, 6, 9, 12, 18]"
30,8,0,9 2  1 1 0 0 1 0 0 1 1,"[0, 6, 9, 13, 17]"
30,8,0,9 2  1 1 1 1 0 1 1 0 1,"[0, 6, 9, 17, 19]"
30,12,0,13 2  1 0 0 1 0 0 1 0 0 1 0 0 1,"[0, 6, 9, 18, 27]"
30,8,0,9 2  1 0 0 0 0 0 1 0 1,"[0, 6, 10, 12, 22]"
30,12,0,13 2  1 0 1 0 1 0 1 0 0 0 0 0 1,"[0, 6, 10, 14, 18]"
30,8,0,9 2  1 0 1 0 0 0 0 0 1,"[0, 6, 10, 16, 18]"
30,8,0,9 2  1 0 0 0 0 0 1 0 1,"[0, 6, 10, 16, 28]"
30,10,0,11 2  1 0 0 0 0 1 0 0 0 0 1,"[0, 6, 10, 20, 21]"
30,10,0,11 2  1 0 0 0 0 1 0 0 0 0 1,"[0, 6, 11, 15, 16]"
30,8,0,9 2  1 0 1 0 1 0 1 0 1,"[0, 6, 12, 14, 18]"
30,12,0,13 2  1 0 0 0 0 0 1 0 1 0 1 0 1,"[0, 6, 12, 14, 22]"
30,12,0,13 2  1 0 0 0 1 0 1 0 1 0 0 0 1,"[0, 6, 12, 14, 28]"
30,24,0,25 2  1 0 0 0 0 0 1 0 0 0 0 0 1 0 0 0 0 0 1 0 0 0 0 0 1,"[0, 6, 12, 18, 24]"
30,12,0,13 2  1 0 1 0 1 0 1 0 0 0 0 0 1,"[0, 6, 12, 20, 28]"
30,8,0,9 2  1 0 1 0 1 0 1 0 1,"[0, 6, 12, 24, 28]"
30,8,0,9 2  1 1 1 0 1 0 0 0 1,"[0, 6, 13, 14, 17]"
30,8,0,9 2  1 1 1 0 1 0 0 0 1,"[0, 6, 13, 17, 29]"
30,8,0,9 2  1 1 0 0 1 0 0 1 1,"[0, 6, 13, 27, 29]"
30,8,0,9 2  1 0 1 0 0 0 0 0 1,"[0, 6, 14, 16, 20]"
30,8,0,9 2  1 1 1 0 1 0 0 0 1,"[0, 6, 14, 17, 28]"
30,12,0,13 2  1 0 0 0 1 0 1 0 1 0 0 0 1,"[0, 6, 14, 18, 22]"
30,8,0,9 2  1 0 1 0 1 0 1 0 1,"[0, 6, 14, 22, 28]"
30,12,0,13 2  1 0 1 0 1 0 1 0 0 0 0 0 1,"[0, 6, 14, 22, 24]"
30,8,0,9 2  1 0 1 0 0 0 0 0 1,"[0, 6, 14, 24, 26]"
30,10,0,11 2  1 0 0 0 0 1 0 0 0 0 1,"[0, 6, 15, 16, 26]"
30,8,0,9 2  1 0 0 0 0 0 1 0 1,"[0, 6, 16, 20, 22]"
30,8,0,9 2  1 0 1 1 0 1 1 1 1,"[0, 6, 17, 19, 27]"
30,8,0,9 2  1 1 1 0 1 0 0 0 1,"[0, 6, 17, 28, 29]"
30,8,0,9 2  1 0 0 0 0 0 1 0 1,"[0, 6, 18, 20, 26]"
30,12,0,13 2  1 0 0 0 0 0 1 0 1 0 1 0 1,"[0, 6, 18, 22, 26]"
30,8,0,9 2  1 0 1 0 1 0 1 0 1,"[0, 6, 18, 22, 24]"
30,12,0,13 2  1 0 0 1 0 0 1 0 0 1 0 0 1,"[0, 6, 18, 24, 27]"
30,8,0,9 2  1 1 0 0 1 0 0 1 1,"[0, 6, 19, 23, 27]"
30,8,0,9 2  1 0 0 0 1 0 1 1 1,"[0, 6, 19, 22, 23]"
30,10,0,11 2  1 0 0 0 0 1 0 0 0 0 1,"[0, 6, 20, 21, 25]"
30,8,0,9 2  1 0 1 0 1 0 1 0 1,"[0, 6, 22, 24, 28]"
30,8,0,9 2  1 1 1 1 0 1 1 0 1,"[0, 6, 23, 25, 27]"
30,12,0,13 2  1 0 1 0 1 0 1 0 0 0 0 0 1,"[0, 6, 24, 26, 28]"
30,8,0,9 2  1 1 1 0 1 0 0 0 1,"[0, 7, 8, 9, 11]"
30,8,0,9 2  1 1 1 0 1 0 0 0 1,"[0, 7, 8, 9, 26]"
30,8,0,9 2  1 1 1 0 1 0 0 0 1,"[0, 7, 8, 11, 24]"
30,8,0,9 2  1 1 1 1 0 1 1 0 1,"[0, 7, 8, 13, 16]"
30,8,0,9 2  1 1 0 0 1 0 0 1 1,"[0, 7, 8, 16, 19]"
30,8,0,9 2  1 0 1 1 0 1 1 1 1,"[0, 7, 8, 16, 25]"
30,8,0,9 2  1 0 0 0 1 0 1 1 1,"[0, 7, 8, 19, 21]"
30,8,0,9 2  1 1 1 0 1 0 0 0 1,"[0, 7, 8, 24, 26]"
30,8,0,9 2  1 1 0 0 1 0 0 1 1,"[0, 7, 9, 11, 18]"
30,8,0,9 2  1 1 1 0 1 0 0 0 1,"[0, 7, 9, 11, 23]"
30,8,0,9 2  1 1 1 0 1 0 0 0 1,"[0, 7, 9, 23, 26]"
30,8,0,9 2  1 1 1 1 0 1 1 0 1,"[0, 7, 10, 19, 26]"
30,10,0,11 2  1 0 0 0 0 1 0 0 0 0 1,"[0, 7, 10, 20, 22]"
30,8,0,9 2  1 0 0 0 1 0 1 1 1,"[0, 7, 11, 13, 14]"
30,8,0,9 2  1 0 0 0 1 0 1 1 1,"[0, 7, 11, 13, 29]"
30,8,0,9 2  1 0 0 0 1 0 1 1 1,"[0, 7, 11, 14, 28]"
30,8,0,9 2  1 1 1 1 0 1 1 0 1,"[0, 7, 11, 18, 21]"
30,8,0,9 2  1 0 1 1 0 1 1 1 1,"[0, 7, 11, 18, 27]"
30,8,0,9 2  1 1 1 0 1 0 0 0 1,"[0, 7, 11, 23, 24]"
30,8,0,9 2  1 0 0 0 1 0 1 1 1,"[0, 7, 11, 28, 29]"
30,12,0,13 2  1 1 1 0 0 1 1 1 0 0 1 1 1,"[0, 7, 12, 15, 17]"
30,8,0,9 2  1 1 1 1 0 1 1 0 1,"[0, 7, 12, 21, 29]"
30,8,0,9 2  1 1 0 0 1 0 0 1 1,"[0, 7, 13, 14, 16]"
30,8,0,9 2  1 0 0 0 1 0 1 1 1,"[0, 7, 13, 14, 26]"
30,8,0,9 2  1 0 0 0 1 0 1 1 1,"[0, 7, 13, 26, 29]"
30,8,0,9 2  1 1 1 0 1 0 0 0 1,"[0, 7, 14, 16, 18]"
30,8,0,9 2  1 0 0 0 1 0 1 1 1,"[0, 7, 14, 26, 28]"
30,10,0,11 2  1 0 0 0 0 1 0 0 0 0 1,"[0, 7, 15, 17, 27]"
30,8,0,9 2  1 1 1 0 1 0 0 0 1,"[0, 7, 16, 18, 29]"
30,8,0,9 2  1 0 1 1 0 1 1 1 1,"[0, 7, 16, 19, 26]"
30,8,0,9 2  1 1 0 0 1 0 0 1 1,"[0, 7, 18, 21, 29]"
30,8,0,9 2  1 0 0 0 1 0 1 1 1,"[0, 7, 19, 21, 23]"
30,8,0,9 2  1 1 0 0 1 0 0 1 1,"[0, 7, 19, 26, 28]"
30,12,0,13 2  1 1 1 0 0 1 1 1 0 0 1 1 1,"[0, 7, 20, 22, 25]"
30,8,0,9 2  1 1 0 0 1 0 0 1 1,"[0, 7, 21, 23, 24]"
30,8,0,9 2  1 0 1 1 0 1 1 1 1,"[0, 7, 21, 24, 29]"
30,8,0,9 2  1 1 1 0 1 0 0 0 1,"[0, 7, 23, 24, 26]"
30,8,0,9 2  1 0 0 0 1 0 1 1 1,"[0, 7, 26, 28, 29]"
30,8,0,9 2  1 1 1 0 1 0 0 0 1,"[0, 8, 9, 11, 22]"
30,8,0,9 2  1 1 1 1 0 1 1 0 1,"[0, 8, 9, 16, 21]"
30,8,0,9 2  1 1 0 0 1 0 0 1 1,"[0, 8, 9, 16, 27]"
30,8,0,9 2  1 1 0 0 1 0 0 1 1,"[0, 8, 9, 21, 22]"
30,8,0,9 2  1 1 1 0 1 0 0 0 1,"[0, 8, 9, 22, 26]"
30,8,0,9 2  1 0 0 0 0 0 1 0 1,"[0, 8, 10, 12, 28]"
30,8,0,9 2  1 0 1 0 0 0 0 0 1,"[0, 8, 10, 14, 24]"
30,12,0,13 2  1 0 1 0 1 0 1 0 0 0 0 0 1,"[0, 8, 10, 16, 22]"
30,8,0,9 2  1 0 1 0 0 0 0 0 1,"[0, 8, 10, 18, 22]"
30,8,0,9 2  1 0 0 0 0 0 1 0 1,"[0, 8, 10, 18, 26]"
30,10,0,11 2  1 0 0 0 0 1 0 0 0 0 1,"[0, 8, 10, 20, 23]"
30,8,0,9 2  1 1 1 1 0 1 1 0 1,"[0, 8, 10, 21, 27]"
30,8,0,9 2  1 0 1 0 0 0 0 0 1,"[0, 8, 10, 26, 28]"
30,8,0,9 2  1 0 1 1 0 1 1 1 1,"[0, 8, 11, 17, 28]"
30,8,0,9 2  1 1 1 0 1 0 0 0 1,"[0, 8, 11, 22, 24]"
30,8,0,9 2  1 1 0 0 1 0 0 1 1,"[0, 8, 11, 22, 29]"
30,16,0,17 2  1 0 0 0 0 0 0 0 1 0 0 0 1 0 1 0 1,"[0, 8, 12, 14, 16]"
30,8,0,9 2  1 0 1 0 1 0 1 0 1,"[0, 8, 12, 14, 26]"
30,12,0,13 2  1 0 0 0 1 0 1 0 1 0 0 0 1,"[0, 8, 12, 16, 24]"
30,8,0,9 2  1 0 0 0 1 0 1 1 1,"[0, 8, 12, 16, 29]"
30,8,0,9 2  1 0 0 0 0 0 1 0 1,"[0, 8, 12, 20, 22]"
30,8,0,9 2  1 0 1 0 0 0 0 0 1,"[0, 8, 12, 20, 28]"
30,8,0,9 2  1 0 1 0 1 0 1 0 1,"[0, 8, 12, 24, 26]"
30,10,0,11 2  1 0 0 0 0 1 0 0 0 0 1,"[0, 8, 13, 15, 18]"
30,8,0,9 2  1 0 1 0 1 0 1 0 1,"[0, 8, 14, 16, 22]"
30,8,0,9 2  1 0 0 0 1 0 1 1 1,"[0, 8, 14, 16, 27]"
30,8,0,9 2  1 0 0 0 0 0 1 0 1,"[0, 8, 14, 18, 20]"
30,12,0,13 2  1 0 0 0 0 0 1 0 1 0 1 0 1,"[0, 8, 14, 20, 22]"
30,12,0,13 2  1 0 0 0 1 0 1 0 1 0 0 0 1,"[0, 8, 14, 22, 26]"
30,8,0,9 2  1 0 0 0 0 0 1 0 1,"[0, 8, 14, 24, 28]"
30,10,0,11 2  1 0 0 0 0 1 0 0 0 0 1,"[0, 8, 15, 18, 28]"
30,8,0,9 2  1 1 1 0 1 0 0 0 1,"[0, 8, 16, 17, 19]"
30,8,0,9 2  1 1 0 0 1 0 0 1 1,"[0, 8, 16, 17, 29]"
30,12,0,13 2  1 0 1 0 1 0 1 0 0 0 0 0 1,"[0, 8, 16, 18, 24]"
30,8,0,9 2  1 0 1 0 0 0 0 0 1,"[0, 8, 16, 18, 26]"
30,8,0,9 2  1 0 0 0 0 0 1 0 1,"[0, 8, 16, 20, 28]"
30,8,0,9 2  1 0 1 0 1 0 1 0 1,"[0, 8, 16, 22, 24]"
30,12,0,13 2  1 0 0 0 0 0 1 0 1 0 1 0 1,"[0, 8, 16, 22, 28]"
30,8,0,9 2  1 0 0 0 1 0 1 1 1,"[0, 8, 16, 27, 29]"
30,8,0,9 2  1 0 1 1 0 1 1 1 1,"[0, 8, 17, 22, 29]"
30,8,0,9 2  1 0 1 0 0 0 0 0 1,"[0, 8, 18, 20, 24]"
30,8,0,9 2  1 0 0 0 1 0 1 1 1,"[0, 8, 19, 21, 22]"
30,10,0,11 2  1 0 0 0 0 1 0 0 0 0 1,"[0, 8, 20, 23, 25]"
30,16,0,17 2  1 0 1 0 1 0 0 0 1 0 0 0 0 0 0 0 1,"[0, 8, 22, 24, 26]"
30,10,0,11 2  1 0 0 0 0 1 0 0 0 0 1,"[0, 9, 10, 20, 24]"
30,8,0,9 2  1 1 0 0 1 0 0 1 1,"[0, 9, 11, 12, 13]"
30,8,0,9 2  1 0 1 1 0 1 1 1 1,"[0, 9, 10, 26, 27]"
30,8,0,9 2  1 0 1 1 0 1 1 1 1,"[0, 9, 11, 12, 25]"
30,8,0,9 2  1 1 1 1 0 1 1 0 1,"[0, 9, 11, 13, 18]"
30,8,0,9 2  1 1 1 0 1 0 0 0 1,"[0, 9, 11, 22, 23]"
30,8,0,9 2  1 1 1 1 0 1 1 0 1,"[0, 9, 12, 13, 29]"
30,12,0,13 2  1 0 0 1 0 0 1 0 0 1 0 0 1,"[0, 9, 12, 18, 21]"
30,8,0,9 2  1 0 1 1 0 1 1 1 1,"[0, 9, 12, 19, 23]"
30,8,0,9 2  1 0 0 0 1 0 1 1 1,"[0, 9, 13, 16, 17]"
30,10,0,11 2  1 0 0 0 0 1 0 0 0 0 1,"[0, 9, 14, 15, 19]"
30,8,0,9 2  1 0 1 1 0 1 1 1 1,"[0, 9, 14, 21, 22]"
30,8,0,9 2  1 1 1 1 0 1 1 0 1,"[0, 9, 14, 27, 28]"
30,10,0,11 2  1 0 0 0 0 1 0 0 0 0 1,"[0, 9, 15, 19, 29]"
30,8,0,9 2  1 0 0 0 1 0 1 1 1,"[0, 9, 16, 17, 28]"
30,8,0,9 2  1 1 1 1 0 1 1 0 1,"[0, 9, 16, 20, 27]"
30,8,0,9 2  1 1 1 1 0 1 1 0 1,"[0, 9, 17, 18, 25]"
30,12,0,13 2  1 0 0 1 0 0 1 0 0 1 0 0 1,"[0, 9, 18, 21, 27]"
30,10,0,11 2  1 0 0 0 0 1 0 0 0 0 1,"[0, 9, 20, 24, 25]"
30,8,0,9 2  1 0 1 1 0 1 1 1 1,"[0, 9, 21, 26, 28]"
30,8,0,9 2  1 1 1 0 1 0 0 0 1,"[0, 9, 22, 23, 26]"
30,8,0,9 2  1 1 0 0 1 0 0 1 1,"[0, 9, 26, 27, 28]"
30,10,0,11 2  1 0 0 0 0 1 0 0 0 0 1,"[0, 10, 11, 20, 26]"
30,8,0,9 2  1 0 1 0 0 0 0 0 1,"[0, 10, 12, 16, 22]"
30,10,0,11 2  1 0 0 0 0 1 0 0 0 0 1,"[0, 10, 12, 20, 27]"
30,12,0,13 2  1 0 1 0 1 0 1 0 0 0 0 0 1,"[0, 10, 12, 24, 26]"
30,10,0,11 2  1 0 0 0 0 1 0 0 0 0 1,"[0, 10, 13, 20, 28]"
30,8,0,9 2  1 0 0 0 0 0 1 0 1,"[0, 10, 14, 16, 24]"
30,12,0,13 2  1 0 0 0 0 0 1 0 1 0 1 0 1,"[0, 10, 14, 16, 28]"
30,10,0,11 2  1 0 0 0 0 1 0 0 0 0 1,"[0, 10, 14, 20, 29]"
30,8,0,9 2  1 0 1 0 0 0 0 0 1,"[0, 10, 16, 24, 26]"
30,8,0,9 2  1 0 0 0 0 0 1 0 1,"[0, 10, 18, 24, 28]"
30,8,0,9 2  1 1 1 0 1 0 0 0 1,"[0, 11, 12, 13, 19]"
30,8,0,9 2  1 1 1 0 1 0 0 0 1,"[0, 11, 12, 19, 28]"
30,8,0,9 2  1 0 0 0 1 0 1 1 1,"[0, 11, 13, 14, 22]"
30,8,0,9 2  1 1 1 0 1 0 0 0 1,"[0, 11, 13, 19, 27]"
30,8,0,9 2  1 0 1 1 0 1 1 1 1,"[0, 11, 13, 21, 24]"
30,8,0,9 2  1 0 0 0 1 0 1 1 1,"[0, 11, 13, 22, 29]"
30,8,0,9 2  1 1 0 0 1 0 0 1 1,"[0, 11, 13, 24, 27]"
30,8,0,9 2  1 1 1 1 0 1 1 0 1,"[0, 11, 14, 16, 17]"
30,8,0,9 2  1 1 0 0 1 0 0 1 1,"[0, 11, 14, 17, 28]"
30,8,0,9 2  1 1 0 0 1 0 0 1 1,"[0, 11, 14, 22, 23]"
30,8,0,9 2  1 0 0 0 1 0 1 1 1,"[0, 11, 14, 22, 28]"
30,10,0,11 2  1 0 0 0 0 1 0 0 0 0 1,"[0, 11, 15, 16, 21]"
30,8,0,9 2  1 0 0 0 1 0 1 1 1,"[0, 11, 17, 18, 19]"
30,8,0,9 2  1 1 1 1 0 1 1 0 1,"[0, 11, 17, 20, 28]"
30,8,0,9 2  1 1 0 0 1 0 0 1 1,"[0, 11, 18, 19, 27]"
30,8,0,9 2  1 1 1 0 1 0 0 0 1,"[0, 11, 19, 27, 28]"
30,10,0,11 2  1 0 0 0 0 1 0 0 0 0 1,"[0, 11, 20, 25, 26]"
30,8,0,9 2  1 1 1 0 1 0 0 0 1,"[0, 11, 22, 23, 24]"
30,8,0,9 2  1 0 0 0 1 0 1 1 1,"[0, 11, 22, 28, 29]"
30,8,0,9 2  1 0 1 1 0 1 1 1 1,"[0, 11, 24, 25, 27]"
30,8,0,9 2  1 1 1 0 1 0 0 0 1,"[0, 12, 13, 19, 26]"
30,8,0,9 2  1 1 0 0 1 0 0 1 1,"[0, 12, 13, 21, 29]"
30,12,0,13 2  1 0 0 0 1 0 1 0 1 0 0 0 1,"[0, 12, 14, 16, 18]"
30,8,0,9 2  1 0 0 0 1 0 1 1 1,"[0, 12, 14, 16, 23]"
30,8,0,9 2  1 0 1 0 1 0 1 0 1,"[0, 12, 14, 16, 28]"
30,8,0,9 2  1 0 1 0 1 0 1 0 1,"[0, 12, 14, 18, 26]"
30,12,0,13 2  1 0 1 0 1 0 1 0 0 0 0 0 1,"[0, 12, 14, 18, 28]"
30,8,0,9 2  1 0 0 0 0 0 1 0 1,"[0, 12, 14, 20, 24]"
30,12,0,13 2  1 0 0 0 0 0 1 0 1 0 1 0 1,"[0, 12, 14, 24, 28]"
30,8,0,9 2  1 0 1 0 1 0 1 0 1,"[0, 12, 14, 26, 28]"
30,10,0,11 2  1 0 0 0 0 1 0 0 0 0 1,"[0, 12, 15, 17, 22]"
30,8,0,9 2  1 0 1 0 1 0 1 0 1,"[0, 12, 16, 18, 24]"
30,12,0,13 2  1 0 0 0 0 0 1 0 1 0 1 0 1,"[0, 12, 16, 20, 24]"
30,8,0,9 2  1 0 1 0 1 0 1 0 1,"[0, 12, 16, 24, 28]"
30,8,0,9 2  1 0 0 0 1 0 1 1 1,"[0, 12, 16, 23, 29]"
30,8,0,9 2  1 0 1 1 0 1 1 1 1,"[0, 12, 17, 19, 21]"
30,12,0,13 2  1 0 0 1 0 0 1 0 0 1 0 0 1,"[0, 12, 18, 21, 24]"
30,8,0,9 2  1 0 1 0 0 0 0 0 1,"[0, 12, 18, 22, 28]"
30,12,0,13 2  1 0 1 0 1 0 1 0 0 0 0 0 1,"[0, 12, 18, 22, 26]"
30,8,0,9 2  1 0 1 0 1 0 1 0 1,"[0, 12, 18, 24, 26]"
30,8,0,9 2  1 1 0 0 1 0 0 1 1,"[0, 12, 19, 21, 23]"
30,8,0,9 2  1 1 1 0 1 0 0 0 1,"[0, 12, 19, 26, 28]"
30,10,0,11 2  1 0 0 0 0 1 0 0 0 0 1,"[0, 12, 20, 25, 27]"
30,8,0,9 2  1 1 1 1 0 1 1 0 1,"[0, 12, 21, 23, 25]"
30,12,0,13 2  1 0 0 0 1 0 1 0 1 0 0 0 1,"[0, 12, 24, 26, 28]"
30,8,0,9 2  1 0 1 1 0 1 1 1 1,"[0, 13, 14, 16, 19]"
30,8,0,9 2  1 1 1 1 0 1 1 0 1,"[0, 13, 14, 16, 25]"
30,8,0,9 2  1 1 1 0 1 0 0 0 1,"[0, 13, 14, 17, 21]"
30,8,0,9 2  1 0 0 0 1 0 1 1 1,"[0, 13, 14, 22, 26]"
30,12,0,13 2  1 1 1 0 0 1 1 1 0 0 1 1 1,"[0, 13, 15, 18, 23]"
30,8,0,9 2  1 0 0 0 1 0 1 1 1,"[0, 13, 16, 17, 24]"
30,8,0,9 2  1 1 0 0 1 0 0 1 1,"[0, 13, 17, 21, 24]"
30,8,0,9 2  1 1 1 0 1 0 0 0 1,"[0, 13, 17, 21, 29]"
30,8,0,9 2  1 0 1 1 0 1 1 1 1,"[0, 13, 18, 27, 29]"
30,8,0,9 2  1 1 0 0 1 0 0 1 1,"[0, 13, 19, 22, 26]"
30,8,0,9 2  1 1 1 0 1 0 0 0 1,"[0, 13, 19, 26, 27]"
30,12,0,13 2  1 1 1 0 0 1 1 1 0 0 1 1 1,"[0, 13, 20, 25, 28]"
30,8,0,9 2  1 0 0 0 1 0 1 1 1,"[0, 13, 22, 26, 29]"
30,8,0,9 2  1 1 1 1 0 1 1 0 1,"[0, 13, 24, 27, 29]"
30,10,0,11 2  1 0 0 0 0 1 0 0 0 0 1,"[0, 14, 15, 19, 24]"
30,8,0,9 2  1 1 0 0 1 0 0 1 1,"[0, 14, 16, 17, 23]"
30,16,0,17 2  1 0 1 0 1 0 0 0 1 0 0 0 0 0 0 0 1,"[0, 14, 16, 18, 22]"
30,12,0,13 2  1 0 0 0 1 0 1 0 1 0 0 0 1,"[0, 14, 16, 22, 28]"
30,8,0,9 2  1 0 0 0 1 0 1 1 1,"[0, 14, 16, 23, 27]"
30,8,0,9 2  1 0 1 1 0 1 1 1 1,"[0, 14, 17, 22, 23]"
30,8,0,9 2  1 1 1 0 1 0 0 0 1,"[0, 14, 17, 21, 28]"
30,8,0,9 2  1 0 1 0 1 0 1 0 1,"[0, 14, 18, 22, 26]"
30,10,0,11 2  1 0 0 0 0 1 0 0 0 0 1,"[0, 14, 20, 25, 29]"
30,8,0,9 2  1 1 1 1 0 1 1 0 1,"[0, 14, 21, 22, 27]"
30,8,0,9 2  1 1 0 0 1 0 0 1 1,"[0, 14, 21, 27, 28]"
30,16,0,17 2  1 0 0 0 0 0 0 0 1 0 0 0 1 0 1 0 1,"[0, 14, 22, 26, 28]"
30,12,0,13 2  1 1 1 0 0 1 1 1 0 0 1 1 1,"[0, 15, 16, 21, 26]"
30,10,0,11 2  1 0 0 0 0 1 0 0 0 0 1,"[0, 15, 17, 22, 27]"
30,10,0,11 2  1 0 0 0 0 1 0 0 0 0 1,"[0, 15, 18, 23, 28]"
30,12,0,13 2  1 1 1 0 0 1 1 1 0 0 1 1 1,"[0, 15, 19, 24, 29]"
30,8,0,9 2  1 1 1 0 1 0 0 0 1,"[0, 16, 17, 19, 23]"
30,8,0,9 2  1 0 1 1 0 1 1 1 1,"[0, 16, 17, 20, 29]"
30,8,0,9 2  1 0 0 0 1 0 1 1 1,"[0, 16, 17, 24, 28]"
30,8,0,9 2  1 1 1 1 0 1 1 0 1,"[0, 16, 17, 26, 29]"
30,8,0,9 2  1 0 1 0 0 0 0 0 1,"[0, 16, 18, 20, 28]"
30,8,0,9 2  1 0 1 0 1 0 1 0 1,"[0, 16, 18, 22, 24]"
30,8,0,9 2  1 1 1 0 1 0 0 0 1,"[0, 16, 18, 22, 29]"
30,8,0,9 2  1 0 0 0 0 0 1 0 1,"[0, 16, 18, 26, 28]"
30,8,0,9 2  1 0 1 0 0 0 0 0 1,"[0, 16, 20, 22, 26]"
30,8,0,9 2  1 0 0 0 0 0 1 0 1,"[0, 16, 20, 24, 26]"
30,8,0,9 2  1 0 1 0 1 0 1 0 1,"[0, 16, 22, 24, 28]"
30,8,0,9 2  1 0 0 0 1 0 1 1 1,"[0, 16, 23, 27, 29]"
30,8,0,9 2  1 1 0 0 1 0 0 1 1,"[0, 17, 18, 19, 21]"
30,8,0,9 2  1 0 0 0 1 0 1 1 1,"[0, 17, 18, 19, 26]"
30,8,0,9 2  1 1 1 1 0 1 1 0 1,"[0, 17, 19, 21, 24]"
30,8,0,9 2  1 1 1 0 1 0 0 0 1,"[0, 17, 21, 28, 29]"
30,8,0,9 2  1 0 1 1 0 1 1 1 1,"[0, 17, 23, 26, 28]"
30,8,0,9 2  1 1 0 0 1 0 0 1 1,"[0, 17, 26, 28, 29]"
30,8,0,9 2  1 1 1 1 0 1 1 0 1,"[0, 18, 19, 23, 27]"
30,12,0,13 2  1 0 1 0 1 0 1 0 0 0 0 0 1,"[0, 18, 20, 22, 24]"
30,12,0,13 2  1 0 0 1 0 0 1 0 0 1 0 0 1,"[0, 18, 21, 24, 27]"
30,8,0,9 2  1 0 1 1 0 1 1 1 1,"[0, 18, 21, 25, 29]"
30,12,0,13 2  1 0 0 0 1 0 1 0 1 0 0 0 1,"[0, 18, 22, 24, 26]"
30,12,0,13 2  1 0 0 0 0 0 1 0 1 0 1 0 1,"[0, 18, 24, 26, 28]"
30,8,0,9 2  1 0 0 0 1 0 1 1 1,"[0, 19, 21, 22, 23]"
30,8,0,9 2  1 1 1 1 0 1 1 0 1,"[0, 19, 22, 25, 26]"
30,8,0,9 2  1 0 1 1 0 1 1 1 1,"[0, 19, 23, 24, 27]"
30,8,0,9 2  1 1 1 0 1 0 0 0 1,"[0, 19, 26, 27, 28]"
30,8,0,9 2  1 0 1 1 0 1 1 1 1,"[0, 20, 21, 27, 28]"
30,8,0,9 2  1 1 1 1 0 1 1 0 1,"[0, 20, 22, 23, 29]"
30,8,0,9 2  1 1 1 0 1 0 0 0 1,"[0, 22, 23, 24, 26]"
30,8,0,9 2  1 1 0 0 1 0 0 1 1,"[0, 22, 23, 26, 29]"
30,8,0,9 2  1 0 1 0 1 0 1 0 1,"[0, 22, 24, 26, 28]"
30,8,0,9 2  1 0 0 0 1 0 1 1 1,"[0, 22, 26, 28, 29]"
