15,8,0.6451612903225806,9 2  1 1 1 0 1 0 0 0 1,"[0, 1, 2, 4, 8]"
15,6,0.2777777777777778,7 2  1 1 1 1 0 0 1,"[0, 1, 2, 3, 6]"
15,6,0.21505376344086022,7 2  1 0 1 1 1 0 1,"[0, 1, 2, 3, 9]"
15,6,0.17699115044247787,7 2  1 0 0 1 1 1 1,"[0, 1, 2, 3, 12]"
15,6,0.20618556701030927,7 2  1 0 1 1 1 0 1,"[0, 1, 2, 4, 13]"
15,4,0.08032128514056225,5 2  1 1 1 1 1,"[0, 1, 2, 3, 14]"
15,6,0.32786885245901637,7 2  1 1 1 1 0 0 1,"[0, 1, 2, 5, 14]"
15,4,0.2127659574468085,5 2  1 1 1 1 1,"[0, 1, 2, 8, 9]"
15,6,0.2,7 2  1 0 1 1 1 0 1,"[0, 1, 2, 8, 14]"
15,8,0.6896551724137931,9 2  1 0 0 0 1 0 1 1 1,"[0, 1, 2, 9, 13]"
15,6,0.2777777777777778,7 2  1 0 0 1 1 1 1,"[0, 1, 2, 11, 14]"
15,4,0.1652892561983471,5 2  1 1 1 1 1,"[0, 1, 2, 13, 14]"
15,4,0.11976047904191617,5 2  1 1 1 1 1,"[0, 1, 3, 4, 7]"
15,4,0.04201680672268908,5 2  1 1 0 0 1,"[0, 1, 2, 6, 7]"
15,4,0.0408997955010225,5 2  1 0 0 1 1,"[0, 1, 2, 10, 11]"
15,4,0.0881057268722467,5 2  1 1 1 1 1,"[0, 1, 3, 4, 12]"
15,8,0.6896551724137931,9 2  1 1 1 0 1 0 0 0 1,"[0, 1, 3, 7, 14]"
15,6,0.24691358024691357,7 2  1 1 1 1 0 0 1,"[0, 1, 3, 8, 9]"
15,4,0.04246284501061571,5 2  1 1 0 0 1,"[0, 1, 3, 6, 10]"
15,4,0.029197080291970802,5 2  1 1 0 0 1,"[0, 1, 3, 5, 13]"
15,6,0.23529411764705882,7 2  1 0 1 1 1 0 1,"[0, 1, 3, 12, 14]"
15,4,0.03898635477582846,5 2  1 0 0 1 1,"[0, 1, 3, 11, 13]"
15,4,0.04008016032064128,5 2  1 0 0 1 1,"[0, 1, 4, 6, 9]"
15,6,0.2597402597402597,7 2  1 0 1 1 1 0 1,"[0, 1, 4, 7, 8]"
15,6,0.28169014084507044,7 2  1 1 1 1 0 0 1,"[0, 1, 4, 7, 11]"
15,6,0.2631578947368421,7 2  1 1 1 1 0 0 1,"[0, 1, 4, 13, 14]"
15,4,0.04201680672268908,5 2  1 1 0 0 1,"[0, 1, 3, 8, 11]"
15,4,0.057971014492753624,5 2  1 0 0 1 1,"[0, 1, 5, 6, 7]"
15,6,0.24390243902439024,7 2  1 0 0 1 1 1 1,"[0, 1, 5, 9, 12]"
15,4,0.046948356807511735,5 2  1 0 0 1 1,"[0, 1, 5, 8, 13]"
15,6,0.25316455696202533,7 2  1 0 0 1 1 1 1,"[0, 1, 6, 8, 9]"
15,6,0.24691358024691357,7 2  1 0 0 1 1 1 1,"[0, 1, 7, 8, 13]"
15,8,0.625,9 2  1 0 0 0 1 0 1 1 1,"[0, 2, 3, 4, 11]"
15,8,0.6451612903225806,9 2  1 0 0 0 1 0 1 1 1,"[0, 1, 8, 12, 14]"
15,4,0.030959752321981424,5 2  1 1 0 0 1,"[0, 1, 5, 6, 14]"
15,12,1,13 2  1 0 0 1 0 0 1 0 0 1 0 0 1,"[0, 3, 6, 9, 12]"
15,8,0.625,9 2  1 1 1 0 1 0 0 0 1,"[0, 2, 6, 13, 14]"
15,8,0.5263157894736842,9 2  1 0 0 0 1 0 1 1 1,"[0, 4, 6, 7, 8]"
15,8,0.6666666666666666,9 2  1 1 1 0 1 0 0 0 1,"[0, 4, 11, 12, 13]"
15,8,0.5555555555555556,9 2  1 1 1 0 1 0 0 0 1,"[0, 7, 8, 9, 11]"
15,8,0.5263157894736842,9 2  1 0 0 0 1 0 1 1 1,"[0, 7, 11, 13, 14]"
15,2,0.003150102378327296,3 2  1 1 1,"[0, 1, 2, 5, 8]"
15,2,0.002954646181119811,3 2  1 1 1,"[0, 1, 2, 4, 7]"
15,2,0.002588326646822829,3 2  1 1 1,"[0, 1, 2, 4, 10]"
15,2,0.0024295432458697765,3 2  1 1 1,"[0, 1, 2, 5, 11]"
15,2,0.00242306760358614,3 2  1 1 1,"[0, 1, 2, 6, 9]"
