14,3,0.02877697841726619,4 2  1 1 0 1,"[0, 1, 2, 4, 7]"
14,3,0.01936108422071636,4 2  1 1 0 1,"[0, 1, 2, 6, 8]"
14,3,0.014545454545454545,4 2  1 0 1 1,"[0, 1, 2, 6, 7]"
14,3,0.018779342723004695,4 2  1 1 0 1,"[0, 1, 2, 7, 11]"
14,3,0.021645021645021644,4 2  1 0 1 1,"[0, 1, 2, 3, 8]"
14,3,0.020161290322580645,4 2  1 1 0 1,"[0, 1, 2, 3, 9]"
14,3,0.019417475728155338,4 2  1 0 1 1,"[0, 1, 2, 8, 10]"
14,3,0.024213075060532687,4 2  1 0 1 1,"[0, 1, 2, 5, 9]"
14,3,0.026420079260237782,4 2  1 0 1 1,"[0, 1, 2, 7, 13]"
14,3,0.019704433497536946,4 2  1 1 0 1,"[0, 1, 2, 8, 13]"
