99,10,0,11 2  1 0 0 1 0 1 0 1 0 0 1,"[0, 1, 2, 20, 48]"
99,10,0,11 2  1 1 0 0 0 1 0 0 0 1 1,"[0, 1, 2, 8, 27]"
99,10,0,11 2  1 1 0 0 0 1 0 0 0 1 1,"[0, 1, 2, 8, 93]"
99,10,0,11 2  1 1 0 0 0 1 0 0 0 1 1,"[0, 1, 2, 8, 60]"
99,10,0,11 2  1 0 0 1 0 1 0 1 0 0 1,"[0, 1, 2, 15, 20]"
99,10,0,11 2  1 0 0 1 0 1 0 1 0 0 1,"[0, 1, 2, 15, 53]"
99,10,0,11 2  1 0 0 1 0 1 0 1 0 0 1,"[0, 1, 2, 15, 86]"
99,10,0,11 2  1 0 0 1 0 1 0 1 0 0 1,"[0, 1, 2, 20, 81]"
99,10,0,11 2  1 1 0 0 0 1 0 0 0 1 1,"[0, 1, 2, 27, 41]"
99,10,0,11 2  1 1 0 0 0 1 0 0 0 1 1,"[0, 1, 2, 27, 74]"
99,22,0,23 2  1 0 0 0 0 0 0 0 0 0 0 1 0 0 0 0 0 0 0 0 0 0 1,"[0, 1, 11, 22, 34]"
99,22,0,23 2  1 0 0 0 0 0 0 0 0 0 0 1 0 0 0 0 0 0 0 0 0 0 1,"[0, 1, 11, 22, 67]"
99,22,0,23 2  1 0 0 0 0 0 0 0 0 0 0 1 0 0 0 0 0 0 0 0 0 0 1,"[0, 1, 11, 34, 55]"
99,22,0,23 2  1 0 0 0 0 0 0 0 0 0 0 1 0 0 0 0 0 0 0 0 0 0 1,"[0, 1, 11, 34, 88]"
99,22,0,23 2  1 0 0 0 0 0 0 0 0 0 0 1 0 0 0 0 0 0 0 0 0 0 1,"[0, 1, 11, 55, 67]"
99,30,0,31 2  1 0 0 1 0 0 0 0 0 0 0 0 0 0 0 1 0 0 0 0 0 0 0 0 0 0 0 1 0 0 1,"[0, 3, 6, 24, 81]"
99,30,0,31 2  1 0 0 0 0 0 0 0 0 1 0 0 0 0 0 1 0 0 0 0 0 1 0 0 0 0 0 0 0 0 1,"[0, 3, 6, 45, 60]"
99,30,0,31 2  1 0 0 1 0 0 0 0 0 0 0 0 0 0 0 1 0 0 0 0 0 0 0 0 0 0 0 1 0 0 1,"[0, 3, 12, 51, 90]"
99,30,0,31 2  1 0 0 1 0 0 0 0 0 0 0 0 0 0 0 1 0 0 0 0 0 0 0 0 0 0 0 1 0 0 1,"[0, 3, 15, 27, 30]"
99,30,0,31 2  1 0 0 1 0 0 0 0 0 0 0 0 0 0 0 1 0 0 0 0 0 0 0 0 0 0 0 1 0 0 1,"[0, 3, 21, 78, 96]"
99,30,0,31 2  1 0 0 0 0 0 0 0 0 1 0 0 0 0 0 1 0 0 0 0 0 1 0 0 0 0 0 0 0 0 1,"[0, 3, 30, 51, 72]"
99,30,0,31 2  1 0 0 0 0 0 0 0 0 1 0 0 0 0 0 1 0 0 0 0 0 1 0 0 0 0 0 0 0 0 1,"[0, 3, 42, 57, 96]"
99,30,0,31 2  1 0 0 1 0 0 0 0 0 0 0 0 0 0 0 1 0 0 0 0 0 0 0 0 0 0 0 1 0 0 1,"[0, 3, 72, 75, 87]"
99,30,0,31 2  1 0 0 0 0 0 0 0 0 1 0 0 0 0 0 1 0 0 0 0 0 1 0 0 0 0 0 0 0 0 1,"[0, 6, 12, 21, 90]"
99,30,0,31 2  1 0 0 0 0 0 0 0 0 1 0 0 0 0 0 1 0 0 0 0 0 1 0 0 0 0 0 0 0 0 1,"[0, 6, 15, 84, 93]"
