39,2,0.000000999999000001,3 2  1 1 1,"[0, 1, 2, 3, 6]"
39,2,0.000000999999000001,3 2  1 1 1,"[0, 1, 2, 3, 9]"
39,2,0.0000010334890232872465,3 2  1 1 1,"[0, 1, 2, 3, 12]"
39,2,0.0000010436107722130074,3 2  1 1 1,"[0, 1, 2, 3, 15]"
39,2,0.000000999999000001,3 2  1 1 1,"[0, 1, 2, 3, 18]"
39,12,0.020366598778004074,13 2  1 0 1 1 1 1 0 0 0 1 1 1 1,"[0, 1, 5, 8, 25]"
39,12,0.03597122302158273,13 2  1 0 1 1 1 1 0 0 0 1 1 1 1,"[0, 1, 6, 29, 31]"
39,12,0.033444816053511704,13 2  1 1 1 1 0 0 0 1 1 1 1 0 1,"[0, 1, 9, 11, 34]"
39,12,0.02557544757033248,13 2  1 1 1 1 0 0 0 1 1 1 1 0 1,"[0, 1, 15, 32, 35]"
39,12,0.023752969121140142,13 2  1 0 1 1 1 1 0 0 0 1 1 1 1,"[0, 2, 10, 11, 16]"
39,12,0.021574973031283712,13 2  1 0 1 1 1 1 0 0 0 1 1 1 1,"[0, 2, 12, 19, 23]"
39,12,0.023337222870478413,13 2  1 1 1 1 0 0 0 1 1 1 1 0 1,"[0, 2, 18, 22, 29]"
39,12,0.027285129604365622,13 2  1 1 1 1 0 0 0 1 1 1 1 0 1,"[0, 2, 25, 30, 31]"
39,12,0.04158004158004158,13 2  1 1 1 1 0 0 0 1 1 1 1 0 1,"[0, 3, 7, 8, 22]"
39,12,0.021119324181626188,13 2  1 0 1 1 1 1 0 0 0 1 1 1 1,"[0, 3, 20, 34, 35]"
