20,4,0,5 2  1 1 1 1 1,"[0, 1, 2, 3, 19]"
20,4,0,5 2  1 1 1 1 1,"[0, 1, 2, 3, 14]"
20,4,0,5 2  1 1 1 1 1,"[0, 1, 2, 3, 9]"
20,4,0,5 2  1 1 1 1 1,"[0, 1, 2, 4, 8]"
20,4,0,5 2  1 1 1 1 1,"[0, 1, 2, 4, 13]"
20,4,0,5 2  1 1 1 1 1,"[0, 1, 2, 4, 18]"
20,4,0,5 2  1 1 1 1 1,"[0, 1, 2, 8, 9]"
20,4,0,5 2  1 1 1 1 1,"[0, 1, 2, 8, 19]"
20,4,0,5 2  1 1 1 1 1,"[0, 1, 2, 8, 14]"
20,4,0,5 2  1 1 1 1 1,"[0, 1, 2, 9, 18]"
20,4,0,5 2  1 1 1 1 1,"[0, 1, 2, 9, 13]"
20,4,0,5 2  1 1 1 1 1,"[0, 1, 2, 13, 14]"
20,4,0,5 2  1 1 1 1 1,"[0, 1, 2, 13, 19]"
20,4,0,5 2  1 1 1 1 1,"[0, 1, 2, 14, 18]"
20,4,0,5 2  1 1 1 1 1,"[0, 1, 2, 18, 19]"
20,4,0,5 2  1 1 1 1 1,"[0, 1, 3, 4, 7]"
20,4,0,5 2  1 1 1 1 1,"[0, 1, 3, 4, 12]"
20,4,0,5 2  1 1 1 1 1,"[0, 1, 3, 4, 17]"
20,4,0,5 2  1 1 1 1 1,"[0, 1, 3, 7, 9]"
20,4,0,5 2  1 1 1 1 1,"[0, 1, 3, 7, 14]"
20,4,0,5 2  1 1 1 1 1,"[0, 1, 3, 7, 19]"
20,4,0,5 2  1 1 1 1 1,"[0, 1, 3, 9, 12]"
20,4,0,5 2  1 1 1 1 1,"[0, 1, 3, 9, 17]"
20,4,0,5 2  1 1 1 1 1,"[0, 1, 3, 12, 14]"
20,4,0,5 2  1 1 1 1 1,"[0, 1, 3, 12, 19]"
20,4,0,5 2  1 1 1 1 1,"[0, 1, 3, 14, 17]"
20,4,0,5 2  1 1 1 1 1,"[0, 1, 3, 17, 19]"
20,4,0,5 2  1 1 1 1 1,"[0, 1, 4, 7, 8]"
20,4,0,5 2  1 1 1 1 1,"[0, 1, 4, 7, 13]"
20,4,0,5 2  1 1 1 1 1,"[0, 1, 4, 8, 12]"
20,4,0,5 2  1 1 1 1 1,"[0, 1, 4, 7, 18]"
20,4,0,5 2  1 1 1 1 1,"[0, 1, 4, 8, 17]"
20,4,0,5 2  1 1 1 1 1,"[0, 1, 4, 12, 13]"
20,4,0,5 2  1 1 1 1 1,"[0, 1, 4, 12, 18]"
20,4,0,5 2  1 1 1 1 1,"[0, 1, 4, 13, 17]"
20,4,0,5 2  1 1 1 1 1,"[0, 1, 4, 17, 18]"
20,4,0,5 2  1 1 1 1 1,"[0, 1, 7, 8, 14]"
20,4,0,5 2  1 1 1 1 1,"[0, 1, 7, 8, 9]"
20,4,0,5 2  1 1 1 1 1,"[0, 1, 7, 8, 19]"
20,4,0,5 2  1 1 1 1 1,"[0, 1, 7, 9, 18]"
20,4,0,5 2  1 1 1 1 1,"[0, 1, 7, 9, 13]"
20,4,0,5 2  1 1 1 1 1,"[0, 1, 7, 13, 14]"
20,4,0,5 2  1 1 1 1 1,"[0, 1, 7, 13, 19]"
20,4,0,5 2  1 1 1 1 1,"[0, 1, 7, 14, 18]"
20,4,0,5 2  1 1 1 1 1,"[0, 1, 8, 9, 17]"
20,4,0,5 2  1 1 1 1 1,"[0, 1, 7, 18, 19]"
20,4,0,5 2  1 1 1 1 1,"[0, 1, 8, 9, 12]"
20,4,0,5 2  1 1 1 1 1,"[0, 1, 8, 12, 14]"
20,4,0,5 2  1 1 1 1 1,"[0, 1, 8, 12, 19]"
20,4,0,5 2  1 1 1 1 1,"[0, 1, 8, 14, 17]"
20,4,0,5 2  1 1 1 1 1,"[0, 1, 8, 17, 19]"
20,4,0,5 2  1 1 1 1 1,"[0, 1, 9, 12, 18]"
20,4,0,5 2  1 1 1 1 1,"[0, 1, 9, 12, 13]"
20,4,0,5 2  1 1 1 1 1,"[0, 1, 9, 13, 17]"
20,4,0,5 2  1 1 1 1 1,"[0, 1, 9, 17, 18]"
20,4,0,5 2  1 1 1 1 1,"[0, 1, 12, 13, 14]"
20,4,0,5 2  1 1 1 1 1,"[0, 1, 12, 14, 18]"
20,4,0,5 2  1 1 1 1 1,"[0, 1, 12, 13, 19]"
20,4,0,5 2  1 1 1 1 1,"[0, 1, 12, 18, 19]"
20,4,0,5 2  1 1 1 1 1,"[0, 1, 13, 14, 17]"
20,4,0,5 2  1 1 1 1 1,"[0, 1, 13, 17, 19]"
20,4,0,5 2  1 1 1 1 1,"[0, 1, 14, 17, 18]"
20,4,0,5 2  1 1 1 1 1,"[0, 1, 17, 18, 19]"
20,4,0,5 2  1 1 1 1 1,"[0, 2, 3, 4, 6]"
20,4,0,5 2  1 1 1 1 1,"[0, 2, 3, 4, 11]"
20,4,0,5 2  1 1 1 1 1,"[0, 2, 3, 4, 16]"
20,4,0,5 2  1 1 1 1 1,"[0, 2, 3, 6, 14]"
20,4,0,5 2  1 1 1 1 1,"[0, 2, 3, 6, 9]"
20,4,0,5 2  1 1 1 1 1,"[0, 2, 3, 6, 19]"
20,4,0,5 2  1 1 1 1 1,"[0, 2, 3, 9, 11]"
20,4,0,5 2  1 1 1 1 1,"[0, 2, 3, 9, 16]"
20,4,0,5 2  1 1 1 1 1,"[0, 2, 3, 11, 14]"
20,4,0,5 2  1 1 1 1 1,"[0, 2, 3, 11, 19]"
20,4,0,5 2  1 1 1 1 1,"[0, 2, 3, 14, 16]"
20,4,0,5 2  1 1 1 1 1,"[0, 2, 3, 16, 19]"
20,8,0,9 2  1 0 1 0 1 0 1 0 1,"[0, 2, 4, 6, 8]"
20,4,0,5 2  1 1 1 1 1,"[0, 2, 4, 6, 13]"
20,8,0,9 2  1 0 1 0 1 0 1 0 1,"[0, 2, 4, 6, 18]"
20,8,0,9 2  1 0 1 0 1 0 1 0 1,"[0, 2, 4, 8, 16]"
20,4,0,5 2  1 1 1 1 1,"[0, 2, 4, 8, 11]"
20,4,0,5 2  1 1 1 1 1,"[0, 2, 4, 11, 13]"
20,4,0,5 2  1 1 1 1 1,"[0, 2, 4, 11, 18]"
20,4,0,5 2  1 1 1 1 1,"[0, 2, 4, 13, 16]"
20,8,0,9 2  1 0 1 0 1 0 1 0 1,"[0, 2, 4, 16, 18]"
20,8,0,9 2  1 0 1 0 1 0 1 0 1,"[0, 2, 6, 8, 14]"
20,4,0,5 2  1 1 1 1 1,"[0, 2, 6, 8, 9]"
20,4,0,5 2  1 1 1 1 1,"[0, 2, 6, 8, 19]"
20,4,0,5 2  1 1 1 1 1,"[0, 2, 6, 9, 13]"
20,4,0,5 2  1 1 1 1 1,"[0, 2, 6, 9, 18]"
20,4,0,5 2  1 1 1 1 1,"[0, 2, 6, 13, 14]"
20,4,0,5 2  1 1 1 1 1,"[0, 2, 6, 13, 19]"
20,8,0,9 2  1 0 1 0 1 0 1 0 1,"[0, 2, 6, 14, 18]"
20,4,0,5 2  1 1 1 1 1,"[0, 2, 6, 18, 19]"
20,4,0,5 2  1 1 1 1 1,"[0, 2, 8, 9, 11]"
20,4,0,5 2  1 1 1 1 1,"[0, 2, 8, 9, 16]"
20,4,0,5 2  1 1 1 1 1,"[0, 2, 8, 11, 14]"
20,4,0,5 2  1 1 1 1 1,"[0, 2, 8, 11, 19]"
20,8,0,9 2  1 0 1 0 1 0 1 0 1,"[0, 2, 8, 14, 16]"
20,4,0,5 2  1 1 1 1 1,"[0, 2, 8, 16, 19]"
20,4,0,5 2  1 1 1 1 1,"[0, 2, 9, 11, 13]"
20,4,0,5 2  1 1 1 1 1,"[0, 2, 9, 11, 18]"
20,4,0,5 2  1 1 1 1 1,"[0, 2, 9, 13, 16]"
20,4,0,5 2  1 1 1 1 1,"[0, 2, 9, 16, 18]"
20,4,0,5 2  1 1 1 1 1,"[0, 2, 11, 13, 19]"
20,4,0,5 2  1 1 1 1 1,"[0, 2, 11, 13, 14]"
20,4,0,5 2  1 1 1 1 1,"[0, 2, 11, 14, 18]"
20,4,0,5 2  1 1 1 1 1,"[0, 2, 11, 18, 19]"
20,8,0,9 2  1 0 1 0 1 0 1 0 1,"[0, 2, 14, 16, 18]"
20,8,0,9 2  1 0 1 0 1 0 1 0 1,"[0, 4, 6, 8, 12]"
20,8,0,9 2  1 0 1 0 1 0 1 0 1,"[0, 4, 6, 12, 18]"
20,16,0,17 2  1 0 0 0 1 0 0 0 1 0 0 0 1 0 0 0 1,"[0, 4, 8, 12, 16]"
20,8,0,9 2  1 0 1 0 1 0 1 0 1,"[0, 4, 12, 16, 18]"
20,8,0,9 2  1 0 1 0 1 0 1 0 1,"[0, 6, 8, 12, 14]"
20,8,0,9 2  1 0 1 0 1 0 1 0 1,"[0, 6, 12, 14, 18]"
20,8,0,9 2  1 0 1 0 1 0 1 0 1,"[0, 8, 12, 14, 16]"
20,8,0,9 2  1 0 1 0 1 0 1 0 1,"[0, 12, 14, 16, 18]"
