27,6,0,7 2  1 0 0 1 0 0 1,"[0, 1, 3, 6, 19]"
27,6,0,7 2  1 0 0 1 0 0 1,"[0, 1, 3, 6, 10]"
27,6,0,7 2  1 0 0 1 0 0 1,"[0, 1, 3, 10, 15]"
27,6,0,7 2  1 0 0 1 0 0 1,"[0, 1, 3, 10, 24]"
27,6,0,7 2  1 0 0 1 0 0 1,"[0, 1, 3, 15, 19]"
27,6,0,7 2  1 0 0 1 0 0 1,"[0, 1, 3, 19, 24]"
27,6,0,7 2  1 0 0 1 0 0 1,"[0, 1, 4, 7, 9]"
27,6,0,7 2  1 0 0 1 0 0 1,"[0, 1, 4, 7, 18]"
27,6,0,7 2  1 0 0 1 0 0 1,"[0, 1, 4, 9, 16]"
27,6,0,7 2  1 0 0 1 0 0 1,"[0, 1, 4, 9, 25]"
27,6,0,7 2  1 0 0 1 0 0 1,"[0, 1, 4, 16, 18]"
27,6,0,7 2  1 0 0 1 0 0 1,"[0, 1, 4, 18, 25]"
27,6,0,7 2  1 0 0 1 0 0 1,"[0, 1, 6, 10, 12]"
27,6,0,7 2  1 0 0 1 0 0 1,"[0, 1, 6, 10, 21]"
27,6,0,7 2  1 0 0 1 0 0 1,"[0, 1, 6, 12, 19]"
27,6,0,7 2  1 0 0 1 0 0 1,"[0, 1, 6, 19, 21]"
27,6,0,7 2  1 0 0 1 0 0 1,"[0, 1, 7, 9, 22]"
27,6,0,7 2  1 0 0 1 0 0 1,"[0, 1, 7, 9, 13]"
27,6,0,7 2  1 0 0 1 0 0 1,"[0, 1, 7, 13, 18]"
27,6,0,7 2  1 0 0 1 0 0 1,"[0, 1, 7, 18, 22]"
27,6,0,7 2  1 0 0 1 0 0 1,"[0, 1, 9, 13, 16]"
27,6,0,7 2  1 0 0 1 0 0 1,"[0, 1, 9, 13, 25]"
27,6,0,7 2  1 0 0 1 0 0 1,"[0, 1, 9, 16, 22]"
27,6,0,7 2  1 0 0 1 0 0 1,"[0, 1, 9, 22, 25]"
27,6,0,7 2  1 0 0 1 0 0 1,"[0, 1, 10, 12, 24]"
27,6,0,7 2  1 0 0 1 0 0 1,"[0, 1, 10, 12, 15]"
27,6,0,7 2  1 0 0 1 0 0 1,"[0, 1, 10, 15, 21]"
27,6,0,7 2  1 0 0 1 0 0 1,"[0, 1, 10, 21, 24]"
27,6,0,7 2  1 0 0 1 0 0 1,"[0, 1, 12, 15, 19]"
27,6,0,7 2  1 0 0 1 0 0 1,"[0, 1, 12, 19, 24]"
27,6,0,7 2  1 0 0 1 0 0 1,"[0, 1, 13, 16, 18]"
27,6,0,7 2  1 0 0 1 0 0 1,"[0, 1, 13, 18, 25]"
27,6,0,7 2  1 0 0 1 0 0 1,"[0, 1, 15, 19, 21]"
27,6,0,7 2  1 0 0 1 0 0 1,"[0, 1, 16, 18, 22]"
27,6,0,7 2  1 0 0 1 0 0 1,"[0, 1, 18, 22, 25]"
27,6,0,7 2  1 0 0 1 0 0 1,"[0, 1, 19, 21, 24]"
27,6,0,7 2  1 0 0 1 0 0 1,"[0, 2, 3, 6, 11]"
27,6,0,7 2  1 0 0 1 0 0 1,"[0, 2, 3, 6, 20]"
27,6,0,7 2  1 0 0 1 0 0 1,"[0, 2, 3, 11, 15]"
27,6,0,7 2  1 0 0 1 0 0 1,"[0, 2, 3, 11, 24]"
27,6,0,7 2  1 0 0 1 0 0 1,"[0, 2, 3, 15, 20]"
27,6,0,7 2  1 0 0 1 0 0 1,"[0, 2, 3, 20, 24]"
27,6,0,7 2  1 0 0 1 0 0 1,"[0, 2, 5, 8, 9]"
27,6,0,7 2  1 0 0 1 0 0 1,"[0, 2, 5, 8, 18]"
27,6,0,7 2  1 0 0 1 0 0 1,"[0, 2, 5, 9, 17]"
27,6,0,7 2  1 0 0 1 0 0 1,"[0, 2, 5, 9, 26]"
27,6,0,7 2  1 0 0 1 0 0 1,"[0, 2, 5, 17, 18]"
27,6,0,7 2  1 0 0 1 0 0 1,"[0, 2, 5, 18, 26]"
27,6,0,7 2  1 0 0 1 0 0 1,"[0, 2, 6, 11, 12]"
27,6,0,7 2  1 0 0 1 0 0 1,"[0, 2, 6, 11, 21]"
27,6,0,7 2  1 0 0 1 0 0 1,"[0, 2, 6, 12, 20]"
27,6,0,7 2  1 0 0 1 0 0 1,"[0, 2, 6, 20, 21]"
27,6,0,7 2  1 0 0 1 0 0 1,"[0, 2, 8, 9, 14]"
27,6,0,7 2  1 0 0 1 0 0 1,"[0, 2, 8, 9, 23]"
27,6,0,7 2  1 0 0 1 0 0 1,"[0, 2, 8, 14, 18]"
27,6,0,7 2  1 0 0 1 0 0 1,"[0, 2, 8, 18, 23]"
27,6,0,7 2  1 0 0 1 0 0 1,"[0, 2, 9, 14, 17]"
27,6,0,7 2  1 0 0 1 0 0 1,"[0, 2, 9, 14, 26]"
27,6,0,7 2  1 0 0 1 0 0 1,"[0, 2, 9, 17, 23]"
27,6,0,7 2  1 0 0 1 0 0 1,"[0, 2, 9, 23, 26]"
27,6,0,7 2  1 0 0 1 0 0 1,"[0, 2, 11, 12, 24]"
27,6,0,7 2  1 0 0 1 0 0 1,"[0, 2, 11, 15, 21]"
27,6,0,7 2  1 0 0 1 0 0 1,"[0, 2, 11, 12, 15]"
27,6,0,7 2  1 0 0 1 0 0 1,"[0, 2, 11, 21, 24]"
27,6,0,7 2  1 0 0 1 0 0 1,"[0, 2, 12, 15, 20]"
27,6,0,7 2  1 0 0 1 0 0 1,"[0, 2, 12, 20, 24]"
27,6,0,7 2  1 0 0 1 0 0 1,"[0, 2, 14, 17, 18]"
27,6,0,7 2  1 0 0 1 0 0 1,"[0, 2, 14, 18, 26]"
27,6,0,7 2  1 0 0 1 0 0 1,"[0, 2, 15, 20, 21]"
27,6,0,7 2  1 0 0 1 0 0 1,"[0, 2, 17, 18, 23]"
27,6,0,7 2  1 0 0 1 0 0 1,"[0, 2, 18, 23, 26]"
27,6,0,7 2  1 0 0 1 0 0 1,"[0, 2, 20, 21, 24]"
27,6,0,7 2  1 0 0 1 0 0 1,"[0, 3, 4, 6, 13]"
27,6,0,7 2  1 0 0 1 0 0 1,"[0, 3, 4, 6, 22]"
27,6,0,7 2  1 0 0 1 0 0 1,"[0, 3, 4, 13, 15]"
27,6,0,7 2  1 0 0 1 0 0 1,"[0, 3, 4, 13, 24]"
27,6,0,7 2  1 0 0 1 0 0 1,"[0, 3, 4, 15, 22]"
27,6,0,7 2  1 0 0 1 0 0 1,"[0, 3, 4, 22, 24]"
27,6,0,7 2  1 0 0 1 0 0 1,"[0, 3, 5, 6, 14]"
27,6,0,7 2  1 0 0 1 0 0 1,"[0, 3, 5, 6, 23]"
27,6,0,7 2  1 0 0 1 0 0 1,"[0, 3, 5, 14, 15]"
27,6,0,7 2  1 0 0 1 0 0 1,"[0, 3, 5, 14, 24]"
27,6,0,7 2  1 0 0 1 0 0 1,"[0, 3, 5, 15, 23]"
27,6,0,7 2  1 0 0 1 0 0 1,"[0, 3, 5, 23, 24]"
27,6,0,7 2  1 0 0 1 0 0 1,"[0, 3, 6, 7, 16]"
27,6,0,7 2  1 0 0 1 0 0 1,"[0, 3, 6, 7, 25]"
27,6,0,7 2  1 0 0 1 0 0 1,"[0, 3, 6, 8, 17]"
27,6,0,7 2  1 0 0 1 0 0 1,"[0, 3, 6, 8, 26]"
27,6,0,7 2  1 0 0 1 0 0 1,"[0, 3, 6, 9, 18]"
27,6,0,7 2  1 0 0 1 0 0 1,"[0, 3, 6, 10, 19]"
27,6,0,7 2  1 0 0 1 0 0 1,"[0, 3, 6, 11, 20]"
27,6,0,7 2  1 0 0 1 0 0 1,"[0, 3, 6, 12, 21]"
27,6,0,7 2  1 0 0 1 0 0 1,"[0, 3, 6, 13, 22]"
27,6,0,7 2  1 0 0 1 0 0 1,"[0, 3, 6, 14, 23]"
27,6,0,7 2  1 0 0 1 0 0 1,"[0, 3, 6, 15, 24]"
27,6,0,7 2  1 0 0 1 0 0 1,"[0, 3, 6, 16, 25]"
27,6,0,7 2  1 0 0 1 0 0 1,"[0, 3, 6, 17, 26]"
27,6,0,7 2  1 0 0 1 0 0 1,"[0, 3, 7, 15, 16]"
27,6,0,7 2  1 0 0 1 0 0 1,"[0, 3, 7, 15, 25]"
27,6,0,7 2  1 0 0 1 0 0 1,"[0, 3, 7, 16, 24]"
