30,6,0.006697923643670462,7 2  1 1 1 1 0 0 1,"[0, 1, 2, 3, 6]"
30,6,0.006581112207963146,7 2  1 0 1 1 1 0 1,"[0, 1, 2, 3, 9]"
30,6,0.004929751047572098,7 2  1 0 0 1 1 1 1,"[0, 1, 2, 3, 12]"
30,6,0.004549590536851683,7 2  1 1 1 1 0 0 1,"[0, 1, 2, 3, 21]"
30,6,0.00583941605839416,7 2  1 0 0 1 1 1 1,"[0, 1, 2, 3, 27]"
30,8,0.04219409282700422,9 2  1 1 1 0 1 0 0 0 1,"[0, 1, 2, 4, 8]"
30,6,0.004329004329004329,7 2  1 0 1 1 1 0 1,"[0, 1, 2, 3, 24]"
30,4,0.0023479690068091102,5 2  1 1 1 1 1,"[0, 1, 2, 3, 14]"
30,4,0.004006410256410256,5 2  1 0 1 0 1,"[0, 1, 2, 4, 7]"
30,4,0.0019554165037152915,5 2  1 1 1 1 1,"[0, 1, 2, 3, 19]"
30,8,0.014388489208633094,9 2  1 1 0 0 1 0 0 1 1,"[0, 1, 2, 4, 13]"
30,4,0.002771618625277162,5 2  1 1 1 1 1,"[0, 1, 2, 3, 29]"
30,4,0.004447409384033801,5 2  1 0 1 0 1,"[0, 1, 2, 4, 19]"
30,8,0.06191950464396285,9 2  1 1 1 0 1 0 0 0 1,"[0, 1, 2, 4, 23]"
30,4,0.002294367328209246,5 2  1 1 1 1 1,"[0, 1, 2, 4, 18]"
30,4,0.003940110323089046,5 2  1 0 1 0 1,"[0, 1, 2, 4, 25]"
30,6,0.005141388174807198,7 2  1 0 1 1 1 0 1,"[0, 1, 2, 4, 28]"
30,6,0.004311273981461522,7 2  1 1 1 1 0 0 1,"[0, 1, 2, 5, 14]"
30,6,0.0055447740504574435,7 2  1 1 1 1 0 0 1,"[0, 1, 2, 5, 29]"
30,4,0.0002211044165607208,5 2  1 1 0 0 1,"[0, 1, 2, 4, 17]"
30,6,0.004572473708276178,7 2  1 1 1 1 0 0 1,"[0, 1, 2, 6, 18]"
30,4,0.0001447209418438895,5 2  1 1 0 0 1,"[0, 1, 2, 6, 7]"
30,4,0.004769854519437157,5 2  1 0 1 0 1,"[0, 1, 2, 7, 10]"
30,4,0.0056753688989784334,5 2  1 0 1 0 1,"[0, 1, 2, 7, 16]"
30,4,0.00011622973970349793,5 2  1 1 0 0 1,"[0, 1, 2, 5, 15]"
30,4,0.0014540167211922936,5 2  1 1 1 1 1,"[0, 1, 2, 8, 9]"
30,6,0.005541701302299806,7 2  1 0 1 1 1 0 1,"[0, 1, 2, 8, 14]"
30,8,0.06493506493506493,9 2  1 1 1 0 1 0 0 0 1,"[0, 1, 2, 8, 19]"
30,6,0.0036003600360036,7 2  1 0 1 1 1 0 1,"[0, 1, 2, 8, 29]"
30,8,0.05830903790087463,9 2  1 0 0 0 1 0 1 1 1,"[0, 1, 2, 9, 13]"
30,4,0.00014218177940496926,5 2  1 1 0 0 1,"[0, 1, 2, 6, 22]"
30,8,0.06944444444444445,9 2  1 0 0 0 1 0 1 1 1,"[0, 1, 2, 9, 28]"
30,4,0.00020266915274160695,5 2  1 1 0 0 1,"[0, 1, 2, 7, 21]"
30,4,0.00014017185068894466,5 2  1 0 0 1 1,"[0, 1, 2, 9, 16]"
30,6,0.00493339911198816,7 2  1 0 0 1 1 1 1,"[0, 1, 2, 11, 14]"
30,4,0.00018512176384016587,5 2  1 0 0 1 1,"[0, 1, 2, 10, 11]"
30,6,0.0049079754601227,7 2  1 0 0 1 1 1 1,"[0, 1, 2, 11, 29]"
30,4,0.00013865875387377894,5 2  1 0 0 1 1,"[0, 1, 2, 10, 26]"
30,6,0.004555808656036446,7 2  1 0 0 1 1 1 1,"[0, 1, 2, 12, 18]"
30,8,0.05747126436781609,9 2  1 0 0 0 1 0 1 1 1,"[0, 1, 2, 13, 24]"
30,8,0.0437636761487965,9 2  1 1 1 0 1 0 0 0 1,"[0, 1, 2, 19, 23]"
30,8,0.015048908954100828,9 2  1 1 0 0 1 0 0 1 1,"[0, 1, 2, 19, 28]"
30,8,0.0706713780918728,9 2  1 0 0 0 1 0 1 1 1,"[0, 1, 2, 24, 28]"
30,8,0.017196904557179708,9 2  1 0 1 1 0 1 1 1 1,"[0, 1, 3, 6, 17]"
30,8,0.0625,9 2  1 1 1 0 1 0 0 0 1,"[0, 1, 3, 7, 14]"
30,8,0.014673514306676448,9 2  1 1 1 1 0 1 1 0 1,"[0, 1, 3, 12, 17]"
30,8,0.017241379310344827,9 2  1 1 0 0 1 0 0 1 1,"[0, 1, 3, 12, 29]"
30,8,0.015163002274450341,9 2  1 1 0 0 1 0 0 1 1,"[0, 1, 3, 17, 24]"
30,8,0.017825311942959002,9 2  1 0 1 1 0 1 1 1 1,"[0, 1, 3, 23, 24]"
30,8,0.02699055330634278,9 2  1 1 0 0 1 0 0 1 1,"[0, 1, 4, 7, 8]"
30,8,0.016220600162206,9 2  1 0 1 1 0 1 1 1 1,"[0, 1, 4, 7, 26]"
30,8,0.017452006980802792,9 2  1 0 1 1 0 1 1 1 1,"[0, 1, 4, 13, 14]"
30,8,0.02032520325203252,9 2  1 1 1 1 0 1 1 0 1,"[0, 1, 5, 9, 12]"
30,10,0.39215686274509803,11 2  1 0 0 0 0 1 0 0 0 0 1,"[0, 1, 5, 10, 16]"
30,10,0.6060606060606061,11 2  1 0 0 0 0 1 0 0 0 0 1,"[0, 1, 5, 16, 25]"
30,8,0.015048908954100828,9 2  1 1 1 1 0 1 1 0 1,"[0, 1, 5, 24, 27]"
30,8,0.022002200220022004,9 2  1 1 1 1 0 1 1 0 1,"[0, 1, 6, 9, 23]"
30,12,0.5128205128205128,13 2  1 1 1 0 0 1 1 1 0 0 1 1 1,"[0, 1, 6, 11, 15]"
30,10,0.5714285714285714,11 2  1 0 0 0 0 1 0 0 0 0 1,"[0, 1, 6, 15, 26]"
30,8,0.01680672268907563,9 2  1 0 1 1 0 1 1 1 1,"[0, 1, 7, 8, 10]"
30,8,0.0176678445229682,9 2  1 1 1 1 0 1 1 0 1,"[0, 1, 7, 8, 28]"
30,8,0.056818181818181816,9 2  1 0 0 0 1 0 1 1 1,"[0, 1, 8, 12, 14]"
30,10,0.4878048780487805,11 2  1 0 0 0 0 1 0 0 0 0 1,"[0, 1, 10, 16, 20]"
30,10,0.5405405405405406,11 2  1 0 0 0 0 1 0 0 0 0 1,"[0, 1, 11, 15, 21]"
30,12,0.5555555555555556,13 2  1 1 1 0 0 1 1 1 0 0 1 1 1,"[0, 1, 16, 20, 25]"
30,8,0.17543859649122806,9 2  1 0 1 0 1 0 1 0 1,"[0, 2, 4, 6, 8]"
30,12,0.4878048780487805,13 2  1 0 1 0 1 0 1 0 0 0 0 0 1,"[0, 2, 4, 6, 12]"
30,12,0.3508771929824561,13 2  1 0 0 0 1 0 1 0 1 0 0 0 1,"[0, 2, 4, 6, 18]"
30,12,0.4878048780487805,13 2  1 0 0 0 0 0 1 0 1 0 1 0 1,"[0, 2, 4, 6, 24]"
30,8,0.19047619047619047,9 2  1 0 1 0 1 0 1 0 1,"[0, 2, 4, 6, 28]"
30,16,0.9523809523809523,17 2  1 0 1 0 1 0 0 0 1 0 0 0 0 0 0 0 1,"[0, 2, 4, 8, 16]"
30,12,0.30303030303030304,13 2  1 0 0 0 1 0 1 0 1 0 0 0 1,"[0, 2, 4, 8, 26]"
30,12,0.40816326530612246,13 2  1 0 1 0 1 0 1 0 0 0 0 0 1,"[0, 2, 4, 10, 28]"
30,8,0.06493506493506493,9 2  1 0 1 0 0 0 0 0 1,"[0, 2, 4, 12, 14]"
30,8,0.25316455696202533,9 2  1 0 1 0 1 0 1 0 1,"[0, 2, 4, 16, 18]"
30,12,0.4878048780487805,13 2  1 0 0 0 1 0 1 0 1 0 0 0 1,"[0, 2, 4, 16, 28]"
30,16,0.9090909090909091,17 2  1 0 0 0 0 0 0 0 1 0 0 0 1 0 1 0 1,"[0, 2, 4, 18, 26]"
30,8,0.10695187165775401,9 2  1 0 0 0 0 0 1 0 1,"[0, 2, 4, 20, 22]"
30,12,0.37735849056603776,13 2  1 0 0 0 0 0 1 0 1 0 1 0 1,"[0, 2, 4, 22, 28]"
30,8,0.2,9 2  1 0 1 0 1 0 1 0 1,"[0, 2, 4, 26, 28]"
30,12,0.6896551724137931,13 2  1 1 1 0 0 1 1 1 0 0 1 1 1,"[0, 2, 5, 10, 17]"
30,8,0.2247191011235955,9 2  1 0 1 0 1 0 1 0 1,"[0, 2, 6, 8, 14]"
30,8,0.06968641114982578,9 2  1 0 1 0 0 0 0 0 1,"[0, 2, 6, 10, 26]"
30,8,0.07042253521126761,9 2  1 0 1 0 0 0 0 0 1,"[0, 2, 6, 12, 20]"
30,16,0.8,17 2  1 0 1 0 1 0 0 0 1 0 0 0 0 0 0 0 1,"[0, 2, 6, 14, 28]"
30,12,0.5,13 2  1 0 1 0 1 0 1 0 0 0 0 0 1,"[0, 2, 6, 16, 18]"
30,8,0.08333333333333333,9 2  1 0 1 0 0 0 0 0 1,"[0, 2, 6, 16, 22]"
30,8,0.0851063829787234,9 2  1 0 0 0 0 0 1 0 1,"[0, 2, 6, 22, 26]"
30,12,0.38461538461538464,13 2  1 0 0 0 1 0 1 0 1 0 0 0 1,"[0, 2, 6, 24, 28]"
30,8,0.10810810810810811,9 2  1 0 0 0 0 0 1 0 1,"[0, 2, 8, 12, 18]"
30,12,0.35714285714285715,13 2  1 0 0 0 1 0 1 0 1 0 0 0 1,"[0, 2, 8, 14, 16]"
30,12,0.4166666666666667,13 2  1 0 1 0 1 0 1 0 0 0 0 0 1,"[0, 2, 8, 14, 22]"
30,12,0.4166666666666667,13 2  1 0 1 0 1 0 1 0 0 0 0 0 1,"[0, 2, 8, 26, 28]"
30,8,0.07246376811594203,9 2  1 0 0 0 0 0 1 0 1,"[0, 2, 10, 12, 14]"
30,8,0.09389671361502347,9 2  1 0 1 0 0 0 0 0 1,"[0, 2, 10, 12, 28]"
30,8,0.05830903790087463,9 2  1 0 0 0 0 0 1 0 1,"[0, 2, 10, 16, 26]"
30,12,0.6060606060606061,13 2  1 0 0 0 0 0 1 0 1 0 1 0 1,"[0, 2, 10, 18, 24]"
30,12,0.37037037037037035,13 2  1 0 0 0 0 0 1 0 1 0 1 0 1,"[0, 2, 12, 16, 18]"
30,12,0.3508771929824561,13 2  1 0 0 0 0 0 1 0 1 0 1 0 1,"[0, 2, 14, 16, 26]"
30,12,0.5882352941176471,13 2  1 1 1 0 0 1 1 1 0 0 1 1 1,"[0, 2, 15, 22, 27]"
30,16,0.9090909090909091,17 2  1 0 0 0 0 0 0 0 1 0 0 0 1 0 1 0 1,"[0, 2, 16, 24, 28]"
30,12,0.625,13 2  1 1 1 0 0 1 1 1 0 0 1 1 1,"[0, 3, 5, 18, 25]"
30,12,0.8,13 2  1 0 0 1 0 0 1 0 0 1 0 0 1,"[0, 3, 6, 9, 12]"
30,12,0.7407407407407407,13 2  1 0 0 1 0 0 1 0 0 1 0 0 1,"[0, 3, 6, 9, 27]"
30,12,0.7692307692307693,13 2  1 0 0 1 0 0 1 0 0 1 0 0 1,"[0, 3, 6, 12, 24]"
30,12,0.6896551724137931,13 2  1 0 0 1 0 0 1 0 0 1 0 0 1,"[0, 3, 6, 24, 27]"
30,12,0.7692307692307693,13 2  1 0 0 1 0 0 1 0 0 1 0 0 1,"[0, 3, 9, 12, 21]"
30,16,0.8695652173913043,17 2  1 0 0 0 0 0 0 0 1 0 0 0 1 0 1 0 1,"[0, 4, 6, 8, 22]"
30,16,0.9523809523809523,17 2  1 0 1 0 1 0 0 0 1 0 0 0 0 0 0 0 1,"[0, 4, 12, 26, 28]"
30,24,1,25 2  1 0 0 0 0 0 1 0 0 0 0 0 1 0 0 0 0 0 1 0 0 0 0 0 1,"[0, 6, 12, 18, 24]"
30,16,0.9090909090909091,17 2  1 0 0 0 0 0 0 0 1 0 0 0 1 0 1 0 1,"[0, 8, 12, 14, 16]"
30,16,0.8,17 2  1 0 1 0 1 0 0 0 1 0 0 0 0 0 0 0 1,"[0, 8, 22, 24, 26]"
30,16,0.9090909090909091,17 2  1 0 1 0 1 0 0 0 1 0 0 0 0 0 0 0 1,"[0, 14, 16, 18, 22]"
30,16,0.9090909090909091,17 2  1 0 0 0 0 0 0 0 1 0 0 0 1 0 1 0 1,"[0, 14, 22, 26, 28]"
30,4,0.0001302091810493558,5 2  1 0 0 1 1,"[0, 1, 2, 12, 17]"
30,4,0.00011905541434260576,5 2  1 0 0 1 1,"[0, 1, 2, 11, 25]"
30,2,0.0000026194563789787576,3 2  1 1 1,"[0, 1, 2, 4, 10]"
30,2,0.0000027815413577649092,3 2  1 1 1,"[0, 1, 2, 3, 15]"
30,2,0.0000021341744826360898,3 2  1 1 1,"[0, 1, 2, 3, 18]"
30,2,0.000002015585921253275,3 2  1 1 1,"[0, 1, 2, 4, 16]"
30,2,0.0000018531068169684543,3 2  1 1 1,"[0, 1, 2, 4, 22]"
