28,3,0,4 2  1 1 0 1,"[0, 1, 2, 3, 9]"
28,3,0,4 2  1 0 1 1,"[0, 1, 2, 3, 8]"
28,3,0,4 2  1 0 1 1,"[0, 1, 2, 3, 15]"
28,3,0,4 2  1 1 0 1,"[0, 1, 2, 3, 16]"
28,3,0,4 2  1 1 0 1,"[0, 1, 2, 3, 23]"
28,3,0,4 2  1 0 1 1,"[0, 1, 2, 3, 22]"
28,3,0,4 2  1 1 0 1,"[0, 1, 2, 4, 7]"
28,3,0,4 2  1 1 0 1,"[0, 1, 2, 4, 14]"
28,3,0,4 2  1 1 0 1,"[0, 1, 2, 4, 21]"
28,3,0,4 2  1 0 1 1,"[0, 1, 2, 5, 9]"
28,3,0,4 2  1 0 1 1,"[0, 1, 2, 5, 16]"
28,3,0,4 2  1 0 1 1,"[0, 1, 2, 5, 23]"
28,3,0,4 2  1 1 0 1,"[0, 1, 2, 6, 8]"
28,3,0,4 2  1 0 1 1,"[0, 1, 2, 6, 7]"
28,3,0,4 2  1 0 1 1,"[0, 1, 2, 6, 14]"
28,6,0,7 2  1 0 1 0 0 0 1,"[0, 1, 2, 6, 15]"
28,3,0,4 2  1 0 1 1,"[0, 1, 2, 6, 21]"
28,3,0,4 2  1 1 0 1,"[0, 1, 2, 6, 22]"
28,3,0,4 2  1 1 0 1,"[0, 1, 2, 7, 11]"
28,3,0,4 2  1 0 1 1,"[0, 1, 2, 7, 13]"
28,3,0,4 2  1 1 0 1,"[0, 1, 2, 7, 18]"
28,3,0,4 2  1 0 1 1,"[0, 1, 2, 7, 20]"
28,3,0,4 2  1 1 0 1,"[0, 1, 2, 7, 25]"
28,3,0,4 2  1 0 1 1,"[0, 1, 2, 7, 27]"
28,3,0,4 2  1 0 1 1,"[0, 1, 2, 8, 10]"
28,3,0,4 2  1 1 0 1,"[0, 1, 2, 8, 13]"
28,3,0,4 2  1 0 1 1,"[0, 1, 2, 8, 17]"
28,3,0,4 2  1 1 0 1,"[0, 1, 2, 8, 20]"
28,3,0,4 2  1 0 1 1,"[0, 1, 2, 8, 24]"
28,3,0,4 2  1 1 0 1,"[0, 1, 2, 8, 27]"
28,3,0,4 2  1 1 0 1,"[0, 1, 2, 9, 10]"
28,3,0,4 2  1 0 1 1,"[0, 1, 2, 9, 12]"
28,3,0,4 2  1 0 1 1,"[0, 1, 2, 9, 19]"
28,3,0,4 2  1 1 0 1,"[0, 1, 2, 9, 17]"
28,3,0,4 2  1 1 0 1,"[0, 1, 2, 9, 24]"
28,3,0,4 2  1 0 1 1,"[0, 1, 2, 9, 26]"
28,3,0,4 2  1 1 0 1,"[0, 1, 2, 10, 16]"
28,6,0,7 2  1 0 0 0 1 0 1,"[0, 1, 2, 10, 15]"
28,3,0,4 2  1 1 0 1,"[0, 1, 2, 10, 23]"
28,3,0,4 2  1 0 1 1,"[0, 1, 2, 10, 22]"
28,3,0,4 2  1 1 0 1,"[0, 1, 2, 11, 14]"
28,3,0,4 2  1 1 0 1,"[0, 1, 2, 11, 21]"
28,3,0,4 2  1 0 1 1,"[0, 1, 2, 12, 16]"
28,3,0,4 2  1 0 1 1,"[0, 1, 2, 12, 23]"
28,3,0,4 2  1 0 1 1,"[0, 1, 2, 13, 14]"
28,3,0,4 2  1 1 0 1,"[0, 1, 2, 13, 15]"
28,3,0,4 2  1 0 1 1,"[0, 1, 2, 13, 21]"
28,3,0,4 2  1 1 0 1,"[0, 1, 2, 13, 22]"
28,3,0,4 2  1 1 0 1,"[0, 1, 2, 14, 18]"
28,3,0,4 2  1 1 0 1,"[0, 1, 2, 14, 25]"
28,3,0,4 2  1 0 1 1,"[0, 1, 2, 14, 20]"
28,3,0,4 2  1 0 1 1,"[0, 1, 2, 14, 27]"
28,3,0,4 2  1 0 1 1,"[0, 1, 2, 15, 17]"
28,6,0,7 2  1 0 1 0 0 0 1,"[0, 1, 2, 15, 20]"
28,3,0,4 2  1 1 0 1,"[0, 1, 2, 15, 27]"
28,6,0,7 2  1 0 0 0 1 0 1,"[0, 1, 2, 15, 24]"
28,3,0,4 2  1 1 0 1,"[0, 1, 2, 16, 17]"
28,3,0,4 2  1 0 1 1,"[0, 1, 2, 16, 19]"
28,3,0,4 2  1 1 0 1,"[0, 1, 2, 16, 24]"
28,3,0,4 2  1 0 1 1,"[0, 1, 2, 16, 26]"
28,3,0,4 2  1 0 1 1,"[0, 1, 2, 17, 22]"
28,3,0,4 2  1 1 0 1,"[0, 1, 2, 17, 23]"
28,3,0,4 2  1 1 0 1,"[0, 1, 2, 18, 21]"
28,3,0,4 2  1 0 1 1,"[0, 1, 2, 19, 23]"
28,3,0,4 2  1 0 1 1,"[0, 1, 2, 20, 21]"
28,3,0,4 2  1 1 0 1,"[0, 1, 2, 20, 22]"
28,3,0,4 2  1 1 0 1,"[0, 1, 2, 21, 25]"
28,3,0,4 2  1 0 1 1,"[0, 1, 2, 21, 27]"
28,3,0,4 2  1 0 1 1,"[0, 1, 2, 22, 24]"
28,3,0,4 2  1 1 0 1,"[0, 1, 2, 23, 24]"
28,3,0,4 2  1 1 0 1,"[0, 1, 2, 22, 27]"
28,3,0,4 2  1 0 1 1,"[0, 1, 2, 23, 26]"
28,3,0,4 2  1 0 1 1,"[0, 1, 3, 4, 7]"
28,3,0,4 2  1 1 0 1,"[0, 1, 3, 4, 11]"
28,3,0,4 2  1 0 1 1,"[0, 1, 3, 4, 14]"
28,3,0,4 2  1 1 0 1,"[0, 1, 3, 4, 18]"
28,3,0,4 2  1 1 0 1,"[0, 1, 3, 4, 25]"
28,3,0,4 2  1 0 1 1,"[0, 1, 3, 4, 21]"
28,3,0,4 2  1 0 1 1,"[0, 1, 3, 5, 10]"
28,3,0,4 2  1 1 0 1,"[0, 1, 3, 5, 12]"
28,3,0,4 2  1 0 1 1,"[0, 1, 3, 5, 17]"
28,3,0,4 2  1 1 0 1,"[0, 1, 3, 5, 19]"
28,3,0,4 2  1 0 1 1,"[0, 1, 3, 5, 24]"
28,3,0,4 2  1 1 0 1,"[0, 1, 3, 5, 26]"
28,3,0,4 2  1 1 0 1,"[0, 1, 3, 6, 13]"
28,3,0,4 2  1 1 0 1,"[0, 1, 3, 6, 20]"
28,3,0,4 2  1 1 0 1,"[0, 1, 3, 6, 27]"
28,3,0,4 2  1 0 1 1,"[0, 1, 3, 7, 11]"
28,6,0,7 2  1 0 1 0 0 0 1,"[0, 1, 3, 7, 14]"
28,3,0,4 2  1 0 1 1,"[0, 1, 3, 7, 18]"
28,3,0,4 2  1 1 0 1,"[0, 1, 3, 7, 21]"
28,3,0,4 2  1 0 1 1,"[0, 1, 3, 7, 25]"
28,3,0,4 2  1 0 1 1,"[0, 1, 3, 8, 9]"
28,3,0,4 2  1 1 0 1,"[0, 1, 3, 8, 15]"
28,3,0,4 2  1 0 1 1,"[0, 1, 3, 8, 16]"
28,3,0,4 2  1 1 0 1,"[0, 1, 3, 8, 22]"
28,3,0,4 2  1 0 1 1,"[0, 1, 3, 8, 23]"
28,3,0,4 2  1 0 1 1,"[0, 1, 3, 9, 15]"
28,3,0,4 2  1 1 0 1,"[0, 1, 3, 9, 16]"
28,3,0,4 2  1 1 0 1,"[0, 1, 3, 9, 23]"
28,3,0,4 2  1 0 1 1,"[0, 1, 3, 9, 22]"
28,3,0,4 2  1 0 1 1,"[0, 1, 3, 10, 12]"
28,3,0,4 2  1 1 0 1,"[0, 1, 3, 10, 17]"
28,3,0,4 2  1 0 1 1,"[0, 1, 3, 10, 19]"
28,3,0,4 2  1 0 1 1,"[0, 1, 3, 10, 26]"
28,3,0,4 2  1 1 0 1,"[0, 1, 3, 10, 24]"
28,6,0,7 2  1 0 0 0 1 0 1,"[0, 1, 3, 11, 14]"
28,3,0,4 2  1 0 1 1,"[0, 1, 3, 11, 21]"
28,3,0,4 2  1 1 0 1,"[0, 1, 3, 11, 18]"
28,3,0,4 2  1 1 0 1,"[0, 1, 3, 11, 25]"
28,3,0,4 2  1 1 0 1,"[0, 1, 3, 12, 19]"
28,3,0,4 2  1 0 1 1,"[0, 1, 3, 12, 17]"
28,3,0,4 2  1 1 0 1,"[0, 1, 3, 12, 26]"
28,3,0,4 2  1 0 1 1,"[0, 1, 3, 12, 24]"
28,3,0,4 2  1 1 0 1,"[0, 1, 3, 13, 20]"
28,3,0,4 2  1 1 0 1,"[0, 1, 3, 13, 27]"
28,3,0,4 2  1 0 1 1,"[0, 1, 3, 14, 18]"
28,6,0,7 2  1 0 1 0 0 0 1,"[0, 1, 3, 14, 21]"
28,6,0,7 2  1 0 0 0 1 0 1,"[0, 1, 3, 14, 25]"
28,3,0,4 2  1 0 1 1,"[0, 1, 3, 15, 16]"
28,3,0,4 2  1 0 1 1,"[0, 1, 3, 15, 23]"
28,3,0,4 2  1 1 0 1,"[0, 1, 3, 15, 22]"
28,3,0,4 2  1 0 1 1,"[0, 1, 3, 16, 22]"
28,3,0,4 2  1 1 0 1,"[0, 1, 3, 16, 23]"
28,3,0,4 2  1 0 1 1,"[0, 1, 3, 17, 19]"
28,3,0,4 2  1 1 0 1,"[0, 1, 3, 17, 24]"
28,3,0,4 2  1 0 1 1,"[0, 1, 3, 17, 26]"
28,3,0,4 2  1 0 1 1,"[0, 1, 3, 18, 21]"
28,3,0,4 2  1 1 0 1,"[0, 1, 3, 18, 25]"
28,3,0,4 2  1 0 1 1,"[0, 1, 3, 19, 24]"
28,3,0,4 2  1 1 0 1,"[0, 1, 3, 19, 26]"
28,3,0,4 2  1 1 0 1,"[0, 1, 3, 20, 27]"
28,3,0,4 2  1 0 1 1,"[0, 1, 3, 21, 25]"
28,3,0,4 2  1 0 1 1,"[0, 1, 3, 22, 23]"
28,3,0,4 2  1 0 1 1,"[0, 1, 3, 24, 26]"
28,3,0,4 2  1 1 0 1,"[0, 1, 4, 5, 8]"
28,3,0,4 2  1 0 1 1,"[0, 1, 4, 5, 11]"
28,3,0,4 2  1 1 0 1,"[0, 1, 4, 5, 15]"
28,3,0,4 2  1 0 1 1,"[0, 1, 4, 5, 18]"
28,3,0,4 2  1 0 1 1,"[0, 1, 4, 5, 25]"
28,3,0,4 2  1 1 0 1,"[0, 1, 4, 5, 22]"
28,3,0,4 2  1 0 1 1,"[0, 1, 4, 6, 8]"
28,6,0,7 2  1 0 0 0 1 0 1,"[0, 1, 4, 6, 15]"
28,3,0,4 2  1 0 1 1,"[0, 1, 4, 6, 22]"
28,3,0,4 2  1 0 1 1,"[0, 1, 4, 7, 10]"
28,3,0,4 2  1 1 0 1,"[0, 1, 4, 7, 9]"
28,3,0,4 2  1 1 0 1,"[0, 1, 4, 7, 16]"
28,3,0,4 2  1 0 1 1,"[0, 1, 4, 7, 17]"
28,3,0,4 2  1 1 0 1,"[0, 1, 4, 7, 23]"
28,3,0,4 2  1 0 1 1,"[0, 1, 4, 7, 24]"
28,3,0,4 2  1 1 0 1,"[0, 1, 4, 8, 12]"
28,3,0,4 2  1 0 1 1,"[0, 1, 4, 8, 13]"
28,3,0,4 2  1 0 1 1,"[0, 1, 4, 8, 20]"
28,3,0,4 2  1 1 0 1,"[0, 1, 4, 8, 19]"
28,3,0,4 2  1 1 0 1,"[0, 1, 4, 8, 26]"
28,3,0,4 2  1 0 1 1,"[0, 1, 4, 8, 27]"
28,3,0,4 2  1 1 0 1,"[0, 1, 4, 9, 14]"
28,3,0,4 2  1 1 0 1,"[0, 1, 4, 9, 21]"
28,3,0,4 2  1 1 0 1,"[0, 1, 4, 10, 11]"
28,3,0,4 2  1 0 1 1,"[0, 1, 4, 10, 14]"
28,3,0,4 2  1 1 0 1,"[0, 1, 4, 10, 18]"
28,3,0,4 2  1 0 1 1,"[0, 1, 4, 10, 21]"
28,3,0,4 2  1 1 0 1,"[0, 1, 4, 10, 25]"
28,3,0,4 2  1 0 1 1,"[0, 1, 4, 11, 12]"
28,3,0,4 2  1 1 0 1,"[0, 1, 4, 11, 17]"
28,3,0,4 2  1 1 0 1,"[0, 1, 4, 11, 24]"
28,3,0,4 2  1 0 1 1,"[0, 1, 4, 11, 26]"
28,6,0,7 2  1 0 1 0 0 0 1,"[0, 1, 4, 12, 15]"
28,3,0,4 2  1 0 1 1,"[0, 1, 4, 12, 18]"
28,3,0,4 2  1 1 0 1,"[0, 1, 4, 12, 22]"
28,3,0,4 2  1 0 1 1,"[0, 1, 4, 12, 25]"
28,3,0,4 2  1 0 1 1,"[0, 1, 4, 13, 22]"
28,3,0,4 2  1 0 1 1,"[0, 1, 4, 11, 19]"
28,3,0,4 2  1 0 1 1,"[0, 1, 4, 14, 17]"
28,3,0,4 2  1 1 0 1,"[0, 1, 4, 14, 16]"
28,3,0,4 2  1 1 0 1,"[0, 1, 4, 14, 23]"
28,3,0,4 2  1 0 1 1,"[0, 1, 4, 14, 24]"
28,3,0,4 2  1 1 0 1,"[0, 1, 4, 15, 19]"
28,6,0,7 2  1 0 0 0 1 0 1,"[0, 1, 4, 15, 20]"
28,6,0,7 2  1 0 1 0 0 0 1,"[0, 1, 4, 15, 26]"
28,3,0,4 2  1 0 1 1,"[0, 1, 4, 15, 27]"
28,3,0,4 2  1 1 0 1,"[0, 1, 4, 16, 21]"
28,3,0,4 2  1 0 1 1,"[0, 1, 4, 13, 15]"
28,3,0,4 2  1 1 0 1,"[0, 1, 4, 17, 18]"
28,3,0,4 2  1 0 1 1,"[0, 1, 4, 17, 21]"
28,3,0,4 2  1 1 0 1,"[0, 1, 4, 17, 25]"
28,3,0,4 2  1 0 1 1,"[0, 1, 4, 18, 19]"
28,3,0,4 2  1 1 0 1,"[0, 1, 4, 18, 24]"
28,3,0,4 2  1 0 1 1,"[0, 1, 4, 18, 26]"
28,3,0,4 2  1 1 0 1,"[0, 1, 4, 19, 22]"
28,3,0,4 2  1 0 1 1,"[0, 1, 4, 19, 25]"
28,3,0,4 2  1 0 1 1,"[0, 1, 4, 20, 22]"
28,3,0,4 2  1 1 0 1,"[0, 1, 4, 21, 23]"
28,3,0,4 2  1 0 1 1,"[0, 1, 4, 21, 24]"
28,3,0,4 2  1 1 0 1,"[0, 1, 4, 22, 26]"
28,3,0,4 2  1 0 1 1,"[0, 1, 4, 22, 27]"
28,3,0,4 2  1 1 0 1,"[0, 1, 4, 24, 25]"
28,3,0,4 2  1 0 1 1,"[0, 1, 4, 25, 26]"
28,3,0,4 2  1 1 0 1,"[0, 1, 5, 6, 7]"
28,3,0,4 2  1 0 1 1,"[0, 1, 5, 6, 13]"
28,3,0,4 2  1 1 0 1,"[0, 1, 5, 6, 14]"
28,3,0,4 2  1 0 1 1,"[0, 1, 5, 6, 20]"
28,3,0,4 2  1 1 0 1,"[0, 1, 5, 6, 21]"
28,3,0,4 2  1 0 1 1,"[0, 1, 5, 6, 27]"
28,3,0,4 2  1 1 0 1,"[0, 1, 5, 7, 13]"
28,9,0,10 2  1 0 1 1 1 0 0 1 1 1,"[0, 1, 5, 7, 14]"
28,3,0,4 2  1 1 0 1,"[0, 1, 5, 7, 20]"
28,3,0,4 2  1 0 1 1,"[0, 1, 5, 7, 21]"
28,3,0,4 2  1 1 0 1,"[0, 1, 5, 7, 27]"
28,3,0,4 2  1 1 0 1,"[0, 1, 5, 8, 11]"
28,3,0,4 2  1 1 0 1,"[0, 1, 5, 8, 18]"
28,3,0,4 2  1 1 0 1,"[0, 1, 5, 8, 25]"
28,3,0,4 2  1 1 0 1,"[0, 1, 5, 10, 12]"
28,6,0,7 2  1 0 1 0 0 0 1,"[0, 1, 5, 13, 14]"
28,6,0,7 2  1 0 0 0 1 0 1,"[0, 1, 5, 14, 21]"
28,6,0,7 2  1 0 1 0 0 0 1,"[0, 1, 5, 14, 27]"
28,6,0,7 2  1 0 0 0 1 0 1,"[0, 1, 6, 15, 18]"
28,6,0,7 2  1 0 1 0 0 0 1,"[0, 1, 6, 15, 16]"
28,9,0,10 2  1 1 1 0 0 1 1 1 0 1,"[0, 1, 7, 14, 17]"
28,6,0,7 2  1 0 0 0 1 0 1,"[0, 1, 7, 14, 19]"
28,6,0,7 2  1 0 1 0 0 0 1,"[0, 1, 8, 10, 15]"
28,6,0,7 2  1 0 0 0 1 0 1,"[0, 1, 8, 12, 15]"
28,6,0,7 2  1 0 1 0 0 0 1,"[0, 1, 8, 15, 24]"
28,6,0,7 2  1 0 0 0 1 0 1,"[0, 1, 8, 15, 26]"
28,6,0,7 2  1 0 1 0 0 0 1,"[0, 1, 9, 11, 14]"
28,6,0,7 2  1 0 0 0 1 0 1,"[0, 1, 9, 13, 14]"
28,6,0,7 2  1 0 0 0 1 0 1,"[0, 1, 9, 14, 27]"
28,6,0,7 2  1 0 1 0 0 0 1,"[0, 1, 9, 14, 25]"
28,6,0,7 2  1 0 0 0 1 0 1,"[0, 1, 10, 15, 16]"
28,6,0,7 2  1 0 1 0 0 0 1,"[0, 1, 10, 15, 22]"
28,6,0,7 2  1 0 0 0 1 0 1,"[0, 1, 11, 14, 17]"
28,6,0,7 2  1 0 1 0 0 0 1,"[0, 1, 11, 14, 23]"
28,6,0,7 2  1 0 1 0 0 0 1,"[0, 1, 12, 15, 18]"
28,9,0,10 2  1 0 1 1 1 0 0 1 1 1,"[0, 1, 12, 15, 22]"
28,6,0,7 2  1 0 1 0 0 0 1,"[0, 1, 13, 14, 19]"
28,6,0,7 2  1 0 0 0 1 0 1,"[0, 1, 13, 14, 23]"
28,6,0,7 2  1 0 1 0 0 0 1,"[0, 1, 14, 17, 21]"
28,6,0,7 2  1 0 0 0 1 0 1,"[0, 1, 14, 17, 25]"
28,6,0,7 2  1 0 0 0 1 0 1,"[0, 1, 14, 19, 21]"
28,6,0,7 2  1 0 1 0 0 0 1,"[0, 1, 14, 19, 27]"
28,6,0,7 2  1 0 0 0 1 0 1,"[0, 1, 14, 23, 27]"
28,6,0,7 2  1 0 1 0 0 0 1,"[0, 1, 14, 23, 25]"
28,6,0,7 2  1 0 1 0 0 0 1,"[0, 1, 15, 16, 20]"
28,6,0,7 2  1 0 0 0 1 0 1,"[0, 1, 15, 16, 24]"
28,6,0,7 2  1 0 0 0 1 0 1,"[0, 1, 15, 18, 20]"
28,6,0,7 2  1 0 1 0 0 0 1,"[0, 1, 15, 18, 26]"
28,9,0,10 2  1 1 1 0 0 1 1 1 0 1,"[0, 1, 15, 22, 24]"
28,6,0,7 2  1 0 0 0 1 0 1,"[0, 1, 15, 22, 26]"
28,6,0,7 2  1 0 1 0 0 0 1,"[0, 2, 3, 6, 17]"
28,6,0,7 2  1 0 0 0 1 0 1,"[0, 2, 3, 10, 17]"
28,6,0,7 2  1 0 1 0 0 0 1,"[0, 2, 3, 17, 20]"
28,6,0,7 2  1 0 0 0 1 0 1,"[0, 2, 3, 17, 24]"
28,6,0,7 2  1 0 0 0 1 0 1,"[0, 2, 4, 6, 16]"
28,6,0,7 2  1 0 1 0 0 0 1,"[0, 2, 4, 6, 18]"
28,6,0,7 2  1 0 1 0 0 0 1,"[0, 2, 4, 8, 14]"
28,6,0,7 2  1 0 0 0 1 0 1,"[0, 2, 4, 10, 18]"
28,6,0,7 2  1 0 0 0 1 0 1,"[0, 2, 4, 12, 14]"
28,6,0,7 2  1 0 1 0 0 0 1,"[0, 2, 4, 12, 16]"
28,6,0,7 2  1 0 1 0 0 0 1,"[0, 2, 4, 14, 22]"
28,6,0,7 2  1 0 0 0 1 0 1,"[0, 2, 4, 14, 26]"
28,6,0,7 2  1 0 0 0 1 0 1,"[0, 2, 4, 16, 20]"
28,6,0,7 2  1 0 1 0 0 0 1,"[0, 2, 4, 16, 26]"
28,6,0,7 2  1 0 1 0 0 0 1,"[0, 2, 4, 18, 20]"
28,6,0,7 2  1 0 0 0 1 0 1,"[0, 2, 4, 18, 24]"
28,6,0,7 2  1 0 1 0 0 0 1,"[0, 2, 5, 6, 19]"
28,6,0,7 2  1 0 0 0 1 0 1,"[0, 2, 5, 10, 19]"
28,6,0,7 2  1 0 1 0 0 0 1,"[0, 2, 5, 19, 20]"
28,6,0,7 2  1 0 0 0 1 0 1,"[0, 2, 5, 19, 24]"
28,9,0,10 2  1 1 1 0 0 1 1 1 0 1,"[0, 2, 6, 7, 21]"
28,6,0,7 2  1 0 0 0 1 0 1,"[0, 2, 6, 8, 14]"
28,6,0,7 2  1 0 1 0 0 0 1,"[0, 2, 6, 8, 22]"
28,6,0,7 2  1 0 1 0 0 0 1,"[0, 2, 6, 9, 23]"
28,6,0,7 2  1 0 0 0 1 0 1,"[0, 2, 6, 10, 20]"
28,6,0,7 2  1 0 1 0 0 0 1,"[0, 2, 6, 10, 24]"
28,6,0,7 2  1 0 1 0 0 0 1,"[0, 2, 6, 11, 25]"
28,6,0,7 2  1 0 1 0 0 0 1,"[0, 2, 6, 12, 26]"
28,6,0,7 2  1 0 1 0 0 0 1,"[0, 2, 6, 13, 27]"
28,6,0,7 2  1 0 0 0 1 0 1,"[0, 2, 6, 14, 22]"
28,6,0,7 2  1 0 0 0 1 0 1,"[0, 2, 6, 16, 18]"
28,6,0,7 2  1 0 0 0 1 0 1,"[0, 2, 6, 20, 24]"
28,9,0,10 2  1 0 1 1 1 0 0 1 1 1,"[0, 2, 7, 10, 21]"
28,6,0,7 2  1 0 1 0 0 0 1,"[0, 2, 7, 20, 21]"
28,6,0,7 2  1 0 0 0 1 0 1,"[0, 2, 7, 21, 24]"
28,6,0,7 2  1 0 1 0 0 0 1,"[0, 2, 8, 10, 16]"
28,6,0,7 2  1 0 0 0 1 0 1,"[0, 2, 8, 10, 22]"
28,6,0,7 2  1 0 0 0 1 0 1,"[0, 2, 8, 12, 16]"
28,6,0,7 2  1 0 1 0 0 0 1,"[0, 2, 8, 14, 18]"
28,6,0,7 2  1 0 0 0 1 0 1,"[0, 2, 8, 14, 20]"
28,6,0,7 2  1 0 1 0 0 0 1,"[0, 2, 8, 16, 24]"
28,6,0,7 2  1 0 0 0 1 0 1,"[0, 2, 8, 16, 26]"
28,6,0,7 2  1 0 1 0 0 0 1,"[0, 2, 8, 20, 22]"
28,6,0,7 2  1 0 0 0 1 0 1,"[0, 2, 8, 22, 24]"
28,6,0,7 2  1 0 0 0 1 0 1,"[0, 2, 9, 10, 23]"
28,9,0,10 2  1 1 1 0 0 1 1 1 0 1,"[0, 2, 9, 20, 23]"
28,9,0,10 2  1 0 1 1 1 0 0 1 1 1,"[0, 2, 9, 23, 24]"
28,6,0,7 2  1 0 1 0 0 0 1,"[0, 2, 10, 12, 14]"
28,6,0,7 2  1 0 0 0 1 0 1,"[0, 2, 10, 11, 25]"
28,6,0,7 2  1 0 0 0 1 0 1,"[0, 2, 10, 12, 26]"
28,6,0,7 2  1 0 0 0 1 0 1,"[0, 2, 10, 13, 27]"
28,6,0,7 2  1 0 1 0 0 0 1,"[0, 2, 10, 14, 26]"
28,6,0,7 2  1 0 1 0 0 0 1,"[0, 2, 10, 16, 22]"
28,6,0,7 2  1 0 1 0 0 0 1,"[0, 2, 10, 20, 24]"
28,6,0,7 2  1 0 1 0 0 0 1,"[0, 2, 11, 20, 25]"
28,6,0,7 2  1 0 0 0 1 0 1,"[0, 2, 11, 24, 25]"
28,6,0,7 2  1 0 0 0 1 0 1,"[0, 2, 12, 14, 18]"
28,6,0,7 2  1 0 1 0 0 0 1,"[0, 2, 12, 14, 24]"
28,6,0,7 2  1 0 1 0 0 0 1,"[0, 2, 12, 16, 18]"
28,6,0,7 2  1 0 0 0 1 0 1,"[0, 2, 12, 16, 22]"
28,6,0,7 2  1 0 1 0 0 0 1,"[0, 2, 12, 20, 26]"
28,6,0,7 2  1 0 0 0 1 0 1,"[0, 2, 12, 24, 26]"
28,6,0,7 2  1 0 0 0 1 0 1,"[0, 2, 13, 24, 27]"
28,6,0,7 2  1 0 1 0 0 0 1,"[0, 2, 13, 20, 27]"
28,6,0,7 2  1 0 1 0 0 0 1,"[0, 2, 14, 18, 22]"
28,6,0,7 2  1 0 0 0 1 0 1,"[0, 2, 14, 18, 26]"
28,6,0,7 2  1 0 0 0 1 0 1,"[0, 2, 14, 20, 22]"
28,6,0,7 2  1 0 1 0 0 0 1,"[0, 2, 14, 24, 26]"
28,6,0,7 2  1 0 0 0 1 0 1,"[0, 2, 16, 18, 20]"
28,6,0,7 2  1 0 1 0 0 0 1,"[0, 2, 16, 18, 26]"
28,6,0,7 2  1 0 1 0 0 0 1,"[0, 2, 16, 22, 24]"
28,6,0,7 2  1 0 0 0 1 0 1,"[0, 2, 16, 22, 26]"
28,6,0,7 2  1 0 0 0 1 0 1,"[0, 3, 4, 6, 17]"
28,6,0,7 2  1 0 1 0 0 0 1,"[0, 3, 4, 12, 17]"
28,6,0,7 2  1 0 0 0 1 0 1,"[0, 3, 4, 17, 20]"
28,6,0,7 2  1 0 1 0 0 0 1,"[0, 3, 4, 17, 26]"
28,6,0,7 2  1 0 1 0 0 0 1,"[0, 3, 5, 9, 14]"
28,6,0,7 2  1 0 0 0 1 0 1,"[0, 3, 5, 13, 14]"
28,6,0,7 2  1 0 1 0 0 0 1,"[0, 3, 5, 14, 23]"
28,6,0,7 2  1 0 0 0 1 0 1,"[0, 3, 5, 14, 27]"
28,6,0,7 2  1 0 1 0 0 0 1,"[0, 3, 6, 16, 17]"
28,6,0,7 2  1 0 0 0 1 0 1,"[0, 3, 6, 17, 18]"
28,6,0,7 2  1 0 0 0 1 0 1,"[0, 3, 7, 9, 14]"
28,6,0,7 2  1 0 1 0 0 0 1,"[0, 3, 7, 14, 15]"
28,6,0,7 2  1 0 0 0 1 0 1,"[0, 3, 7, 14, 23]"
28,9,0,10 2  1 1 1 0 0 1 1 1 0 1,"[0, 3, 8, 10, 17]"
28,6,0,7 2  1 0 0 0 1 0 1,"[0, 3, 8, 12, 17]"
28,6,0,7 2  1 0 1 0 0 0 1,"[0, 3, 8, 17, 24]"
28,6,0,7 2  1 0 0 0 1 0 1,"[0, 3, 8, 17, 26]"
28,6,0,7 2  1 0 1 0 0 0 1,"[0, 3, 9, 14, 19]"
28,6,0,7 2  1 0 0 0 1 0 1,"[0, 3, 9, 14, 21]"
28,9,0,10 2  1 0 1 1 1 0 0 1 1 1,"[0, 3, 10, 16, 17]"
28,6,0,7 2  1 0 1 0 0 0 1,"[0, 3, 10, 17, 22]"
28,6,0,7 2  1 0 1 0 0 0 1,"[0, 3, 11, 13, 14]"
28,6,0,7 2  1 0 0 0 1 0 1,"[0, 3, 11, 14, 15]"
28,6,0,7 2  1 0 1 0 0 0 1,"[0, 3, 11, 14, 27]"
28,6,0,7 2  1 0 1 0 0 0 1,"[0, 3, 12, 17, 18]"
28,6,0,7 2  1 0 0 0 1 0 1,"[0, 3, 12, 17, 22]"
28,6,0,7 2  1 0 0 0 1 0 1,"[0, 3, 13, 14, 19]"
28,6,0,7 2  1 0 1 0 0 0 1,"[0, 3, 13, 14, 25]"
28,9,0,10 2  1 1 1 0 0 1 1 1 0 1,"[0, 3, 14, 15, 21]"
28,6,0,7 2  1 0 0 0 1 0 1,"[0, 3, 14, 15, 25]"
28,6,0,7 2  1 0 1 0 0 0 1,"[0, 3, 14, 19, 23]"
28,6,0,7 2  1 0 0 0 1 0 1,"[0, 3, 14, 19, 27]"
28,9,0,10 2  1 0 1 1 1 0 0 1 1 1,"[0, 3, 14, 21, 23]"
28,6,0,7 2  1 0 1 0 0 0 1,"[0, 3, 14, 25, 27]"
28,6,0,7 2  1 0 1 0 0 0 1,"[0, 3, 16, 17, 20]"
28,6,0,7 2  1 0 0 0 1 0 1,"[0, 3, 16, 17, 24]"
28,6,0,7 2  1 0 0 0 1 0 1,"[0, 3, 17, 18, 20]"
28,6,0,7 2  1 0 1 0 0 0 1,"[0, 3, 17, 18, 26]"
28,6,0,7 2  1 0 1 0 0 0 1,"[0, 3, 17, 22, 24]"
28,6,0,7 2  1 0 0 0 1 0 1,"[0, 3, 17, 22, 26]"
28,6,0,7 2  1 0 0 0 1 0 1,"[0, 4, 5, 6, 19]"
28,6,0,7 2  1 0 1 0 0 0 1,"[0, 4, 5, 12, 19]"
28,6,0,7 2  1 0 0 0 1 0 1,"[0, 4, 5, 19, 20]"
28,9,0,10 2  1 1 1 0 0 1 1 1 0 1,"[0, 4, 5, 19, 26]"
28,6,0,7 2  1 0 0 0 1 0 1,"[0, 4, 6, 7, 21]"
28,6,0,7 2  1 0 0 0 1 0 1,"[0, 4, 6, 8, 22]"
28,6,0,7 2  1 0 0 0 1 0 1,"[0, 4, 6, 9, 23]"
28,6,0,7 2  1 0 1 0 0 0 1,"[0, 4, 6, 10, 14]"
28,6,0,7 2  1 0 0 0 1 0 1,"[0, 4, 6, 10, 24]"
28,6,0,7 2  1 0 0 0 1 0 1,"[0, 4, 6, 11, 25]"
28,6,0,7 2  1 0 1 0 0 0 1,"[0, 4, 6, 12, 20]"
28,6,0,7 2  1 0 0 0 1 0 1,"[0, 4, 6, 12, 26]"
28,9,0,10 2  1 0 1 1 1 0 0 1 1 1,"[0, 4, 6, 13, 27]"
28,6,0,7 2  1 0 1 0 0 0 1,"[0, 4, 6, 14, 24]"
28,6,0,7 2  1 0 1 0 0 0 1,"[0, 4, 6, 16, 18]"
28,6,0,7 2  1 0 1 0 0 0 1,"[0, 4, 6, 20, 26]"
28,6,0,7 2  1 0 1 0 0 0 1,"[0, 4, 7, 12, 21]"
28,6,0,7 2  1 0 0 0 1 0 1,"[0, 4, 7, 20, 21]"
28,6,0,7 2  1 0 1 0 0 0 1,"[0, 4, 7, 21, 26]"
28,6,0,7 2  1 0 0 0 1 0 1,"[0, 4, 8, 10, 14]"
28,6,0,7 2  1 0 1 0 0 0 1,"[0, 4, 8, 10, 18]"
28,6,0,7 2  1 0 0 0 1 0 1,"[0, 4, 8, 12, 18]"
28,6,0,7 2  1 0 1 0 0 0 1,"[0, 4, 8, 12, 22]"
28,6,0,7 2  1 0 1 0 0 0 1,"[0, 4, 8, 14, 16]"
28,6,0,7 2  1 0 0 0 1 0 1,"[0, 4, 8, 14, 24]"
28,6,0,7 2  1 0 1 0 0 0 1,"[0, 4, 8, 18, 24]"
28,6,0,7 2  1 0 0 0 1 0 1,"[0, 4, 8, 18, 26]"
28,6,0,7 2  1 0 0 0 1 0 1,"[0, 4, 8, 20, 22]"
28,6,0,7 2  1 0 1 0 0 0 1,"[0, 4, 8, 22, 26]"
28,6,0,7 2  1 0 1 0 0 0 1,"[0, 4, 9, 12, 23]"
28,6,0,7 2  1 0 0 0 1 0 1,"[0, 4, 9, 20, 23]"
28,6,0,7 2  1 0 1 0 0 0 1,"[0, 4, 9, 23, 26]"
28,6,0,7 2  1 0 1 0 0 0 1,"[0, 4, 10, 12, 24]"
28,6,0,7 2  1 0 1 0 0 0 1,"[0, 4, 10, 14, 20]"
28,6,0,7 2  1 0 0 0 1 0 1,"[0, 4, 10, 14, 22]"
28,6,0,7 2  1 0 0 0 1 0 1,"[0, 4, 10, 16, 18]"
28,6,0,7 2  1 0 1 0 0 0 1,"[0, 4, 10, 18, 22]"
28,6,0,7 2  1 0 0 0 1 0 1,"[0, 4, 10, 20, 24]"
28,6,0,7 2  1 0 1 0 0 0 1,"[0, 4, 10, 24, 26]"
28,6,0,7 2  1 0 1 0 0 0 1,"[0, 4, 11, 12, 25]"
28,6,0,7 2  1 0 0 0 1 0 1,"[0, 4, 11, 20, 25]"
28,6,0,7 2  1 0 1 0 0 0 1,"[0, 4, 11, 25, 26]"
28,6,0,7 2  1 0 0 0 1 0 1,"[0, 4, 12, 14, 16]"
28,6,0,7 2  1 0 1 0 0 0 1,"[0, 4, 12, 13, 27]"
28,6,0,7 2  1 0 0 0 1 0 1,"[0, 4, 12, 18, 22]"
28,6,0,7 2  1 0 0 0 1 0 1,"[0, 4, 12, 20, 26]"
28,6,0,7 2  1 0 0 0 1 0 1,"[0, 4, 13, 20, 27]"
28,6,0,7 2  1 0 1 0 0 0 1,"[0, 4, 13, 26, 27]"
28,6,0,7 2  1 0 0 0 1 0 1,"[0, 4, 14, 16, 26]"
28,6,0,7 2  1 0 1 0 0 0 1,"[0, 4, 14, 20, 24]"
28,6,0,7 2  1 0 0 0 1 0 1,"[0, 4, 14, 22, 24]"
28,6,0,7 2  1 0 1 0 0 0 1,"[0, 4, 16, 18, 20]"
28,6,0,7 2  1 0 0 0 1 0 1,"[0, 4, 16, 18, 24]"
28,6,0,7 2  1 0 1 0 0 0 1,"[0, 4, 18, 22, 24]"
28,9,0,10 2  1 1 1 0 0 1 1 1 0 1,"[0, 5, 7, 14, 25]"
28,9,0,10 2  1 0 1 1 1 0 0 1 1 1,"[0, 5, 8, 19, 26]"
28,9,0,10 2  1 0 1 1 1 0 0 1 1 1,"[0, 6, 7, 18, 21]"
28,9,0,10 2  1 1 1 0 0 1 1 1 0 1,"[0, 6, 13, 16, 27]"
28,9,0,10 2  1 1 1 0 0 1 1 1 0 1,"[0, 7, 9, 13, 14]"
28,9,0,10 2  1 0 1 1 1 0 0 1 1 1,"[0, 7, 9, 14, 17]"
28,9,0,10 2  1 1 1 0 0 1 1 1 0 1,"[0, 7, 10, 21, 22]"
28,9,0,10 2  1 0 1 1 1 0 0 1 1 1,"[0, 7, 13, 14, 25]"
28,9,0,10 2  1 1 1 0 0 1 1 1 0 1,"[0, 7, 18, 21, 26]"
28,9,0,10 2  1 0 1 1 1 0 0 1 1 1,"[0, 7, 21, 22, 26]"
28,9,0,10 2  1 1 1 0 0 1 1 1 0 1,"[0, 11, 12, 18, 25]"
28,9,0,10 2  1 1 1 0 0 1 1 1 0 1,"[0, 11, 14, 19, 21]"
28,9,0,10 2  1 0 1 1 1 0 0 1 1 1,"[0, 11, 14, 21, 27]"
28,9,0,10 2  1 0 1 1 1 0 0 1 1 1,"[0, 11, 18, 20, 25]"
28,9,0,10 2  1 0 1 1 1 0 0 1 1 1,"[0, 14, 15, 19, 21]"
28,9,0,10 2  1 1 1 0 0 1 1 1 0 1,"[0, 14, 21, 23, 27]"
