40,4,0.00010815195349465999,5 2  1 1 1 1 1,"[0, 1, 2, 3, 9]"
40,4,0.0001215908952737619,5 2  1 1 1 1 1,"[0, 1, 2, 3, 14]"
40,4,0.0001230723788660111,5 2  1 1 1 1 1,"[0, 1, 2, 3, 19]"
40,4,0.00011567982139035577,5 2  1 1 1 1 1,"[0, 1, 2, 3, 24]"
40,4,0.00011850658007785883,5 2  1 1 1 1 1,"[0, 1, 2, 3, 29]"
40,8,0.0706713780918728,9 2  1 0 1 0 1 0 1 0 1,"[0, 2, 4, 6, 8]"
40,8,0.060240963855421686,9 2  1 0 1 0 1 0 1 0 1,"[0, 2, 4, 6, 18]"
40,8,0.056179775280898875,9 2  1 0 1 0 1 0 1 0 1,"[0, 2, 4, 6, 28]"
40,8,0.05089058524173028,9 2  1 0 1 0 1 0 1 0 1,"[0, 2, 4, 6, 38]"
40,8,0.05089058524173028,9 2  1 0 1 0 1 0 1 0 1,"[0, 2, 4, 8, 16]"
40,16,0.8,17 2  1 0 0 0 1 0 0 0 1 0 0 0 1 0 0 0 1,"[0, 4, 8, 12, 16]"
40,16,0.7407407407407407,17 2  1 0 0 0 1 0 0 0 1 0 0 0 1 0 0 0 1,"[0, 4, 8, 12, 36]"
40,16,0.7692307692307693,17 2  1 0 0 0 1 0 0 0 1 0 0 0 1 0 0 0 1,"[0, 4, 8, 16, 32]"
40,16,0.8333333333333334,17 2  1 0 0 0 1 0 0 0 1 0 0 0 1 0 0 0 1,"[0, 4, 8, 32, 36]"
40,16,0.6896551724137931,17 2  1 0 0 0 1 0 0 0 1 0 0 0 1 0 0 0 1,"[0, 4, 12, 16, 28]"
40,32,1,33 2  1 0 0 0 0 0 0 0 1 0 0 0 0 0 0 0 1 0 0 0 0 0 0 0 1 0 0 0 0 0 0 0 1,"[0, 8, 16, 24, 32]"
