100,16,0,17 2  1 0 0 0 1 0 0 0 1 0 0 0 1 0 0 0 1,"[0, 4, 8, 12, 16]"
100,16,0,17 2  1 0 0 0 1 0 0 0 1 0 0 0 1 0 0 0 1,"[0, 4, 8, 12, 36]"
100,16,0,17 2  1 0 0 0 1 0 0 0 1 0 0 0 1 0 0 0 1,"[0, 4, 8, 12, 56]"
100,16,0,17 2  1 0 0 0 1 0 0 0 1 0 0 0 1 0 0 0 1,"[0, 4, 8, 12, 76]"
100,16,0,17 2  1 0 0 0 1 0 0 0 1 0 0 0 1 0 0 0 1,"[0, 4, 8, 12, 96]"
100,20,0,21 2  1 0 0 0 0 1 0 0 0 0 1 0 0 0 0 1 0 0 0 0 1,"[0, 5, 10, 15, 20]"
100,20,0,21 2  1 0 0 0 0 1 0 0 0 0 1 0 0 0 0 1 0 0 0 0 1,"[0, 5, 10, 15, 45]"
100,20,0,21 2  1 0 0 0 0 1 0 0 0 0 1 0 0 0 0 1 0 0 0 0 1,"[0, 5, 10, 15, 70]"
100,20,0,21 2  1 0 0 0 0 1 0 0 0 0 1 0 0 0 0 1 0 0 0 0 1,"[0, 5, 10, 15, 95]"
100,20,0,21 2  1 0 0 0 0 1 0 0 0 0 1 0 0 0 0 1 0 0 0 0 1,"[0, 5, 10, 20, 40]"
100,40,0,41 2  1 0 0 0 0 0 0 0 0 0 1 0 0 0 0 0 0 0 0 0 1 0 0 0 0 0 0 0 0 0 1 0 0 0 0 0 0 0 0 0 1,"[0, 10, 20, 30, 40]"
100,40,0,41 2  1 0 0 0 0 0 0 0 0 0 1 0 0 0 0 0 0 0 0 0 1 0 0 0 0 0 0 0 0 0 1 0 0 0 0 0 0 0 0 0 1,"[0, 10, 20, 30, 90]"
100,40,0,41 2  1 0 0 0 0 0 0 0 0 0 1 0 0 0 0 0 0 0 0 0 1 0 0 0 0 0 0 0 0 0 1 0 0 0 0 0 0 0 0 0 1,"[0, 10, 20, 40, 80]"
100,40,0,41 2  1 0 0 0 0 0 0 0 0 0 1 0 0 0 0 0 0 0 0 0 1 0 0 0 0 0 0 0 0 0 1 0 0 0 0 0 0 0 0 0 1,"[0, 10, 20, 80, 90]"
100,40,0,41 2  1 0 0 0 0 0 0 0 0 0 1 0 0 0 0 0 0 0 0 0 1 0 0 0 0 0 0 0 0 0 1 0 0 0 0 0 0 0 0 0 1,"[0, 10, 30, 40, 70]"
100,80,0,81 2  1 0 0 0 0 0 0 0 0 0 0 0 0 0 0 0 0 0 0 0 1 0 0 0 0 0 0 0 0 0 0 0 0 0 0 0 0 0 0 0 1 0 0 0 0 0 0 0 0 0 0 0 0 0 0 0 0 0 0 0 1 0 0 0 0 0 0 0 0 0 0 0 0 0 0 0 0 0 0 0 1,"[0, 20, 40, 60, 80]"
