80,8,0,9 2  1 0 1 0 1 0 1 0 1,"[0, 2, 4, 6, 38]"
80,8,0,9 2  1 0 1 0 1 0 1 0 1,"[0, 2, 4, 6, 48]"
80,8,0,9 2  1 0 1 0 1 0 1 0 1,"[0, 2, 4, 6, 58]"
80,8,0,9 2  1 0 1 0 1 0 1 0 1,"[0, 2, 4, 6, 78]"
80,8,0,9 2  1 0 1 0 1 0 1 0 1,"[0, 2, 4, 6, 18]"
80,8,0,9 2  1 0 1 0 1 0 1 0 1,"[0, 2, 4, 6, 28]"
80,8,0,9 2  1 0 1 0 1 0 1 0 1,"[0, 2, 4, 6, 8]"
80,8,0,9 2  1 0 1 0 1 0 1 0 1,"[0, 2, 4, 8, 16]"
80,8,0,9 2  1 0 1 0 1 0 1 0 1,"[0, 2, 4, 8, 26]"
80,8,0,9 2  1 0 1 0 1 0 1 0 1,"[0, 2, 4, 8, 36]"
80,8,0,9 2  1 0 1 0 1 0 1 0 1,"[0, 2, 4, 8, 56]"
80,8,0,9 2  1 0 1 0 1 0 1 0 1,"[0, 2, 4, 8, 66]"
80,8,0,9 2  1 0 1 0 1 0 1 0 1,"[0, 2, 4, 8, 76]"
80,8,0,9 2  1 0 1 0 1 0 1 0 1,"[0, 2, 4, 6, 68]"
80,8,0,9 2  1 0 1 0 1 0 1 0 1,"[0, 2, 4, 8, 46]"
80,8,0,9 2  1 0 1 0 1 0 1 0 1,"[0, 2, 4, 16, 18]"
80,8,0,9 2  1 0 1 0 1 0 1 0 1,"[0, 2, 4, 16, 28]"
80,8,0,9 2  1 0 1 0 1 0 1 0 1,"[0, 2, 4, 16, 38]"
80,8,0,9 2  1 0 1 0 1 0 1 0 1,"[0, 2, 4, 16, 48]"
80,8,0,9 2  1 0 1 0 1 0 1 0 1,"[0, 2, 4, 16, 58]"
80,8,0,9 2  1 0 1 0 1 0 1 0 1,"[0, 2, 4, 16, 68]"
80,8,0,9 2  1 0 1 0 1 0 1 0 1,"[0, 2, 4, 18, 26]"
80,8,0,9 2  1 0 1 0 1 0 1 0 1,"[0, 2, 4, 18, 36]"
80,8,0,9 2  1 0 1 0 1 0 1 0 1,"[0, 2, 4, 18, 46]"
80,8,0,9 2  1 0 1 0 1 0 1 0 1,"[0, 2, 4, 18, 56]"
80,8,0,9 2  1 0 1 0 1 0 1 0 1,"[0, 2, 4, 18, 66]"
80,8,0,9 2  1 0 1 0 1 0 1 0 1,"[0, 2, 4, 16, 78]"
80,8,0,9 2  1 0 1 0 1 0 1 0 1,"[0, 2, 4, 18, 76]"
80,8,0,9 2  1 0 1 0 1 0 1 0 1,"[0, 2, 4, 26, 28]"
80,8,0,9 2  1 0 1 0 1 0 1 0 1,"[0, 2, 4, 26, 38]"
80,8,0,9 2  1 0 1 0 1 0 1 0 1,"[0, 2, 4, 26, 48]"
80,8,0,9 2  1 0 1 0 1 0 1 0 1,"[0, 2, 4, 26, 58]"
80,8,0,9 2  1 0 1 0 1 0 1 0 1,"[0, 2, 4, 26, 68]"
80,8,0,9 2  1 0 1 0 1 0 1 0 1,"[0, 2, 4, 26, 78]"
80,8,0,9 2  1 0 1 0 1 0 1 0 1,"[0, 2, 4, 28, 36]"
80,8,0,9 2  1 0 1 0 1 0 1 0 1,"[0, 2, 4, 28, 46]"
80,8,0,9 2  1 0 1 0 1 0 1 0 1,"[0, 2, 4, 28, 56]"
80,8,0,9 2  1 0 1 0 1 0 1 0 1,"[0, 2, 4, 28, 66]"
80,8,0,9 2  1 0 1 0 1 0 1 0 1,"[0, 2, 4, 28, 76]"
80,8,0,9 2  1 0 1 0 1 0 1 0 1,"[0, 2, 4, 36, 38]"
80,8,0,9 2  1 0 1 0 1 0 1 0 1,"[0, 2, 4, 36, 48]"
80,8,0,9 2  1 0 1 0 1 0 1 0 1,"[0, 2, 4, 36, 58]"
80,8,0,9 2  1 0 1 0 1 0 1 0 1,"[0, 2, 4, 36, 68]"
80,8,0,9 2  1 0 1 0 1 0 1 0 1,"[0, 2, 4, 38, 46]"
80,8,0,9 2  1 0 1 0 1 0 1 0 1,"[0, 2, 4, 38, 56]"
80,8,0,9 2  1 0 1 0 1 0 1 0 1,"[0, 2, 4, 36, 78]"
80,8,0,9 2  1 0 1 0 1 0 1 0 1,"[0, 2, 4, 38, 76]"
80,8,0,9 2  1 0 1 0 1 0 1 0 1,"[0, 2, 4, 38, 66]"
80,8,0,9 2  1 0 1 0 1 0 1 0 1,"[0, 2, 4, 46, 48]"
80,8,0,9 2  1 0 1 0 1 0 1 0 1,"[0, 2, 4, 46, 58]"
80,8,0,9 2  1 0 1 0 1 0 1 0 1,"[0, 2, 4, 46, 68]"
80,8,0,9 2  1 0 1 0 1 0 1 0 1,"[0, 2, 4, 46, 78]"
80,8,0,9 2  1 0 1 0 1 0 1 0 1,"[0, 2, 4, 48, 56]"
80,8,0,9 2  1 0 1 0 1 0 1 0 1,"[0, 2, 4, 48, 76]"
80,8,0,9 2  1 0 1 0 1 0 1 0 1,"[0, 2, 4, 48, 66]"
80,8,0,9 2  1 0 1 0 1 0 1 0 1,"[0, 2, 4, 56, 58]"
80,8,0,9 2  1 0 1 0 1 0 1 0 1,"[0, 2, 4, 56, 68]"
80,8,0,9 2  1 0 1 0 1 0 1 0 1,"[0, 2, 4, 56, 78]"
80,8,0,9 2  1 0 1 0 1 0 1 0 1,"[0, 2, 4, 58, 66]"
80,8,0,9 2  1 0 1 0 1 0 1 0 1,"[0, 2, 4, 58, 76]"
80,8,0,9 2  1 0 1 0 1 0 1 0 1,"[0, 2, 4, 66, 68]"
80,8,0,9 2  1 0 1 0 1 0 1 0 1,"[0, 2, 4, 66, 78]"
80,8,0,9 2  1 0 1 0 1 0 1 0 1,"[0, 2, 4, 68, 76]"
80,8,0,9 2  1 0 1 0 1 0 1 0 1,"[0, 2, 4, 76, 78]"
80,8,0,9 2  1 0 1 0 1 0 1 0 1,"[0, 2, 6, 8, 14]"
80,8,0,9 2  1 0 1 0 1 0 1 0 1,"[0, 2, 6, 8, 24]"
80,8,0,9 2  1 0 1 0 1 0 1 0 1,"[0, 2, 6, 8, 34]"
80,8,0,9 2  1 0 1 0 1 0 1 0 1,"[0, 2, 6, 8, 44]"
80,8,0,9 2  1 0 1 0 1 0 1 0 1,"[0, 2, 6, 8, 54]"
80,8,0,9 2  1 0 1 0 1 0 1 0 1,"[0, 2, 6, 8, 64]"
80,8,0,9 2  1 0 1 0 1 0 1 0 1,"[0, 2, 6, 8, 74]"
80,8,0,9 2  1 0 1 0 1 0 1 0 1,"[0, 2, 6, 14, 18]"
80,8,0,9 2  1 0 1 0 1 0 1 0 1,"[0, 2, 6, 14, 28]"
80,8,0,9 2  1 0 1 0 1 0 1 0 1,"[0, 2, 6, 14, 38]"
80,8,0,9 2  1 0 1 0 1 0 1 0 1,"[0, 2, 6, 14, 48]"
80,8,0,9 2  1 0 1 0 1 0 1 0 1,"[0, 2, 6, 14, 58]"
80,8,0,9 2  1 0 1 0 1 0 1 0 1,"[0, 2, 6, 14, 68]"
80,8,0,9 2  1 0 1 0 1 0 1 0 1,"[0, 2, 6, 14, 78]"
80,8,0,9 2  1 0 1 0 1 0 1 0 1,"[0, 2, 6, 18, 24]"
80,8,0,9 2  1 0 1 0 1 0 1 0 1,"[0, 2, 6, 18, 34]"
80,8,0,9 2  1 0 1 0 1 0 1 0 1,"[0, 2, 6, 18, 44]"
80,8,0,9 2  1 0 1 0 1 0 1 0 1,"[0, 2, 6, 18, 54]"
80,8,0,9 2  1 0 1 0 1 0 1 0 1,"[0, 2, 6, 18, 64]"
80,8,0,9 2  1 0 1 0 1 0 1 0 1,"[0, 2, 6, 18, 74]"
80,8,0,9 2  1 0 1 0 1 0 1 0 1,"[0, 2, 6, 24, 28]"
80,8,0,9 2  1 0 1 0 1 0 1 0 1,"[0, 2, 6, 24, 38]"
80,8,0,9 2  1 0 1 0 1 0 1 0 1,"[0, 2, 6, 24, 48]"
80,8,0,9 2  1 0 1 0 1 0 1 0 1,"[0, 2, 6, 24, 58]"
80,8,0,9 2  1 0 1 0 1 0 1 0 1,"[0, 2, 6, 24, 68]"
80,8,0,9 2  1 0 1 0 1 0 1 0 1,"[0, 2, 6, 24, 78]"
80,8,0,9 2  1 0 1 0 1 0 1 0 1,"[0, 2, 6, 28, 34]"
80,8,0,9 2  1 0 1 0 1 0 1 0 1,"[0, 2, 6, 28, 44]"
80,8,0,9 2  1 0 1 0 1 0 1 0 1,"[0, 2, 6, 28, 54]"
80,8,0,9 2  1 0 1 0 1 0 1 0 1,"[0, 2, 6, 28, 64]"
80,8,0,9 2  1 0 1 0 1 0 1 0 1,"[0, 2, 6, 28, 74]"
80,8,0,9 2  1 0 1 0 1 0 1 0 1,"[0, 2, 6, 34, 38]"
80,8,0,9 2  1 0 1 0 1 0 1 0 1,"[0, 2, 6, 34, 48]"
80,8,0,9 2  1 0 1 0 1 0 1 0 1,"[0, 2, 6, 34, 58]"
80,8,0,9 2  1 0 1 0 1 0 1 0 1,"[0, 2, 6, 34, 68]"
80,8,0,9 2  1 0 1 0 1 0 1 0 1,"[0, 2, 6, 34, 78]"
80,16,0,17 2  1 0 0 0 1 0 0 0 1 0 0 0 1 0 0 0 1,"[0, 4, 8, 12, 16]"
80,16,0,17 2  1 0 0 0 1 0 0 0 1 0 0 0 1 0 0 0 1,"[0, 4, 8, 12, 36]"
80,16,0,17 2  1 0 0 0 1 0 0 0 1 0 0 0 1 0 0 0 1,"[0, 4, 8, 12, 56]"
80,16,0,17 2  1 0 0 0 1 0 0 0 1 0 0 0 1 0 0 0 1,"[0, 4, 8, 12, 76]"
80,16,0,17 2  1 0 0 0 1 0 0 0 1 0 0 0 1 0 0 0 1,"[0, 4, 8, 16, 32]"
80,16,0,17 2  1 0 0 0 1 0 0 0 1 0 0 0 1 0 0 0 1,"[0, 4, 8, 16, 52]"
80,16,0,17 2  1 0 0 0 1 0 0 0 1 0 0 0 1 0 0 0 1,"[0, 4, 8, 16, 72]"
80,16,0,17 2  1 0 0 0 1 0 0 0 1 0 0 0 1 0 0 0 1,"[0, 4, 8, 32, 36]"
80,16,0,17 2  1 0 0 0 1 0 0 0 1 0 0 0 1 0 0 0 1,"[0, 4, 8, 32, 56]"
80,16,0,17 2  1 0 0 0 1 0 0 0 1 0 0 0 1 0 0 0 1,"[0, 4, 8, 32, 76]"
80,16,0,17 2  1 0 0 0 1 0 0 0 1 0 0 0 1 0 0 0 1,"[0, 4, 8, 36, 52]"
80,16,0,17 2  1 0 0 0 1 0 0 0 1 0 0 0 1 0 0 0 1,"[0, 4, 8, 36, 72]"
80,16,0,17 2  1 0 0 0 1 0 0 0 1 0 0 0 1 0 0 0 1,"[0, 4, 8, 52, 56]"
80,16,0,17 2  1 0 0 0 1 0 0 0 1 0 0 0 1 0 0 0 1,"[0, 4, 8, 52, 76]"
80,16,0,17 2  1 0 0 0 1 0 0 0 1 0 0 0 1 0 0 0 1,"[0, 4, 8, 56, 72]"
80,16,0,17 2  1 0 0 0 1 0 0 0 1 0 0 0 1 0 0 0 1,"[0, 4, 8, 72, 76]"
80,16,0,17 2  1 0 0 0 1 0 0 0 1 0 0 0 1 0 0 0 1,"[0, 4, 12, 16, 28]"
80,16,0,17 2  1 0 0 0 1 0 0 0 1 0 0 0 1 0 0 0 1,"[0, 4, 12, 16, 48]"
80,16,0,17 2  1 0 0 0 1 0 0 0 1 0 0 0 1 0 0 0 1,"[0, 4, 12, 16, 68]"
80,16,0,17 2  1 0 0 0 1 0 0 0 1 0 0 0 1 0 0 0 1,"[0, 4, 12, 28, 36]"
80,16,0,17 2  1 0 0 0 1 0 0 0 1 0 0 0 1 0 0 0 1,"[0, 4, 12, 28, 56]"
80,16,0,17 2  1 0 0 0 1 0 0 0 1 0 0 0 1 0 0 0 1,"[0, 4, 12, 28, 76]"
80,16,0,17 2  1 0 0 0 1 0 0 0 1 0 0 0 1 0 0 0 1,"[0, 4, 12, 36, 48]"
80,16,0,17 2  1 0 0 0 1 0 0 0 1 0 0 0 1 0 0 0 1,"[0, 4, 12, 36, 68]"
80,16,0,17 2  1 0 0 0 1 0 0 0 1 0 0 0 1 0 0 0 1,"[0, 4, 12, 48, 56]"
80,16,0,17 2  1 0 0 0 1 0 0 0 1 0 0 0 1 0 0 0 1,"[0, 4, 12, 48, 76]"
80,16,0,17 2  1 0 0 0 1 0 0 0 1 0 0 0 1 0 0 0 1,"[0, 4, 12, 56, 68]"
80,16,0,17 2  1 0 0 0 1 0 0 0 1 0 0 0 1 0 0 0 1,"[0, 4, 12, 68, 76]"
80,16,0,17 2  1 0 0 0 1 0 0 0 1 0 0 0 1 0 0 0 1,"[0, 4, 16, 28, 32]"
80,16,0,17 2  1 0 0 0 1 0 0 0 1 0 0 0 1 0 0 0 1,"[0, 4, 16, 28, 52]"
80,16,0,17 2  1 0 0 0 1 0 0 0 1 0 0 0 1 0 0 0 1,"[0, 4, 16, 28, 72]"
80,16,0,17 2  1 0 0 0 1 0 0 0 1 0 0 0 1 0 0 0 1,"[0, 4, 16, 32, 48]"
80,16,0,17 2  1 0 0 0 1 0 0 0 1 0 0 0 1 0 0 0 1,"[0, 4, 16, 32, 68]"
80,16,0,17 2  1 0 0 0 1 0 0 0 1 0 0 0 1 0 0 0 1,"[0, 4, 16, 48, 52]"
80,16,0,17 2  1 0 0 0 1 0 0 0 1 0 0 0 1 0 0 0 1,"[0, 4, 16, 48, 72]"
80,16,0,17 2  1 0 0 0 1 0 0 0 1 0 0 0 1 0 0 0 1,"[0, 4, 16, 52, 68]"
80,16,0,17 2  1 0 0 0 1 0 0 0 1 0 0 0 1 0 0 0 1,"[0, 4, 16, 68, 72]"
80,16,0,17 2  1 0 0 0 1 0 0 0 1 0 0 0 1 0 0 0 1,"[0, 4, 28, 32, 36]"
80,16,0,17 2  1 0 0 0 1 0 0 0 1 0 0 0 1 0 0 0 1,"[0, 4, 28, 32, 56]"
80,16,0,17 2  1 0 0 0 1 0 0 0 1 0 0 0 1 0 0 0 1,"[0, 4, 28, 32, 76]"
80,16,0,17 2  1 0 0 0 1 0 0 0 1 0 0 0 1 0 0 0 1,"[0, 4, 28, 36, 52]"
80,16,0,17 2  1 0 0 0 1 0 0 0 1 0 0 0 1 0 0 0 1,"[0, 4, 28, 36, 72]"
80,16,0,17 2  1 0 0 0 1 0 0 0 1 0 0 0 1 0 0 0 1,"[0, 4, 28, 52, 56]"
80,16,0,17 2  1 0 0 0 1 0 0 0 1 0 0 0 1 0 0 0 1,"[0, 4, 28, 56, 72]"
80,16,0,17 2  1 0 0 0 1 0 0 0 1 0 0 0 1 0 0 0 1,"[0, 4, 28, 52, 76]"
80,16,0,17 2  1 0 0 0 1 0 0 0 1 0 0 0 1 0 0 0 1,"[0, 4, 28, 72, 76]"
80,16,0,17 2  1 0 0 0 1 0 0 0 1 0 0 0 1 0 0 0 1,"[0, 4, 32, 36, 48]"
80,16,0,17 2  1 0 0 0 1 0 0 0 1 0 0 0 1 0 0 0 1,"[0, 4, 32, 36, 68]"
80,16,0,17 2  1 0 0 0 1 0 0 0 1 0 0 0 1 0 0 0 1,"[0, 4, 32, 48, 56]"
80,16,0,17 2  1 0 0 0 1 0 0 0 1 0 0 0 1 0 0 0 1,"[0, 4, 32, 48, 76]"
80,16,0,17 2  1 0 0 0 1 0 0 0 1 0 0 0 1 0 0 0 1,"[0, 4, 32, 56, 68]"
80,16,0,17 2  1 0 0 0 1 0 0 0 1 0 0 0 1 0 0 0 1,"[0, 4, 32, 68, 76]"
80,16,0,17 2  1 0 0 0 1 0 0 0 1 0 0 0 1 0 0 0 1,"[0, 4, 36, 48, 52]"
80,16,0,17 2  1 0 0 0 1 0 0 0 1 0 0 0 1 0 0 0 1,"[0, 4, 36, 48, 72]"
80,16,0,17 2  1 0 0 0 1 0 0 0 1 0 0 0 1 0 0 0 1,"[0, 4, 36, 52, 68]"
80,16,0,17 2  1 0 0 0 1 0 0 0 1 0 0 0 1 0 0 0 1,"[0, 4, 36, 68, 72]"
80,16,0,17 2  1 0 0 0 1 0 0 0 1 0 0 0 1 0 0 0 1,"[0, 4, 48, 52, 56]"
80,16,0,17 2  1 0 0 0 1 0 0 0 1 0 0 0 1 0 0 0 1,"[0, 4, 48, 52, 76]"
80,16,0,17 2  1 0 0 0 1 0 0 0 1 0 0 0 1 0 0 0 1,"[0, 4, 48, 56, 72]"
80,16,0,17 2  1 0 0 0 1 0 0 0 1 0 0 0 1 0 0 0 1,"[0, 4, 48, 72, 76]"
80,16,0,17 2  1 0 0 0 1 0 0 0 1 0 0 0 1 0 0 0 1,"[0, 4, 52, 56, 68]"
80,16,0,17 2  1 0 0 0 1 0 0 0 1 0 0 0 1 0 0 0 1,"[0, 4, 52, 68, 76]"
80,16,0,17 2  1 0 0 0 1 0 0 0 1 0 0 0 1 0 0 0 1,"[0, 4, 56, 68, 72]"
80,16,0,17 2  1 0 0 0 1 0 0 0 1 0 0 0 1 0 0 0 1,"[0, 4, 68, 72, 76]"
80,16,0,17 2  1 0 0 0 1 0 0 0 1 0 0 0 1 0 0 0 1,"[0, 8, 12, 16, 24]"
80,16,0,17 2  1 0 0 0 1 0 0 0 1 0 0 0 1 0 0 0 1,"[0, 8, 12, 16, 44]"
80,16,0,17 2  1 0 0 0 1 0 0 0 1 0 0 0 1 0 0 0 1,"[0, 8, 12, 16, 64]"
80,16,0,17 2  1 0 0 0 1 0 0 0 1 0 0 0 1 0 0 0 1,"[0, 8, 12, 24, 36]"
80,16,0,17 2  1 0 0 0 1 0 0 0 1 0 0 0 1 0 0 0 1,"[0, 8, 12, 24, 56]"
80,16,0,17 2  1 0 0 0 1 0 0 0 1 0 0 0 1 0 0 0 1,"[0, 8, 12, 24, 76]"
80,16,0,17 2  1 0 0 0 1 0 0 0 1 0 0 0 1 0 0 0 1,"[0, 8, 12, 36, 44]"
80,16,0,17 2  1 0 0 0 1 0 0 0 1 0 0 0 1 0 0 0 1,"[0, 8, 12, 36, 64]"
80,16,0,17 2  1 0 0 0 1 0 0 0 1 0 0 0 1 0 0 0 1,"[0, 8, 12, 44, 56]"
80,16,0,17 2  1 0 0 0 1 0 0 0 1 0 0 0 1 0 0 0 1,"[0, 8, 12, 44, 76]"
80,16,0,17 2  1 0 0 0 1 0 0 0 1 0 0 0 1 0 0 0 1,"[0, 8, 12, 56, 64]"
80,16,0,17 2  1 0 0 0 1 0 0 0 1 0 0 0 1 0 0 0 1,"[0, 8, 12, 64, 76]"
80,32,0,33 2  1 0 0 0 0 0 0 0 1 0 0 0 0 0 0 0 1 0 0 0 0 0 0 0 1 0 0 0 0 0 0 0 1,"[0, 8, 16, 24, 32]"
80,16,0,17 2  1 0 0 0 1 0 0 0 1 0 0 0 1 0 0 0 1,"[0, 8, 16, 24, 52]"
80,32,0,33 2  1 0 0 0 0 0 0 0 1 0 0 0 0 0 0 0 1 0 0 0 0 0 0 0 1 0 0 0 0 0 0 0 1,"[0, 8, 16, 24, 72]"
80,16,0,17 2  1 0 0 0 1 0 0 0 1 0 0 0 1 0 0 0 1,"[0, 8, 16, 32, 44]"
80,32,0,33 2  1 0 0 0 0 0 0 0 1 0 0 0 0 0 0 0 1 0 0 0 0 0 0 0 1 0 0 0 0 0 0 0 1,"[0, 8, 16, 32, 64]"
80,16,0,17 2  1 0 0 0 1 0 0 0 1 0 0 0 1 0 0 0 1,"[0, 8, 16, 44, 52]"
80,16,0,17 2  1 0 0 0 1 0 0 0 1 0 0 0 1 0 0 0 1,"[0, 8, 16, 44, 72]"
80,16,0,17 2  1 0 0 0 1 0 0 0 1 0 0 0 1 0 0 0 1,"[0, 8, 16, 52, 64]"
80,32,0,33 2  1 0 0 0 0 0 0 0 1 0 0 0 0 0 0 0 1 0 0 0 0 0 0 0 1 0 0 0 0 0 0 0 1,"[0, 8, 16, 64, 72]"
80,16,0,17 2  1 0 0 0 1 0 0 0 1 0 0 0 1 0 0 0 1,"[0, 8, 24, 32, 36]"
80,32,0,33 2  1 0 0 0 0 0 0 0 1 0 0 0 0 0 0 0 1 0 0 0 0 0 0 0 1 0 0 0 0 0 0 0 1,"[0, 8, 24, 32, 56]"
80,16,0,17 2  1 0 0 0 1 0 0 0 1 0 0 0 1 0 0 0 1,"[0, 8, 24, 32, 76]"
80,16,0,17 2  1 0 0 0 1 0 0 0 1 0 0 0 1 0 0 0 1,"[0, 8, 24, 36, 52]"
80,16,0,17 2  1 0 0 0 1 0 0 0 1 0 0 0 1 0 0 0 1,"[0, 8, 24, 36, 72]"
80,16,0,17 2  1 0 0 0 1 0 0 0 1 0 0 0 1 0 0 0 1,"[0, 8, 24, 52, 56]"
80,16,0,17 2  1 0 0 0 1 0 0 0 1 0 0 0 1 0 0 0 1,"[0, 8, 24, 52, 76]"
80,32,0,33 2  1 0 0 0 0 0 0 0 1 0 0 0 0 0 0 0 1 0 0 0 0 0 0 0 1 0 0 0 0 0 0 0 1,"[0, 8, 24, 56, 72]"
80,16,0,17 2  1 0 0 0 1 0 0 0 1 0 0 0 1 0 0 0 1,"[0, 8, 24, 72, 76]"
80,16,0,17 2  1 0 0 0 1 0 0 0 1 0 0 0 1 0 0 0 1,"[0, 8, 32, 36, 44]"
80,16,0,17 2  1 0 0 0 1 0 0 0 1 0 0 0 1 0 0 0 1,"[0, 8, 32, 36, 64]"
80,16,0,17 2  1 0 0 0 1 0 0 0 1 0 0 0 1 0 0 0 1,"[0, 8, 32, 44, 56]"
80,16,0,17 2  1 0 0 0 1 0 0 0 1 0 0 0 1 0 0 0 1,"[0, 8, 32, 44, 76]"
80,32,0,33 2  1 0 0 0 0 0 0 0 1 0 0 0 0 0 0 0 1 0 0 0 0 0 0 0 1 0 0 0 0 0 0 0 1,"[0, 8, 32, 56, 64]"
80,16,0,17 2  1 0 0 0 1 0 0 0 1 0 0 0 1 0 0 0 1,"[0, 8, 32, 64, 76]"
80,16,0,17 2  1 0 0 0 1 0 0 0 1 0 0 0 1 0 0 0 1,"[0, 8, 36, 44, 52]"
80,16,0,17 2  1 0 0 0 1 0 0 0 1 0 0 0 1 0 0 0 1,"[0, 8, 36, 44, 72]"
80,16,0,17 2  1 0 0 0 1 0 0 0 1 0 0 0 1 0 0 0 1,"[0, 8, 36, 52, 64]"
80,16,0,17 2  1 0 0 0 1 0 0 0 1 0 0 0 1 0 0 0 1,"[0, 8, 36, 64, 72]"
80,16,0,17 2  1 0 0 0 1 0 0 0 1 0 0 0 1 0 0 0 1,"[0, 8, 44, 52, 56]"
80,16,0,17 2  1 0 0 0 1 0 0 0 1 0 0 0 1 0 0 0 1,"[0, 8, 44, 52, 76]"
80,16,0,17 2  1 0 0 0 1 0 0 0 1 0 0 0 1 0 0 0 1,"[0, 8, 44, 56, 72]"
80,32,0,33 2  1 0 0 0 0 0 0 0 1 0 0 0 0 0 0 0 1 0 0 0 0 0 0 0 1 0 0 0 0 0 0 0 1,"[0, 8, 56, 64, 72]"
80,32,0,33 2  1 0 0 0 0 0 0 0 1 0 0 0 0 0 0 0 1 0 0 0 0 0 0 0 1 0 0 0 0 0 0 0 1,"[0, 16, 24, 32, 48]"
80,32,0,33 2  1 0 0 0 0 0 0 0 1 0 0 0 0 0 0 0 1 0 0 0 0 0 0 0 1 0 0 0 0 0 0 0 1,"[0, 16, 24, 48, 72]"
80,64,0,65 2  1 0 0 0 0 0 0 0 0 0 0 0 0 0 0 0 1 0 0 0 0 0 0 0 0 0 0 0 0 0 0 0 1 0 0 0 0 0 0 0 0 0 0 0 0 0 0 0 1 0 0 0 0 0 0 0 0 0 0 0 0 0 0 0 1,"[0, 16, 32, 48, 64]"
80,32,0,33 2  1 0 0 0 0 0 0 0 1 0 0 0 0 0 0 0 1 0 0 0 0 0 0 0 1 0 0 0 0 0 0 0 1,"[0, 16, 48, 64, 72]"
80,32,0,33 2  1 0 0 0 0 0 0 0 1 0 0 0 0 0 0 0 1 0 0 0 0 0 0 0 1 0 0 0 0 0 0 0 1,"[0, 24, 32, 48, 56]"
80,32,0,33 2  1 0 0 0 0 0 0 0 1 0 0 0 0 0 0 0 1 0 0 0 0 0 0 0 1 0 0 0 0 0 0 0 1,"[0, 24, 48, 56, 72]"
80,32,0,33 2  1 0 0 0 0 0 0 0 1 0 0 0 0 0 0 0 1 0 0 0 0 0 0 0 1 0 0 0 0 0 0 0 1,"[0, 32, 48, 56, 64]"
80,32,0,33 2  1 0 0 0 0 0 0 0 1 0 0 0 0 0 0 0 1 0 0 0 0 0 0 0 1 0 0 0 0 0 0 0 1,"[0, 48, 56, 64, 72]"
