33,10,0.0425531914893617,11 2  1 1 0 0 0 1 0 0 0 1 1,"[0, 1, 2, 8, 27]"
33,10,0.03241491085899514,11 2  1 0 0 1 0 1 0 1 0 0 1,"[0, 1, 2, 15, 20]"
33,10,0.03395585738539898,11 2  1 1 0 0 0 1 0 0 0 1 1,"[0, 1, 4, 17, 30]"
33,10,0.026246719160104987,11 2  1 1 0 0 0 1 0 0 0 1 1,"[0, 1, 5, 9, 10]"
33,10,0.03442340791738382,11 2  1 1 0 0 0 1 0 0 0 1 1,"[0, 1, 7, 26, 32]"
33,10,0.04081632653061224,11 2  1 0 0 1 0 1 0 1 0 0 1,"[0, 1, 14, 19, 32]"
33,10,0.018779342723004695,11 2  1 0 0 1 0 1 0 1 0 0 1,"[0, 1, 10, 17, 24]"
33,10,0.021119324181626188,11 2  1 1 0 0 0 1 0 0 0 1 1,"[0, 1, 24, 25, 29]"
33,10,0.033112582781456956,11 2  1 0 0 1 0 1 0 1 0 0 1,"[0, 2, 4, 7, 30]"
33,10,0.017467248908296942,11 2  1 0 0 1 0 1 0 1 0 0 1,"[0, 2, 5, 28, 31]"
33,2,0.0000011976088780662306,3 2  1 1 1,"[0, 1, 2, 3, 6]"
33,2,0.0000012413989672553712,3 2  1 1 1,"[0, 1, 2, 3, 18]"
33,2,0.0000013543152886621465,3 2  1 1 1,"[0, 1, 2, 3, 24]"
33,2,0.0000012100850423566068,3 2  1 1 1,"[0, 1, 2, 3, 27]"
33,2,0.000001172955035003324,3 2  1 1 1,"[0, 1, 2, 3, 12]"
