84,12,0.004895960832313341,13 2  1 0 0 0 1 0 0 0 0 0 0 0 1,"[0, 1, 4, 12, 57]"
84,12,0.0037572797294758596,13 2  1 0 0 0 1 0 0 0 0 0 0 0 1,"[0, 1, 4, 12, 29]"
84,11,0.0006395293064304672,12 2  1 0 1 1 1 0 1 1 1 0 1 1,"[0, 1, 4, 8, 13]"
84,14,0.0006696802276912774,15 2  1 1 1 0 0 1 0 0 0 1 0 0 1 0 1,"[0, 1, 4, 13, 56]"
84,11,0.0006240249609984399,12 2  1 1 0 1 1 1 0 1 1 1 0 1,"[0, 1, 4, 8, 61]"
84,9,0.00027907625758738573,10 2  1 0 0 0 0 0 1 0 0 1,"[0, 1, 3, 15, 22]"
84,9,0.0004126348800264086,10 2  1 0 0 0 0 0 1 0 0 1,"[0, 1, 3, 22, 57]"
84,9,0.0002497596063788603,10 2  1 0 0 1 0 0 0 0 0 1,"[0, 1, 3, 9, 22]"
84,12,0.006772773450728073,13 2  1 0 0 0 0 0 0 0 1 0 0 0 1,"[0, 1, 4, 20, 29]"
84,12,0.005995203836930456,13 2  1 0 0 0 0 0 0 0 1 0 0 0 1,"[0, 1, 4, 20, 57]"
84,9,0.00024457053414204656,10 2  1 0 0 0 0 0 1 0 0 1,"[0, 1, 3, 22, 36]"
84,9,0.00022390900338102596,10 2  1 0 0 1 0 0 0 0 0 1,"[0, 1, 3, 22, 51]"
84,9,0.00018631862347800974,10 2  1 0 0 1 0 0 0 0 0 1,"[0, 1, 3, 9, 64]"
84,11,0.0008298066550493735,12 2  1 0 1 1 1 0 1 1 1 0 1 1,"[0, 1, 4, 25, 68]"
84,14,0.006740815638692282,15 2  1 1 1 0 1 1 1 0 0 0 0 0 1 1 1,"[0, 1, 4, 29, 40]"
84,12,0.004223864836325237,13 2  1 0 0 0 1 0 0 0 0 0 0 0 1,"[0, 1, 4, 29, 68]"
84,9,0.00018172401573729975,10 2  1 0 0 0 0 0 1 0 0 1,"[0, 1, 3, 15, 43]"
84,12,0.004646840148698885,13 2  1 0 0 0 0 0 0 0 1 0 0 0 1,"[0, 1, 4, 29, 48]"
84,14,0.006738544474393531,15 2  1 1 1 0 0 0 0 0 1 1 1 0 1 1 1,"[0, 1, 4, 29, 76]"
84,11,0.0006288912647003333,12 2  1 1 0 1 1 1 0 1 1 1 0 1,"[0, 1, 4, 25, 80]"
84,12,0.008771929824561403,13 2  1 0 0 0 1 0 0 0 0 0 0 0 1,"[0, 1, 4, 40, 57]"
84,9,0.00015401201293700908,10 2  1 0 0 0 0 0 1 0 0 1,"[0, 1, 3, 15, 64]"
84,9,0.00016755049553059053,10 2  1 0 0 1 0 0 0 0 0 1,"[0, 1, 3, 9, 43]"
84,11,0.0005319714863283328,12 2  1 1 0 1 1 1 0 1 1 1 0 1,"[0, 1, 4, 32, 73]"
84,9,0.00016923910100189547,10 2  1 0 0 1 0 0 0 0 0 1,"[0, 1, 3, 22, 30]"
84,12,0.0038314176245210726,13 2  1 0 0 0 0 0 0 0 1 0 0 0 1,"[0, 1, 4, 48, 57]"
84,17,0.00039706962615894696,18 2  1 1 1 0 0 0 1 0 1 1 1 0 0 0 0 0 1 1,"[0, 1, 4, 37, 56]"
84,11,0.0003964871240806455,12 2  1 0 1 1 1 0 1 1 1 0 1 1,"[0, 1, 4, 32, 61]"
84,11,0.0005372877713303245,12 2  1 1 0 1 1 1 0 1 1 1 0 1,"[0, 1, 4, 44, 49]"
84,12,0.005121638924455826,13 2  1 0 0 0 1 0 0 0 0 0 0 0 1,"[0, 1, 4, 57, 68]"
84,12,0.004972650422675286,13 2  1 0 0 0 0 0 0 0 1 0 0 0 1,"[0, 1, 4, 57, 76]"
84,11,0.0005063291139240507,12 2  1 0 1 1 1 0 1 1 1 0 1 1,"[0, 1, 4, 49, 80]"
84,11,0.0004972526789488079,12 2  1 0 1 1 1 0 1 1 1 0 1 1,"[0, 1, 4, 56, 73]"
84,12,0.00004516314055446788,13 2  1 1 0 1 1 0 0 0 0 0 1 1 1,"[0, 1, 3, 42, 53]"
84,11,0.0008158936074735855,12 2  1 1 0 1 1 1 0 1 1 1 0 1,"[0, 1, 5, 12, 45]"
84,14,0.006191950464396285,15 2  1 1 1 0 1 1 1 0 0 0 0 0 1 1 1,"[0, 1, 5, 13, 28]"
84,10,0.000049640109208240255,11 2  1 0 1 0 0 0 0 0 0 0 1,"[0, 1, 2, 10, 43]"
84,10,0.000039447109315829335,11 2  1 0 0 0 0 0 0 0 1 0 1,"[0, 1, 3, 35, 42]"
84,12,0.000030136003785082075,13 2  1 1 1 0 0 0 0 0 1 1 0 1 1,"[0, 1, 3, 42, 77]"
84,14,0.0046072333563695,15 2  1 1 1 0 0 0 0 0 1 1 1 0 1 1 1,"[0, 1, 5, 28, 49]"
84,10,0.00003704465177101219,11 2  1 0 1 0 0 0 0 0 0 0 1,"[0, 1, 4, 43, 62]"
84,10,0.00002768579939977187,11 2  1 0 0 0 0 0 0 0 1 0 1,"[0, 1, 2, 43, 76]"
84,14,0.006365372374283896,15 2  1 1 1 0 1 1 1 0 0 0 0 0 1 1 1,"[0, 1, 5, 41, 56]"
84,10,0.000029397022963484487,11 2  1 0 1 0 0 0 0 0 0 0 1,"[0, 1, 3, 11, 42]"
84,14,0.003723701359150996,15 2  1 1 1 0 0 0 0 0 1 1 1 0 1 1 1,"[0, 1, 5, 56, 77]"
84,10,0.00002807179079778626,11 2  1 0 0 0 0 0 0 0 1 0 1,"[0, 1, 4, 26, 43]"
84,10,0.000024267809842295637,11 2  1 0 1 0 0 0 0 0 0 0 1,"[0, 1, 2, 43, 52]"
84,10,0.000023674802907265797,11 2  1 0 0 0 0 0 0 0 1 0 1,"[0, 1, 2, 34, 43]"
84,10,0.000019064468406362958,11 2  1 0 1 0 0 0 0 0 0 0 1,"[0, 1, 4, 20, 43]"
84,15,0.000053845076944614956,16 2  1 1 1 1 0 1 0 1 0 0 1 1 0 0 0 1,"[0, 1, 5, 42, 63]"
84,18,0.1342281879194631,19 2  1 0 0 0 0 0 1 0 0 0 0 0 0 0 0 0 0 0 1,"[0, 1, 6, 18, 43]"
84,10,0.000020373299975450173,11 2  1 0 0 0 0 0 0 0 1 0 1,"[0, 1, 4, 43, 68]"
84,12,0.00002642884232420525,13 2  1 1 1 0 0 0 0 0 1 1 0 1 1,"[0, 1, 5, 27, 42]"
84,11,0.000012456402590931738,12 2  1 0 0 1 1 0 0 0 0 1 0 1,"[0, 1, 6, 8, 81]"
84,11,0.000006938590009124246,12 2  1 0 1 0 0 0 0 1 1 0 0 1,"[0, 1, 4, 14, 16]"
84,13,0.000006776245329896422,14 2  1 1 0 1 1 0 0 1 0 0 1 1 1 1,"[0, 1, 4, 14, 79]"
84,11,0.000008004783658714448,12 2  1 0 1 0 0 0 0 1 1 0 0 1,"[0, 1, 4, 16, 35]"
84,18,0.12121212121212122,19 2  1 0 0 0 0 0 0 0 0 0 0 0 1 0 0 0 0 0 1,"[0, 1, 6, 30, 43]"
84,11,0.000011007342447779792,12 2  1 0 0 1 1 0 0 0 0 1 0 1,"[0, 1, 6, 8, 60]"
84,18,0.08097165991902834,19 2  1 0 0 0 0 0 1 0 0 0 0 0 0 0 0 0 0 0 1,"[0, 1, 6, 43, 60]"
84,18,0.10309278350515463,19 2  1 0 0 0 0 0 0 0 0 0 0 0 1 0 0 0 0 0 1,"[0, 1, 6, 43, 72]"
84,11,0.000006584598426741898,12 2  1 0 1 0 0 0 0 1 1 0 0 1,"[0, 1, 4, 16, 77]"
84,11,0.000007759905422272713,12 2  1 0 0 1 1 0 0 0 0 1 0 1,"[0, 1, 6, 8, 18]"
84,14,0.000009312343930935933,15 2  1 0 1 0 1 1 0 1 0 1 0 0 1 1 1,"[0, 1, 6, 18, 71]"
84,11,0.000005886506390832826,12 2  1 0 1 0 0 0 0 1 1 0 0 1,"[0, 1, 4, 14, 58]"
84,16,0.07407407407407407,17 2  1 1 1 0 0 0 0 1 1 1 0 0 0 0 1 1 1,"[0, 1, 7, 14, 22]"
84,14,0.05555555555555555,15 2  1 0 0 0 0 0 0 1 0 0 0 0 0 0 1,"[0, 1, 7, 14, 43]"
84,14,0.000006392427274953,15 2  1 0 1 0 1 1 0 1 0 1 0 0 1 1 1,"[0, 1, 6, 18, 29]"
84,11,0.000005507673979847972,12 2  1 0 1 0 0 0 0 1 1 0 0 1,"[0, 1, 4, 16, 56]"
84,16,0.06349206349206349,17 2  1 1 1 0 0 0 0 1 1 1 0 0 0 0 1 1 1,"[0, 1, 7, 14, 64]"
84,11,0.000006961662472845165,12 2  1 0 0 1 1 0 0 0 0 1 0 1,"[0, 1, 6, 18, 50]"
84,13,0.0000042766651676955255,14 2  1 1 0 1 1 0 0 1 0 0 1 1 1 1,"[0, 1, 4, 56, 79]"
84,15,0.00000705394220140839,16 2  1 0 1 1 0 1 1 1 1 1 0 0 0 0 0 1,"[0, 1, 6, 29, 39]"
84,18,0.1282051282051282,19 2  1 0 0 0 0 0 1 0 0 0 0 0 0 0 0 0 0 0 1,"[0, 1, 7, 19, 42]"
84,14,0.04938271604938271,15 2  1 0 0 0 0 0 0 1 0 0 0 0 0 0 1,"[0, 1, 7, 22, 35]"
84,18,0.07936507936507936,19 2  1 0 1 0 1 0 0 1 0 1 0 1 0 0 1 0 1 0 1,"[0, 1, 7, 22, 56]"
84,14,0.06430868167202572,15 2  1 0 0 0 0 0 0 1 0 0 0 0 0 0 1,"[0, 1, 7, 22, 77]"
84,18,0.10638297872340426,19 2  1 0 0 0 0 0 0 0 0 0 0 0 1 0 0 0 0 0 1,"[0, 1, 7, 31, 42]"
84,14,0.07326007326007326,15 2  1 0 0 0 0 0 0 1 0 0 0 0 0 0 1,"[0, 1, 7, 35, 43]"
84,14,0.058997050147492625,15 2  1 0 0 0 0 0 0 1 0 0 0 0 0 0 1,"[0, 1, 7, 35, 64]"
84,13,0.000007851795784213807,14 2  1 1 1 1 0 0 1 0 0 1 1 0 1 1,"[0, 1, 6, 29, 81]"
84,21,0.11627906976744186,22 2  1 0 1 1 0 0 1 0 1 1 0 0 0 0 0 0 0 0 1 0 1 1,"[0, 1, 7, 42, 61]"
84,21,0.15037593984962405,22 2  1 1 0 1 0 0 0 0 0 0 0 0 1 1 0 1 0 0 1 1 0 1,"[0, 1, 7, 42, 73]"
84,13,0.000004851174457208154,14 2  1 1 0 1 1 0 0 1 0 0 1 1 1 1,"[0, 1, 4, 14, 37]"
84,16,0.07462686567164178,17 2  1 1 1 0 0 0 0 1 1 1 0 0 0 0 1 1 1,"[0, 1, 7, 56, 64]"
84,14,0.0000090800625434708,15 2  1 0 1 0 1 1 0 1 0 1 0 0 1 1 1,"[0, 1, 6, 29, 60]"
84,14,0.005376344086021506,15 2  1 1 1 0 0 0 0 0 1 1 1 0 1 1 1,"[0, 1, 8, 12, 57]"
84,14,0.004644681839294009,15 2  1 1 1 0 1 1 1 0 0 0 0 0 1 1 1,"[0, 1, 8, 24, 57]"
84,14,0.010604453870625663,15 2  1 1 1 0 0 0 0 0 1 1 1 0 1 1 1,"[0, 1, 8, 29, 68]"
84,14,0.0041797283176593526,15 2  1 1 1 0 1 1 1 0 0 0 0 0 1 1 1,"[0, 1, 8, 29, 80]"
84,11,0.000004508689258656514,12 2  1 0 0 1 1 0 0 0 0 1 0 1,"[0, 1, 6, 8, 39]"
84,14,0.0005157829585310501,15 2  1 1 1 0 0 1 0 0 0 1 0 0 1 0 1,"[0, 1, 9, 12, 29]"
84,14,0.000007736345350456445,15 2  1 0 1 0 1 1 0 1 0 1 0 0 1 1 1,"[0, 1, 6, 60, 71]"
84,13,0.000006880316549603814,14 2  1 1 1 1 0 0 1 0 0 1 1 0 1 1,"[0, 1, 6, 39, 71]"
84,14,0.0007712478790683325,15 2  1 0 1 0 0 1 0 0 0 1 0 0 1 1 1,"[0, 1, 9, 29, 60]"
84,12,0.000029058574822197845,13 2  1 1 0 1 1 0 0 0 0 0 1 1 1,"[0, 1, 8, 43, 82]"
84,12,0.00002140807319848388,13 2  1 1 1 0 0 0 0 0 1 1 0 1 1,"[0, 1, 8, 10, 43]"
84,15,0.0003143023274087345,16 2  1 0 0 1 1 0 1 1 0 0 0 0 0 1 0 1,"[0, 1, 12, 15, 22]"
84,13,0.000005347088897759115,14 2  1 1 1 1 0 0 1 0 0 1 1 0 1 1,"[0, 1, 6, 71, 81]"
84,12,0.00003282686944918154,13 2  1 1 0 1 1 0 0 0 0 0 1 1 1,"[0, 1, 10, 43, 44]"
84,18,0.12422360248447205,19 2  1 0 0 0 0 0 0 0 0 0 0 0 1 0 0 0 0 0 1,"[0, 1, 12, 18, 43]"
84,12,0.00031858294306922805,13 2  1 0 1 0 0 1 1 0 0 1 0 1 1,"[0, 1, 12, 15, 64]"
84,18,0.07518796992481203,19 2  1 0 0 0 0 0 1 0 0 0 0 0 0 0 0 0 0 0 1,"[0, 1, 12, 36, 43]"
84,18,0.10101010101010101,19 2  1 0 0 0 0 0 0 0 0 0 0 0 1 0 0 0 0 0 1,"[0, 1, 12, 43, 60]"
84,21,0.12738853503184713,22 2  1 0 1 1 0 0 1 0 1 1 0 0 0 0 0 0 0 0 1 0 1 1,"[0, 1, 12, 43, 78]"
84,18,0.00826787928896238,19 2  1 0 1 0 1 1 1 0 1 0 1 0 0 1 0 0 1 1 1,"[0, 1, 12, 57, 64]"
84,12,0.0002812069401872838,13 2  1 0 1 0 0 1 1 0 0 1 0 1 1,"[0, 1, 12, 22, 57]"
84,18,0.10256410256410256,19 2  1 0 0 0 0 0 1 0 0 0 0 0 0 0 0 0 0 0 1,"[0, 1, 13, 37, 42]"
84,14,0.0006167129201356768,15 2  1 0 1 0 0 1 0 0 0 1 0 0 1 1 1,"[0, 1, 13, 52, 56]"
84,11,0.0000027067405011340566,12 2  1 1 0 0 1 0 1 1 0 1 0 1,"[0, 1, 5, 7, 70]"
84,9,0.000002504324342057648,10 2  1 0 1 1 1 0 0 1 1 1,"[0, 1, 5, 7, 42]"
84,9,0.000001936949767047894,10 2  1 0 1 1 1 0 0 1 1 1,"[0, 1, 5, 7, 14]"
84,16,0.056338028169014086,17 2  1 1 1 0 0 0 0 1 1 1 0 0 0 0 1 1 1,"[0, 1, 14, 22, 49]"
84,11,0.000002410862284675342,12 2  1 1 0 0 1 0 1 1 0 1 0 1,"[0, 1, 5, 14, 35]"
84,13,0.0000054224421323753685,14 2  1 1 0 1 1 0 0 1 0 0 1 1 1 1,"[0, 1, 14, 16, 25]"
84,28,0.8333333333333334,29 2  1 0 0 0 0 0 0 0 0 0 0 0 0 0 1 0 0 0 0 0 0 0 0 0 0 0 0 0 1,"[0, 1, 14, 28, 43]"
84,9,0.0000022389852560581903,10 2  1 0 1 1 1 0 0 1 1 1,"[0, 1, 5, 35, 70]"
84,28,0.9090909090909091,29 2  1 0 0 0 0 0 0 0 0 0 0 0 0 0 1 0 0 0 0 0 0 0 0 0 0 0 0 0 1,"[0, 1, 14, 43, 70]"
84,12,0.000001747128943007955,13 2  1 1 1 0 1 0 1 1 0 0 0 0 1,"[0, 1, 3, 6, 29]"
84,16,0.055401662049861494,17 2  1 1 1 0 0 0 0 1 1 1 0 0 0 0 1 1 1,"[0, 1, 14, 49, 64]"
84,14,0.000008411047911431666,15 2  1 1 1 0 0 1 0 1 0 1 1 0 1 0 1,"[0, 1, 14, 25, 37]"
84,15,0.0003866079022655223,16 2  1 0 1 0 0 0 0 0 1 1 0 1 1 0 0 1,"[0, 1, 15, 22, 24]"
84,12,0.000332043896203078,13 2  1 0 1 0 0 1 1 0 0 1 0 1 1,"[0, 1, 15, 22, 54]"
84,12,0.00018825478402469904,13 2  1 1 0 1 0 0 1 1 0 0 1 0 1,"[0, 1, 15, 22, 66]"
84,10,0.0000014863323196794635,11 2  1 1 0 1 1 1 1 0 0 0 1,"[0, 1, 4, 13, 14]"
84,12,0.0003258178026847387,13 2  1 1 0 1 0 0 1 1 0 0 1 0 1,"[0, 1, 15, 24, 64]"
84,30,0.8695652173913043,31 2  1 1 1 0 0 0 0 0 0 0 0 0 0 0 1 1 1 0 0 0 0 0 0 0 0 0 0 0 1 1 1,"[0, 1, 15, 29, 42]"
84,28,0.8695652173913043,29 2  1 0 0 0 0 0 0 0 0 0 0 0 0 0 1 0 0 0 0 0 0 0 0 0 0 0 0 0 1,"[0, 1, 15, 42, 71]"
84,13,0.0000048471076823748505,14 2  1 1 0 1 1 0 0 1 0 0 1 1 1 1,"[0, 1, 14, 16, 67]"
84,12,0.00027307855104520817,13 2  1 0 1 0 0 1 1 0 0 1 0 1 1,"[0, 1, 15, 54, 64]"
84,12,0.000213321956162338,13 2  1 1 0 1 0 0 1 1 0 0 1 0 1,"[0, 1, 15, 64, 66]"
84,17,0.0007116931179275497,18 2  1 1 1 0 0 0 1 0 1 1 1 0 0 0 0 0 1 1,"[0, 1, 16, 25, 56]"
84,14,0.0006829668078131403,15 2  1 1 1 0 0 1 0 0 0 1 0 0 1 0 1,"[0, 1, 16, 56, 61]"
84,15,0.00006682839137379124,16 2  1 0 0 0 1 1 0 0 1 0 1 0 1 1 1 1,"[0, 1, 17, 42, 63]"
84,11,0.0000026021046342702905,12 2  1 1 0 0 1 0 1 1 0 1 0 1,"[0, 1, 7, 14, 61]"
84,14,0.00000681112147158366,15 2  1 1 1 0 0 1 0 1 0 1 1 0 1 0 1,"[0, 1, 14, 25, 79]"
84,14,0.000009713594661408374,15 2  1 1 1 0 0 1 0 1 0 1 1 0 1 0 1,"[0, 1, 14, 67, 79]"
84,12,0.00003213558646641912,13 2  1 1 0 1 1 0 0 0 0 0 1 1 1,"[0, 1, 17, 39, 42]"
84,14,0.000007406850521979273,15 2  1 1 1 0 0 1 0 1 0 1 1 0 1 0 1,"[0, 1, 14, 37, 67]"
84,10,0.0000014657535120003805,11 2  1 0 0 0 1 1 1 1 0 1 1,"[0, 1, 3, 6, 71]"
84,12,0.0001898686109212425,13 2  1 0 1 0 0 1 1 0 0 1 0 1 1,"[0, 1, 19, 21, 28]"
84,11,0.0000022282871246004682,12 2  1 0 1 0 1 1 0 1 0 0 1 1,"[0, 1, 7, 14, 73]"
84,9,0.0000019347531583877935,10 2  1 0 1 1 1 0 0 1 1 1,"[0, 1, 5, 35, 42]"
84,12,0.0001845171647092471,13 2  1 1 0 1 0 0 1 1 0 0 1 0 1,"[0, 1, 21, 28, 31]"
84,18,0.004804227720393947,19 2  1 0 1 0 1 1 1 0 1 0 1 0 0 1 0 0 1 1 1,"[0, 1, 21, 28, 61]"
84,18,0.003907776475185619,19 2  1 1 1 0 0 1 0 0 1 0 1 0 1 1 1 0 1 0 1,"[0, 1, 21, 28, 73]"
84,20,0.08130081300813008,21 2  1 1 0 1 0 1 1 1 1 0 1 0 1 1 1 1 0 1 0 1 1,"[0, 1, 21, 29, 36]"
84,12,0.00022437623406928737,13 2  1 1 0 1 0 0 1 1 0 0 1 0 1,"[0, 1, 21, 31, 70]"
84,10,0.0000015304402655772994,11 2  1 0 0 0 1 1 1 1 0 1 1,"[0, 1, 3, 48, 71]"
84,12,0.000035939420512783655,13 2  1 1 0 1 1 0 0 0 0 0 1 1 1,"[0, 1, 20, 43, 46]"
84,14,0.0005657868680867917,15 2  1 0 1 0 0 1 0 0 0 1 0 0 1 1 1,"[0, 1, 24, 29, 69]"
84,21,0.08196721311475409,22 2  1 1 0 1 0 0 0 0 0 0 0 0 1 1 0 1 0 0 1 1 0 1,"[0, 1, 24, 43, 78]"
84,18,0.0070596540769502295,19 2  1 1 1 0 0 1 0 0 1 0 1 0 1 1 1 0 1 0 1,"[0, 1, 24, 57, 64]"
84,20,0.009033423667570008,21 2  1 1 0 1 1 1 1 1 1 0 1 0 0 1 0 1 0 0 1 0 1,"[0, 1, 25, 37, 56]"
84,15,0.00007943348041766124,16 2  1 1 1 1 0 1 0 1 0 0 1 1 0 0 0 1,"[0, 1, 22, 43, 68]"
84,14,0.0006143826989831966,15 2  1 1 1 0 0 1 0 0 0 1 0 0 1 0 1,"[0, 1, 25, 56, 76]"
84,9,0.0000016641504711542814,10 2  1 1 1 0 0 1 1 1 0 1,"[0, 1, 7, 14, 17]"
84,28,0.8333333333333334,29 2  1 0 0 0 0 0 0 0 0 0 0 0 0 0 1 0 0 0 0 0 0 0 0 0 0 0 0 0 1,"[0, 1, 28, 43, 56]"
84,15,0.00007365858509223896,16 2  1 0 0 0 1 1 0 0 1 0 1 0 1 1 1 1,"[0, 1, 22, 43, 80]"
84,12,0.000021506070088282417,13 2  1 1 1 0 0 0 0 0 1 1 0 1 1,"[0, 1, 20, 43, 58]"
84,11,0.0000021617877638921345,12 2  1 0 1 0 1 1 0 1 0 0 1 1,"[0, 1, 7, 17, 70]"
84,28,0.7692307692307693,29 2  1 0 0 0 0 0 0 0 0 0 0 0 0 0 1 0 0 0 0 0 0 0 0 0 0 0 0 0 1,"[0, 1, 29, 42, 57]"
84,14,0.0006573325445342799,15 2  1 1 1 0 0 1 0 0 0 1 0 0 1 0 1,"[0, 1, 29, 33, 72]"
84,20,0.009144947416552356,21 2  1 0 1 0 0 1 0 1 0 0 1 0 1 1 1 1 1 1 0 1 1,"[0, 1, 29, 48, 60]"
84,14,0.0005769008884273682,15 2  1 0 1 0 0 1 0 0 0 1 0 0 1 1 1,"[0, 1, 29, 45, 48]"
84,17,0.0003886966999650173,18 2  1 1 0 0 0 0 0 1 1 1 0 1 0 0 0 1 1 1,"[0, 1, 29, 48, 81]"
84,17,0.000481220374870672,18 2  1 1 0 0 0 0 0 1 1 1 0 1 0 0 0 1 1 1,"[0, 1, 29, 60, 69]"
84,18,0.08928571428571429,19 2  1 0 1 0 1 0 0 1 0 1 0 1 0 0 1 0 1 0 1,"[0, 1, 29, 63, 78]"
84,14,0.0005372156114856698,15 2  1 0 1 0 0 1 0 0 0 1 0 0 1 1 1,"[0, 1, 29, 72, 81]"
84,14,0.000009170853925721585,15 2  1 0 1 0 1 1 0 1 0 1 0 0 1 1 1,"[0, 1, 18, 29, 48]"
84,11,0.000002132548100688685,12 2  1 1 0 0 1 0 1 1 0 1 0 1,"[0, 1, 12, 71, 78]"
84,9,0.0000019133175318816102,10 2  1 1 1 0 0 1 1 1 0 1,"[0, 1, 7, 14, 45]"
84,13,0.00003414723262290016,14 2  1 0 0 1 1 1 0 0 0 0 1 0 1 1,"[0, 1, 33, 35, 42]"
84,13,0.000007862240958816009,14 2  1 1 1 1 0 0 1 0 0 1 1 0 1 1,"[0, 1, 18, 29, 69]"
84,9,0.000001514877345304702,10 2  1 0 1 1 1 0 0 1 1 1,"[0, 1, 5, 14, 63]"
84,30,0.8695652173913043,31 2  1 1 1 0 0 0 0 0 0 0 0 0 0 0 1 1 1 0 0 0 0 0 0 0 0 0 0 0 1 1 1,"[0, 1, 43, 56, 70]"
84,12,0.000028545207759158373,13 2  1 1 1 0 0 0 0 0 1 1 0 1 1,"[0, 1, 32, 43, 82]"
84,13,0.000007024590633200112,14 2  1 1 1 1 0 0 1 0 0 1 1 0 1 1,"[0, 1, 18, 27, 71]"
84,20,0.05449591280653951,21 2  1 1 0 1 0 1 1 1 1 0 1 0 1 1 1 1 0 1 0 1 1,"[0, 1, 49, 56, 64]"
84,15,0.000005121657286351347,16 2  1 0 1 1 0 1 1 1 1 1 0 0 0 0 0 1,"[0, 1, 18, 27, 29]"
84,15,0.00022524805441992996,16 2  1 0 0 1 1 0 1 1 0 0 0 0 0 1 0 1,"[0, 1, 61, 63, 70]"
84,13,0.00003243230971558486,14 2  1 1 0 1 0 0 0 0 1 1 1 0 0 1,"[0, 1, 35, 42, 45]"
84,12,0.000506482982171799,13 2  1 0 1 0 1 0 0 0 1 0 0 0 1,"[0, 2, 4, 6, 22]"
84,12,0.0003663070752211579,13 2  1 0 0 0 1 0 0 0 1 0 1 0 1,"[0, 2, 4, 6, 26]"
84,15,0.00021864136257297156,16 2  1 0 1 0 0 0 0 0 1 1 0 1 1 0 0 1,"[0, 1, 63, 70, 73]"
84,12,0.0005049484952534841,13 2  1 0 1 0 1 0 0 0 1 0 0 0 1,"[0, 2, 4, 6, 64]"
84,12,0.00042614847012699224,13 2  1 0 0 0 1 0 0 0 1 0 1 0 1,"[0, 2, 4, 6, 68]"
84,12,0.0004395121415229096,13 2  1 0 1 0 1 0 0 0 1 0 0 0 1,"[0, 2, 4, 8, 12]"
84,14,0.0007456843518138772,15 2  1 0 1 0 1 0 0 0 1 0 0 0 0 0 1,"[0, 2, 4, 8, 14]"
84,16,0.007183908045977011,17 2  1 0 1 0 0 0 1 0 1 0 0 0 1 0 1 0 1,"[0, 2, 4, 12, 30]"
84,12,0.00039889903865331685,13 2  1 0 1 0 1 0 0 0 1 0 0 0 1,"[0, 2, 4, 8, 54]"
84,12,0.00044738725841088047,13 2  1 0 1 0 1 0 0 0 1 0 0 0 1,"[0, 2, 4, 12, 50]"
84,14,0.0007069885821343985,15 2  1 0 1 0 1 0 0 0 1 0 0 0 0 0 1,"[0, 2, 4, 20, 74]"
84,14,0.00048018054788600515,15 2  1 0 0 0 0 0 1 0 0 0 1 0 1 0 1,"[0, 2, 4, 14, 68]"
84,12,0.00048235776475411815,13 2  1 0 0 0 1 0 0 0 1 0 1 0 1,"[0, 2, 4, 24, 82]"
84,12,0.0003406110562348854,13 2  1 0 0 0 1 0 0 0 1 0 1 0 1,"[0, 2, 4, 24, 40]"
84,14,0.000010338866694788384,15 2  1 1 1 0 0 1 0 1 0 1 1 0 1 0 1,"[0, 1, 25, 56, 79]"
84,14,0.0006197322756569162,15 2  1 0 1 0 1 0 0 0 1 0 0 0 0 0 1,"[0, 2, 4, 26, 44]"
84,16,0.006426735218508998,17 2  1 0 1 0 1 0 0 0 1 0 1 0 0 0 1 0 1,"[0, 2, 4, 30, 48]"
84,12,0.0004798234249796075,13 2  1 0 0 0 1 0 0 0 1 0 1 0 1,"[0, 2, 4, 26, 48]"
84,14,0.0007692307692307692,15 2  1 0 0 0 0 0 1 0 0 0 1 0 1 0 1,"[0, 2, 4, 26, 56]"
84,13,0.000029447925025582883,14 2  1 0 0 1 1 1 0 0 0 0 1 0 1 1,"[0, 1, 40, 43, 50]"
84,16,0.005988023952095809,17 2  1 0 1 0 0 0 1 0 1 0 0 0 1 0 1 0 1,"[0, 2, 4, 40, 58]"
84,14,0.0006506815889644402,15 2  1 0 1 0 1 0 0 0 1 0 0 0 0 0 1,"[0, 2, 4, 32, 62]"
84,16,0.005733944954128441,17 2  1 0 1 0 1 0 0 0 1 0 1 0 0 0 1 0 1,"[0, 2, 4, 58, 76]"
84,14,0.0006136663496057194,15 2  1 0 0 0 0 0 1 0 0 0 1 0 1 0 1,"[0, 2, 4, 32, 38]"
84,16,0.00791765637371338,17 2  1 0 1 0 0 0 1 0 0 0 0 0 1 0 0 0 1,"[0, 2, 6, 12, 16]"
84,20,0.021208907741251327,21 2  1 0 0 0 0 0 0 0 1 0 1 0 1 0 1 0 0 0 1 0 1,"[0, 2, 6, 12, 58]"
84,16,0.00711997152011392,17 2  1 0 1 0 0 0 1 0 0 0 0 0 1 0 0 0 1,"[0, 2, 6, 16, 54]"
84,16,0.007633587786259542,17 2  1 0 1 0 0 0 1 0 1 0 0 0 1 0 1 0 1,"[0, 2, 6, 28, 42]"
84,16,0.006060606060606061,17 2  1 0 1 0 1 0 0 0 1 0 1 0 0 0 1 0 1,"[0, 2, 6, 28, 78]"
84,16,0.008298755186721992,17 2  1 0 1 0 0 0 1 0 0 0 0 0 1 0 0 0 1,"[0, 2, 6, 54, 58]"
84,14,0.000549526033795851,15 2  1 0 1 0 1 0 0 0 1 0 0 0 0 0 1,"[0, 2, 4, 50, 56]"
84,14,0.0006622297274924672,15 2  1 0 0 0 0 0 1 0 0 0 1 0 1 0 1,"[0, 2, 4, 74, 80]"
84,20,0.008912655971479501,21 2  1 0 1 0 0 0 1 0 1 0 1 0 1 0 0 0 0 0 0 0 1,"[0, 2, 8, 26, 28]"
84,16,0.0088261253309797,17 2  1 0 0 0 1 0 0 0 0 0 1 0 0 0 1 0 1,"[0, 2, 8, 26, 70]"
84,22,0.05235602094240838,23 2  1 0 0 0 1 0 0 0 0 0 0 0 0 0 1 0 1 0 0 0 0 0 1,"[0, 2, 8, 28, 32]"
84,14,0.00041899733936689505,15 2  1 0 0 0 0 0 1 0 0 0 1 0 1 0 1,"[0, 2, 4, 44, 62]"
84,26,0.06734006734006734,27 2  1 0 1 0 0 0 1 0 1 0 0 0 0 0 1 0 0 0 0 0 1 0 1 0 1 0 1,"[0, 2, 8, 28, 74]"
84,22,0.056022408963585436,23 2  1 0 0 0 1 0 0 0 0 0 0 0 0 0 1 0 1 0 0 0 0 0 1,"[0, 2, 8, 32, 70]"
84,16,0.008718395815170008,17 2  1 0 0 0 1 0 0 0 0 0 1 0 0 0 1 0 1,"[0, 2, 8, 28, 68]"
84,16,0.004899559039686428,17 2  1 0 1 0 1 0 0 0 1 0 1 0 0 0 1 0 1,"[0, 2, 8, 58, 68]"
84,16,0.004320587599913588,17 2  1 0 1 0 0 0 1 0 1 0 0 0 1 0 1 0 1,"[0, 2, 8, 58, 80]"
84,22,0.0547945205479452,23 2  1 0 0 0 1 0 0 0 0 0 0 0 0 0 1 0 1 0 0 0 0 0 1,"[0, 2, 8, 70, 74]"
84,16,0.00701508242721852,17 2  1 0 0 0 1 0 0 0 0 0 1 0 0 0 1 0 1,"[0, 2, 8, 68, 70]"
84,13,0.000025952623485826622,14 2  1 1 0 1 0 0 0 0 1 1 1 0 0 1,"[0, 1, 43, 50, 52]"
84,15,0.00029302741271445946,16 2  1 0 1 0 0 0 0 0 1 1 0 1 1 0 0 1,"[0, 2, 9, 23, 48]"
84,15,0.00022387642021604075,16 2  1 0 0 1 1 0 1 1 0 0 0 0 0 1 0 1,"[0, 2, 9, 23, 24]"
84,18,0.08928571428571429,19 2  1 0 1 0 1 0 0 1 0 1 0 1 0 0 1 0 1 0 1,"[0, 2, 9, 58, 63]"
84,16,0.006101281269066504,17 2  1 0 1 0 1 0 0 0 1 0 1 0 0 0 1 0 1,"[0, 2, 10, 14, 56]"
84,9,0.0000019688591455525393,10 2  1 1 1 0 0 1 1 1 0 1,"[0, 1, 7, 17, 42]"
84,16,0.0046816479400749065,17 2  1 0 1 0 0 0 1 0 1 0 0 0 1 0 1 0 1,"[0, 2, 10, 26, 56]"
84,10,0.0000013143640804275153,11 2  1 1 0 1 1 1 1 0 0 0 1,"[0, 1, 4, 55, 56]"
84,15,0.00007076339551077019,16 2  1 1 1 1 0 1 0 1 0 0 1 1 0 0 0 1,"[0, 2, 10, 21, 63]"
84,22,0.04434589800443459,23 2  1 0 0 0 0 0 1 0 1 0 0 0 0 0 0 0 0 0 1 0 0 0 1,"[0, 2, 12, 16, 36]"
84,16,0.008760402978537012,17 2  1 0 1 0 0 0 1 0 0 0 0 0 1 0 0 0 1,"[0, 2, 12, 16, 48]"
84,22,0.0711743772241993,23 2  1 0 0 0 0 0 1 0 1 0 0 0 0 0 0 0 0 0 1 0 0 0 1,"[0, 2, 12, 16, 78]"
84,28,0.0966183574879227,29 2  1 0 0 0 1 0 0 0 1 0 1 0 0 0 1 0 0 0 1 0 0 0 0 0 1 0 1 0 1,"[0, 2, 12, 36, 58]"
84,16,0.009389671361502348,17 2  1 0 1 0 0 0 1 0 0 0 0 0 1 0 0 0 1,"[0, 2, 12, 48, 58]"
84,26,0.06369426751592357,27 2  1 0 1 0 1 0 1 0 0 0 0 0 1 0 0 0 0 0 1 0 1 0 0 0 1 0 1,"[0, 2, 12, 58, 78]"
84,32,0.8695652173913043,33 2  1 0 1 0 1 0 0 0 0 0 0 0 0 0 1 0 1 0 1 0 0 0 0 0 0 0 0 0 1 0 1 0 1,"[0, 2, 14, 28, 44]"
84,13,0.000042812892674499996,14 2  1 0 0 1 1 1 0 0 0 0 1 0 1 1,"[0, 2, 7, 10, 49]"
84,16,0.009242144177449169,17 2  1 0 0 0 1 0 0 0 0 0 1 0 0 0 1 0 1,"[0, 2, 16, 18, 24]"
84,10,0.0000014161173842357672,11 2  1 0 0 0 1 1 1 1 0 1 1,"[0, 1, 3, 29, 48]"
84,22,0.06289308176100629,23 2  1 0 0 0 0 0 1 0 1 0 0 0 0 0 0 0 0 0 1 0 0 0 1,"[0, 2, 16, 36, 54]"
84,16,0.011467889908256881,17 2  1 0 0 0 1 0 0 0 0 0 1 0 0 0 1 0 1,"[0, 2, 16, 18, 66]"
84,22,0.04291845493562232,23 2  1 0 0 0 0 0 1 0 1 0 0 0 0 0 0 0 0 0 1 0 0 0 1,"[0, 2, 16, 54, 78]"
84,20,0.011778563015312132,21 2  1 0 1 0 0 0 1 0 1 0 1 0 1 0 0 0 0 0 0 0 1,"[0, 2, 18, 24, 58]"
84,20,0.007908264136022143,21 2  1 0 0 0 0 0 0 0 1 0 1 0 1 0 1 0 0 0 1 0 1,"[0, 2, 18, 36, 58]"
84,20,0.017241379310344827,21 2  1 0 0 0 0 0 0 0 1 0 1 0 1 0 1 0 0 0 1 0 1,"[0, 2, 20, 26, 28]"
84,13,0.00003754585287282093,14 2  1 0 0 1 1 1 0 0 0 0 1 0 1 1,"[0, 2, 9, 51, 52]"
84,15,0.00018079259473531965,16 2  1 0 0 1 1 0 1 1 0 0 0 0 0 1 0 1,"[0, 2, 21, 35, 38]"
84,18,0.058823529411764705,19 2  1 0 1 0 1 0 0 1 0 1 0 1 0 0 1 0 1 0 1,"[0, 2, 21, 51, 58]"
84,18,0.06191950464396285,19 2  1 0 1 0 1 0 0 1 0 1 0 1 0 0 1 0 1 0 1,"[0, 2, 23, 28, 77]"
84,13,0.00004534931443173908,14 2  1 0 0 1 1 1 0 0 0 0 1 0 1 1,"[0, 2, 10, 35, 77]"
84,10,0.0000013253560154761823,11 2  1 1 0 1 1 1 1 0 0 0 1,"[0, 1, 4, 14, 55]"
84,24,0.17857142857142858,25 2  1 0 0 0 1 0 0 0 0 0 1 0 1 0 0 0 0 0 1 0 0 0 1 0 1,"[0, 2, 24, 30, 44]"
84,15,0.00019774569903104609,16 2  1 0 1 0 0 0 0 0 1 1 0 1 1 0 0 1,"[0, 2, 21, 35, 62]"
84,20,0.0156128024980484,21 2  1 0 1 0 0 0 1 0 1 0 1 0 1 0 0 0 0 0 0 0 1,"[0, 2, 28, 32, 38]"
84,26,0.05128205128205128,27 2  1 0 1 0 0 0 1 0 1 0 0 0 0 0 1 0 0 0 0 0 1 0 1 0 1 0 1,"[0, 2, 28, 32, 50]"
84,20,0.011001100110011002,21 2  1 0 1 0 0 0 1 0 1 0 1 0 1 0 0 0 0 0 0 0 1,"[0, 2, 28, 50, 68]"
84,28,0.11173184357541899,29 2  1 0 1 0 1 0 0 0 0 0 1 0 0 0 1 0 0 0 1 0 1 0 0 0 1 0 0 0 1,"[0, 2, 28, 50, 74]"
84,9,0.0000018997285287932355,10 2  1 1 1 0 0 1 1 1 0 1,"[0, 1, 7, 42, 45]"
84,20,0.01447178002894356,21 2  1 0 0 0 0 0 0 0 1 0 1 0 1 0 1 0 0 0 1 0 1,"[0, 2, 28, 62, 68]"
84,20,0.014154281670205236,21 2  1 0 1 0 0 0 1 0 1 0 1 0 1 0 0 0 0 0 0 0 1,"[0, 2, 28, 74, 80]"
84,24,0.12903225806451613,25 2  1 0 1 0 0 0 1 0 0 0 0 0 1 0 1 0 0 0 0 0 1 0 0 0 1,"[0, 2, 30, 44, 48]"
84,22,0.046511627906976744,23 2  1 0 0 0 1 0 0 0 0 0 0 0 0 0 1 0 1 0 0 0 0 0 1,"[0, 2, 32, 50, 70]"
84,13,0.00003024259094325129,14 2  1 1 0 1 0 0 0 0 1 1 1 0 0 1,"[0, 2, 9, 51, 76]"
84,26,0.06993006993006994,27 2  1 0 1 0 1 0 1 0 0 0 0 0 1 0 0 0 0 0 1 0 1 0 0 0 1 0 1,"[0, 2, 36, 54, 58]"
84,24,0.12422360248447205,25 2  1 0 0 0 1 0 0 0 0 0 1 0 1 0 0 0 0 0 1 0 0 0 1 0 1,"[0, 2, 38, 42, 56]"
84,24,0.10526315789473684,25 2  1 0 1 0 0 0 1 0 0 0 0 0 1 0 1 0 0 0 0 0 1 0 0 0 1,"[0, 2, 42, 56, 62]"
84,32,0.8,33 2  1 0 1 0 1 0 0 0 0 0 0 0 0 0 1 0 1 0 1 0 0 0 0 0 0 0 0 0 1 0 1 0 1,"[0, 2, 42, 58, 72]"
84,15,0.0002257693089201454,16 2  1 0 0 1 1 0 1 1 0 0 0 0 0 1 0 1,"[0, 2, 24, 51, 65]"
84,20,0.01282051282051282,21 2  1 0 0 0 0 0 0 0 1 0 1 0 1 0 1 0 0 0 1 0 1,"[0, 2, 48, 54, 58]"
84,22,0.04040404040404041,23 2  1 0 0 0 1 0 0 0 0 0 0 0 0 0 1 0 1 0 0 0 0 0 1,"[0, 2, 50, 70, 74]"
84,22,0.06329113924050633,23 2  1 0 0 0 0 0 1 0 1 0 0 0 0 0 0 0 0 0 1 0 0 0 1,"[0, 2, 54, 58, 78]"
84,15,0.00008463566462271536,16 2  1 1 1 1 0 1 0 1 0 0 1 1 0 0 0 1,"[0, 2, 23, 52, 65]"
84,15,0.00006905028241565508,16 2  1 0 0 0 1 1 0 0 1 0 1 0 1 1 1 1,"[0, 2, 21, 34, 63]"
84,18,0.006351222610352493,19 2  1 1 1 0 0 1 0 0 1 0 1 0 1 1 1 0 1 0 1,"[0, 3, 7, 15, 28]"
84,20,0.07782101167315175,21 2  1 1 0 1 0 1 1 1 1 0 1 0 1 1 1 1 0 1 0 1 1,"[0, 3, 7, 24, 35]"
84,18,0.005834305717619603,19 2  1 0 1 0 1 1 1 0 1 0 1 0 0 1 0 0 1 1 1,"[0, 3, 7, 28, 51]"
84,9,0.000001892696236638511,10 2  1 1 1 0 0 1 1 1 0 1,"[0, 1, 7, 45, 70]"
84,17,0.0004983181761554753,18 2  1 1 0 0 0 0 0 1 1 1 0 1 0 0 0 1 1 1,"[0, 3, 4, 32, 51]"
84,17,0.0005859947260474656,18 2  1 1 0 0 0 0 0 1 1 1 0 1 0 0 0 1 1 1,"[0, 3, 11, 67, 72]"
84,30,0.9090909090909091,31 2  1 1 1 0 0 0 0 0 0 0 0 0 0 0 1 1 1 0 0 0 0 0 0 0 0 0 0 0 1 1 1,"[0, 3, 14, 45, 70]"
84,15,0.00021532465574970662,16 2  1 0 1 0 0 0 0 0 1 1 0 1 1 0 0 1,"[0, 2, 48, 51, 65]"
84,27,0.37735849056603776,28 2  1 0 0 0 0 0 1 0 0 1 0 0 1 0 0 0 0 0 0 0 0 1 0 0 1 0 0 1,"[0, 3, 15, 21, 42]"
84,18,0.004502476361999099,19 2  1 1 1 0 0 1 0 0 1 0 1 0 1 1 1 0 1 0 1,"[0, 3, 15, 35, 56]"
84,30,0.9523809523809523,31 2  1 1 1 0 0 0 0 0 0 0 0 0 0 0 1 1 1 0 0 0 0 0 0 0 0 0 0 0 1 1 1,"[0, 3, 17, 42, 73]"
84,27,0.4166666666666667,28 2  1 0 0 1 0 0 1 0 0 0 0 0 0 0 0 1 0 0 1 0 0 1 0 0 0 0 0 1,"[0, 3, 21, 42, 51]"
84,18,0.006127450980392157,19 2  1 1 1 0 0 1 0 0 1 0 1 0 1 1 1 0 1 0 1,"[0, 3, 31, 36, 52]"
84,18,0.005124263387138099,19 2  1 0 1 0 1 1 1 0 1 0 1 0 0 1 0 0 1 1 1,"[0, 3, 31, 52, 72]"
84,18,0.0063351282863477985,19 2  1 0 1 0 1 1 1 0 1 0 1 0 0 1 0 0 1 1 1,"[0, 3, 35, 51, 56]"
84,27,0.2702702702702703,28 2  1 0 0 0 0 0 1 0 0 1 0 0 1 0 0 0 0 0 0 0 0 1 0 0 1 0 0 1,"[0, 3, 36, 45, 66]"
84,15,0.00006995771056396408,16 2  1 0 0 0 1 1 0 0 1 0 1 0 1 1 1 1,"[0, 2, 23, 65, 76]"
84,27,0.3508771929824561,28 2  1 0 0 1 0 0 1 0 0 0 0 0 0 0 0 1 0 0 1 0 0 1 0 0 0 0 0 1,"[0, 3, 45, 66, 72]"
84,20,0.06493506493506493,21 2  1 1 0 1 0 1 1 1 1 0 1 0 1 1 1 1 0 1 0 1 1,"[0, 3, 52, 63, 80]"
84,13,0.00002499787518060965,14 2  1 1 0 1 0 0 0 0 1 1 1 0 0 1,"[0, 2, 7, 34, 49]"
84,20,0.1111111111111111,21 2  1 1 0 1 0 1 1 1 1 0 1 0 1 1 1 1 0 1 0 1 1,"[0, 4, 7, 56, 67]"
84,20,0.0641025641025641,21 2  1 0 0 0 0 0 0 0 0 0 0 0 0 0 0 0 1 0 0 0 1,"[0, 4, 8, 12, 36]"
84,24,0.20202020202020202,25 2  1 0 0 0 1 0 0 0 1 0 0 0 0 0 0 0 1 0 0 0 0 0 0 0 1,"[0, 4, 8, 12, 44]"
84,24,0.20833333333333334,25 2  1 0 0 0 0 0 0 0 1 0 0 0 0 0 0 0 1 0 0 0 1 0 0 0 1,"[0, 4, 8, 12, 52]"
84,20,0.06116207951070336,21 2  1 0 0 0 1 0 0 0 0 0 0 0 0 0 0 0 0 0 0 0 1,"[0, 4, 8, 12, 60]"
84,24,0.273972602739726,25 2  1 0 0 0 1 0 0 0 1 0 0 0 0 0 0 0 1 0 0 0 0 0 0 0 1,"[0, 4, 8, 16, 24]"
84,20,0.06896551724137931,21 2  1 0 0 0 0 0 0 0 0 0 0 0 0 0 0 0 1 0 0 0 1,"[0, 4, 8, 16, 28]"
84,20,0.066006600660066,21 2  1 0 0 0 0 0 0 0 0 0 0 0 0 0 0 0 1 0 0 0 1,"[0, 4, 8, 24, 60]"
84,20,0.057971014492753624,21 2  1 0 0 0 1 0 0 0 0 0 0 0 0 0 0 0 0 0 0 0 1,"[0, 4, 8, 28, 52]"
84,20,0.056022408963585436,21 2  1 0 0 0 1 0 0 0 0 0 0 0 0 0 0 0 0 0 0 0 1,"[0, 4, 8, 32, 68]"
84,20,0.041407867494824016,21 2  1 0 0 0 0 0 0 0 0 0 0 0 0 0 0 0 1 0 0 0 1,"[0, 4, 8, 32, 80]"
84,20,0.06006006006006006,21 2  1 0 0 0 1 0 0 0 0 0 0 0 0 0 0 0 0 0 0 0 1,"[0, 4, 8, 36, 48]"
84,17,0.0005360349494787061,18 2  1 1 1 0 0 0 1 0 1 1 1 0 0 0 0 0 1 1,"[0, 3, 15, 20, 76]"
84,24,0.24096385542168675,25 2  1 0 0 0 1 0 0 0 1 0 0 0 0 0 0 0 1 0 0 0 0 0 0 0 1,"[0, 4, 8, 40, 80]"
84,20,0.05333333333333334,21 2  1 0 0 0 0 0 0 0 0 0 0 0 0 0 0 0 1 0 0 0 1,"[0, 4, 8, 40, 64]"
84,24,0.18518518518518517,25 2  1 0 0 0 0 0 0 0 1 0 0 0 0 0 0 0 1 0 0 0 1 0 0 0 1,"[0, 4, 8, 48, 80]"
84,20,0.0684931506849315,21 2  1 0 0 0 1 0 0 0 0 0 0 0 0 0 0 0 0 0 0 0 1,"[0, 4, 8, 56, 80]"
84,24,0.2564102564102564,25 2  1 0 0 0 0 0 0 0 1 0 0 0 0 0 0 0 1 0 0 0 1 0 0 0 1,"[0, 4, 8, 68, 76]"
84,24,0.1282051282051282,25 2  1 0 1 0 0 0 1 0 0 0 0 0 1 0 1 0 0 0 0 0 1 0 0 0 1,"[0, 4, 12, 18, 46]"
84,24,0.25316455696202533,25 2  1 0 0 0 1 0 0 0 1 0 0 0 0 0 0 0 1 0 0 0 0 0 0 0 1,"[0, 4, 12, 20, 80]"
84,32,0.5882352941176471,33 2  1 0 0 0 1 0 0 0 0 0 0 0 1 0 0 0 0 0 0 0 0 0 0 0 1 0 0 0 0 0 0 0 1,"[0, 4, 12, 24, 32]"
84,24,0.17094017094017094,25 2  1 0 0 0 1 0 0 0 1 0 0 0 0 0 0 0 1 0 0 0 0 0 0 0 1,"[0, 4, 12, 56, 68]"
84,24,0.22727272727272727,25 2  1 0 0 0 0 0 0 0 1 0 0 0 0 0 0 0 1 0 0 0 1 0 0 0 1,"[0, 4, 16, 36, 68]"
84,32,0.6896551724137931,33 2  1 0 0 0 0 0 0 0 1 0 0 0 0 0 0 0 0 0 0 0 1 0 0 0 0 0 0 0 1 0 0 0 1,"[0, 4, 16, 52, 56]"
84,44,0.8695652173913043,45 2  1 0 0 0 0 0 0 0 1 0 0 0 0 0 0 0 0 0 0 0 0 0 0 0 0 0 0 0 1 0 0 0 1 0 0 0 0 0 0 0 0 0 0 0 1,"[0, 4, 16, 56, 64]"
84,32,0.9090909090909091,33 2  1 0 1 0 1 0 0 0 0 0 0 0 0 0 1 0 1 0 1 0 0 0 0 0 0 0 0 0 1 0 1 0 1,"[0, 4, 18, 32, 42]"
84,24,0.12422360248447205,25 2  1 0 0 0 1 0 0 0 0 0 1 0 1 0 0 0 0 0 1 0 0 0 1 0 1,"[0, 4, 18, 46, 48]"
84,24,0.21052631578947367,25 2  1 0 0 0 0 0 0 0 1 0 0 0 0 0 0 0 1 0 0 0 1 0 0 0 1,"[0, 4, 20, 28, 60]"
84,26,0.05361930294906166,27 2  1 0 1 0 0 0 1 0 1 0 0 0 0 0 1 0 0 0 0 0 1 0 1 0 1 0 1,"[0, 4, 22, 56, 58]"
84,44,1,45 2  1 0 0 0 0 0 0 0 0 0 0 0 1 0 0 0 1 0 0 0 0 0 0 0 0 0 0 0 0 0 0 0 0 0 0 0 1 0 0 0 0 0 0 0 1,"[0, 4, 24, 32, 72]"
84,26,0.0684931506849315,27 2  1 0 1 0 1 0 1 0 0 0 0 0 1 0 0 0 0 0 1 0 1 0 0 0 1 0 1,"[0, 4, 30, 32, 66]"
84,32,0.6060606060606061,33 2  1 0 0 0 0 0 0 0 1 0 0 0 0 0 0 0 0 0 0 0 1 0 0 0 0 0 0 0 1 0 0 0 1,"[0, 4, 32, 36, 48]"
84,32,0.5714285714285714,33 2  1 0 0 0 1 0 0 0 0 0 0 0 1 0 0 0 0 0 0 0 0 0 0 0 1 0 0 0 0 0 0 0 1,"[0, 4, 32, 36, 72]"
84,24,0.10471204188481675,25 2  1 0 1 0 0 0 1 0 0 0 0 0 1 0 1 0 0 0 0 0 1 0 0 0 1,"[0, 4, 40, 42, 70]"
84,32,0.5,33 2  1 0 0 0 1 0 0 0 0 0 0 0 1 0 0 0 0 0 0 0 0 0 0 0 1 0 0 0 0 0 0 0 1,"[0, 4, 40, 52, 56]"
84,17,0.00047615646501440376,18 2  1 1 1 0 0 0 1 0 1 1 1 0 0 0 0 0 1 1,"[0, 3, 36, 55, 83]"
84,24,0.19607843137254902,25 2  1 0 0 0 1 0 0 0 0 0 1 0 1 0 0 0 0 0 1 0 0 0 1 0 1,"[0, 4, 42, 70, 76]"
84,17,0.0007326275687754131,18 2  1 1 0 0 0 0 0 1 1 1 0 1 0 0 0 1 1 1,"[0, 4, 9, 32, 45]"
84,32,0.9090909090909091,33 2  1 0 1 0 1 0 0 0 0 0 0 0 0 0 1 0 1 0 1 0 0 0 0 0 0 0 0 0 1 0 1 0 1,"[0, 4, 46, 56, 70]"
84,32,0.9090909090909091,33 2  1 0 0 0 0 0 0 0 1 0 0 0 0 0 0 0 0 0 0 0 1 0 0 0 0 0 0 0 1 0 0 0 1,"[0, 4, 56, 64, 76]"
84,30,1,31 2  1 1 1 0 0 0 0 0 0 0 0 0 0 0 1 1 1 0 0 0 0 0 0 0 0 0 0 0 1 1 1,"[0, 5, 14, 28, 47]"
84,20,0.0035855145213338113,21 2  1 0 1 0 0 1 0 1 0 0 1 0 1 1 1 1 1 1 0 1 1,"[0, 5, 17, 28, 41]"
84,21,0.08163265306122448,22 2  1 0 1 1 0 0 1 0 1 1 0 0 0 0 0 0 0 0 1 0 1 1,"[0, 5, 29, 35, 42]"
84,21,0.15384615384615385,22 2  1 1 0 1 0 0 0 0 0 0 0 0 1 1 0 1 0 0 1 1 0 1,"[0, 5, 35, 42, 53]"
84,21,0.11235955056179775,22 2  1 0 1 1 0 0 1 0 1 1 0 0 0 0 0 0 0 0 1 0 1 1,"[0, 5, 36, 47, 54]"
84,21,0.12269938650306748,22 2  1 1 0 1 0 0 0 0 0 0 0 0 1 1 0 1 0 0 1 1 0 1,"[0, 5, 47, 54, 60]"
84,20,0.006476683937823834,21 2  1 1 0 1 1 1 1 1 1 0 1 0 0 1 0 1 0 0 1 0 1,"[0, 5, 48, 61, 72]"
84,21,0.14184397163120568,22 2  1 0 1 1 0 0 1 0 1 1 0 0 0 0 0 0 0 0 1 0 1 1,"[0, 6, 7, 18, 49]"
84,21,0.11363636363636363,22 2  1 1 0 1 0 0 0 0 0 0 0 0 1 1 0 1 0 0 1 1 0 1,"[0, 6, 7, 30, 49]"
84,26,0.0711743772241993,27 2  1 0 1 0 1 0 1 0 0 0 0 0 1 0 0 0 0 0 1 0 1 0 0 0 1 0 1,"[0, 6, 8, 18, 64]"
84,24,0.1282051282051282,25 2  1 0 0 0 1 0 0 0 0 0 1 0 1 0 0 0 0 0 1 0 0 0 1 0 1,"[0, 6, 14, 18, 56]"
84,24,0.10695187165775401,25 2  1 0 1 0 0 0 1 0 0 0 0 0 1 0 1 0 0 0 0 0 1 0 0 0 1,"[0, 6, 14, 30, 56]"
84,32,0.8333333333333334,33 2  1 0 1 0 1 0 0 0 0 0 0 0 0 0 1 0 1 0 1 0 0 0 0 0 0 0 0 0 1 0 1 0 1,"[0, 6, 14, 48, 70]"
84,27,0.29850746268656714,28 2  1 0 0 1 0 0 1 0 0 0 0 0 0 0 0 1 0 0 1 0 0 1 0 0 0 0 0 1,"[0, 6, 18, 21, 63]"
84,27,0.5,28 2  1 0 0 0 0 0 1 0 0 1 0 0 1 0 0 0 0 0 0 0 0 1 0 0 1 0 0 1,"[0, 6, 21, 30, 63]"
84,26,0.057803468208092484,27 2  1 0 1 0 1 0 1 0 0 0 0 0 1 0 0 0 0 0 1 0 1 0 0 0 1 0 1,"[0, 6, 22, 50, 60]"
84,26,0.043010752688172046,27 2  1 0 1 0 0 0 1 0 1 0 0 0 0 0 1 0 0 0 0 0 1 0 1 0 1 0 1,"[0, 6, 26, 72, 82]"
84,27,0.31746031746031744,28 2  1 0 0 1 0 0 1 0 0 0 0 0 0 0 0 1 0 0 1 0 0 1 0 0 0 0 0 1,"[0, 6, 27, 60, 69]"
84,27,0.25316455696202533,28 2  1 0 0 0 0 0 1 0 0 1 0 0 1 0 0 0 0 0 0 0 0 1 0 0 1 0 0 1,"[0, 6, 27, 69, 72]"
84,26,0.053763440860215055,27 2  1 0 1 0 0 0 1 0 1 0 0 0 0 0 1 0 0 0 0 0 1 0 1 0 1 0 1,"[0, 6, 30, 40, 68]"
84,42,1,43 2  1 0 0 0 0 0 0 1 0 0 0 0 0 0 0 0 0 0 0 0 0 1 0 0 0 0 0 0 0 0 0 0 0 0 0 1 0 0 0 0 0 0 1,"[0, 7, 21, 35, 42]"
84,42,1,43 2  1 0 0 0 0 0 0 1 0 0 0 0 0 0 0 0 0 0 0 0 0 1 0 0 0 0 0 0 0 0 0 0 0 0 0 1 0 0 0 0 0 0 1,"[0, 7, 49, 56, 70]"
84,32,0.7407407407407407,33 2  1 0 0 0 0 0 0 0 1 0 0 0 0 0 0 0 0 0 0 0 1 0 0 0 0 0 0 0 1 0 0 0 1,"[0, 8, 12, 64, 72]"
84,32,0.625,33 2  1 0 0 0 0 0 0 0 1 0 0 0 0 0 0 0 0 0 0 0 1 0 0 0 0 0 0 0 1 0 0 0 1,"[0, 8, 20, 28, 32]"
84,32,0.7407407407407407,33 2  1 0 0 0 1 0 0 0 0 0 0 0 1 0 0 0 0 0 0 0 0 0 0 0 1 0 0 0 0 0 0 0 1,"[0, 8, 20, 28, 80]"
84,32,0.8695652173913043,33 2  1 0 0 0 1 0 0 0 0 0 0 0 1 0 0 0 0 0 0 0 0 0 0 0 1 0 0 0 0 0 0 0 1,"[0, 8, 24, 48, 64]"
84,44,1,45 2  1 0 0 0 0 0 0 0 1 0 0 0 0 0 0 0 0 0 0 0 0 0 0 0 0 0 0 0 1 0 0 0 1 0 0 0 0 0 0 0 0 0 0 0 1,"[0, 8, 28, 32, 44]"
84,44,1,45 2  1 0 0 0 0 0 0 0 0 0 0 0 1 0 0 0 1 0 0 0 0 0 0 0 0 0 0 0 0 0 0 0 0 0 0 0 1 0 0 0 0 0 0 0 1,"[0, 8, 48, 60, 64]"
84,27,0.31746031746031744,28 2  1 0 0 1 0 0 1 0 0 0 0 0 0 0 0 1 0 0 1 0 0 1 0 0 0 0 0 1,"[0, 9, 24, 30, 51]"
84,17,0.00040878896269800713,18 2  1 1 1 0 0 0 1 0 1 1 1 0 0 0 0 0 1 1,"[0, 4, 43, 56, 79]"
84,27,0.4166666666666667,28 2  1 0 0 0 0 0 1 0 0 1 0 0 1 0 0 0 0 0 0 0 0 1 0 0 1 0 0 1,"[0, 9, 30, 48, 51]"
84,28,0.08368200836820083,29 2  1 0 1 0 1 0 0 0 0 0 1 0 0 0 1 0 0 0 1 0 1 0 0 0 1 0 0 0 1,"[0, 10, 12, 38, 60]"
84,28,0.09216589861751152,29 2  1 0 0 0 1 0 0 0 1 0 1 0 0 0 1 0 0 0 1 0 0 0 0 0 1 0 1 0 1,"[0, 10, 34, 56, 82]"
84,20,0.008628127696289905,21 2  1 1 0 1 1 1 1 1 1 0 1 0 0 1 0 1 0 0 1 0 1,"[0, 11, 23, 28, 71]"
84,20,0.005686664771111743,21 2  1 0 1 0 0 1 0 1 0 0 1 0 1 1 1 1 1 1 0 1 1,"[0, 11, 24, 67, 72]"
84,44,0.9523809523809523,45 2  1 0 0 0 0 0 0 0 0 0 0 0 1 0 0 0 1 0 0 0 0 0 0 0 0 0 0 0 0 0 0 0 0 0 0 0 1 0 0 0 0 0 0 0 1,"[0, 12, 16, 36, 44]"
84,20,0.0049987503124218945,21 2  1 1 0 1 1 1 1 1 1 0 1 0 0 1 0 1 0 0 1 0 1,"[0, 12, 17, 60, 73]"
84,20,0.005069708491761723,21 2  1 0 1 0 0 1 0 1 0 0 1 0 1 1 1 1 1 1 0 1 1,"[0, 12, 23, 36, 79]"
84,20,0.004530011325028313,21 2  1 1 0 1 1 1 1 1 1 0 1 0 0 1 0 1 0 0 1 0 1,"[0, 12, 31, 59, 60]"
84,44,1,45 2  1 0 0 0 0 0 0 0 1 0 0 0 0 0 0 0 0 0 0 0 0 0 0 0 0 0 0 0 1 0 0 0 1 0 0 0 0 0 0 0 0 0 0 0 1,"[0, 12, 52, 60, 80]"
84,20,0.003460806367883717,21 2  1 0 1 0 0 1 0 1 0 0 1 0 1 1 1 1 1 1 0 1 1,"[0, 12, 36, 37, 65]"
84,42,1,43 2  1 0 0 0 0 0 0 1 0 0 0 0 0 0 0 0 0 0 0 0 0 1 0 0 0 0 0 0 0 0 0 0 0 0 0 1 0 0 0 0 0 0 1,"[0, 14, 21, 63, 70]"
84,42,1,43 2  1 0 0 0 0 0 0 1 0 0 0 0 0 0 0 0 0 0 0 0 0 1 0 0 0 0 0 0 0 0 0 0 0 0 0 1 0 0 0 0 0 0 1,"[0, 14, 28, 35, 77]"
84,44,0.9523809523809523,45 2  1 0 0 0 0 0 0 0 1 0 0 0 0 0 0 0 0 0 0 0 0 0 0 0 0 0 0 0 1 0 0 0 1 0 0 0 0 0 0 0 0 0 0 0 1,"[0, 20, 24, 36, 76]"
84,44,1,45 2  1 0 0 0 0 0 0 0 0 0 0 0 1 0 0 0 1 0 0 0 0 0 0 0 0 0 0 0 0 0 0 0 0 0 0 0 1 0 0 0 0 0 0 0 1,"[0, 20, 28, 68, 80]"
84,28,0.10752688172043011,29 2  1 0 1 0 1 0 0 0 0 0 1 0 0 0 1 0 0 0 1 0 1 0 0 0 1 0 0 0 1,"[0, 22, 46, 56, 58]"
84,28,0.0851063829787234,29 2  1 0 0 0 1 0 0 0 1 0 1 0 0 0 1 0 0 0 1 0 0 0 0 0 1 0 1 0 1,"[0, 22, 48, 50, 60]"
84,28,0.09433962264150944,29 2  1 0 1 0 1 0 0 0 0 0 1 0 0 0 1 0 0 0 1 0 1 0 0 0 1 0 0 0 1,"[0, 24, 34, 36, 62]"
84,28,0.08333333333333333,29 2  1 0 0 0 1 0 0 0 1 0 1 0 0 0 1 0 0 0 1 0 0 0 0 0 1 0 1 0 1,"[0, 24, 46, 72, 74]"
84,28,0.07246376811594203,29 2  1 0 0 0 1 0 0 0 1 0 1 0 0 0 1 0 0 0 1 0 0 0 0 0 1 0 1 0 1,"[0, 26, 28, 38, 62]"
84,28,0.09090909090909091,29 2  1 0 1 0 1 0 0 0 0 0 1 0 0 0 1 0 0 0 1 0 1 0 0 0 1 0 0 0 1,"[0, 26, 48, 72, 82]"
84,44,1,45 2  1 0 0 0 0 0 0 0 1 0 0 0 0 0 0 0 0 0 0 0 0 0 0 0 0 0 0 0 1 0 0 0 1 0 0 0 0 0 0 0 0 0 0 0 1,"[0, 40, 48, 68, 72]"
84,44,0.9090909090909091,45 2  1 0 0 0 0 0 0 0 0 0 0 0 1 0 0 0 1 0 0 0 0 0 0 0 0 0 0 0 0 0 0 0 0 0 0 0 1 0 0 0 0 0 0 0 1,"[0, 40, 52, 56, 76]"
84,42,1,43 2  1 0 0 0 0 0 0 1 0 0 0 0 0 0 0 0 0 0 0 0 0 1 0 0 0 0 0 0 0 0 0 0 0 0 0 1 0 0 0 0 0 0 1,"[0, 42, 49, 63, 77]"
84,9,0.000000999999000001,10 2  1 1 1 1 1 0 0 1 0 1,"[0, 1, 3, 29, 30]"
84,15,0.00010242490973804829,16 2  1 1 1 1 0 1 0 1 0 0 1 1 0 0 0 1,"[0, 4, 41, 62, 83]"
84,15,0.00008506801187549446,16 2  1 0 0 0 1 1 0 0 1 0 1 0 1 1 1 1,"[0, 4, 5, 26, 47]"
84,13,0.000039476930668640514,14 2  1 1 0 1 0 0 0 0 1 1 1 0 0 1,"[0, 2, 34, 35, 77]"
84,12,0.0000017813441078525478,13 2  1 1 1 0 1 0 1 1 0 0 0 0 1,"[0, 1, 10, 55, 56]"
84,9,0.000001031260549473152,10 2  1 1 1 1 1 0 0 1 0 1,"[0, 1, 3, 18, 77]"
84,9,0.0000010435019256784536,10 2  1 1 1 1 1 0 0 1 0 1,"[0, 1, 3, 65, 78]"
84,15,0.000006502895576827972,16 2  1 0 0 0 0 0 1 1 1 1 1 0 1 1 0 1,"[0, 1, 46, 56, 79]"
84,9,0.000000999999000001,10 2  1 0 1 0 0 1 1 1 1 1,"[0, 1, 3, 5, 54]"
84,15,0.000005821104647744584,16 2  1 0 0 0 0 0 1 1 1 1 1 0 1 1 0 1,"[0, 1, 56, 58, 67]"
84,9,0.0000010262230783203191,10 2  1 0 1 0 0 1 1 1 1 1,"[0, 1, 3, 6, 41]"
84,10,0.000001366263564264666,11 2  1 0 0 0 1 1 1 1 0 1 1,"[0, 1, 6, 29, 45]"
84,9,0.000000999999000001,10 2  1 1 1 1 1 0 0 1 0 1,"[0, 1, 3, 5, 66]"
84,15,0.0000076141861424857884,16 2  1 0 0 0 0 0 1 1 1 1 1 0 1 1 0 1,"[0, 3, 13, 41, 78]"
84,15,0.000007407165988664073,16 2  1 0 1 1 0 1 1 1 1 1 0 0 0 0 0 1,"[0, 2, 57, 58, 75]"
84,9,0.0000010240217584143228,10 2  1 0 1 0 0 1 1 1 1 1,"[0, 1, 3, 18, 53]"
84,10,0.0000014164458427597805,11 2  1 1 0 1 1 1 1 0 0 0 1,"[0, 1, 9, 12, 71]"
84,15,0.000005582128035596114,16 2  1 0 0 0 0 0 1 1 1 1 1 0 1 1 0 1,"[0, 2, 11, 28, 29]"
84,11,0.0000017970147810755296,12 2  1 0 1 0 1 1 0 1 0 0 1 1,"[0, 1, 14, 17, 35]"
84,15,0.000006473206266452059,16 2  1 0 1 1 0 1 1 1 1 1 0 0 0 0 0 1,"[0, 2, 15, 33, 58]"
84,11,0.0000025352986461378466,12 2  1 0 1 0 1 1 0 1 0 0 1 1,"[0, 1, 15, 24, 50]"
84,15,0.000005723779010616179,16 2  1 0 0 0 0 0 1 1 1 1 1 0 1 1 0 1,"[0, 2, 28, 53, 71]"
84,15,0.000005541636811098347,16 2  1 0 1 1 0 1 1 1 1 1 0 0 0 0 0 1,"[0, 3, 9, 46, 74]"
84,9,0.000000999999000001,10 2  1 0 1 0 0 1 1 1 1 1,"[0, 1, 3, 17, 66]"
84,11,0.0000020525738043962847,12 2  1 0 1 0 1 1 0 1 0 0 1 1,"[0, 1, 14, 45, 63]"
84,10,0.0000011490378502834706,11 2  1 0 0 0 1 1 1 1 0 1 1,"[0, 1, 6, 45, 71]"
84,11,0.0000015872897456161834,12 2  1 1 0 0 1 0 1 1 0 1 0 1,"[0, 1, 12, 15, 50]"
84,9,0.000000999999000001,10 2  1 0 1 0 0 1 1 1 1 1,"[0, 1, 3, 29, 78]"
84,9,0.00000105000286913284,10 2  1 1 1 1 1 0 0 1 0 1,"[0, 1, 3, 17, 54]"
84,10,0.0000014389895070324137,11 2  1 1 0 1 1 1 1 0 0 0 1,"[0, 1, 9, 29, 54]"
84,12,0.000001927514283362718,13 2  1 1 1 0 1 0 1 1 0 0 0 0 1,"[0, 1, 29, 30, 39]"
84,12,0.0000017636343707295248,13 2  1 0 0 0 0 1 1 0 1 0 1 1 1,"[0, 1, 19, 56, 58]"
84,12,0.0000019860075835699577,13 2  1 0 0 0 0 1 1 0 1 0 1 1 1,"[0, 1, 29, 51, 54]"
84,12,0.0000019185226454738982,13 2  1 0 0 0 0 1 1 0 1 0 1 1 1,"[0, 1, 46, 55, 56]"
84,12,0.0000017647113841001975,13 2  1 1 1 0 1 0 1 1 0 0 0 0 1,"[0, 1, 27, 29, 66]"
84,12,0.0000015170958113515631,13 2  1 0 0 0 0 1 1 0 1 0 1 1 1,"[0, 1, 29, 30, 75]"
84,12,0.0000016296620659405274,13 2  1 0 0 0 0 1 1 0 1 0 1 1 1,"[0, 1, 34, 56, 67]"
84,12,0.0000013718821234979262,13 2  1 1 1 0 1 0 1 1 0 0 0 0 1,"[0, 1, 18, 29, 51]"
