48,10,0.0468384074941452,11 2  1 1 1 0 1 1 1 0 1 1 1,"[0, 1, 4, 8, 13]"
48,10,0.0488997555012225,11 2  1 1 1 0 1 1 1 0 1 1 1,"[0, 1, 4, 8, 37]"
48,8,0.04640371229698376,9 2  1 0 0 0 1 0 0 0 1,"[0, 1, 4, 13, 20]"
48,10,0.03125,11 2  1 1 1 0 1 1 1 0 1 1 1,"[0, 1, 4, 13, 32]"
48,8,0.04032258064516129,9 2  1 0 0 0 1 0 0 0 1,"[0, 1, 4, 13, 44]"
48,8,0.031446540880503145,9 2  1 0 0 0 1 0 0 0 1,"[0, 1, 4, 8, 25]"
48,8,0.036101083032490974,9 2  1 0 0 0 1 0 0 0 1,"[0, 1, 4, 20, 37]"
48,8,0.030911901081916538,9 2  1 0 0 0 1 0 0 0 1,"[0, 1, 4, 20, 25]"
48,10,0.04424778761061947,11 2  1 1 1 0 1 1 1 0 1 1 1,"[0, 1, 4, 32, 37]"
48,16,0.7407407407407407,17 2  1 0 0 0 0 0 0 0 1 0 0 0 0 0 0 0 1,"[0, 1, 8, 16, 25]"
48,16,0.8333333333333334,17 2  1 0 0 0 0 0 0 0 1 0 0 0 0 0 0 0 1,"[0, 1, 8, 25, 40]"
48,18,0.6896551724137931,19 2  1 1 1 0 0 0 0 0 1 1 1 0 0 0 0 0 1 1 1,"[0, 1, 9, 17, 24]"
48,16,0.7407407407407407,17 2  1 0 0 0 0 0 0 0 1 0 0 0 0 0 0 0 1,"[0, 1, 9, 24, 41]"
48,10,0.04866180048661801,11 2  1 1 1 0 1 1 1 0 1 1 1,"[0, 1, 8, 13, 28]"
48,16,0.6060606060606061,17 2  1 0 0 0 0 0 0 0 1 0 0 0 0 0 0 0 1,"[0, 1, 16, 25, 32]"
48,16,0.6896551724137931,17 2  1 0 0 0 0 0 0 0 1 0 0 0 0 0 0 0 1,"[0, 1, 17, 24, 33]"
48,18,0.7407407407407407,19 2  1 1 1 0 0 0 0 0 1 1 1 0 0 0 0 0 1 1 1,"[0, 1, 25, 32, 40]"
48,12,0.0947867298578199,13 2  1 0 1 0 0 0 1 0 0 0 1 0 1,"[0, 2, 6, 10, 36]"
48,12,0.08888888888888889,13 2  1 0 1 0 0 0 1 0 0 0 1 0 1,"[0, 2, 6, 10, 12]"
48,12,0.0881057268722467,13 2  1 0 1 0 0 0 1 0 0 0 1 0 1,"[0, 2, 6, 12, 34]"
48,20,0.6451612903225806,21 2  1 0 1 0 1 0 0 0 1 0 1 0 1 0 0 0 1 0 1 0 1,"[0, 2, 8, 16, 26]"
48,12,0.11235955056179775,13 2  1 0 1 0 0 0 1 0 0 0 1 0 1,"[0, 2, 6, 34, 36]"
48,12,0.11494252873563218,13 2  1 0 1 0 0 0 1 0 0 0 1 0 1,"[0, 2, 10, 12, 30]"
48,20,0.625,21 2  1 0 1 0 1 0 0 0 1 0 1 0 1 0 0 0 1 0 1 0 1,"[0, 2, 24, 34, 42]"
48,18,0.6896551724137931,19 2  1 1 1 0 0 0 0 0 1 1 1 0 0 0 0 0 1 1 1,"[0, 3, 8, 27, 40]"
48,18,0.5714285714285714,19 2  1 1 1 0 0 0 0 0 1 1 1 0 0 0 0 0 1 1 1,"[0, 3, 11, 24, 43]"
48,24,1,25 2  1 0 0 0 1 0 0 0 0 0 0 0 1 0 0 0 0 0 0 0 1 0 0 0 1,"[0, 4, 12, 20, 24]"
48,24,0.9523809523809523,25 2  1 0 0 0 1 0 0 0 0 0 0 0 1 0 0 0 0 0 0 0 1 0 0 0 1,"[0, 4, 28, 32, 40]"
48,18,0.8695652173913043,19 2  1 1 1 0 0 0 0 0 1 1 1 0 0 0 0 0 1 1 1,"[0, 5, 8, 16, 29]"
48,20,0.8333333333333334,21 2  1 0 1 0 1 0 0 0 1 0 1 0 1 0 0 0 1 0 1 0 1,"[0, 6, 8, 30, 40]"
48,20,0.6666666666666666,21 2  1 0 1 0 1 0 0 0 1 0 1 0 1 0 0 0 1 0 1 0 1,"[0, 6, 14, 24, 46]"
48,24,0.9090909090909091,25 2  1 0 0 0 1 0 0 0 0 0 0 0 1 0 0 0 0 0 0 0 1 0 0 0 1,"[0, 8, 12, 36, 40]"
48,20,0.7142857142857143,21 2  1 0 1 0 1 0 0 0 1 0 1 0 1 0 0 0 1 0 1 0 1,"[0, 8, 14, 16, 38]"
48,24,0.9090909090909091,25 2  1 0 0 0 1 0 0 0 0 0 0 0 1 0 0 0 0 0 0 0 1 0 0 0 1,"[0, 8, 16, 20, 44]"
48,24,0.9523809523809523,25 2  1 0 0 0 1 0 0 0 0 0 0 0 1 0 0 0 0 0 0 0 1 0 0 0 1,"[0, 24, 28, 36, 44]"
48,6,0.00027166899849223705,7 2  1 1 0 1 0 1 1,"[0, 1, 3, 5, 18]"
48,6,0.00019829073387400608,7 2  1 1 0 1 0 1 1,"[0, 1, 3, 5, 30]"
48,6,0.00018423331306766889,7 2  1 1 0 1 0 1 1,"[0, 1, 3, 6, 17]"
48,6,0.0001900851581508516,7 2  1 1 0 1 0 1 1,"[0, 1, 3, 5, 42]"
48,6,0.00020735057798973615,7 2  1 1 0 1 0 1 1,"[0, 1, 3, 6, 29]"
