24,4,0.03284072249589491,5 2  1 0 1 0 1,"[0, 1, 2, 4, 7]"
24,4,0.031446540880503145,5 2  1 0 1 0 1,"[0, 1, 2, 4, 19]"
24,4,0.018050541516245487,5 2  1 0 1 0 1,"[0, 1, 2, 4, 13]"
24,6,0.06711409395973154,7 2  1 1 0 1 0 1 1,"[0, 1, 3, 5, 6]"
24,6,0.06042296072507553,7 2  1 1 0 1 0 1 1,"[0, 1, 3, 5, 18]"
24,4,0.021810250817884406,5 2  1 0 1 0 1,"[0, 1, 2, 7, 16]"
24,6,0.06134969325153374,7 2  1 1 0 1 0 1 1,"[0, 1, 3, 17, 18]"
24,6,0.04405286343612335,7 2  1 1 0 1 0 1 1,"[0, 1, 3, 6, 17]"
24,10,0.5405405405405406,11 2  1 1 1 0 1 1 1 0 1 1 1,"[0, 1, 4, 8, 13]"
24,4,0.013614703880190605,5 2  1 0 1 0 1,"[0, 1, 2, 7, 10]"
24,8,0.38461538461538464,9 2  1 0 0 0 1 0 0 0 1,"[0, 1, 4, 13, 20]"
24,8,0.5555555555555556,9 2  1 0 0 0 1 0 0 0 1,"[0, 1, 5, 9, 12]"
24,8,0.5405405405405406,9 2  1 0 0 0 1 0 0 0 1,"[0, 1, 5, 12, 21]"
24,8,0.5128205128205128,9 2  1 0 0 0 1 0 0 0 1,"[0, 1, 8, 13, 16]"
24,8,0.5263157894736842,9 2  1 0 0 0 1 0 0 0 1,"[0, 1, 9, 12, 17]"
24,10,0.45454545454545453,11 2  1 1 1 0 1 1 1 0 1 1 1,"[0, 1, 12, 17, 21]"
24,12,0.7407407407407407,13 2  1 0 1 0 0 0 1 0 0 0 1 0 1,"[0, 2, 6, 10, 12]"
24,12,0.7407407407407407,13 2  1 0 1 0 0 0 1 0 0 0 1 0 1,"[0, 2, 14, 16, 20]"
24,10,0.45454545454545453,11 2  1 1 1 0 1 1 1 0 1 1 1,"[0, 3, 4, 15, 20]"
24,10,0.5714285714285714,11 2  1 1 1 0 1 1 1 0 1 1 1,"[0, 3, 7, 12, 23]"
24,12,0.8,13 2  1 0 1 0 0 0 1 0 0 0 1 0 1,"[0, 4, 6, 18, 20]"
24,10,0.39215686274509803,11 2  1 1 1 0 1 1 1 0 1 1 1,"[0, 4, 7, 8, 19]"
24,12,0.6896551724137931,13 2  1 0 1 0 0 0 1 0 0 0 1 0 1,"[0, 4, 8, 10, 22]"
24,6,0.06825938566552901,7 2  1 1 0 1 0 1 1,"[0, 1, 5, 6, 15]"
24,12,0.8695652173913043,13 2  1 0 1 0 0 0 1 0 0 0 1 0 1,"[0, 12, 14, 18, 22]"
24,2,0.00004892607270414404,3 2  1 1 1,"[0, 1, 2, 3, 18]"
24,2,0.000027365808338088142,3 2  1 1 1,"[0, 1, 2, 3, 6]"
24,2,0.000032814643206384416,3 2  1 1 1,"[0, 1, 2, 3, 15]"
24,2,0.000029858589719090388,3 2  1 1 1,"[0, 1, 2, 3, 12]"
24,2,0.00003061783733967735,3 2  1 1 1,"[0, 1, 2, 3, 9]"
