36,4,0.001839587932303164,5 2  1 0 1 0 1,"[0, 1, 2, 4, 7]"
36,4,0.0012144765606023804,5 2  1 0 1 0 1,"[0, 1, 2, 4, 19]"
36,4,0.0009880934736426067,5 2  1 0 1 0 1,"[0, 1, 2, 4, 13]"
36,6,0.0034453057708871662,7 2  1 1 0 1 0 1 1,"[0, 1, 3, 5, 6]"
36,4,0.0012296341838303104,5 2  1 0 1 0 1,"[0, 1, 2, 4, 25]"
36,6,0.002770850651149903,7 2  1 1 0 1 0 1 1,"[0, 1, 3, 5, 18]"
36,6,0.02699055330634278,7 2  1 0 0 1 0 0 1,"[0, 1, 3, 6, 10]"
36,4,0.0010995052226498076,5 2  1 0 1 0 1,"[0, 1, 2, 4, 31]"
36,6,0.028985507246376812,7 2  1 0 0 1 0 0 1,"[0, 1, 3, 6, 19]"
36,6,0.05194805194805195,7 2  1 0 0 1 0 0 1,"[0, 1, 3, 6, 28]"
36,6,0.004021717273275689,7 2  1 1 0 1 0 1 1,"[0, 1, 3, 5, 30]"
36,6,0.028901734104046242,7 2  1 0 0 1 0 0 1,"[0, 1, 3, 10, 15]"
36,6,0.03683241252302026,7 2  1 0 0 1 0 0 1,"[0, 1, 3, 10, 24]"
36,8,0.10582010582010581,9 2  1 0 0 0 1 0 0 0 1,"[0, 1, 4, 8, 13]"
36,8,0.11428571428571428,9 2  1 0 0 0 1 0 0 0 1,"[0, 1, 4, 8, 25]"
36,8,0.14925373134328357,9 2  1 0 0 0 1 0 0 0 1,"[0, 1, 4, 13, 20]"
36,6,0.0039009167154281255,7 2  1 1 0 1 0 1 1,"[0, 1, 3, 6, 17]"
36,8,0.14705882352941177,9 2  1 0 0 0 1 0 0 0 1,"[0, 1, 4, 13, 32]"
36,8,0.1388888888888889,9 2  1 0 0 0 1 0 0 0 1,"[0, 1, 4, 20, 25]"
36,12,0.5263157894736842,13 2  1 0 0 0 0 0 1 0 0 0 0 0 1,"[0, 1, 6, 12, 19]"
36,12,0.7142857142857143,13 2  1 0 0 0 0 0 1 0 0 0 0 0 1,"[0, 1, 6, 19, 30]"
36,12,0.625,13 2  1 0 0 0 0 0 1 0 0 0 0 0 1,"[0, 1, 7, 13, 18]"
36,12,0.625,13 2  1 0 0 0 0 0 1 0 0 0 0 0 1,"[0, 1, 7, 18, 31]"
36,12,0.5714285714285714,13 2  1 0 0 0 0 0 1 0 0 0 0 0 1,"[0, 1, 12, 19, 24]"
36,6,0.004389815627743635,7 2  1 1 0 1 0 1 1,"[0, 1, 3, 6, 29]"
36,18,0.9090909090909091,19 2  1 0 0 1 0 0 0 0 0 1 0 0 0 0 0 1 0 0 1,"[0, 3, 9, 15, 18]"
36,18,0.8333333333333334,19 2  1 0 0 1 0 0 0 0 0 1 0 0 0 0 0 1 0 0 1,"[0, 3, 21, 24, 30]"
36,18,0.9090909090909091,19 2  1 0 0 1 0 0 0 0 0 1 0 0 0 0 0 1 0 0 1,"[0, 6, 9, 27, 30]"
36,18,0.7692307692307693,19 2  1 0 0 1 0 0 0 0 0 1 0 0 0 0 0 1 0 0 1,"[0, 6, 12, 15, 33]"
36,18,0.8695652173913043,19 2  1 0 0 1 0 0 0 0 0 1 0 0 0 0 0 1 0 0 1,"[0, 18, 21, 27, 33]"
36,2,0.000001036194426755742,3 2  1 1 1,"[0, 1, 2, 3, 18]"
36,2,0.000000999999000001,3 2  1 1 1,"[0, 1, 2, 3, 9]"
36,2,0.0000010225053948662765,3 2  1 1 1,"[0, 1, 2, 3, 6]"
36,2,0.0000010442184210467235,3 2  1 1 1,"[0, 1, 2, 3, 21]"
36,2,0.0000010969541860375065,3 2  1 1 1,"[0, 1, 2, 3, 12]"
