20,8,0.6451612903225806,9 2  1 0 1 0 1 0 1 0 1,"[0, 2, 4, 6, 8]"
20,8,0.5405405405405406,9 2  1 0 1 0 1 0 1 0 1,"[0, 2, 4, 6, 18]"
20,8,0.6666666666666666,9 2  1 0 1 0 1 0 1 0 1,"[0, 2, 4, 16, 18]"
20,8,0.6896551724137931,9 2  1 0 1 0 1 0 1 0 1,"[0, 2, 6, 8, 14]"
20,8,0.6451612903225806,9 2  1 0 1 0 1 0 1 0 1,"[0, 2, 4, 8, 16]"
20,16,1,17 2  1 0 0 0 1 0 0 0 1 0 0 0 1 0 0 0 1,"[0, 4, 8, 12, 16]"
20,4,0.03683241252302026,5 2  1 1 1 1 1,"[0, 1, 2, 3, 9]"
20,4,0.04184100418410042,5 2  1 1 1 1 1,"[0, 1, 2, 4, 13]"
20,4,0.02886002886002886,5 2  1 1 1 1 1,"[0, 1, 2, 3, 19]"
20,4,0.030120481927710843,5 2  1 1 1 1 1,"[0, 1, 2, 4, 8]"
20,4,0.021482277121374866,5 2  1 1 1 1 1,"[0, 1, 2, 3, 14]"
