80,16,0.22727272727272727,17 2  1 0 0 0 1 0 0 0 1 0 0 0 1 0 0 0 1,"[0, 4, 8, 16, 32]"
80,16,0.1694915254237288,17 2  1 0 0 0 1 0 0 0 1 0 0 0 1 0 0 0 1,"[0, 4, 8, 12, 36]"
80,16,0.14492753623188406,17 2  1 0 0 0 1 0 0 0 1 0 0 0 1 0 0 0 1,"[0, 4, 8, 12, 16]"
80,16,0.10638297872340426,17 2  1 0 0 0 1 0 0 0 1 0 0 0 1 0 0 0 1,"[0, 4, 8, 12, 76]"
80,16,0.10752688172043011,17 2  1 0 0 0 1 0 0 0 1 0 0 0 1 0 0 0 1,"[0, 4, 8, 12, 56]"
80,32,0.9523809523809523,33 2  1 0 0 0 0 0 0 0 1 0 0 0 0 0 0 0 1 0 0 0 0 0 0 0 1 0 0 0 0 0 0 0 1,"[0, 8, 16, 24, 32]"
80,32,0.9523809523809523,33 2  1 0 0 0 0 0 0 0 1 0 0 0 0 0 0 0 1 0 0 0 0 0 0 0 1 0 0 0 0 0 0 0 1,"[0, 8, 16, 24, 72]"
80,32,0.9523809523809523,33 2  1 0 0 0 0 0 0 0 1 0 0 0 0 0 0 0 1 0 0 0 0 0 0 0 1 0 0 0 0 0 0 0 1,"[0, 8, 16, 32, 64]"
80,32,1,33 2  1 0 0 0 0 0 0 0 1 0 0 0 0 0 0 0 1 0 0 0 0 0 0 0 1 0 0 0 0 0 0 0 1,"[0, 8, 16, 64, 72]"
80,32,0.9523809523809523,33 2  1 0 0 0 0 0 0 0 1 0 0 0 0 0 0 0 1 0 0 0 0 0 0 0 1 0 0 0 0 0 0 0 1,"[0, 8, 24, 32, 56]"
80,64,1,65 2  1 0 0 0 0 0 0 0 0 0 0 0 0 0 0 0 1 0 0 0 0 0 0 0 0 0 0 0 0 0 0 0 1 0 0 0 0 0 0 0 0 0 0 0 0 0 0 0 1 0 0 0 0 0 0 0 0 0 0 0 0 0 0 0 1,"[0, 16, 32, 48, 64]"
80,8,0.0004020585397233837,9 2  1 0 1 0 1 0 1 0 1,"[0, 2, 4, 6, 18]"
80,8,0.0003495098124879856,9 2  1 0 1 0 1 0 1 0 1,"[0, 2, 4, 6, 8]"
80,8,0.00026465528648934763,9 2  1 0 1 0 1 0 1 0 1,"[0, 2, 4, 6, 48]"
80,8,0.00019826714515137697,9 2  1 0 1 0 1 0 1 0 1,"[0, 2, 4, 6, 28]"
80,8,0.0001875363351649382,9 2  1 0 1 0 1 0 1 0 1,"[0, 2, 4, 6, 38]"
