98,21,0.18018018018018017,22 2  1 0 0 0 0 0 0 0 0 0 0 0 0 0 1 0 0 0 0 0 0 1,"[0, 1, 7, 50, 84]"
98,21,0.15625,22 2  1 0 0 0 0 0 0 1 0 0 0 0 0 0 0 0 0 0 0 0 0 1,"[0, 1, 7, 21, 50]"
98,21,0.15267175572519084,22 2  1 0 0 0 0 0 0 1 0 0 0 0 0 0 0 0 0 0 0 0 0 1,"[0, 1, 7, 50, 70]"
98,21,0.14705882352941177,22 2  1 0 0 0 0 0 0 0 0 0 0 0 0 0 1 0 0 0 0 0 0 1,"[0, 1, 7, 35, 50]"
98,21,0.15873015873015872,22 2  1 0 0 0 0 0 0 1 0 0 0 0 0 0 0 0 0 0 0 0 0 1,"[0, 1, 8, 49, 71]"
98,21,0.12121212121212122,22 2  1 0 0 0 0 0 0 1 0 0 0 0 0 0 0 0 0 0 0 0 0 1,"[0, 1, 8, 22, 49]"
98,21,0.11173184357541899,22 2  1 0 0 0 0 0 0 0 0 0 0 0 0 0 1 0 0 0 0 0 0 1,"[0, 1, 8, 49, 85]"
98,21,0.0881057268722467,22 2  1 0 0 0 0 0 0 0 0 0 0 0 0 0 1 0 0 0 0 0 0 1,"[0, 1, 8, 36, 49]"
98,21,0.1342281879194631,22 2  1 0 0 0 0 0 0 0 0 0 0 0 0 0 1 0 0 0 0 0 0 1,"[0, 1, 14, 21, 50]"
98,21,0.13071895424836602,22 2  1 0 0 0 0 0 0 1 0 0 0 0 0 0 0 0 0 0 0 0 0 1,"[0, 1, 14, 42, 50]"
