5,1
6,1
6,2
6,4
7,4
7,1
8,1
8,2
8,3
8,5
8,6
9,1
9,3
10,1
10,6
11,1
12,1
12,3
12,5
12,6
12,7
12,9
13,1
14,4
14,5
14,1
15,1
15,5
15,7
16,1
16,3
16,5
16,9
17,1
18,1
18,4
18,10
19,1
20,1
20,3
20,6
20,5
20,8
20,7
20,11
20,15
21,4
21,1
21,7
21,6
21,9
22,1
22,12
23,1
24,1
24,5
24,7
24,13
25,1
26,1
26,14
27,1
28,5
28,1
28,3
28,6
28,7
28,9
28,15
28,21
29,1
30,1
30,4
30,7
30,8
30,12
30,16
31,1
31,6
32,1
32,3
32,5
32,9
32,17
33,1
33,11
33,13
34,1
34,18
35,4
35,1
35,8
35,11
36,1
36,5
36,7
36,10
36,11
36,19
37,1
38,1
38,20
39,1
39,13
39,15
40,1
40,3
40,9
40,7
40,11
40,21
41,1
42,4
42,5
42,1
42,9
42,16
42,22
42,10
43,1
44,1
44,3
44,12
44,11
44,13
44,14
44,23
44,33
45,1
45,7
45,13
46,1
46,24
47,1
48,1
48,5
48,7
48,11
48,13
48,25
49,4
49,1
