65,52,1,53 2  1 0 0 0 0 0 0 0 0 0 0 0 0 1 0 0 0 0 0 0 0 0 0 0 0 0 1 0 0 0 0 0 0 0 0 0 0 0 0 1 0 0 0 0 0 0 0 0 0 0 0 0 1,"[0, 13, 26, 39, 52]"
65,12,0.000008514921122028186,13 2  1 0 1 1 1 0 1 0 1 1 1 0 1,"[0, 1, 3, 24, 58]"
65,12,0.000008763082186318902,13 2  1 0 0 0 1 1 1 1 1 0 0 0 1,"[0, 1, 7, 18, 32]"
65,12,0.000006194639283057228,13 2  1 1 0 1 0 1 1 1 0 1 0 1 1,"[0, 1, 4, 9, 47]"
65,12,0.000006610696106299994,13 2  1 1 0 1 0 1 1 1 0 1 0 1 1,"[0, 1, 15, 17, 38]"
65,12,0.0000055526496688955,13 2  1 0 1 0 0 1 1 1 0 0 1 0 1,"[0, 1, 8, 51, 53]"
65,12,0.000005286102361143341,13 2  1 0 1 0 0 1 1 1 0 0 1 0 1,"[0, 1, 13, 15, 58]"
65,12,0.000005716926934529467,13 2  1 1 0 1 0 1 1 1 0 1 0 1 1,"[0, 1, 6, 42, 45]"
65,12,0.000006098031342051689,13 2  1 0 1 1 1 0 1 0 1 1 1 0 1,"[0, 1, 15, 28, 48]"
65,12,0.000005451205847617537,13 2  1 1 0 1 0 1 1 1 0 1 0 1 1,"[0, 1, 5, 40, 50]"
65,12,0.0000048549828752616535,13 2  1 0 1 0 0 1 1 1 0 0 1 0 1,"[0, 1, 2, 25, 42]"
65,12,0.000005159439581672639,13 2  1 0 1 1 1 0 1 0 1 1 1 0 1,"[0, 1, 9, 12, 50]"
65,12,0.000005489522696980543,13 2  1 0 1 0 0 1 1 1 0 0 1 0 1,"[0, 1, 9, 19, 35]"
65,12,0.00000470193162404013,13 2  1 0 1 1 1 0 1 0 1 1 1 0 1,"[0, 1, 8, 42, 63]"
65,12,0.000004576996291259905,13 2  1 0 0 0 1 1 1 1 1 0 0 0 1,"[0, 1, 12, 21, 27]"
65,12,0.000003913948706528016,13 2  1 0 0 0 1 1 1 1 1 0 0 0 1,"[0, 1, 2, 20, 47]"
65,12,0.000004677932531582477,13 2  1 1 0 1 0 1 1 1 0 1 0 1 1,"[0, 1, 8, 22, 41]"
65,12,0.0000042740513155423094,13 2  1 0 1 0 0 1 1 1 0 0 1 0 1,"[0, 1, 7, 11, 40]"
65,12,0.000003827065620397953,13 2  1 0 0 0 1 1 1 1 1 0 0 0 1,"[0, 1, 10, 33, 56]"
65,12,0.000003843677630757108,13 2  1 0 1 1 1 0 1 0 1 1 1 0 1,"[0, 1, 5, 22, 34]"
65,12,0.000003722548762131554,13 2  1 0 0 0 1 1 1 1 1 0 0 0 1,"[0, 1, 3, 15, 37]"
