72,16,0.4,17 2  1 0 0 0 0 0 0 0 1 0 0 0 0 0 0 0 1,"[0, 1, 8, 16, 25]"
72,16,0.273972602739726,17 2  1 0 0 0 0 0 0 0 1 0 0 0 0 0 0 0 1,"[0, 1, 8, 40, 49]"
72,24,0.8,25 2  1 0 0 0 0 0 0 0 0 0 0 0 1 0 0 0 0 0 0 0 0 0 0 0 1,"[0, 1, 12, 24, 37]"
72,24,0.8333333333333334,25 2  1 0 0 0 0 0 0 0 0 0 0 0 1 0 0 0 0 0 0 0 0 0 0 0 1,"[0, 1, 12, 37, 60]"
72,16,0.24691358024691357,17 2  1 0 0 0 0 0 0 0 1 0 0 0 0 0 0 0 1,"[0, 1, 8, 25, 64]"
72,24,0.8695652173913043,25 2  1 0 0 0 0 0 0 0 0 0 0 0 1 0 0 0 0 0 0 0 0 0 0 0 1,"[0, 1, 13, 25, 36]"
72,24,0.9523809523809523,25 2  1 0 0 0 0 0 0 0 0 0 0 0 1 0 0 0 0 0 0 0 0 0 0 0 1,"[0, 1, 13, 36, 61]"
72,16,0.3508771929824561,17 2  1 0 0 0 0 0 0 0 1 0 0 0 0 0 0 0 1,"[0, 1, 8, 25, 40]"
72,16,0.28169014084507044,17 2  1 0 0 0 0 0 0 0 1 0 0 0 0 0 0 0 1,"[0, 1, 8, 16, 49]"
72,12,0.05194805194805195,13 2  1 0 0 0 0 0 1 0 0 0 0 0 1,"[0, 1, 6, 12, 19]"
72,12,0.05952380952380952,13 2  1 0 0 0 0 0 1 0 0 0 0 0 1,"[0, 1, 6, 12, 37]"
72,24,0.9523809523809523,25 2  1 0 0 0 0 0 0 0 0 0 0 0 1 0 0 0 0 0 0 0 0 0 0 0 1,"[0, 1, 24, 37, 48]"
72,12,0.04830917874396135,13 2  1 0 0 0 0 0 1 0 0 0 0 0 1,"[0, 1, 6, 12, 55]"
72,12,0.055248618784530384,13 2  1 0 0 0 0 0 1 0 0 0 0 0 1,"[0, 1, 6, 19, 48]"
72,12,0.046511627906976744,13 2  1 0 0 0 0 0 1 0 0 0 0 0 1,"[0, 1, 6, 19, 30]"
72,30,0.8,31 2  1 0 0 1 0 0 1 0 0 0 0 0 1 0 0 1 0 0 1 0 0 0 0 0 1 0 0 1 0 0 1,"[0, 3, 12, 24, 39]"
72,18,0.15037593984962405,19 2  1 0 0 1 0 0 0 0 0 1 0 0 0 0 0 1 0 0 1,"[0, 3, 9, 15, 54]"
72,18,0.125,19 2  1 0 0 1 0 0 0 0 0 1 0 0 0 0 0 1 0 0 1,"[0, 3, 9, 15, 18]"
72,18,0.15267175572519084,19 2  1 0 0 1 0 0 0 0 0 1 0 0 0 0 0 1 0 0 1,"[0, 3, 9, 51, 54]"
72,18,0.136986301369863,19 2  1 0 0 1 0 0 0 0 0 1 0 0 0 0 0 1 0 0 1,"[0, 3, 15, 18, 45]"
72,18,0.145985401459854,19 2  1 0 0 1 0 0 0 0 0 1 0 0 0 0 0 1 0 0 1,"[0, 3, 9, 18, 51]"
72,30,0.9090909090909091,31 2  1 0 0 1 0 0 1 0 0 0 0 0 1 0 0 1 0 0 1 0 0 0 0 0 1 0 0 1 0 0 1,"[0, 3, 36, 51, 63]"
72,12,0.00693000693000693,13 2  1 0 1 0 0 0 1 0 0 0 1 0 1,"[0, 2, 6, 12, 58]"
72,12,0.006455777921239509,13 2  1 0 1 0 0 0 1 0 0 0 1 0 1,"[0, 2, 6, 10, 36]"
72,12,0.0051387461459403904,13 2  1 0 1 0 0 0 1 0 0 0 1 0 1,"[0, 2, 6, 10, 12]"
72,12,0.005753739930955121,13 2  1 0 1 0 0 0 1 0 0 0 1 0 1,"[0, 2, 6, 10, 60]"
72,36,1,37 2  1 0 0 0 0 0 1 0 0 0 0 0 0 0 0 0 0 0 1 0 0 0 0 0 0 0 0 0 0 0 1 0 0 0 0 0 1,"[0, 6, 18, 30, 36]"
72,12,0.0057670126874279125,13 2  1 0 1 0 0 0 1 0 0 0 1 0 1,"[0, 2, 6, 12, 34]"
72,36,0.9523809523809523,37 2  1 0 0 0 0 0 1 0 0 0 0 0 0 0 0 0 0 0 1 0 0 0 0 0 0 0 0 0 0 0 1 0 0 0 0 0 1,"[0, 6, 42, 48, 60]"
72,30,0.8333333333333334,31 2  1 0 0 1 0 0 1 0 0 0 0 0 1 0 0 1 0 0 1 0 0 0 0 0 1 0 0 1 0 0 1,"[0, 9, 12, 45, 60]"
72,30,0.9090909090909091,31 2  1 0 0 1 0 0 1 0 0 0 0 0 1 0 0 1 0 0 1 0 0 0 0 0 1 0 0 1 0 0 1,"[0, 9, 21, 36, 69]"
72,8,0.00250689395838556,9 2  1 0 0 0 1 0 0 0 1,"[0, 1, 4, 13, 68]"
72,10,0.0023932033026205575,11 2  1 1 1 0 1 1 1 0 1 1 1,"[0, 1, 4, 8, 37]"
72,10,0.002485089463220676,11 2  1 1 1 0 1 1 1 0 1 1 1,"[0, 1, 4, 13, 56]"
72,8,0.002324770428920144,9 2  1 0 0 0 1 0 0 0 1,"[0, 1, 4, 8, 49]"
72,8,0.0022099447513812156,9 2  1 0 0 0 1 0 0 0 1,"[0, 1, 4, 8, 25]"
72,10,0.0017801513128615932,11 2  1 1 1 0 1 1 1 0 1 1 1,"[0, 1, 4, 8, 13]"
72,36,1,37 2  1 0 0 0 0 0 1 0 0 0 0 0 0 0 0 0 0 0 1 0 0 0 0 0 0 0 0 0 0 0 1 0 0 0 0 0 1,"[0, 12, 18, 54, 60]"
72,30,0.9523809523809523,31 2  1 0 0 1 0 0 1 0 0 0 0 0 1 0 0 1 0 0 1 0 0 0 0 0 1 0 0 1 0 0 1,"[0, 12, 21, 24, 57]"
72,36,1,37 2  1 0 0 0 0 0 1 0 0 0 0 0 0 0 0 0 0 0 1 0 0 0 0 0 0 0 0 0 0 0 1 0 0 0 0 0 1,"[0, 12, 24, 30, 66]"
72,8,0.0019206760779794487,9 2  1 0 0 0 1 0 0 0 1,"[0, 1, 4, 13, 20]"
72,8,0.0022609088853719197,9 2  1 0 0 0 1 0 0 0 1,"[0, 1, 4, 13, 44]"
72,10,0.001707067258449983,11 2  1 1 1 0 1 1 1 0 1 1 1,"[0, 1, 4, 8, 61]"
72,10,0.0017750954113783617,11 2  1 1 1 0 1 1 1 0 1 1 1,"[0, 1, 4, 13, 32]"
72,36,1,37 2  1 0 0 0 0 0 1 0 0 0 0 0 0 0 0 0 0 0 1 0 0 0 0 0 0 0 0 0 0 0 1 0 0 0 0 0 1,"[0, 36, 42, 54, 66]"
