63,8,0.0000014440148580464805,9 2  1 0 1 0 1 1 0 0 1,"[0, 1, 2, 3, 12]"
63,8,0.0000014546458515573185,9 2  1 1 1 0 0 1 0 0 1,"[0, 1, 2, 3, 48]"
63,8,0.0000014863835745102162,9 2  1 0 1 0 1 1 0 0 1,"[0, 1, 2, 4, 34]"
63,8,0.0000013252653827363112,9 2  1 0 0 1 0 0 1 1 1,"[0, 1, 2, 3, 18]"
63,8,0.0000013376737278672686,9 2  1 1 0 0 0 0 0 0 1,"[0, 1, 2, 3, 24]"
63,8,0.0000012288137910263293,9 2  1 0 0 1 1 0 1 0 1,"[0, 1, 2, 3, 54]"
63,9,0.000001246331734123541,10 2  1 1 1 1 1 0 1 1 1 1,"[0, 1, 2, 4, 21]"
63,8,0.0000011668940262435634,9 2  1 0 0 0 0 0 0 1 1,"[0, 1, 2, 3, 42]"
63,12,0.0000807418561745316,13 2  1 1 1 0 0 0 0 1 0 0 0 0 1,"[0, 1, 2, 7, 12]"
63,8,0.0000016185401835780646,9 2  1 1 1 0 0 1 0 0 1,"[0, 1, 2, 5, 8]"
63,9,0.0000013789024749851579,10 2  1 1 1 0 0 1 0 0 0 1,"[0, 1, 2, 5, 9]"
63,9,0.0000016536856477532159,10 2  1 0 1 0 1 1 0 0 0 1,"[0, 1, 2, 6, 22]"
63,8,0.0000012590277007497635,9 2  1 0 0 0 0 0 0 1 1,"[0, 1, 2, 7, 10]"
63,12,0.000013124659989277153,13 2  1 1 0 0 0 1 1 1 0 0 0 1 1,"[0, 1, 2, 9, 56]"
63,9,0.0000012032772700382214,10 2  1 1 1 0 0 1 0 0 0 1,"[0, 1, 2, 6, 49]"
63,8,0.000001104640434291596,9 2  1 0 0 1 0 0 1 1 1,"[0, 1, 2, 5, 47]"
63,9,0.0000011987269280278959,10 2  1 0 0 0 1 1 0 1 0 1,"[0, 1, 2, 6, 28]"
63,11,0.000013619302364855663,12 2  1 0 1 0 0 1 0 1 0 0 0 1,"[0, 1, 2, 10, 43]"
63,12,0.000011067480642976355,13 2  1 1 0 0 1 0 0 1 0 0 1 1 1,"[0, 1, 2, 10, 41]"
63,9,0.0000011443944242357105,10 2  1 1 0 0 0 0 1 1 0 1,"[0, 1, 2, 8, 24]"
63,8,0.0000012421922009211104,9 2  1 0 0 1 1 0 1 0 1,"[0, 1, 2, 8, 26]"
63,8,0.000001324589541160196,9 2  1 0 0 1 0 0 1 1 1,"[0, 1, 2, 8, 35]"
63,8,0.00000127843527704076,9 2  1 0 1 0 1 1 0 0 1,"[0, 1, 2, 9, 51]"
63,8,0.0000015536123662572795,9 2  1 0 0 1 1 0 1 0 1,"[0, 1, 2, 10, 34]"
63,12,0.0000970059125103675,13 2  1 1 1 0 1 1 1 1 1 1 0 1 1,"[0, 1, 2, 15, 40]"
63,8,0.0000012448490480483723,9 2  1 0 1 0 1 1 0 0 1,"[0, 1, 2, 11, 62]"
63,9,0.0000013603928161464479,10 2  1 0 0 0 1 0 0 1 1 1,"[0, 1, 2, 10, 44]"
63,8,0.0000014317774851701858,9 2  1 1 1 0 0 1 0 0 1,"[0, 1, 2, 12, 21]"
63,11,0.000004499753413512939,12 2  1 0 1 1 0 0 0 1 1 1 0 1,"[0, 1, 2, 15, 45]"
63,8,0.0000011962563874109806,9 2  1 0 0 0 0 0 0 1 1,"[0, 1, 2, 11, 38]"
63,8,0.0000012800043417747272,9 2  1 0 0 1 1 0 1 0 1,"[0, 1, 2, 13, 19]"
63,8,0.000001443223237048695,9 2  1 0 0 1 1 0 1 0 1,"[0, 1, 2, 14, 56]"
63,9,0.000001217320720916808,10 2  1 1 1 1 0 1 1 1 1 1,"[0, 1, 2, 13, 21]"
63,11,0.000005208086491733986,12 2  1 1 0 0 0 1 0 0 1 0 0 1,"[0, 1, 2, 17, 44]"
63,9,0.0000013688335758450152,10 2  1 1 0 1 0 1 0 1 1 1,"[0, 1, 2, 16, 24]"
63,9,0.0000011497714742961975,10 2  1 1 1 0 0 1 0 0 0 1,"[0, 1, 2, 16, 47]"
63,9,0.0000011909807976975007,10 2  1 0 0 0 1 0 0 1 1 1,"[0, 1, 2, 16, 59]"
63,8,0.0000012823284622804364,9 2  1 0 1 0 1 1 0 0 1,"[0, 1, 2, 17, 32]"
63,9,0.0000012612103469949109,10 2  1 0 1 0 1 1 0 0 0 1,"[0, 1, 2, 17, 30]"
63,8,0.000001300116230390997,9 2  1 0 0 1 0 0 1 1 1,"[0, 1, 2, 17, 62]"
63,11,0.00000409246097071128,12 2  1 0 1 1 1 0 0 0 1 1 0 1,"[0, 1, 2, 20, 50]"
63,11,0.00000494427065333098,12 2  1 0 0 1 0 0 1 0 0 0 1 1,"[0, 1, 2, 21, 48]"
63,9,0.0000011722399741685199,10 2  1 0 0 0 1 0 0 1 1 1,"[0, 1, 2, 18, 49]"
63,8,0.0000011395512071294425,9 2  1 1 0 0 0 0 0 0 1,"[0, 1, 2, 18, 36]"
63,8,0.0000012923853944941798,9 2  1 1 1 0 0 1 0 0 1,"[0, 1, 2, 18, 60]"
63,11,0.000014148694287747656,12 2  1 0 0 0 1 0 1 0 0 1 0 1,"[0, 1, 2, 22, 55]"
63,11,0.00000455999678976226,12 2  1 0 1 1 1 0 0 0 1 1 0 1,"[0, 1, 2, 22, 34]"
63,9,0.0000013266500242843288,10 2  1 1 1 0 1 0 1 0 1 1,"[0, 1, 2, 20, 21]"
63,11,0.000012427979856730247,12 2  1 0 1 0 0 1 0 1 0 0 0 1,"[0, 1, 2, 24, 36]"
63,12,0.000014067091586613193,13 2  1 1 1 0 0 1 0 0 1 0 0 1 1,"[0, 1, 2, 24, 55]"
63,8,0.000001315141766364276,9 2  1 1 1 0 0 1 0 0 1,"[0, 1, 2, 19, 43]"
63,12,0.00007895058877401578,13 2  1 1 0 1 1 1 1 1 1 0 1 1 1,"[0, 1, 2, 25, 50]"
63,9,0.0000012342978795256149,10 2  1 0 1 1 0 0 0 0 1 1,"[0, 1, 2, 20, 22]"
63,11,0.000012726459390822568,12 2  1 0 0 0 1 0 1 0 0 1 0 1,"[0, 1, 2, 29, 41]"
63,9,0.000001340279735144641,10 2  1 1 1 0 0 1 0 0 0 1,"[0, 1, 2, 21, 55]"
63,8,0.000001598345265113933,9 2  1 0 0 1 0 0 1 1 1,"[0, 1, 2, 22, 46]"
63,11,0.0000053131419769829375,12 2  1 0 1 1 0 0 0 1 1 1 0 1,"[0, 1, 2, 31, 43]"
63,8,0.0000013069334518634845,9 2  1 1 0 0 0 0 0 0 1,"[0, 1, 2, 23, 62]"
63,9,0.0000014065092262434087,10 2  1 1 1 1 0 1 1 1 1 1,"[0, 1, 2, 23, 33]"
63,9,0.0000013647603989112761,10 2  1 0 0 0 1 1 0 1 0 1,"[0, 1, 2, 29, 31]"
63,8,0.0000014416879051323224,9 2  1 1 0 0 0 0 0 0 1,"[0, 1, 2, 27, 54]"
63,9,0.0000011583185778025503,10 2  1 1 1 1 0 1 1 1 1 1,"[0, 1, 2, 27, 28]"
63,8,0.0000011970149559238144,9 2  1 0 0 0 0 0 0 1 1,"[0, 1, 2, 29, 47]"
63,9,0.000001405465278226258,10 2  1 0 1 0 1 1 0 0 0 1,"[0, 1, 2, 34, 36]"
63,9,0.0000014549958154320349,10 2  1 0 0 0 1 1 0 1 0 1,"[0, 1, 2, 35, 48]"
63,9,0.0000011795906053865416,10 2  1 1 1 1 1 0 1 1 1 1,"[0, 1, 2, 32, 42]"
63,9,0.000001346978222729584,10 2  1 1 1 1 1 0 1 1 1 1,"[0, 1, 2, 37, 38]"
63,9,0.0000013802964476483578,10 2  1 0 1 0 1 1 0 0 0 1,"[0, 1, 2, 37, 59]"
63,9,0.000001310588678427278,10 2  1 1 1 0 1 0 1 0 1 1,"[0, 1, 2, 41, 49]"
63,12,0.00008886045354375489,13 2  1 0 0 0 0 1 0 0 0 0 1 1 1,"[0, 1, 2, 53, 58]"
63,9,0.000001372072802731742,10 2  1 0 1 1 0 0 0 0 1 1,"[0, 1, 2, 41, 57]"
63,8,0.0000011317233135681629,9 2  1 0 0 0 0 0 0 1 1,"[0, 1, 2, 41, 62]"
63,9,0.0000017268353669697838,10 2  1 1 0 1 0 1 0 1 1 1,"[0, 1, 2, 44, 45]"
63,9,0.0000011551892835400544,10 2  1 1 0 0 0 0 1 1 0 1,"[0, 1, 2, 43, 45]"
63,8,0.00005324104884866232,9 2  1 1 0 1 0 0 1 0 1,"[0, 1, 3, 6, 8]"
63,11,0.0000042521978547661826,12 2  1 0 1 1 0 0 0 1 1 1 0 1,"[0, 1, 3, 5, 24]"
63,12,0.00033732501264968796,13 2  1 0 1 0 0 0 1 0 0 0 0 1 1,"[0, 1, 3, 6, 37]"
63,8,0.000042999286211848885,9 2  1 1 0 1 0 0 1 0 1,"[0, 1, 3, 6, 29]"
63,9,0.0006260564702936205,10 2  1 1 0 0 1 0 0 1 0 1,"[0, 1, 3, 6, 55]"
63,8,0.00007701075070079783,9 2  1 1 0 1 0 0 1 0 1,"[0, 1, 3, 6, 50]"
63,9,0.0000013014527726865667,10 2  1 0 0 0 1 1 0 1 0 1,"[0, 1, 2, 43, 59]"
63,8,0.00007971080918427943,9 2  1 1 0 1 0 0 1 0 1,"[0, 1, 3, 8, 27]"
63,9,0.0000013898550311709737,10 2  1 1 1 1 0 1 1 1 1 1,"[0, 1, 2, 44, 61]"
63,8,0.00006359563352380226,9 2  1 1 0 1 0 0 1 0 1,"[0, 1, 3, 8, 48]"
63,9,0.0000011545506295562536,10 2  1 1 1 1 1 0 1 1 1 1,"[0, 1, 2, 44, 52]"
63,9,0.003788596325061565,10 2  1 0 0 1 0 0 0 0 0 1,"[0, 1, 3, 9, 22]"
63,8,0.0000013330855571644417,9 2  1 1 0 0 0 0 0 0 1,"[0, 1, 2, 55, 58]"
63,9,0.004593477262287551,10 2  1 0 0 1 0 0 0 0 0 1,"[0, 1, 3, 9, 43]"
63,9,0.0006455986313309016,10 2  1 1 0 0 1 0 0 1 0 1,"[0, 1, 3, 10, 24]"
63,15,0.0005301383661135557,16 2  1 0 1 0 0 0 1 1 0 1 1 1 0 1 0 1,"[0, 1, 3, 10, 33]"
63,9,0.0000010936446341747763,10 2  1 0 0 0 1 0 0 1 1 1,"[0, 1, 2, 56, 60]"
63,12,0.0005149330587023687,13 2  1 1 0 1 0 1 0 0 1 1 1 1 1,"[0, 1, 3, 10, 51]"
63,9,0.0000011100196534529742,10 2  1 0 0 0 1 1 0 1 0 1,"[0, 1, 3, 5, 59]"
63,9,0.000001317451456030881,10 2  1 1 0 1 0 1 0 1 1 1,"[0, 1, 3, 7, 56]"
63,9,0.0000014108479534803925,10 2  1 0 1 1 1 0 1 1 0 1,"[0, 1, 3, 9, 16]"
63,9,0.003930045195519749,10 2  1 0 0 0 0 0 1 0 0 1,"[0, 1, 3, 15, 22]"
63,9,0.0000013346323755121652,10 2  1 1 1 1 0 1 1 1 1 1,"[0, 1, 3, 8, 44]"
63,9,0.0005242051739050665,10 2  1 0 1 0 0 1 0 0 1 1,"[0, 1, 3, 15, 37]"
63,9,0.003204614645088928,10 2  1 0 0 0 0 0 1 0 0 1,"[0, 1, 3, 15, 43]"
63,9,0.000001084542236412855,10 2  1 1 0 0 0 0 1 1 0 1,"[0, 1, 3, 8, 16]"
63,9,0.0004133683318520968,10 2  1 0 1 0 0 1 0 0 1 1,"[0, 1, 3, 19, 24]"
63,9,0.0005393452348848498,10 2  1 1 0 0 1 0 0 1 0 1,"[0, 1, 3, 19, 33]"
63,9,0.0000013958967753877155,10 2  1 0 1 1 0 1 1 1 0 1,"[0, 1, 3, 9, 36]"
63,9,0.003527336860670194,10 2  1 0 0 1 0 0 0 0 0 1,"[0, 1, 3, 22, 30]"
63,9,0.00415541242468315,10 2  1 0 0 0 0 0 1 0 0 1,"[0, 1, 3, 22, 36]"
63,9,0.003660992128866923,10 2  1 0 0 1 0 0 0 0 0 1,"[0, 1, 3, 22, 51]"
63,15,0.0050645733096986575,16 2  1 1 0 0 0 0 0 1 0 1 1 0 1 0 0 1,"[0, 1, 3, 22, 57]"
63,11,0.000002573375955301489,12 2  1 1 0 0 0 0 0 1 0 0 1 1,"[0, 1, 3, 12, 17]"
63,11,0.000011337180794588991,12 2  1 1 1 0 1 1 1 1 0 1 0 1,"[0, 1, 3, 24, 59]"
63,9,0.0000012171109243251545,10 2  1 1 1 1 1 0 1 1 1 1,"[0, 1, 3, 10, 45]"
63,12,0.000022096493176050494,13 2  1 1 1 0 1 1 1 0 1 1 1 1 1,"[0, 1, 3, 26, 41]"
63,11,0.000007165071423223215,12 2  1 0 1 0 1 1 1 1 0 1 1 1,"[0, 1, 3, 26, 45]"
63,9,0.00033610620956222166,10 2  1 1 0 0 1 0 0 1 0 1,"[0, 1, 3, 28, 42]"
63,9,0.0000011746541583227065,10 2  1 0 1 0 1 1 0 0 0 1,"[0, 1, 3, 11, 32]"
63,9,0.00045454545454545455,10 2  1 0 1 0 0 1 0 0 1 1,"[0, 1, 3, 28, 60]"
63,11,0.000010666877159709285,12 2  1 0 1 0 0 1 0 1 0 0 0 1,"[0, 1, 3, 29, 30]"
63,9,0.00000144543741176508,10 2  1 0 1 1 1 0 1 1 0 1,"[0, 1, 3, 14, 56]"
63,9,0.005922416345869114,10 2  1 0 0 1 0 0 0 0 0 1,"[0, 1, 3, 30, 43]"
63,11,0.000008360040178353098,12 2  1 1 1 0 1 1 1 1 0 1 0 1,"[0, 1, 3, 29, 36]"
63,9,0.0000012928864161143293,10 2  1 0 1 1 0 0 0 0 1 1,"[0, 1, 3, 17, 52]"
63,9,0.000001326198913657422,10 2  1 0 1 1 0 0 0 0 1 1,"[0, 1, 3, 15, 36]"
63,9,0.0035379444542720678,10 2  1 0 0 0 0 0 1 0 0 1,"[0, 1, 3, 36, 43]"
63,9,0.0000013343020366119136,10 2  1 1 1 0 1 0 1 0 1 1,"[0, 1, 3, 19, 52]"
63,15,0.00048791198067868555,16 2  1 0 1 1 1 0 1 1 0 1 1 1 1 0 0 1,"[0, 1, 3, 37, 51]"
63,12,0.000014375892203809899,13 2  1 0 0 1 1 1 1 1 1 1 0 0 1,"[0, 1, 3, 35, 41]"
63,9,0.0000013866006127110787,10 2  1 0 1 1 0 0 0 0 1 1,"[0, 1, 3, 23, 37]"
63,9,0.0000013233488427612125,10 2  1 1 1 0 0 1 0 0 0 1,"[0, 1, 3, 24, 61]"
63,12,0.00001932845225485724,13 2  1 1 1 1 0 0 1 0 0 1 1 1 1,"[0, 1, 3, 39, 55]"
63,9,0.00035249744439352817,10 2  1 0 1 0 0 1 0 0 1 1,"[0, 1, 3, 42, 46]"
63,15,0.003118665211289568,16 2  1 0 1 1 0 1 0 0 1 0 0 0 0 0 1 1,"[0, 1, 3, 43, 57]"
63,15,0.0008790822381433783,16 2  1 0 1 0 1 1 1 0 1 1 0 0 0 1 0 1,"[0, 1, 3, 46, 60]"
63,11,0.00001226951712088419,12 2  1 1 1 0 1 1 1 1 0 1 0 1,"[0, 1, 3, 39, 53]"
63,9,0.00027849335097124555,10 2  1 1 0 0 1 0 0 1 0 1,"[0, 1, 4, 7, 9]"
63,15,0.0008860142648296638,16 2  1 1 0 1 1 0 0 0 0 0 1 0 0 1 0 1,"[0, 1, 4, 7, 45]"
63,12,0.000011603600132977258,13 2  1 1 1 0 0 1 0 0 1 0 0 1 1,"[0, 1, 4, 9, 17]"
63,9,0.000001415756406085374,10 2  1 1 0 0 0 0 1 1 0 1,"[0, 1, 3, 28, 46]"
63,11,0.0000053953001540358195,12 2  1 1 0 0 1 0 0 0 0 0 1 1,"[0, 1, 4, 10, 11]"
63,12,0.00001534861697449597,13 2  1 1 1 1 0 0 1 0 0 1 1 1 1,"[0, 1, 4, 11, 41]"
63,9,0.0000011822954099863528,10 2  1 1 0 1 0 1 0 1 1 1,"[0, 1, 3, 31, 59]"
63,8,0.0000466376580433637,9 2  1 0 1 0 0 1 0 1 1,"[0, 1, 4, 13, 14]"
63,8,0.00006245823105797998,9 2  1 0 1 0 0 1 0 1 1,"[0, 1, 4, 13, 35]"
63,8,0.000052197924088559,9 2  1 0 1 0 0 1 0 1 1,"[0, 1, 4, 13, 56]"
63,11,0.0004054821182385857,12 2  1 0 1 0 0 0 0 1 1 0 0 1,"[0, 1, 4, 14, 16]"
63,9,0.0000012697964440112464,10 2  1 1 1 0 1 0 1 0 1 1,"[0, 1, 3, 33, 45]"
63,17,0.0018276523805172257,18 2  1 0 1 0 0 1 1 0 0 0 0 1 1 0 1 0 1 1,"[0, 1, 4, 14, 37]"
63,8,0.000059199796352700546,9 2  1 0 1 0 0 1 0 1 1,"[0, 1, 4, 14, 34]"
63,17,0.002297794117647059,18 2  1 1 0 1 1 1 1 0 1 0 1 1 0 1 1 0 1 1,"[0, 1, 4, 14, 58]"
63,21,0.019569471624266144,22 2  1 1 0 0 1 0 0 0 0 0 0 0 0 0 0 0 1 0 0 0 0 1,"[0, 1, 4, 16, 21]"
63,11,0.00036607240912252443,12 2  1 0 1 0 0 0 0 1 1 0 0 1,"[0, 1, 4, 16, 35]"
63,21,0.02072538860103627,22 2  1 1 0 0 0 1 0 0 1 0 0 1 0 1 0 0 0 1 0 1 0 1,"[0, 1, 4, 16, 42]"
63,11,0.000529913624079275,12 2  1 0 1 0 0 0 0 1 1 0 0 1,"[0, 1, 4, 16, 56]"
63,8,0.00007398529172400527,9 2  1 0 1 0 0 1 0 1 1,"[0, 1, 4, 14, 55]"
63,15,0.000586114937139173,16 2  1 0 1 0 0 0 1 1 0 1 1 1 0 1 0 1,"[0, 1, 4, 18, 61]"
63,9,0.0000016289006061139156,10 2  1 0 0 0 1 0 0 1 1 1,"[0, 1, 3, 40, 61]"
63,9,0.0000015208138970148932,10 2  1 1 1 0 1 0 1 0 1 1,"[0, 1, 3, 50, 58]"
63,12,0.000017617885677539837,13 2  1 0 0 1 0 1 1 1 1 0 0 0 1,"[0, 1, 4, 17, 51]"
63,9,0.0033134526176275677,10 2  1 0 0 0 0 0 1 0 0 1,"[0, 1, 4, 21, 37]"
63,11,0.00001173757137910595,12 2  1 1 0 1 0 0 0 1 0 1 1 1,"[0, 1, 4, 19, 29]"
63,9,0.0003715814506539834,10 2  1 0 1 0 0 1 0 0 1 1,"[0, 1, 4, 25, 54]"
63,14,0.00007624304758709816,15 2  1 0 0 1 1 1 0 0 0 0 1 1 1 1 1,"[0, 1, 4, 25, 56]"
63,12,0.000367505191010823,13 2  1 1 0 1 0 1 0 0 1 1 1 1 1,"[0, 1, 4, 27, 34]"
63,9,0.0000011893946201421482,10 2  1 1 0 0 0 0 1 1 0 1,"[0, 1, 3, 57, 58]"
63,11,0.00000985711131438665,12 2  1 1 1 0 1 0 0 0 1 0 1 1,"[0, 1, 4, 20, 22]"
63,11,0.0003872366790582404,12 2  1 0 1 0 0 0 0 1 1 0 0 1,"[0, 1, 4, 35, 37]"
63,14,0.00007784100196937735,15 2  1 0 0 1 0 1 0 1 1 1 1 0 0 1 1,"[0, 1, 4, 35, 43]"
63,11,0.00035022589570272826,12 2  1 0 1 0 0 0 0 1 1 0 0 1,"[0, 1, 4, 35, 58]"
63,9,0.0000012263787194840184,10 2  1 1 0 1 0 1 0 1 1 1,"[0, 1, 3, 37, 44]"
63,11,0.00000571335851781768,12 2  1 1 0 0 0 0 0 1 0 0 1 1,"[0, 1, 4, 19, 53]"
63,12,0.000021705863839116137,13 2  1 0 1 1 0 1 0 0 0 1 1 0 1,"[0, 1, 4, 37, 58]"
63,11,0.000011272578269738144,12 2  1 1 1 0 1 0 0 0 1 0 1 1,"[0, 1, 4, 34, 50]"
63,12,0.000024836390279036845,13 2  1 0 0 0 1 1 1 1 0 1 0 0 1,"[0, 1, 4, 44, 48]"
63,12,0.00001791703695209701,13 2  1 0 0 1 1 1 1 1 1 1 0 0 1,"[0, 1, 5, 7, 51]"
63,12,0.000010849576052815736,13 2  1 1 0 0 0 1 1 1 0 0 0 1 1,"[0, 1, 4, 44, 57]"
63,12,0.000015602181809104187,13 2  1 1 1 1 1 0 1 1 1 0 1 1 1,"[0, 1, 5, 8, 40]"
63,9,0.0000012368904302467701,10 2  1 0 1 1 1 0 1 1 0 1,"[0, 1, 4, 9, 35]"
63,11,0.000013200457527857916,12 2  1 0 0 0 1 0 1 0 0 1 0 1,"[0, 1, 5, 11, 50]"
63,11,0.000004058514031906414,12 2  1 1 0 0 0 1 0 0 1 0 0 1,"[0, 1, 4, 46, 59]"
63,11,0.0000035472401939205267,12 2  1 0 0 1 0 0 1 0 0 0 1 1,"[0, 1, 4, 38, 49]"
63,11,0.000012405470316190628,12 2  1 1 1 0 1 0 0 0 1 0 1 1,"[0, 1, 5, 16, 37]"
63,11,0.000004277076729259546,12 2  1 1 0 0 0 1 0 0 1 0 0 1,"[0, 1, 5, 8, 11]"
63,11,0.000005679501203486305,12 2  1 0 0 1 0 0 1 0 0 0 1 1,"[0, 1, 5, 18, 60]"
63,12,0.000008087788087011659,13 2  1 1 0 1 0 1 0 1 0 1 0 0 1,"[0, 1, 5, 28, 36]"
63,9,0.0000012551345987516683,10 2  1 0 1 1 1 0 1 1 0 1,"[0, 1, 4, 12, 36]"
63,11,0.0000026838803595916583,12 2  1 1 0 0 0 1 0 0 1 0 0 1,"[0, 1, 5, 18, 57]"
63,11,0.0000029449950030797286,12 2  1 1 0 0 1 0 0 0 0 0 1 1,"[0, 1, 5, 20, 56]"
63,12,0.000010656470555639031,13 2  1 1 0 0 1 0 0 1 0 0 1 1 1,"[0, 1, 5, 32, 52]"
63,9,0.0000013957971153061019,10 2  1 0 1 1 0 1 1 1 0 1,"[0, 1, 4, 31, 49]"
63,11,0.000010893679323851112,12 2  1 0 0 0 1 0 1 0 0 1 0 1,"[0, 1, 5, 36, 39]"
63,9,0.0000011531999626824493,10 2  1 0 1 1 1 0 1 1 0 1,"[0, 1, 4, 23, 42]"
63,11,0.000013610868005885339,12 2  1 0 1 0 1 1 1 1 0 1 1 1,"[0, 1, 5, 40, 61]"
63,11,0.00045616275887236564,12 2  1 0 0 1 1 0 0 0 0 1 0 1,"[0, 1, 6, 8, 18]"
63,11,0.0005184705119896306,12 2  1 0 0 1 1 0 0 0 0 1 0 1,"[0, 1, 6, 8, 39]"
63,11,0.0004622353702505316,12 2  1 0 0 1 1 0 0 0 0 1 0 1,"[0, 1, 6, 8, 60]"
63,12,0.00028994331608170603,13 2  1 1 0 0 0 0 1 0 0 0 1 0 1,"[0, 1, 6, 10, 12]"
63,12,0.000029744376825561127,13 2  1 0 0 0 1 1 1 1 0 1 0 0 1,"[0, 1, 5, 52, 53]"
63,14,0.00007414959681156734,15 2  1 1 0 0 1 1 1 1 0 1 0 1 0 0 1,"[0, 1, 6, 8, 48]"
63,11,0.0000072878143735376544,12 2  1 0 1 0 0 1 0 1 0 0 0 1,"[0, 1, 5, 32, 53]"
63,11,0.000586063412061185,12 2  1 0 0 1 1 0 0 0 0 1 0 1,"[0, 1, 6, 18, 29]"
63,12,0.00007349536611716631,13 2  1 1 1 0 0 0 0 1 0 0 0 0 1,"[0, 1, 6, 11, 62]"
63,17,0.0014567703401558744,18 2  1 0 1 0 1 0 1 1 1 1 1 0 1 1 0 1 1 1,"[0, 1, 6, 18, 50]"
63,11,0.000005350459082765449,12 2  1 1 0 0 0 0 0 1 0 0 1 1,"[0, 1, 5, 28, 49]"
63,14,0.00006561034018961388,15 2  1 1 0 0 0 1 0 1 1 0 0 0 0 1 1,"[0, 1, 6, 21, 29]"
63,12,0.000019960079840319362,13 2  1 0 1 1 1 1 1 1 0 0 0 1 1,"[0, 1, 6, 18, 42]"
63,15,0.0006859886811867604,16 2  1 1 1 1 1 0 1 1 0 1 0 1 1 0 0 1,"[0, 1, 6, 28, 30]"
63,11,0.0003758903903621704,12 2  1 0 0 1 1 0 0 0 0 1 0 1,"[0, 1, 6, 29, 39]"
63,12,0.0005191568892119198,13 2  1 0 0 1 0 1 0 0 1 1 0 1 1,"[0, 1, 6, 30, 55]"
63,12,0.00014100494222322492,13 2  1 1 1 0 0 0 0 1 0 0 0 0 1,"[0, 1, 6, 32, 35]"
63,12,0.000020441892387745903,13 2  1 0 1 1 0 0 0 1 0 1 1 0 1,"[0, 1, 6, 27, 60]"
63,11,0.000013207998235411436,12 2  1 1 1 0 1 1 1 1 0 1 0 1,"[0, 1, 6, 20, 24]"
63,12,0.00011185119317260317,13 2  1 1 1 0 0 0 0 1 0 0 0 0 1,"[0, 1, 6, 41, 56]"
63,11,0.000011668107677964895,12 2  1 1 0 1 0 0 0 1 0 1 1 1,"[0, 1, 6, 15, 44]"
63,17,0.0018616773713115518,18 2  1 1 0 1 1 0 1 1 0 1 0 1 1 1 1 0 1 1,"[0, 1, 6, 50, 60]"
63,12,0.000011365819117535072,13 2  1 0 0 1 1 1 1 1 1 1 0 0 1,"[0, 1, 6, 46, 54]"
63,11,0.000009395507162429998,12 2  1 1 1 0 1 0 0 0 1 0 1 1,"[0, 1, 6, 53, 57]"
63,11,0.000009214704456783958,12 2  1 0 1 0 1 1 1 1 0 1 1 1,"[0, 1, 6, 36, 53]"
63,9,0.000001488714095658664,10 2  1 0 1 1 0 1 1 1 0 1,"[0, 1, 5, 20, 48]"
63,11,0.000014459423603996874,12 2  1 0 0 0 1 0 1 0 0 1 0 1,"[0, 1, 6, 54, 56]"
63,12,0.00045248868778280545,13 2  1 1 0 1 1 0 0 1 0 1 0 0 1,"[0, 1, 7, 13, 18]"
63,11,0.000012919254016434583,12 2  1 0 1 0 1 1 1 1 0 1 1 1,"[0, 1, 7, 11, 52]"
63,20,0.21739130434782608,21 2  1 0 1 1 0 1 1 1 0 1 1 0 1 1 1 0 1 1 0 1 1,"[0, 1, 7, 14, 22]"
63,14,0.18691588785046728,15 2  1 0 0 0 0 0 0 1 0 0 0 0 0 0 1,"[0, 1, 7, 14, 43]"
63,11,0.0000035498480310057926,12 2  1 1 0 0 0 0 0 1 0 0 1 1,"[0, 1, 6, 12, 41]"
63,11,0.000015400655759922256,12 2  1 1 0 1 0 0 0 1 0 1 1 1,"[0, 1, 7, 11, 58]"
63,12,0.00008170602173380178,13 2  1 0 1 0 1 0 1 0 0 0 1 1 1,"[0, 1, 7, 15, 44]"
63,12,0.00003343162230290387,13 2  1 1 1 0 1 1 1 0 1 1 1 1 1,"[0, 1, 7, 15, 17]"
63,12,0.000013985710799276379,13 2  1 1 0 0 0 1 1 1 0 0 0 1 1,"[0, 1, 7, 20, 60]"
63,15,0.003892565200467108,16 2  1 1 0 0 0 0 0 1 0 0 1 0 1 1 0 1,"[0, 1, 7, 21, 61]"
63,14,0.23809523809523808,15 2  1 0 0 0 0 0 0 1 0 0 0 0 0 0 1,"[0, 1, 7, 22, 35]"
63,14,0.3448275862068966,15 2  1 0 0 0 0 0 0 1 0 0 0 0 0 0 1,"[0, 1, 7, 22, 56]"
63,11,0.000012835067457905793,12 2  1 1 1 0 1 1 1 1 0 1 0 1,"[0, 1, 7, 17, 49]"
63,15,0.0005927857968523074,16 2  1 1 0 0 1 1 0 0 0 0 1 0 1 1 1 1,"[0, 1, 7, 27, 40]"
63,14,0.2564102564102564,15 2  1 0 0 0 0 0 0 1 0 0 0 0 0 0 1,"[0, 1, 7, 35, 43]"
63,11,0.0000033857601361617296,12 2  1 1 0 0 0 0 0 1 0 0 1 1,"[0, 1, 7, 10, 11]"
63,12,0.0006226650062266501,13 2  1 0 1 0 0 0 1 0 0 0 0 1 1,"[0, 1, 7, 40, 45]"
63,15,0.0038677238445175015,16 2  1 0 0 1 0 1 1 0 1 0 0 0 0 0 1 1,"[0, 1, 7, 42, 61]"
63,14,0.2631578947368421,15 2  1 0 0 0 0 0 0 1 0 0 0 0 0 0 1,"[0, 1, 7, 43, 56]"
63,11,0.000013256226283782664,12 2  1 1 0 1 0 0 0 1 0 1 1 1,"[0, 1, 7, 23, 25]"
63,9,0.0000012067067554762615,10 2  1 0 1 1 0 1 1 1 0 1,"[0, 1, 5, 26, 33]"
63,14,0.00012553430538730473,15 2  1 1 0 1 0 1 1 1 0 1 0 1 1 1 1,"[0, 1, 8, 9, 18]"
63,14,0.00010620108112700588,15 2  1 1 1 1 0 1 0 1 1 1 0 1 0 1 1,"[0, 1, 8, 9, 54]"
63,11,0.0000026724594898568803,12 2  1 0 0 1 0 0 1 0 0 0 1 1,"[0, 1, 6, 35, 51]"
63,14,0.00007804786675668187,15 2  1 1 1 1 0 1 1 1 1 1 0 1 1 1 1,"[0, 1, 8, 9, 36]"
63,12,0.0000854678939856243,13 2  1 1 0 1 1 1 1 1 1 0 1 1 1,"[0, 1, 8, 11, 25]"
63,11,0.000003933740082057818,12 2  1 0 1 1 0 0 0 1 1 1 0 1,"[0, 1, 7, 13, 44]"
63,11,0.000003781581881079838,12 2  1 1 0 0 0 1 0 0 1 0 0 1,"[0, 1, 7, 19, 20]"
63,11,0.000012104808271941781,12 2  1 0 1 0 0 1 0 1 0 0 0 1,"[0, 1, 8, 10, 58]"
63,14,0.00011934527183869293,15 2  1 0 0 0 1 0 1 0 1 0 1 1 1 1 1,"[0, 1, 8, 27, 45]"
63,12,0.00007683324113344397,13 2  1 0 0 0 0 1 0 0 0 0 1 1 1,"[0, 1, 8, 23, 58]"
63,12,0.000009647201829109467,13 2  1 0 0 1 0 1 0 1 0 1 0 1 1,"[0, 1, 8, 10, 17]"
63,11,0.00001579131461904638,12 2  1 1 0 1 0 0 0 1 0 1 1 1,"[0, 1, 8, 22, 52]"
63,14,0.000059264702831963825,15 2  1 1 1 1 1 0 0 0 0 1 1 1 0 0 1,"[0, 1, 8, 39, 60]"
63,12,0.00000973814137833653,13 2  1 1 1 0 0 1 0 0 1 0 0 1 1,"[0, 1, 8, 19, 26]"
63,11,0.0000042835128660663324,12 2  1 0 1 1 0 0 0 1 1 1 0 1,"[0, 1, 7, 37, 41]"
63,9,0.000001364779956186469,10 2  1 0 1 1 0 1 1 1 0 1,"[0, 1, 5, 45, 59]"
63,12,0.000013201668690922532,13 2  1 0 1 0 0 0 0 1 0 1 1 1 1,"[0, 1, 8, 38, 52]"
63,12,0.00038195638058133763,13 2  1 1 0 1 1 0 0 1 0 1 0 0 1,"[0, 1, 9, 34, 58]"
63,12,0.0005179200331468821,13 2  1 0 0 1 0 1 0 0 1 1 0 1 1,"[0, 1, 9, 49, 52]"
63,12,0.000009162602289001304,13 2  1 1 0 0 0 1 1 1 0 0 0 1 1,"[0, 1, 8, 55, 62]"
63,11,0.000010510091527132064,12 2  1 1 1 0 1 0 0 0 1 0 1 1,"[0, 1, 9, 12, 44]"
63,12,0.00034862033502414195,13 2  1 1 1 1 1 0 0 1 0 1 0 1 1,"[0, 1, 10, 24, 48]"
63,12,0.000014961649551786383,13 2  1 1 1 1 0 0 1 0 0 1 1 1 1,"[0, 1, 9, 25, 61]"
63,12,0.00001184812364227908,13 2  1 1 0 0 1 0 0 1 0 0 1 1 1,"[0, 1, 9, 40, 62]"
63,12,0.000013803127374569256,13 2  1 0 0 1 1 1 1 1 1 1 0 0 1,"[0, 1, 10, 18, 58]"
63,11,0.0000027534347377456667,12 2  1 0 0 1 0 0 1 0 0 0 1 1,"[0, 1, 7, 46, 59]"
63,14,0.00014930164157154907,15 2  1 1 0 1 0 1 1 1 0 1 0 1 1 1 1,"[0, 1, 10, 55, 56]"
63,11,0.000003975967661069432,12 2  1 1 0 0 1 0 0 0 0 0 1 1,"[0, 1, 9, 14, 18]"
63,12,0.000031333130712421396,13 2  1 0 0 1 0 1 1 1 1 0 0 0 1,"[0, 1, 11, 12, 59]"
63,11,0.000009164928385249598,12 2  1 0 1 0 1 1 1 1 0 1 1 1,"[0, 1, 10, 38, 40]"
63,12,0.000013925714667676746,13 2  1 0 0 0 1 1 1 1 0 1 0 0 1,"[0, 1, 11, 12, 16]"
63,11,0.0000029681015161952974,12 2  1 1 0 0 1 0 0 0 0 0 1 1,"[0, 1, 8, 36, 45]"
63,11,0.000003555193399854557,12 2  1 1 0 0 1 0 0 0 0 0 1 1,"[0, 1, 10, 17, 52]"
63,15,0.00060622594040799,16 2  1 0 0 1 1 0 1 0 1 1 0 1 1 1 1 1,"[0, 1, 12, 15, 46]"
63,12,0.000013002193470038396,13 2  1 1 0 1 0 1 0 1 0 1 0 0 1,"[0, 1, 11, 20, 40]"
63,12,0.0004012680069018097,13 2  1 1 0 1 1 0 0 1 0 1 0 0 1,"[0, 1, 12, 15, 55]"
63,12,0.00037441964954320803,13 2  1 1 0 1 0 1 0 0 1 1 1 1 1,"[0, 1, 12, 24, 46]"
63,12,0.000023069939983551132,13 2  1 1 1 1 0 1 0 0 0 0 1 0 1,"[0, 1, 11, 40, 41]"
63,12,0.0004090230484487801,13 2  1 0 1 0 0 0 1 0 0 0 0 1 1,"[0, 1, 12, 28, 51]"
63,12,0.00006626993068165251,13 2  1 0 1 0 1 0 1 0 0 0 1 1 1,"[0, 1, 12, 23, 40]"
63,12,0.000011792063469602419,13 2  1 0 1 0 1 0 0 1 1 1 0 0 1,"[0, 1, 11, 27, 52]"
63,12,0.000009876689531202931,13 2  1 1 0 0 0 1 1 1 0 0 0 1 1,"[0, 1, 11, 16, 30]"
63,12,0.0004208842778678002,13 2  1 0 0 1 0 1 0 0 1 1 0 1 1,"[0, 1, 13, 25, 45]"
63,15,0.0005911912503694946,16 2  1 0 0 1 1 1 1 0 1 1 0 1 1 1 0 1,"[0, 1, 13, 27, 61]"
63,12,0.0005399568034557236,13 2  1 1 0 0 0 0 1 0 0 0 1 0 1,"[0, 1, 13, 36, 52]"
63,12,0.00042469156774892236,13 2  1 1 1 1 1 0 0 1 0 1 0 1 1,"[0, 1, 13, 54, 61]"
63,12,0.000026891226334040123,13 2  1 1 1 1 0 1 0 0 0 0 1 0 1,"[0, 1, 12, 26, 56]"
63,11,0.000003863247975513189,12 2  1 0 1 1 1 0 0 0 1 1 0 1,"[0, 1, 10, 28, 56]"
63,14,0.00007750045531517498,15 2  1 0 0 1 1 1 0 0 0 0 1 1 1 1 1,"[0, 1, 14, 16, 22]"
63,11,0.0000038033334315861137,12 2  1 0 1 1 1 0 0 0 1 1 0 1,"[0, 1, 10, 26, 40]"
63,12,0.000021321870695647354,13 2  1 0 0 0 1 1 1 1 0 1 0 0 1,"[0, 1, 13, 47, 60]"
63,14,0.00006053287086219995,15 2  1 1 0 0 0 0 1 1 0 1 0 0 0 1 1,"[0, 1, 14, 22, 25]"
63,12,0.000014826511284828401,13 2  1 0 0 1 1 1 1 1 1 1 0 0 1,"[0, 1, 13, 57, 59]"
63,11,0.0000031762558359730668,12 2  1 0 1 1 1 0 0 0 1 1 0 1,"[0, 1, 10, 25, 32]"
63,12,0.000011545331010412734,13 2  1 1 1 0 0 1 0 0 1 0 0 1 1,"[0, 1, 12, 32, 59]"
63,12,0.000025052767391317964,13 2  1 1 0 0 0 1 1 1 1 1 1 0 1,"[0, 1, 14, 21, 46]"
63,17,0.001780785326328911,18 2  1 1 1 0 1 1 0 1 1 1 1 1 0 1 0 1 0 1,"[0, 1, 14, 46, 58]"
63,20,0.16260162601626016,21 2  1 1 1 0 0 1 1 1 1 1 0 0 1 1 1 1 1 0 0 1 1,"[0, 1, 15, 21, 29]"
63,15,0.0005893272829065622,16 2  1 0 1 0 0 1 0 0 0 0 0 1 1 0 1 1,"[0, 1, 15, 37, 48]"
63,12,0.0003982794328500876,13 2  1 0 1 0 0 0 1 0 0 0 0 1 1,"[0, 1, 15, 19, 30]"
63,12,0.00002610853579414986,13 2  1 1 0 0 0 1 1 1 1 1 1 0 1,"[0, 1, 14, 35, 37]"
63,17,0.001318652337311268,18 2  1 0 1 0 0 1 1 0 0 0 0 1 1 0 1 0 1 1,"[0, 1, 16, 25, 35]"
63,12,0.00008540803689627193,13 2  1 1 1 0 1 1 1 1 1 1 0 1 1,"[0, 1, 14, 39, 62]"
63,12,0.000028962882617781184,13 2  1 1 0 0 1 0 1 1 0 1 0 0 1,"[0, 1, 14, 35, 46]"
63,15,0.0005992688919518187,16 2  1 1 0 1 1 0 0 0 0 0 1 0 0 1 0 1,"[0, 1, 16, 27, 49]"
63,15,0.0005442473059758355,16 2  1 0 1 0 0 0 1 1 0 1 1 1 0 1 0 1,"[0, 1, 16, 31, 36]"
63,17,0.0015780337699226763,18 2  1 1 0 1 1 1 1 0 1 0 1 1 0 1 1 0 1 1,"[0, 1, 16, 35, 46]"
63,12,0.000015171341336215888,13 2  1 0 1 1 0 1 0 0 0 1 1 0 1,"[0, 1, 14, 21, 37]"
63,12,0.00031713814537612586,13 2  1 1 0 1 0 1 0 0 1 1 1 1 1,"[0, 1, 16, 40, 54]"
63,12,0.000007926715925921668,13 2  1 0 0 1 1 1 0 0 1 0 1 0 1,"[0, 1, 12, 37, 53]"
63,15,0.001139017028304573,16 2  1 0 1 1 1 0 1 1 0 1 1 1 1 0 0 1,"[0, 1, 18, 25, 31]"
63,17,0.0012825445684237528,18 2  1 1 0 1 1 0 1 1 0 1 0 1 1 1 1 0 1 1,"[0, 1, 18, 29, 48]"
63,14,0.00005172262192315053,15 2  1 0 0 1 0 1 0 1 1 1 1 0 0 1 1,"[0, 1, 16, 56, 58]"
63,12,0.0005843681519357195,13 2  1 0 1 0 0 0 1 0 0 0 0 1 1,"[0, 1, 18, 31, 34]"
63,12,0.000018487312619532032,13 2  1 0 0 1 0 1 1 1 1 0 0 0 1,"[0, 1, 16, 20, 60]"
63,12,0.0003026039066164344,13 2  1 1 1 1 1 0 0 1 0 1 0 1 1,"[0, 1, 18, 40, 52]"
63,12,0.000012439303971185597,13 2  1 1 1 1 0 0 1 0 0 1 1 1 1,"[0, 1, 14, 38, 48]"
63,12,0.000018818587871984675,13 2  1 0 1 1 0 1 0 0 0 1 1 0 1,"[0, 1, 16, 25, 46]"
63,15,0.0005489528723959048,16 2  1 1 1 1 1 0 1 1 0 1 0 1 1 0 0 1,"[0, 1, 18, 49, 52]"
63,12,0.00044081020916444426,13 2  1 1 0 0 0 0 1 0 0 0 1 0 1,"[0, 1, 19, 24, 57]"
63,14,0.00013443932081255125,15 2  1 1 1 1 1 0 1 0 1 0 1 0 0 0 1,"[0, 1, 19, 37, 56]"
63,12,0.00039161934599569217,13 2  1 1 0 1 1 0 0 1 0 1 0 0 1,"[0, 1, 19, 39, 51]"
63,15,0.0008959770629871876,16 2  1 0 1 0 0 1 0 0 0 0 0 1 1 0 1 1,"[0, 1, 19, 57, 60]"
63,12,0.000017655788052857897,13 2  1 0 1 1 0 0 0 1 0 1 1 0 1,"[0, 1, 18, 22, 29]"
63,12,0.000023419121478495978,13 2  1 0 1 1 0 0 0 1 0 1 1 0 1,"[0, 1, 18, 39, 48]"
63,12,0.00007930214115781126,13 2  1 1 1 0 1 1 1 1 1 1 0 1 1,"[0, 1, 20, 32, 39]"
63,12,0.000012428605429684854,13 2  1 1 1 1 0 0 1 0 0 1 1 1 1,"[0, 1, 16, 26, 50]"
63,12,0.00001782383456629709,13 2  1 0 0 1 0 1 1 0 1 0 0 1 1,"[0, 1, 18, 29, 50]"
63,15,0.004795013186286262,16 2  1 0 1 1 0 1 0 0 1 0 0 0 0 0 1 1,"[0, 1, 21, 28, 31]"
63,12,0.000022836968027102914,13 2  1 0 1 1 1 1 1 1 0 0 0 1 1,"[0, 1, 18, 43, 50]"
63,12,0.00010510881389958955,13 2  1 1 1 0 0 0 1 0 1 0 1 0 1,"[0, 1, 20, 49, 57]"
63,15,0.004559963520291838,16 2  1 0 0 1 0 1 1 0 1 0 0 0 0 0 1 1,"[0, 1, 22, 33, 36]"
63,12,0.000031735755406185934,13 2  1 1 1 1 1 0 1 1 1 0 1 1 1,"[0, 1, 20, 33, 44]"
63,21,0.021253985122210415,22 2  1 0 1 0 1 0 0 0 1 0 1 0 0 1 0 0 1 0 0 0 1 1,"[0, 1, 22, 48, 60]"
63,14,0.00005416457907351487,15 2  1 1 0 0 1 1 1 1 0 1 0 1 0 0 1,"[0, 1, 21, 29, 60]"
63,12,0.0000075739817065619845,13 2  1 1 1 0 0 1 0 0 1 0 0 1 1,"[0, 1, 16, 18, 20]"
63,12,0.000022353087128980667,13 2  1 1 1 0 1 1 1 0 1 1 1 1 1,"[0, 1, 20, 31, 44]"
63,12,0.00040047255761798924,13 2  1 0 0 1 0 1 0 0 1 1 0 1 1,"[0, 1, 24, 37, 39]"
63,15,0.0006341154090044388,16 2  1 1 1 1 0 1 0 0 0 0 1 1 0 0 1 1,"[0, 1, 24, 37, 57]"
63,12,0.00002747418800037365,13 2  1 0 0 1 0 1 1 0 1 0 0 1 1,"[0, 1, 21, 27, 39]"
63,12,0.00009254631943287615,13 2  1 1 1 0 0 0 1 0 1 0 1 0 1,"[0, 1, 24, 41, 52]"
63,12,0.00002589335304680612,13 2  1 0 0 1 0 1 1 0 1 0 0 1 1,"[0, 1, 22, 27, 29]"
63,12,0.000013066737052823591,13 2  1 0 1 0 1 0 0 1 1 1 0 0 1,"[0, 1, 19, 23, 38]"
63,12,0.00003971287590719101,13 2  1 1 1 1 1 0 1 1 1 0 1 1 1,"[0, 1, 23, 38, 61]"
63,12,0.000433116053446521,13 2  1 1 0 1 1 0 0 1 0 1 0 0 1,"[0, 1, 25, 27, 40]"
63,12,0.00009769298027090263,13 2  1 1 0 1 1 1 1 1 1 0 1 1 1,"[0, 1, 24, 49, 62]"
63,17,0.0018203331209611358,18 2  1 1 1 0 1 1 0 1 1 1 1 1 0 1 0 1 0 1,"[0, 1, 25, 35, 37]"
63,12,0.0002990430622009569,13 2  1 1 0 1 0 1 0 0 1 1 1 1 1,"[0, 1, 25, 31, 36]"
63,12,0.000024122280665147766,13 2  1 1 0 0 0 1 1 1 1 1 1 0 1,"[0, 1, 22, 46, 58]"
63,17,0.0015802781289506952,18 2  1 0 1 0 1 0 1 1 1 1 1 0 1 1 0 1 1 1,"[0, 1, 27, 29, 39]"
63,12,0.00012147421102499939,13 2  1 1 0 1 1 1 1 1 1 0 1 1 1,"[0, 1, 25, 32, 44]"
63,12,0.000019901329209777923,13 2  1 1 1 1 0 1 0 0 0 0 1 0 1,"[0, 1, 23, 24, 34]"
63,17,0.0016286644951140066,18 2  1 1 0 1 0 1 1 0 0 0 0 1 1 0 0 1 0 1,"[0, 1, 27, 50, 60]"
63,12,0.00048443744701465424,13 2  1 1 0 0 0 0 1 0 0 0 1 0 1,"[0, 1, 27, 58, 61]"
63,15,0.004538234626730202,16 2  1 1 0 0 0 0 0 1 0 1 1 0 1 0 0 1,"[0, 1, 28, 31, 42]"
63,12,0.000018402175873275258,13 2  1 0 1 0 0 0 0 1 0 1 1 1 1,"[0, 1, 23, 24, 53]"
63,12,0.0004260123117558097,13 2  1 1 1 1 1 0 0 1 0 1 0 1 1,"[0, 1, 28, 33, 39]"
63,15,0.000586596275113653,16 2  1 0 1 0 1 1 1 0 1 1 0 0 0 1 0 1,"[0, 1, 28, 33, 48]"
63,12,0.00003304119410875509,13 2  1 1 0 0 1 0 1 1 0 1 0 0 1,"[0, 1, 25, 37, 43]"
63,12,0.000025555349693016363,13 2  1 1 1 0 1 1 1 0 1 1 1 1 1,"[0, 1, 24, 56, 59]"
63,17,0.0016173378618793467,18 2  1 1 0 1 0 1 1 0 0 0 0 1 1 0 0 1 0 1,"[0, 1, 29, 39, 48]"
63,14,0.00008234010580703596,15 2  1 1 1 1 0 1 1 1 1 1 0 1 1 1 1,"[0, 1, 28, 55, 56]"
63,12,0.0004294057025077293,13 2  1 1 0 0 0 0 1 0 0 0 1 0 1,"[0, 1, 30, 33, 46]"
63,12,0.0007046719751955465,13 2  1 1 1 1 1 0 0 1 0 1 0 1 1,"[0, 1, 30, 37, 60]"
63,15,0.0007393168712110011,16 2  1 0 1 0 1 1 1 0 1 1 0 0 0 1 0 1,"[0, 1, 31, 54, 61]"
63,15,0.004690431519699813,16 2  1 1 0 0 0 0 0 1 0 0 1 0 1 1 0 1,"[0, 1, 33, 36, 43]"
63,15,0.0006736501734649197,16 2  1 0 0 1 1 1 1 0 1 1 0 1 1 1 0 1,"[0, 1, 33, 39, 46]"
63,15,0.0007978299026647519,16 2  1 0 0 1 1 0 1 0 1 1 0 1 1 1 1 1,"[0, 1, 34, 36, 58]"
63,12,0.00002755815459573565,13 2  1 0 1 1 0 0 0 1 0 1 1 0 1,"[0, 1, 27, 43, 50]"
63,12,0.00007021091358440755,13 2  1 0 0 0 0 1 0 0 0 0 1 1 1,"[0, 1, 29, 32, 58]"
63,20,0.22988505747126436,21 2  1 1 0 0 1 1 1 1 1 0 0 1 1 1 1 1 0 0 1 1 1,"[0, 1, 35, 43, 49]"
63,12,0.000024016638727310282,13 2  1 0 1 1 1 1 1 1 0 0 0 1 1,"[0, 1, 27, 29, 50]"
63,14,0.00006468221627145833,15 2  1 1 0 0 0 0 1 1 0 1 0 0 0 1 1,"[0, 1, 35, 43, 58]"
63,12,0.000031786900618255215,13 2  1 0 1 0 0 0 0 1 0 1 1 1 1,"[0, 1, 30, 40, 41]"
63,12,0.000012920939998384882,13 2  1 0 0 1 0 1 0 1 0 1 0 1 1,"[0, 1, 24, 44, 53]"
63,12,0.00003037067407711114,13 2  1 1 0 0 1 0 1 1 0 1 0 0 1,"[0, 1, 35, 37, 42]"
63,20,0.24691358024691357,21 2  1 1 0 1 1 0 1 1 1 0 1 1 0 1 1 1 0 1 1 0 1,"[0, 1, 42, 50, 57]"
63,21,0.0223463687150838,22 2  1 0 0 0 0 1 0 0 0 0 0 0 0 0 0 0 0 1 0 0 1 1,"[0, 1, 43, 48, 60]"
63,12,0.00010959084258919324,13 2  1 1 1 0 1 1 1 1 1 1 0 1 1,"[0, 1, 39, 53, 56]"
63,12,0.0003114973678472417,13 2  1 0 0 1 0 1 0 0 1 1 0 1 1,"[0, 1, 46, 51, 57]"
63,14,0.00007241444233637956,15 2  1 1 1 1 1 0 0 0 0 1 1 1 0 0 1,"[0, 1, 42, 48, 50]"
63,14,0.0000499574113068609,15 2  1 1 0 0 0 1 0 1 1 0 0 0 0 1 1,"[0, 1, 39, 42, 50]"
63,14,0.0001534530778851097,15 2  1 1 1 1 0 1 0 1 1 1 0 1 0 1 1,"[0, 1, 46, 55, 56]"
63,12,0.000020733424145731093,13 2  1 0 1 1 0 1 0 0 0 1 1 0 1,"[0, 1, 35, 42, 46]"
63,12,0.00010557989758749934,13 2  1 0 0 0 0 1 0 0 0 0 1 1 1,"[0, 1, 52, 57, 62]"
63,15,0.0004947311136397368,16 2  1 0 1 0 0 0 1 1 0 1 1 1 0 1 0 1,"[0, 2, 3, 6, 20]"
63,12,0.000010035777546954893,13 2  1 0 0 1 1 1 0 0 1 0 1 0 1,"[0, 1, 26, 41, 45]"
63,15,0.007459903021260724,16 2  1 1 0 0 0 0 0 1 0 0 1 0 1 1 0 1,"[0, 2, 3, 9, 23]"
63,15,0.002717760565294198,16 2  1 0 0 1 0 1 1 0 1 0 0 0 0 0 1 1,"[0, 2, 3, 9, 44]"
63,15,0.0004920049200492004,16 2  1 0 0 1 1 1 1 0 1 1 0 1 1 1 0 1,"[0, 2, 3, 15, 29]"
63,12,0.00003170933951031267,13 2  1 1 1 1 1 0 1 1 1 0 1 1 1,"[0, 1, 47, 49, 57]"
63,15,0.0006244146113019045,16 2  1 0 1 0 1 1 1 0 1 1 0 0 0 1 0 1,"[0, 2, 3, 33, 56]"
63,12,0.000010825404626561429,13 2  1 0 0 1 0 1 0 1 0 1 0 1 1,"[0, 1, 28, 36, 59]"
63,12,0.0000857136734737609,13 2  1 1 1 0 1 1 1 1 1 1 0 1 1,"[0, 2, 4, 17, 30]"
63,12,0.00007413447994662318,13 2  1 1 1 0 0 0 0 1 0 0 0 0 1,"[0, 2, 4, 14, 24]"
63,15,0.000649582643151775,16 2  1 0 0 1 1 0 1 0 1 1 0 1 1 1 1 1,"[0, 2, 5, 9, 53]"
63,12,0.00012382520833591302,13 2  1 0 0 0 0 1 0 0 0 0 1 1 1,"[0, 2, 4, 43, 53]"
63,12,0.00009768534573285989,13 2  1 1 0 1 1 1 1 1 1 0 1 1 1,"[0, 2, 4, 37, 50]"
63,15,0.0005026262220100022,16 2  1 0 1 1 1 0 1 1 0 1 1 1 1 0 0 1,"[0, 2, 6, 11, 39]"
63,15,0.003746721618583739,16 2  1 0 1 1 0 1 0 0 1 0 0 0 0 0 1 1,"[0, 2, 6, 23, 51]"
63,15,0.0006554153694904145,16 2  1 0 1 0 1 1 1 0 1 1 0 0 0 1 0 1,"[0, 2, 6, 29, 57]"
63,15,0.0031660598385309484,16 2  1 1 0 0 0 0 0 1 0 1 1 0 1 0 0 1,"[0, 2, 6, 44, 51]"
63,12,0.000015179309386960822,13 2  1 0 0 1 0 1 1 1 1 0 0 0 1,"[0, 1, 48, 52, 53]"
63,12,0.00003471788248691136,13 2  1 1 1 1 0 1 0 0 0 0 1 0 1,"[0, 2, 5, 46, 48]"
63,14,0.00005378483912954616,15 2  1 0 0 1 0 1 0 1 1 1 1 0 0 1 1,"[0, 2, 7, 8, 23]"
63,17,0.0013666803334700013,18 2  1 1 1 0 1 1 0 1 1 1 1 1 0 1 0 1 0 1,"[0, 2, 7, 11, 50]"
63,12,0.000008721874679743665,13 2  1 1 0 0 1 0 0 1 0 0 1 1 1,"[0, 1, 38, 45, 56]"
63,20,0.40816326530612246,21 2  1 1 0 0 1 1 1 1 1 0 0 1 1 1 1 1 0 0 1 1 1,"[0, 2, 7, 23, 35]"
63,12,0.000010181059970515651,13 2  1 1 0 0 1 0 0 1 0 0 1 1 1,"[0, 1, 44, 46, 48]"
63,12,0.000017783674053708475,13 2  1 1 1 1 1 0 1 1 1 0 1 1 1,"[0, 2, 3, 25, 40]"
63,17,0.0013124220749393006,18 2  1 1 0 1 1 1 1 0 1 0 1 1 0 1 1 0 1 1,"[0, 2, 7, 29, 32]"
63,17,0.0024322023592362883,18 2  1 0 1 0 0 1 1 0 0 0 0 1 1 0 1 0 1 1,"[0, 2, 7, 32, 50]"
63,17,0.0015815277558121146,18 2  1 0 1 0 0 1 1 0 0 0 0 1 1 0 1 0 1 1,"[0, 2, 8, 11, 28]"
63,15,0.0007513994815343578,16 2  1 1 0 1 1 0 0 0 0 0 1 0 0 1 0 1,"[0, 2, 8, 14, 27]"
63,21,0.014461315979754157,22 2  1 1 0 0 0 1 0 0 1 0 0 1 0 1 0 0 0 1 0 1 0 1,"[0, 2, 8, 21, 32]"
63,14,0.000069228825498361,15 2  1 1 0 0 0 0 1 1 0 1 0 0 0 1 1,"[0, 2, 7, 23, 53]"
63,17,0.0012410797393732546,18 2  1 1 0 1 1 1 1 0 1 0 1 1 0 1 1 0 1 1,"[0, 2, 8, 28, 53]"
63,21,0.024242424242424242,22 2  1 1 0 0 1 0 0 0 0 0 0 0 0 0 0 0 1 0 0 0 0 1,"[0, 2, 8, 32, 42]"
63,12,0.000019148192649966252,13 2  1 1 1 0 1 1 1 0 1 1 1 1 1,"[0, 2, 6, 19, 52]"
63,15,0.0008069071249899136,16 2  1 0 1 0 0 0 1 1 0 1 1 1 0 1 0 1,"[0, 2, 8, 36, 59]"
63,12,0.00002334474113016561,13 2  1 1 0 0 1 0 1 1 0 1 0 0 1,"[0, 2, 7, 11, 21]"
63,12,0.000008660389327802231,13 2  1 1 0 1 0 1 0 1 0 1 0 0 1,"[0, 1, 47, 54, 56]"
63,12,0.0000262244180801628,13 2  1 1 0 0 0 1 1 1 1 1 1 0 1,"[0, 2, 7, 11, 28]"
63,14,0.00006323650770062572,15 2  1 0 0 1 1 1 0 0 0 0 1 1 1 1 1,"[0, 2, 8, 49, 50]"
63,12,0.000023885958877933197,13 2  1 0 1 1 0 1 0 0 0 1 1 0 1,"[0, 2, 7, 21, 29]"
63,15,0.0006078842588371174,16 2  1 0 1 0 0 1 0 0 0 0 0 1 1 0 1 1,"[0, 2, 11, 30, 33]"
63,14,0.00007322627651706538,15 2  1 1 1 1 0 1 1 1 1 1 0 1 1 1 1,"[0, 2, 9, 16, 18]"
63,15,0.0007836069427575128,16 2  1 1 1 1 0 1 0 0 0 0 1 1 0 0 1 1,"[0, 2, 11, 48, 51]"
63,12,0.00003367734743740644,13 2  1 0 0 1 0 1 1 1 1 0 0 0 1,"[0, 2, 8, 34, 39]"
63,14,0.0001341804592997122,15 2  1 1 1 1 1 0 1 0 1 0 1 0 0 0 1,"[0, 2, 11, 38, 49]"
63,17,0.002010252286661976,18 2  1 0 1 0 1 0 1 1 1 1 1 0 1 1 0 1 1 1,"[0, 2, 12, 36, 37]"
63,17,0.0014790711433219938,18 2  1 1 0 1 1 0 1 1 0 1 0 1 1 1 1 0 1 1,"[0, 2, 12, 37, 57]"
63,12,0.00002243115597840777,13 2  1 1 0 0 1 0 1 1 0 1 0 0 1,"[0, 2, 7, 28, 29]"
63,12,0.000020024149123843357,13 2  1 0 0 0 1 1 1 1 0 1 0 0 1,"[0, 2, 8, 25, 33]"
63,15,0.0006137416761285175,16 2  1 1 1 1 1 0 1 1 0 1 0 1 1 0 0 1,"[0, 2, 12, 56, 60]"
63,14,0.00006240444319635559,15 2  1 1 0 0 0 1 0 1 1 0 0 0 0 1 1,"[0, 2, 12, 42, 58]"
63,14,0.000036303043284118505,15 2  1 1 0 0 1 1 1 1 0 1 0 1 0 0 1,"[0, 2, 12, 16, 33]"
63,15,0.0005914010290377905,16 2  1 1 0 0 1 1 0 0 0 0 1 0 1 1 1 1,"[0, 2, 14, 17, 54]"
63,15,0.003383522246658772,16 2  1 0 0 1 0 1 1 0 1 0 0 0 0 0 1 1,"[0, 2, 14, 21, 59]"
63,12,0.00008218209909517509,13 2  1 0 1 0 1 0 1 0 0 0 1 1 1,"[0, 2, 14, 25, 30]"
63,20,0.24691358024691357,21 2  1 0 1 1 0 1 1 1 0 1 1 0 1 1 1 0 1 1 0 1 1,"[0, 2, 14, 28, 44]"
63,15,0.004050222762251924,16 2  1 1 0 0 0 0 0 1 0 0 1 0 1 1 0 1,"[0, 2, 14, 42, 59]"
63,12,0.000024940392462015782,13 2  1 0 1 1 0 0 0 1 0 1 1 0 1,"[0, 2, 12, 54, 57]"
63,12,0.000012221472638567056,13 2  1 1 0 1 0 1 0 1 0 1 0 0 1,"[0, 2, 9, 10, 56]"
63,17,0.0015715857300015717,18 2  1 1 0 1 0 1 1 0 0 0 0 1 1 0 0 1 0 1,"[0, 2, 15, 33, 58]"
63,14,0.0001203130545679859,15 2  1 1 0 0 0 1 0 1 1 0 0 0 0 1 1,"[0, 2, 15, 21, 37]"
63,17,0.0016237720224080538,18 2  1 0 1 0 1 0 1 1 1 1 1 0 1 1 0 1 1 1,"[0, 2, 15, 54, 58]"
63,12,0.000022829356269226598,13 2  1 0 1 1 1 1 1 1 0 0 0 1 1,"[0, 2, 12, 21, 36]"
63,12,0.00003118227599432483,13 2  1 0 1 0 0 0 0 1 0 1 1 1 1,"[0, 2, 13, 16, 41]"
63,14,0.00006446497295694384,15 2  1 1 1 1 1 0 0 0 0 1 1 1 0 0 1,"[0, 2, 15, 16, 57]"
63,14,0.00013074544515555438,15 2  1 1 0 1 0 1 1 1 0 1 0 1 1 1 1,"[0, 2, 16, 18, 36]"
63,14,0.00012192371233319311,15 2  1 1 1 1 0 1 0 1 1 1 0 1 0 1 1,"[0, 2, 16, 18, 45]"
63,14,0.0001460056504186712,15 2  1 0 0 0 1 0 1 0 1 0 1 1 1 1 1,"[0, 2, 16, 27, 54]"
63,12,0.000011077227104202368,13 2  1 0 0 1 0 1 0 1 0 1 0 1 1,"[0, 2, 9, 55, 56]"
63,12,0.00010974719733094816,13 2  1 0 1 0 1 0 1 0 0 0 1 1 1,"[0, 2, 17, 24, 46]"
63,12,0.00003107254662824028,13 2  1 0 0 1 0 1 1 0 1 0 0 1 1,"[0, 2, 15, 42, 54]"
63,12,0.000035838054997079195,13 2  1 0 1 0 0 0 0 1 0 1 1 1 1,"[0, 2, 17, 19, 60]"
63,14,0.0001139640101655897,15 2  1 1 0 1 0 1 1 1 0 1 0 1 1 1 1,"[0, 2, 20, 47, 49]"
63,12,0.00008710459955837968,13 2  1 1 1 0 0 0 1 0 1 0 1 0 1,"[0, 2, 19, 41, 48]"
63,20,0.17699115044247787,21 2  1 1 0 1 1 0 1 1 1 0 1 1 0 1 1 1 0 1 1 0 1,"[0, 2, 21, 37, 51]"
63,15,0.004247186239116585,16 2  1 1 0 0 0 0 0 1 0 1 1 0 1 0 0 1,"[0, 2, 21, 56, 62]"
63,12,0.00002469236400989176,13 2  1 1 1 1 0 1 0 0 0 0 1 0 1,"[0, 2, 17, 19, 22]"
63,21,0.018501387604070305,22 2  1 0 0 0 0 1 0 0 0 0 0 0 0 0 0 0 0 1 0 0 1 1,"[0, 2, 23, 33, 57]"
63,12,0.00000951694825730402,13 2  1 0 0 1 1 1 0 0 1 0 1 0 1,"[0, 2, 11, 24, 43]"
63,15,0.0006897740989825832,16 2  1 0 0 1 1 0 1 0 1 1 0 1 1 1 1 1,"[0, 2, 24, 29, 30]"
63,15,0.0005104384666428462,16 2  1 0 0 1 1 1 1 0 1 1 0 1 1 1 0 1,"[0, 2, 26, 54, 59]"
63,12,0.000012402893098844236,13 2  1 0 1 0 1 0 0 1 1 1 0 0 1,"[0, 2, 13, 38, 46]"
63,17,0.0014866572511707426,18 2  1 1 1 0 1 1 0 1 1 1 1 1 0 1 0 1 0 1,"[0, 2, 28, 29, 53]"
63,14,0.00007033684314180611,15 2  1 1 1 1 1 0 0 0 0 1 1 1 0 0 1,"[0, 2, 21, 33, 37]"
63,14,0.00006285236607732098,15 2  1 0 0 1 1 1 0 0 0 0 1 1 1 1 1,"[0, 2, 28, 32, 44]"
63,14,0.0000639284001917852,15 2  1 1 0 0 0 0 1 1 0 1 0 0 0 1 1,"[0, 2, 28, 44, 50]"
63,20,0.20202020202020202,21 2  1 1 1 0 0 1 1 1 1 1 0 0 1 1 1 1 1 0 0 1 1,"[0, 2, 30, 42, 58]"
63,15,0.0005693788077207766,16 2  1 1 0 1 1 0 0 0 0 0 1 0 0 1 0 1,"[0, 2, 32, 35, 54]"
63,12,0.00004169255079195,13 2  1 1 0 0 0 1 1 1 1 1 1 0 1,"[0, 2, 28, 29, 42]"
63,17,0.0026322716504343247,18 2  1 1 0 1 1 0 1 1 0 1 0 1 1 1 1 0 1 1,"[0, 2, 33, 36, 58]"
63,21,0.02457002457002457,22 2  1 0 1 0 1 0 0 0 1 0 1 0 0 1 0 0 1 0 0 0 1 1,"[0, 2, 33, 44, 57]"
63,15,0.0005268565106293301,16 2  1 1 1 1 1 0 1 1 0 1 0 1 1 0 0 1,"[0, 2, 35, 36, 41]"
63,14,0.00013618133907110708,15 2  1 1 1 1 0 1 0 1 1 1 0 1 0 1 1,"[0, 2, 29, 47, 49]"
63,14,0.00009545719222214798,15 2  1 0 0 1 0 1 0 1 1 1 1 0 0 1 1,"[0, 2, 32, 49, 53]"
63,15,0.00044694734960221686,16 2  1 0 1 1 1 0 1 1 0 1 1 1 1 0 0 1,"[0, 2, 36, 50, 62]"
63,17,0.0024342745861733205,18 2  1 1 0 1 0 1 1 0 0 0 0 1 1 0 0 1 0 1,"[0, 2, 37, 54, 57]"
63,12,0.000011285739114340337,13 2  1 0 0 1 0 1 0 1 0 1 0 1 1,"[0, 2, 16, 20, 34]"
63,15,0.005202913631633715,16 2  1 0 1 1 0 1 0 0 1 0 0 0 0 0 1 1,"[0, 2, 42, 56, 62]"
63,15,0.0006094588005850804,16 2  1 0 1 0 0 1 0 0 0 0 0 1 1 0 1 1,"[0, 2, 38, 51, 57]"
63,12,0.000013764009180594123,13 2  1 1 0 1 0 1 0 1 0 1 0 0 1,"[0, 2, 17, 22, 40]"
63,17,0.002334539512081242,18 2  1 1 0 1 1 0 1 1 0 1 0 1 1 1 1 0 1 1,"[0, 3, 4, 9, 53]"
63,12,0.000020714011993412945,13 2  1 0 1 1 1 1 1 1 0 0 0 1 1,"[0, 2, 23, 36, 37]"
63,12,0.00006138923846649683,13 2  1 1 1 0 0 0 1 0 1 0 1 0 1,"[0, 2, 35, 40, 51]"
63,15,0.0006197898912268741,16 2  1 0 1 0 0 1 0 0 0 0 0 1 1 0 1 1,"[0, 3, 4, 22, 60]"
63,21,0.03007518796992481,22 2  1 0 1 0 1 0 0 0 1 0 1 0 0 1 0 0 1 0 0 0 1 1,"[0, 3, 4, 25, 51]"
63,17,0.002010454362685967,18 2  1 1 0 1 0 1 1 0 0 0 0 1 1 0 0 1 0 1,"[0, 3, 4, 30, 53]"
63,21,0.018604651162790697,22 2  1 0 0 0 0 1 0 0 0 0 0 0 0 0 0 0 0 1 0 0 1 1,"[0, 3, 4, 46, 51]"
63,15,0.000792487221143559,16 2  1 1 1 1 1 0 1 1 0 1 0 1 1 0 0 1,"[0, 3, 5, 15, 59]"
63,15,0.03929273084479371,16 2  1 0 0 0 0 0 0 0 0 0 0 0 1 0 0 1,"[0, 3, 6, 9, 27]"
63,18,0.19230769230769232,19 2  1 0 0 1 0 0 1 0 0 0 0 0 1 0 0 0 0 0 1,"[0, 3, 6, 9, 33]"
63,18,0.15151515151515152,19 2  1 0 0 0 0 0 1 0 0 0 0 0 1 0 0 1 0 0 1,"[0, 3, 6, 9, 39]"
63,15,0.033112582781456956,16 2  1 0 0 1 0 0 0 0 0 0 0 0 0 0 0 1,"[0, 3, 6, 9, 45]"
63,18,0.16129032258064516,19 2  1 0 0 1 0 0 1 0 0 0 0 0 1 0 0 0 0 0 1,"[0, 3, 6, 12, 18]"
63,15,0.04938271604938271,16 2  1 0 0 0 0 0 0 0 0 0 0 0 1 0 0 1,"[0, 3, 6, 12, 21]"
63,15,0.056179775280898875,16 2  1 0 0 0 0 0 0 0 0 0 0 0 1 0 0 1,"[0, 3, 6, 18, 45]"
63,15,0.04987531172069826,16 2  1 0 0 1 0 0 0 0 0 0 0 0 0 0 0 1,"[0, 3, 6, 21, 39]"
63,15,0.0007474400179385604,16 2  1 1 1 0 1 0 1 0 1 1 1 0 0 1 1 1,"[0, 3, 6, 23, 41]"
63,15,0.03322259136212625,16 2  1 0 0 1 0 0 0 0 0 0 0 0 0 0 0 1,"[0, 3, 6, 24, 51]"
63,15,0.04395604395604396,16 2  1 0 0 0 0 0 0 0 0 0 0 0 1 0 0 1,"[0, 3, 6, 24, 60]"
63,15,0.036297640653357534,16 2  1 0 0 1 0 0 0 0 0 0 0 0 0 0 0 1,"[0, 3, 6, 27, 36]"
63,14,0.00007653598147829248,15 2  1 1 1 1 0 1 1 1 1 1 0 1 1 1 1,"[0, 2, 47, 49, 56]"
63,15,0.047058823529411764,16 2  1 0 0 0 0 0 0 0 0 0 0 0 1 0 0 1,"[0, 3, 6, 30, 48]"
63,18,0.14285714285714285,19 2  1 0 0 1 0 0 1 0 0 0 0 0 1 0 0 0 0 0 1,"[0, 3, 6, 30, 60]"
63,18,0.1724137931034483,19 2  1 0 0 0 0 0 1 0 0 0 0 0 1 0 0 1 0 0 1,"[0, 3, 6, 36, 60]"
63,15,0.03838771593090211,16 2  1 0 0 1 0 0 0 0 0 0 0 0 0 0 0 1,"[0, 3, 6, 42, 60]"
63,12,0.000013814129506082707,13 2  1 0 0 1 1 1 0 0 1 0 1 0 1,"[0, 2, 19, 27, 52]"
63,15,0.000583754122763492,16 2  1 1 1 0 0 1 1 1 0 1 0 1 0 1 1 1,"[0, 3, 6, 28, 46]"
63,18,0.19047619047619047,19 2  1 0 0 0 0 0 1 0 0 0 0 0 1 0 0 1 0 0 1,"[0, 3, 6, 51, 57]"
63,20,0.28169014084507044,21 2  1 1 1 0 0 1 1 1 1 1 0 0 1 1 1 1 1 0 0 1 1,"[0, 3, 7, 24, 56]"
63,15,0.0006253908692933083,16 2  1 1 0 1 1 0 0 0 0 0 1 0 0 1 0 1,"[0, 3, 6, 44, 62]"
63,15,0.0007378712414683637,16 2  1 0 0 1 1 0 1 0 1 1 0 1 1 1 1 1,"[0, 3, 7, 51, 61]"
63,14,0.00006289070852672227,15 2  1 1 0 0 1 1 1 1 0 1 0 1 0 0 1,"[0, 2, 42, 57, 58]"
63,18,0.2222222222222222,19 2  1 0 0 1 0 0 1 0 0 0 0 0 1 0 0 0 0 0 1,"[0, 3, 9, 15, 60]"
63,24,0.45454545454545453,25 2  1 0 0 1 0 0 0 0 0 1 0 0 0 0 0 0 0 0 1 0 0 0 0 0 1,"[0, 3, 9, 18, 24]"
63,15,0.0007054176072234763,16 2  1 1 1 1 0 1 0 0 0 0 1 1 0 0 1 1,"[0, 3, 8, 15, 44]"
63,15,0.0032388663967611335,16 2  1 1 1 1 1 0 1 0 1 0 1 1 0 0 1 1,"[0, 3, 9, 23, 44]"
63,18,0.2127659574468085,19 2  1 0 0 1 0 0 1 0 0 0 0 0 1 0 0 0 0 0 1,"[0, 3, 9, 42, 51]"
63,15,0.002795248078266946,16 2  1 1 0 0 0 0 0 1 0 0 1 0 1 1 0 1,"[0, 3, 10, 30, 31]"
63,15,0.005574136008918618,16 2  1 1 1 1 1 0 1 0 1 0 1 1 0 0 1 1,"[0, 3, 10, 30, 52]"
63,20,0.3389830508474576,21 2  1 1 0 0 1 1 1 1 1 0 0 1 1 1 1 1 0 0 1 1 1,"[0, 3, 10, 42, 59]"
63,17,0.001091047951557471,18 2  1 0 1 0 1 0 1 1 1 1 1 0 1 1 0 1 1 1,"[0, 3, 9, 25, 32]"
63,15,0.000736105999263894,16 2  1 0 1 1 1 0 1 1 0 1 1 1 1 0 0 1,"[0, 3, 10, 51, 55]"
63,15,0.00046036276585949726,16 2  1 0 0 1 1 1 1 0 1 1 0 1 1 1 0 1,"[0, 3, 11, 15, 56]"
63,18,0.19607843137254902,19 2  1 0 0 0 0 0 1 0 0 0 0 0 1 0 0 1 0 0 1,"[0, 3, 12, 27, 51]"
63,24,0.5555555555555556,25 2  1 0 0 0 0 0 1 0 0 0 0 0 0 0 0 1 0 0 0 0 0 1 0 0 1,"[0, 3, 12, 39, 42]"
63,33,0.9523809523809523,34 2  1 0 0 0 0 0 1 0 0 0 0 0 0 0 0 0 0 0 0 0 0 1 0 0 1 0 0 0 0 0 0 0 0 1,"[0, 3, 12, 42, 48]"
63,14,0.00006915796717071299,15 2  1 1 1 1 1 0 0 0 0 1 1 1 0 0 1,"[0, 3, 4, 11, 42]"
63,12,0.00014655235582911996,13 2  1 1 1 0 0 0 1 0 1 0 1 0 1,"[0, 3, 8, 13, 38]"
63,12,0.00011290504685559444,13 2  1 0 1 0 1 0 1 0 0 0 1 1 1,"[0, 3, 7, 31, 53]"
63,15,0.0006106310872286508,16 2  1 1 0 0 1 1 0 0 0 0 1 0 1 1 1 1,"[0, 3, 13, 31, 51]"
63,17,0.00245188181929631,18 2  1 1 0 1 1 1 1 0 1 0 1 1 0 1 1 0 1 1,"[0, 3, 13, 57, 62]"
63,17,0.001364721937905152,18 2  1 0 1 0 0 1 1 0 0 0 0 1 1 0 1 0 1 1,"[0, 3, 13, 36, 62]"
63,20,0.2777777777777778,21 2  1 0 0 0 0 1 1 1 0 0 0 0 1 1 1 0 0 0 0 1 1,"[0, 3, 14, 24, 49]"
63,15,0.004388852315119597,16 2  1 1 0 0 0 0 0 1 0 1 1 0 1 0 0 1,"[0, 3, 14, 35, 36]"
63,15,0.003136762860727729,16 2  1 1 0 0 1 1 0 1 0 1 0 1 1 1 1 1,"[0, 3, 14, 36, 56]"
63,15,0.0007200460829493088,16 2  1 1 1 0 0 1 1 1 0 1 0 1 0 1 1 1,"[0, 3, 14, 23, 33]"
63,21,0.019782393669634024,22 2  1 0 1 1 0 1 1 0 1 1 1 0 0 0 1 1 1 0 0 1 0 1,"[0, 3, 15, 20, 41]"
63,21,0.029498525073746312,22 2  1 1 0 0 1 0 0 0 0 0 0 0 0 0 0 0 1 0 0 0 0 1,"[0, 3, 15, 20, 62]"
63,18,0.2,19 2  1 0 0 0 0 0 1 0 0 0 0 0 1 0 0 1 0 0 1,"[0, 3, 15, 21, 45]"
63,14,0.00006151877553029184,15 2  1 1 0 0 1 1 1 1 0 1 0 1 0 0 1,"[0, 3, 4, 24, 32]"
63,21,0.01755926251097454,22 2  1 1 0 0 0 1 0 0 1 0 0 1 0 1 0 0 0 1 0 1 0 1,"[0, 3, 15, 41, 62]"
63,15,0.0005467767510525453,16 2  1 1 1 1 0 1 0 0 0 0 1 1 0 0 1 1,"[0, 3, 15, 17, 26]"
63,20,0.2777777777777778,21 2  1 1 0 0 0 0 1 1 1 0 0 0 0 1 1 1 0 0 0 0 1,"[0, 3, 17, 42, 52]"
63,33,0.8695652173913043,34 2  1 0 0 0 0 0 0 0 0 1 0 0 1 0 0 0 0 0 0 0 0 0 0 0 0 0 0 1 0 0 0 0 0 1,"[0, 3, 18, 24, 54]"
63,15,0.0004460203831315091,16 2  1 1 1 1 0 1 0 0 0 0 1 1 0 0 1 1,"[0, 3, 15, 35, 53]"
63,17,0.0011169440411035406,18 2  1 1 1 0 1 1 0 1 1 1 1 1 0 1 0 1 0 1,"[0, 3, 20, 36, 55]"
63,15,0.0007624275693809088,16 2  1 1 1 0 1 0 1 0 1 1 1 0 0 1 1 1,"[0, 3, 20, 38, 60]"
63,15,0.00425531914893617,16 2  1 1 0 0 1 1 0 1 0 1 0 1 1 1 1 1,"[0, 3, 22, 43, 57]"
63,15,0.0004992511233150275,16 2  1 1 0 0 1 1 0 0 0 0 1 0 1 1 1 1,"[0, 3, 22, 51, 58]"
63,24,0.5405405405405406,25 2  1 0 0 0 0 0 1 0 0 0 0 0 0 0 0 1 0 0 0 0 0 1 0 0 1,"[0, 3, 24, 27, 36]"
63,24,0.5405405405405406,25 2  1 0 0 1 0 0 0 0 0 1 0 0 0 0 0 0 0 0 1 0 0 0 0 0 1,"[0, 3, 24, 27, 54]"
63,20,0.29411764705882354,21 2  1 1 0 1 1 0 1 1 1 0 1 1 0 1 1 1 0 1 1 0 1,"[0, 3, 24, 28, 35]"
63,15,0.0006063913649869626,16 2  1 1 1 0 0 1 1 1 0 1 0 1 0 1 1 1,"[0, 3, 25, 43, 60]"
63,21,0.015735641227380016,22 2  1 0 1 0 0 1 1 1 0 0 0 1 1 1 0 1 1 0 1 1 0 1,"[0, 3, 25, 46, 51]"
63,15,0.003663003663003663,16 2  1 0 0 1 0 1 1 0 1 0 0 0 0 0 1 1,"[0, 3, 30, 31, 52]"
63,24,0.6060606060606061,25 2  1 0 0 1 0 0 0 0 0 1 0 0 0 0 0 0 0 0 1 0 0 0 0 0 1,"[0, 3, 30, 39, 42]"
63,20,0.21052631578947367,21 2  1 0 1 1 0 1 1 1 0 1 1 0 1 1 1 0 1 1 0 1 1,"[0, 3, 31, 38, 42]"
63,14,0.00006875522109960225,15 2  1 0 0 1 1 1 0 0 0 0 1 1 1 1 1,"[0, 3, 13, 20, 42]"
63,15,0.00441696113074205,16 2  1 0 1 1 0 1 0 0 1 0 0 0 0 0 1 1,"[0, 3, 35, 36, 56]"
63,15,0.0005710859198766455,16 2  1 1 1 0 1 0 1 0 1 1 1 0 0 1 1 1,"[0, 3, 33, 43, 52]"
63,15,0.0006458279514337381,16 2  1 1 0 0 1 1 0 0 0 0 1 0 1 1 1 1,"[0, 3, 40, 49, 51]"
63,24,0.6060606060606061,25 2  1 0 0 0 0 0 1 0 0 0 0 0 0 0 0 1 0 0 0 0 0 1 0 0 1,"[0, 3, 42, 48, 57]"
63,20,0.24096385542168675,21 2  1 1 0 0 1 1 1 1 1 0 0 1 1 1 1 1 0 0 1 1 1,"[0, 4, 7, 14, 46]"
63,14,0.00006263564531939482,15 2  1 0 0 1 0 1 0 1 1 1 1 0 0 1 1,"[0, 3, 13, 24, 41]"
63,20,0.25,21 2  1 1 0 1 1 0 1 1 1 0 1 1 0 1 1 1 0 1 1 0 1,"[0, 4, 11, 39, 42]"
63,14,0.00004492584988476519,15 2  1 1 0 0 0 1 0 1 1 0 0 0 0 1 1,"[0, 3, 11, 24, 25]"
63,14,0.00017361261816508823,15 2  1 1 0 1 0 1 1 1 0 1 0 1 1 1 1,"[0, 4, 9, 32, 36]"
63,20,0.24390243902439024,21 2  1 1 1 0 0 1 1 1 1 1 0 0 1 1 1 1 1 0 0 1 1,"[0, 4, 21, 53, 60]"
63,20,0.24691358024691357,21 2  1 0 1 1 0 1 1 1 0 1 1 0 1 1 1 0 1 1 0 1 1,"[0, 4, 25, 28, 56]"
63,14,0.00016668472417845267,15 2  1 1 1 1 1 0 1 0 1 0 1 0 0 0 1,"[0, 4, 13, 22, 35]"
63,12,0.000018295332403320604,13 2  1 0 0 1 0 1 1 0 1 0 0 1 1,"[0, 2, 36, 37, 58]"
63,20,0.32786885245901637,21 2  1 1 1 0 0 1 1 1 1 1 0 0 1 1 1 1 1 0 0 1 1,"[0, 5, 7, 35, 47]"
63,20,0.24390243902439024,21 2  1 1 0 0 0 0 1 1 1 0 0 0 0 1 1 1 0 0 0 0 1,"[0, 5, 12, 19, 42]"
63,14,0.000055264037756390596,15 2  1 1 0 0 0 0 1 1 0 1 0 0 0 1 1,"[0, 3, 20, 24, 34]"
63,15,0.0029420417769932335,16 2  1 1 1 1 1 0 1 0 1 0 1 1 0 0 1 1,"[0, 5, 14, 29, 42]"
63,15,0.0009763718023823472,16 2  1 1 1 0 1 0 1 0 1 1 1 0 0 1 1 1,"[0, 5, 14, 39, 51]"
63,15,0.0043859649122807015,16 2  1 1 1 1 1 0 1 0 1 0 1 1 0 0 1 1,"[0, 5, 15, 26, 33]"
63,14,0.0001508659706716553,15 2  1 1 1 1 0 1 0 1 1 1 0 1 0 1 1,"[0, 4, 27, 32, 36]"
63,15,0.0008876658825618037,16 2  1 1 1 0 0 1 1 1 0 1 0 1 0 1 1 1,"[0, 5, 15, 39, 50]"
63,21,0.0211864406779661,22 2  1 0 0 0 0 1 0 0 0 0 0 0 0 0 0 0 0 1 0 0 1 1,"[0, 5, 17, 20, 21]"
63,21,0.01953125,22 2  1 0 1 0 0 1 1 1 0 0 0 1 1 1 0 1 1 0 1 1 0 1,"[0, 5, 17, 20, 42]"
63,15,0.0005919261276192731,16 2  1 1 1 0 1 0 1 0 1 1 1 0 0 1 1 1,"[0, 5, 15, 41, 48]"
63,14,0.0001305355219789185,15 2  1 0 0 0 1 0 1 0 1 0 1 1 1 1 1,"[0, 4, 32, 45, 54]"
63,20,0.15151515151515152,21 2  1 1 0 0 1 1 1 1 1 0 0 1 1 1 1 1 0 0 1 1 1,"[0, 5, 21, 33, 61]"
63,15,0.0005193995740923492,16 2  1 1 1 0 0 1 1 1 0 1 0 1 0 1 1 1,"[0, 5, 17, 29, 54]"
63,12,0.000010240487611058088,13 2  1 0 1 0 1 0 0 1 1 1 0 0 1,"[0, 2, 22, 41, 54]"
63,15,0.004296455424274973,16 2  1 1 0 0 1 1 0 1 0 1 0 1 1 1 1 1,"[0, 5, 26, 39, 54]"
63,21,0.0196078431372549,22 2  1 0 1 1 0 1 1 0 1 1 1 0 0 0 1 1 1 0 0 1 0 1,"[0, 5, 26, 48, 51]"
63,20,0.20202020202020202,21 2  1 0 0 0 0 1 1 1 0 0 0 0 1 1 1 0 0 0 0 1 1,"[0, 5, 26, 49, 56]"
63,14,0.00007784494066269397,15 2  1 1 1 1 0 1 1 1 1 1 0 1 1 1 1,"[0, 4, 18, 32, 36]"
63,15,0.0043850032887524665,16 2  1 1 0 0 1 1 0 1 0 1 0 1 1 1 1 1,"[0, 5, 35, 42, 53]"
63,14,0.0001342912777815081,15 2  1 0 0 1 1 1 1 1 1 1 1 0 1 0 1,"[0, 5, 23, 28, 50]"
63,21,0.01757469244288225,22 2  1 1 0 0 1 0 0 0 0 0 0 0 0 0 0 0 1 0 0 0 0 1,"[0, 5, 47, 48, 51]"
63,20,0.24390243902439024,21 2  1 1 0 1 1 0 1 1 1 0 1 1 0 1 1 1 0 1 1 0 1,"[0, 6, 7, 48, 56]"
63,14,0.00012972440051111414,15 2  1 0 1 0 1 1 1 1 1 1 1 1 0 0 1,"[0, 5, 18, 40, 45]"
63,21,0.029282576866764276,22 2  1 0 1 0 1 0 0 0 1 0 1 0 0 1 0 0 1 0 0 0 1 1,"[0, 6, 8, 39, 50]"
63,21,0.01665278934221482,22 2  1 0 0 0 0 1 0 0 0 0 0 0 0 0 0 0 0 1 0 0 1 1,"[0, 6, 8, 29, 39]"
63,24,0.6896551724137931,25 2  1 0 0 0 0 0 1 0 0 0 0 0 0 0 0 1 0 0 0 0 0 1 0 0 1,"[0, 6, 9, 48, 54]"
63,20,0.17543859649122806,21 2  1 0 1 1 0 1 1 1 0 1 1 0 1 1 1 0 1 1 0 1 1,"[0, 6, 13, 21, 62]"
63,24,0.5882352941176471,25 2  1 0 0 0 0 0 1 0 0 0 0 0 0 0 0 1 0 0 0 0 0 1 0 0 1,"[0, 6, 15, 21, 24]"
63,24,0.5405405405405406,25 2  1 0 0 1 0 0 0 0 0 1 0 0 0 0 0 0 0 0 1 0 0 0 0 0 1,"[0, 6, 15, 21, 60]"
63,14,0.00007359136920421974,15 2  1 0 0 1 0 1 0 1 0 1 0 1 0 0 1,"[0, 5, 14, 23, 28]"
63,24,0.5263157894736842,25 2  1 0 0 1 0 0 0 0 0 1 0 0 0 0 0 0 0 0 1 0 0 0 0 0 1,"[0, 6, 18, 36, 48]"
63,21,0.03115264797507788,22 2  1 0 1 1 0 1 1 0 1 1 1 0 0 0 1 1 1 0 0 1 0 1,"[0, 6, 19, 30, 40]"
63,15,0.006230529595015576,16 2  1 1 1 1 1 0 1 0 1 0 1 1 0 0 1 1,"[0, 6, 18, 25, 46]"
63,21,0.02053388090349076,22 2  1 1 0 0 0 1 0 0 1 0 0 1 0 1 0 0 0 1 0 1 0 1,"[0, 6, 19, 30, 61]"
63,33,0.9090909090909091,34 2  1 0 0 0 0 0 1 0 0 0 0 0 0 0 0 0 0 0 0 0 0 1 0 0 1 0 0 0 0 0 0 0 0 1,"[0, 6, 21, 24, 33]"
63,20,0.29411764705882354,21 2  1 1 0 0 0 0 1 1 1 0 0 0 0 1 1 1 0 0 0 0 1,"[0, 6, 21, 34, 41]"
63,20,0.2857142857142857,21 2  1 0 0 0 0 1 1 1 0 0 0 0 1 1 1 0 0 0 0 1 1,"[0, 6, 28, 35, 48]"
63,21,0.023148148148148147,22 2  1 1 0 0 1 0 0 0 0 0 0 0 0 0 0 0 1 0 0 0 0 1,"[0, 6, 30, 40, 61]"
63,15,0.0027654867256637168,16 2  1 1 0 0 1 1 0 1 0 1 0 1 1 1 1 1,"[0, 6, 9, 28, 49]"
63,33,0.9523809523809523,34 2  1 0 0 0 0 0 0 0 0 1 0 0 1 0 0 0 0 0 0 0 0 0 0 0 0 0 0 1 0 0 0 0 0 1,"[0, 6, 36, 45, 48]"
63,21,0.016666666666666666,22 2  1 0 1 0 0 1 1 1 0 0 0 1 1 1 0 1 1 0 1 1 0 1,"[0, 6, 29, 39, 50]"
63,20,0.14492753623188406,21 2  1 0 0 0 0 1 1 1 0 0 0 0 1 1 1 0 0 0 0 1 1,"[0, 7, 12, 33, 56]"
63,20,0.2857142857142857,21 2  1 0 0 0 0 1 1 1 0 0 0 0 1 1 1 0 0 0 0 1 1,"[0, 7, 14, 19, 40]"
63,14,0.00011018130333463715,15 2  1 0 0 1 1 1 1 1 1 1 1 0 1 0 1,"[0, 5, 27, 40, 45]"
63,20,0.3225806451612903,21 2  1 1 0 0 0 0 1 1 1 0 0 0 0 1 1 1 0 0 0 0 1,"[0, 7, 14, 37, 58]"
63,14,0.00007889484106634268,15 2  1 0 1 0 1 1 1 1 1 1 1 1 0 0 1,"[0, 5, 23, 28, 41]"
63,14,0.0002003947777120928,15 2  1 1 1 1 1 0 1 0 1 0 1 0 0 0 1,"[0, 7, 8, 26, 44]"
63,14,0.0000857989815660888,15 2  1 0 0 1 0 1 0 1 0 1 0 1 0 0 1,"[0, 5, 40, 45, 54]"
63,14,0.00016391695966823207,15 2  1 0 0 1 1 1 1 1 1 1 1 0 1 0 1,"[0, 7, 17, 44, 53]"
63,14,0.00008209405515899566,15 2  1 0 0 1 0 1 0 1 0 1 0 1 0 0 1,"[0, 7, 14, 34, 43]"
63,14,0.00011631829337799955,15 2  1 0 1 0 1 1 1 1 1 1 1 1 0 0 1,"[0, 7, 17, 26, 53]"
63,14,0.00006555055914626952,15 2  1 0 1 1 0 1 1 1 1 1 0 1 1 0 1,"[0, 7, 14, 25, 52]"
63,20,0.2597402597402597,21 2  1 1 0 0 0 0 1 1 1 0 0 0 0 1 1 1 0 0 0 0 1,"[0, 7, 29, 35, 50]"
63,14,0.00007966667463333413,15 2  1 0 0 1 0 1 0 1 0 1 0 1 0 0 1,"[0, 7, 17, 35, 53]"
63,33,1,34 2  1 0 0 0 0 0 0 0 0 1 0 0 1 0 0 0 0 0 0 0 0 0 0 0 0 0 0 1 0 0 0 0 0 1,"[0, 9, 12, 27, 33]"
63,14,0.00006928422467488378,15 2  1 0 1 1 0 1 1 1 1 1 0 1 1 0 1,"[0, 7, 18, 45, 56]"
63,14,0.00022567759698494732,15 2  1 0 0 0 1 0 1 0 1 0 1 1 1 1 1,"[0, 9, 11, 25, 36]"
63,14,0.00013558770490691905,15 2  1 0 0 0 1 0 1 0 1 0 1 1 1 1 1,"[0, 7, 26, 44, 62]"
63,14,0.00019618999038669048,15 2  1 0 1 0 1 1 1 1 1 1 1 1 0 0 1,"[0, 9, 18, 29, 43]"
63,14,0.00012642065207772341,15 2  1 1 1 1 1 0 1 0 1 0 1 0 0 0 1,"[0, 9, 18, 31, 59]"
63,14,0.00013386791253070594,15 2  1 0 0 1 1 1 1 1 1 1 1 0 1 0 1,"[0, 9, 18, 38, 52]"
63,14,0.00015420438248855032,15 2  1 0 0 1 1 1 1 1 1 1 1 0 1 0 1,"[0, 9, 19, 26, 36]"
63,33,0.9090909090909091,34 2  1 0 0 0 0 0 1 0 0 0 0 0 0 0 0 0 0 0 0 0 0 1 0 0 1 0 0 0 0 0 0 0 0 1,"[0, 9, 39, 45, 60]"
63,21,0.02188183807439825,22 2  1 0 1 0 0 1 1 1 0 0 0 1 1 1 0 1 1 0 1 1 0 1,"[0, 10, 21, 34, 40]"
63,21,0.017921146953405017,22 2  1 0 1 1 0 1 1 0 1 1 1 0 0 0 1 1 1 0 0 1 0 1,"[0, 10, 33, 39, 52]"
63,14,0.000058044200658801676,15 2  1 0 0 1 0 1 0 1 0 1 0 1 0 0 1,"[0, 7, 27, 36, 56]"
63,21,0.024630541871921183,22 2  1 0 1 1 0 1 1 0 1 1 1 0 0 0 1 1 1 0 0 1 0 1,"[0, 11, 21, 44, 50]"
63,21,0.01855287569573284,22 2  1 0 1 0 1 0 0 0 1 0 1 0 0 1 0 0 1 0 0 0 1 1,"[0, 11, 24, 30, 32]"
63,21,0.027472527472527472,22 2  1 0 1 0 0 1 1 1 0 0 0 1 1 1 0 1 1 0 1 1 0 1,"[0, 11, 24, 30, 53]"
63,21,0.022099447513812154,22 2  1 1 0 0 0 1 0 0 1 0 0 1 0 1 0 0 0 1 0 1 0 1,"[0, 11, 42, 44, 50]"
63,33,0.9090909090909091,34 2  1 0 0 0 0 0 1 0 0 0 0 0 0 0 0 0 0 0 0 0 0 1 0 0 1 0 0 0 0 0 0 0 0 1,"[0, 15, 18, 27, 57]"
63,33,1,34 2  1 0 0 0 0 0 0 0 0 1 0 0 1 0 0 0 0 0 0 0 0 0 0 0 0 0 0 1 0 0 0 0 0 1,"[0, 15, 21, 51, 60]"
63,33,1,34 2  1 0 0 0 0 0 1 0 0 0 0 0 0 0 0 0 0 0 0 0 0 1 0 0 1 0 0 0 0 0 0 0 0 1,"[0, 30, 36, 51, 54]"
63,33,0.9090909090909091,34 2  1 0 0 0 0 0 0 0 0 1 0 0 1 0 0 0 0 0 0 0 0 0 0 0 0 0 0 1 0 0 0 0 0 1,"[0, 30, 39, 42, 57]"
63,14,0.00004917774805256118,15 2  1 0 1 1 0 1 1 1 1 1 0 1 1 0 1,"[0, 7, 26, 35, 44]"
63,14,0.00006090041260029537,15 2  1 0 1 1 0 1 1 1 1 1 0 1 1 0 1,"[0, 9, 18, 37, 44]"
63,14,0.00011116422290649977,15 2  1 0 1 0 1 1 1 1 1 1 1 1 0 0 1,"[0, 9, 20, 34, 54]"
63,14,0.00007654476912184014,15 2  1 0 1 1 0 1 1 1 1 1 0 1 1 0 1,"[0, 9, 22, 36, 50]"
63,12,0.000011745808948544547,13 2  1 0 0 1 1 1 0 0 1 0 1 0 1,"[0, 3, 16, 25, 29]"
63,12,0.000010027661303706274,13 2  1 0 1 0 1 0 0 1 1 1 0 0 1,"[0, 3, 37, 41, 50]"
