91,15,0.0000012687217336727248,16 2  1 1 1 1 0 0 1 0 0 0 0 0 0 1 0 1,"[0, 1, 19, 20, 48]"
91,12,0.000000999999000001,13 2  1 0 1 1 0 0 0 0 0 0 0 1 1,"[0, 1, 9, 10, 89]"
91,15,0.0000011931823707066091,16 2  1 1 1 1 0 0 1 0 0 0 0 0 0 1 0 1,"[0, 1, 29, 72, 73]"
91,15,0.0000014294224454344784,16 2  1 1 1 0 1 0 0 0 0 1 1 1 1 1 1 1,"[0, 1, 5, 38, 87]"
91,15,0.0000011771647692242042,16 2  1 1 1 0 1 0 0 0 0 1 1 1 1 1 1 1,"[0, 1, 24, 25, 56]"
91,12,0.000000999999000001,13 2  1 1 0 0 0 0 0 0 0 1 1 0 1,"[0, 1, 9, 10, 12]"
91,15,0.0000012636727016936942,16 2  1 0 1 0 0 0 0 0 0 1 0 0 1 1 1 1,"[0, 1, 19, 20, 63]"
91,15,0.0000011656701740905092,16 2  1 1 1 1 1 1 1 0 0 0 0 1 0 1 1 1,"[0, 1, 24, 25, 60]"
91,12,0.000000999999000001,13 2  1 0 1 1 0 0 0 0 0 0 0 1 1,"[0, 1, 5, 11, 14]"
91,12,0.000000999999000001,13 2  1 0 0 1 1 1 1 0 1 0 0 0 1,"[0, 1, 5, 13, 24]"
91,12,0.000000999999000001,13 2  1 1 0 1 1 1 1 0 0 1 0 1 1,"[0, 1, 4, 31, 34]"
91,12,0.000000999999000001,13 2  1 1 0 1 1 1 1 0 0 1 0 1 1,"[0, 1, 2, 6, 72]"
91,12,0.000000999999000001,13 2  1 1 0 1 0 0 1 1 1 1 0 1 1,"[0, 1, 2, 21, 87]"
91,12,0.000000999999000001,13 2  1 1 0 0 0 0 0 0 0 1 1 0 1,"[0, 1, 3, 82, 83]"
91,12,0.000000999999000001,13 2  1 0 0 1 1 1 1 0 1 0 0 0 1,"[0, 1, 7, 10, 71]"
91,12,0.000000999999000001,13 2  1 0 0 0 1 0 1 1 1 1 0 0 1,"[0, 1, 2, 8, 43]"
91,15,0.0000010383599229620007,16 2  1 1 1 1 1 1 1 0 0 0 0 1 0 1 1 1,"[0, 1, 5, 54, 87]"
91,12,0.000000999999000001,13 2  1 0 0 0 1 0 1 1 1 1 0 0 1,"[0, 1, 7, 42, 90]"
91,12,0.000000999999000001,13 2  1 1 0 1 0 0 1 1 1 1 0 1 1,"[0, 1, 4, 6, 69]"
91,12,0.000000999999000001,13 2  1 1 0 1 0 0 1 1 1 1 0 1 1,"[0, 1, 6, 30, 82]"
91,12,0.000000999999000001,13 2  1 0 0 1 1 1 1 0 1 0 0 0 1,"[0, 1, 2, 50, 85]"
91,12,0.000000999999000001,13 2  1 1 0 1 1 1 1 0 0 1 0 1 1,"[0, 1, 4, 71, 79]"
91,12,0.000000999999000001,13 2  1 1 0 1 0 0 1 1 1 1 0 1 1,"[0, 1, 3, 35, 65]"
91,12,0.000000999999000001,13 2  1 0 0 0 1 0 1 1 1 1 0 0 1,"[0, 1, 5, 19, 74]"
91,12,0.000000999999000001,13 2  1 1 0 1 1 1 1 0 0 1 0 1 1,"[0, 1, 3, 14, 48]"
91,12,0.000000999999000001,13 2  1 0 1 1 0 0 0 0 0 0 0 1 1,"[0, 1, 9, 29, 79]"
91,12,0.000000999999000001,13 2  1 0 0 0 1 0 1 1 1 1 0 0 1,"[0, 1, 4, 46, 67]"
91,12,0.00000101359746061401,13 2  1 1 0 1 1 1 1 0 0 1 0 1 1,"[0, 1, 3, 36, 46]"
91,15,0.0000011057690181213427,16 2  1 1 0 0 0 0 1 0 0 0 0 1 1 1 0 1,"[0, 1, 8, 44, 55]"
91,15,0.0000010807010832137133,16 2  1 1 0 0 0 0 1 0 0 0 0 1 1 1 0 1,"[0, 1, 12, 43, 60]"
91,15,0.0000011813098588163428,16 2  1 1 1 0 1 0 0 0 0 1 1 1 1 1 1 1,"[0, 1, 22, 37, 59]"
91,12,0.000000999999000001,13 2  1 1 0 0 0 0 0 0 0 1 1 0 1,"[0, 1, 13, 63, 83]"
91,12,0.000000999999000001,13 2  1 0 1 1 0 0 0 0 0 0 0 1 1,"[0, 1, 3, 10, 64]"
91,12,0.000000999999000001,13 2  1 0 0 1 1 1 1 0 1 0 0 0 1,"[0, 1, 3, 68, 74]"
91,12,0.000000999999000001,13 2  1 1 0 0 0 0 0 0 0 1 1 0 1,"[0, 1, 4, 19, 65]"
91,12,0.000000999999000001,13 2  1 0 1 1 0 0 0 0 0 0 0 1 1,"[0, 1, 6, 47, 51]"
91,12,0.000000999999000001,13 2  1 0 0 0 1 0 1 1 1 1 0 0 1,"[0, 1, 5, 44, 76]"
91,12,0.000000999999000001,13 2  1 0 0 1 1 1 1 0 1 0 0 0 1,"[0, 1, 6, 20, 64]"
91,12,0.000000999999000001,13 2  1 1 0 1 0 0 1 1 1 1 0 1 1,"[0, 1, 6, 43, 56]"
91,12,0.000000999999000001,13 2  1 1 0 0 0 0 0 0 0 1 1 0 1,"[0, 1, 10, 27, 60]"
91,15,0.0000011768406007653582,16 2  1 1 1 0 1 0 0 0 0 1 1 1 1 1 1 1,"[0, 1, 32, 67, 68]"
91,15,0.0000012003724035344726,16 2  1 1 1 1 1 1 1 0 0 0 0 1 0 1 1 1,"[0, 1, 36, 67, 68]"
91,15,0.00000128367257697334,16 2  1 0 1 1 1 0 0 0 0 1 0 0 0 0 1 1,"[0, 2, 5, 74, 77]"
91,15,0.0000013522044278880535,16 2  1 1 0 0 0 0 1 0 0 0 0 1 1 1 0 1,"[0, 2, 16, 19, 88]"
91,15,0.0000013695910654452927,16 2  1 1 1 0 1 0 0 0 0 1 1 1 1 1 1 1,"[0, 2, 10, 76, 83]"
91,15,0.0000012637820168115866,16 2  1 0 1 1 1 0 0 0 0 1 0 0 0 0 1 1,"[0, 1, 32, 49, 80]"
91,15,0.0000012465785314868597,16 2  1 0 1 1 1 0 0 0 0 1 0 0 0 0 1 1,"[0, 2, 7, 64, 69]"
91,15,0.0000013782623901481805,16 2  1 1 0 0 0 0 1 0 0 0 0 1 1 1 0 1,"[0, 2, 11, 23, 82]"
91,15,0.0000011571036676946375,16 2  1 0 1 0 0 0 0 0 0 1 0 0 1 1 1 1,"[0, 1, 44, 72, 73]"
91,15,0.0000011154392633282165,16 2  1 1 1 1 1 1 1 0 0 0 0 1 0 1 1 1,"[0, 1, 33, 55, 70]"
91,15,0.0000011509235384522691,16 2  1 1 1 1 1 1 1 0 0 0 0 1 0 1 1 1,"[0, 2, 10, 17, 83]"
91,15,0.0000011981001725563774,16 2  1 1 1 1 0 0 1 0 0 0 0 0 0 1 0 1,"[0, 2, 53, 55, 58]"
91,15,0.0000011262188996762516,16 2  1 1 1 1 0 0 1 0 0 0 0 0 0 1 0 1,"[0, 2, 5, 38, 40]"
91,15,0.000001188147209775885,16 2  1 0 1 1 1 0 0 0 0 1 0 0 0 0 1 1,"[0, 1, 35, 41, 51]"
91,15,0.0000012127936143020386,16 2  1 0 1 1 1 0 0 0 0 1 0 0 0 0 1 1,"[0, 1, 37, 48, 84]"
91,15,0.0000011608925034437877,16 2  1 0 1 0 0 0 0 0 0 1 0 0 1 1 1 1,"[0, 2, 35, 38, 40]"
91,15,0.0000011523391158862509,16 2  1 0 1 0 0 0 0 0 0 1 0 0 1 1 1 1,"[0, 2, 53, 55, 88]"
91,15,0.0000011611877859533784,16 2  1 0 1 0 0 0 0 0 0 1 0 0 1 1 1 1,"[0, 3, 5, 56, 58]"
91,15,0.0000010521991804631024,16 2  1 1 0 0 0 0 1 0 0 0 0 1 1 1 0 1,"[0, 1, 41, 51, 57]"
91,15,0.0000010906564552138287,16 2  1 1 1 1 0 0 1 0 0 0 0 0 0 1 0 1,"[0, 3, 24, 41, 74]"
