25,4,0,5 2  1 1 1 1 1,"[0, 1, 2, 3, 24]"
25,4,0,5 2  1 1 1 1 1,"[0, 1, 2, 3, 14]"
25,4,0,5 2  1 1 1 1 1,"[0, 1, 2, 4, 8]"
25,4,0,5 2  1 1 1 1 1,"[0, 1, 2, 4, 13]"
25,4,0,5 2  1 1 1 1 1,"[0, 1, 2, 4, 18]"
25,4,0,5 2  1 1 1 1 1,"[0, 1, 2, 4, 23]"
25,4,0,5 2  1 1 1 1 1,"[0, 1, 2, 8, 9]"
25,4,0,5 2  1 1 1 1 1,"[0, 1, 2, 8, 14]"
25,4,0,5 2  1 1 1 1 1,"[0, 1, 2, 8, 19]"
25,4,0,5 2  1 1 1 1 1,"[0, 1, 2, 8, 24]"
25,4,0,5 2  1 1 1 1 1,"[0, 1, 2, 9, 13]"
25,4,0,5 2  1 1 1 1 1,"[0, 1, 2, 9, 18]"
25,4,0,5 2  1 1 1 1 1,"[0, 1, 2, 9, 23]"
25,4,0,5 2  1 1 1 1 1,"[0, 1, 2, 13, 14]"
25,4,0,5 2  1 1 1 1 1,"[0, 1, 2, 13, 19]"
25,4,0,5 2  1 1 1 1 1,"[0, 1, 2, 13, 24]"
25,4,0,5 2  1 1 1 1 1,"[0, 1, 2, 14, 18]"
25,4,0,5 2  1 1 1 1 1,"[0, 1, 2, 14, 23]"
25,4,0,5 2  1 1 1 1 1,"[0, 1, 2, 18, 19]"
25,4,0,5 2  1 1 1 1 1,"[0, 1, 2, 18, 24]"
25,4,0,5 2  1 1 1 1 1,"[0, 1, 2, 19, 23]"
25,4,0,5 2  1 1 1 1 1,"[0, 1, 2, 23, 24]"
25,4,0,5 2  1 1 1 1 1,"[0, 1, 3, 4, 7]"
25,4,0,5 2  1 1 1 1 1,"[0, 1, 3, 4, 12]"
25,4,0,5 2  1 1 1 1 1,"[0, 1, 3, 4, 17]"
25,4,0,5 2  1 1 1 1 1,"[0, 1, 3, 4, 22]"
25,4,0,5 2  1 1 1 1 1,"[0, 1, 3, 7, 9]"
25,4,0,5 2  1 1 1 1 1,"[0, 1, 3, 7, 14]"
25,4,0,5 2  1 1 1 1 1,"[0, 1, 3, 7, 19]"
25,4,0,5 2  1 1 1 1 1,"[0, 1, 3, 7, 24]"
25,4,0,5 2  1 1 1 1 1,"[0, 1, 3, 9, 12]"
25,4,0,5 2  1 1 1 1 1,"[0, 1, 3, 9, 17]"
25,4,0,5 2  1 1 1 1 1,"[0, 1, 3, 9, 22]"
25,4,0,5 2  1 1 1 1 1,"[0, 1, 3, 12, 14]"
25,4,0,5 2  1 1 1 1 1,"[0, 1, 3, 12, 19]"
25,4,0,5 2  1 1 1 1 1,"[0, 1, 3, 12, 24]"
25,4,0,5 2  1 1 1 1 1,"[0, 1, 3, 14, 22]"
25,4,0,5 2  1 1 1 1 1,"[0, 1, 3, 14, 17]"
25,4,0,5 2  1 1 1 1 1,"[0, 1, 3, 17, 19]"
25,4,0,5 2  1 1 1 1 1,"[0, 1, 3, 17, 24]"
25,4,0,5 2  1 1 1 1 1,"[0, 1, 3, 19, 22]"
25,4,0,5 2  1 1 1 1 1,"[0, 1, 3, 22, 24]"
25,4,0,5 2  1 1 1 1 1,"[0, 1, 4, 7, 8]"
25,4,0,5 2  1 1 1 1 1,"[0, 1, 4, 7, 13]"
25,4,0,5 2  1 1 1 1 1,"[0, 1, 4, 7, 18]"
25,4,0,5 2  1 1 1 1 1,"[0, 1, 4, 7, 23]"
25,4,0,5 2  1 1 1 1 1,"[0, 1, 4, 8, 12]"
25,4,0,5 2  1 1 1 1 1,"[0, 1, 4, 8, 17]"
25,4,0,5 2  1 1 1 1 1,"[0, 1, 4, 8, 22]"
25,4,0,5 2  1 1 1 1 1,"[0, 1, 4, 12, 13]"
25,4,0,5 2  1 1 1 1 1,"[0, 1, 4, 12, 18]"
25,4,0,5 2  1 1 1 1 1,"[0, 1, 4, 12, 23]"
25,4,0,5 2  1 1 1 1 1,"[0, 1, 4, 13, 17]"
25,4,0,5 2  1 1 1 1 1,"[0, 1, 4, 13, 22]"
25,4,0,5 2  1 1 1 1 1,"[0, 1, 4, 17, 18]"
25,4,0,5 2  1 1 1 1 1,"[0, 1, 4, 17, 23]"
25,4,0,5 2  1 1 1 1 1,"[0, 1, 4, 18, 22]"
25,4,0,5 2  1 1 1 1 1,"[0, 1, 4, 22, 23]"
25,4,0,5 2  1 1 1 1 1,"[0, 1, 7, 8, 9]"
25,4,0,5 2  1 1 1 1 1,"[0, 1, 7, 8, 14]"
25,4,0,5 2  1 1 1 1 1,"[0, 1, 7, 8, 19]"
25,4,0,5 2  1 1 1 1 1,"[0, 1, 7, 9, 13]"
25,4,0,5 2  1 1 1 1 1,"[0, 1, 7, 8, 24]"
25,4,0,5 2  1 1 1 1 1,"[0, 1, 7, 9, 18]"
25,4,0,5 2  1 1 1 1 1,"[0, 1, 7, 9, 23]"
25,4,0,5 2  1 1 1 1 1,"[0, 1, 7, 13, 14]"
25,4,0,5 2  1 1 1 1 1,"[0, 1, 7, 13, 19]"
25,4,0,5 2  1 1 1 1 1,"[0, 1, 7, 13, 24]"
25,4,0,5 2  1 1 1 1 1,"[0, 1, 7, 14, 23]"
25,4,0,5 2  1 1 1 1 1,"[0, 1, 7, 14, 18]"
25,4,0,5 2  1 1 1 1 1,"[0, 1, 7, 18, 19]"
25,4,0,5 2  1 1 1 1 1,"[0, 1, 7, 18, 24]"
25,4,0,5 2  1 1 1 1 1,"[0, 1, 7, 19, 23]"
25,4,0,5 2  1 1 1 1 1,"[0, 1, 8, 9, 12]"
25,4,0,5 2  1 1 1 1 1,"[0, 1, 7, 23, 24]"
25,4,0,5 2  1 1 1 1 1,"[0, 1, 8, 9, 17]"
25,4,0,5 2  1 1 1 1 1,"[0, 1, 8, 9, 22]"
25,4,0,5 2  1 1 1 1 1,"[0, 1, 8, 12, 14]"
25,4,0,5 2  1 1 1 1 1,"[0, 1, 8, 12, 19]"
25,4,0,5 2  1 1 1 1 1,"[0, 1, 8, 12, 24]"
25,4,0,5 2  1 1 1 1 1,"[0, 1, 8, 14, 17]"
25,4,0,5 2  1 1 1 1 1,"[0, 1, 8, 14, 22]"
25,4,0,5 2  1 1 1 1 1,"[0, 1, 8, 17, 19]"
25,4,0,5 2  1 1 1 1 1,"[0, 1, 8, 17, 24]"
25,4,0,5 2  1 1 1 1 1,"[0, 1, 8, 19, 22]"
25,4,0,5 2  1 1 1 1 1,"[0, 1, 8, 22, 24]"
25,4,0,5 2  1 1 1 1 1,"[0, 1, 9, 12, 13]"
25,4,0,5 2  1 1 1 1 1,"[0, 1, 9, 12, 18]"
25,4,0,5 2  1 1 1 1 1,"[0, 1, 9, 12, 23]"
25,4,0,5 2  1 1 1 1 1,"[0, 1, 9, 13, 17]"
25,4,0,5 2  1 1 1 1 1,"[0, 1, 9, 13, 22]"
25,4,0,5 2  1 1 1 1 1,"[0, 1, 9, 17, 18]"
25,4,0,5 2  1 1 1 1 1,"[0, 1, 9, 17, 23]"
25,4,0,5 2  1 1 1 1 1,"[0, 1, 9, 18, 22]"
25,4,0,5 2  1 1 1 1 1,"[0, 1, 9, 22, 23]"
25,4,0,5 2  1 1 1 1 1,"[0, 1, 12, 13, 14]"
25,4,0,5 2  1 1 1 1 1,"[0, 1, 12, 13, 19]"
25,4,0,5 2  1 1 1 1 1,"[0, 1, 12, 14, 18]"
25,4,0,5 2  1 1 1 1 1,"[0, 1, 12, 13, 24]"
25,4,0,5 2  1 1 1 1 1,"[0, 1, 12, 14, 23]"
25,20,0,21 2  1 0 0 0 0 1 0 0 0 0 1 0 0 0 0 1 0 0 0 0 1,"[0, 5, 10, 15, 20]"
