78,12,0,13 2  1 0 1 1 1 1 0 0 0 1 1 1 1,"[0, 1, 5, 8, 64]"
78,12,0,13 2  1 0 1 1 1 1 0 0 0 1 1 1 1,"[0, 1, 5, 8, 25]"
78,12,0,13 2  1 0 1 1 1 1 0 0 0 1 1 1 1,"[0, 1, 5, 25, 47]"
78,12,0,13 2  1 0 1 1 1 1 0 0 0 1 1 1 1,"[0, 1, 5, 47, 64]"
78,12,0,13 2  1 0 1 1 1 1 0 0 0 1 1 1 1,"[0, 1, 6, 29, 31]"
78,12,0,13 2  1 0 1 1 1 1 0 0 0 1 1 1 1,"[0, 1, 6, 29, 70]"
78,12,0,13 2  1 0 1 1 1 1 0 0 0 1 1 1 1,"[0, 1, 6, 31, 68]"
78,12,0,13 2  1 0 1 1 1 1 0 0 0 1 1 1 1,"[0, 1, 6, 68, 70]"
78,12,0,13 2  1 0 1 1 1 1 0 0 0 1 1 1 1,"[0, 1, 8, 25, 44]"
78,12,0,13 2  1 0 1 1 1 1 0 0 0 1 1 1 1,"[0, 1, 8, 44, 64]"
78,12,0,13 2  1 1 1 1 0 0 0 1 1 1 1 0 1,"[0, 1, 9, 11, 34]"
78,12,0,13 2  1 1 1 1 0 0 0 1 1 1 1 0 1,"[0, 1, 9, 11, 73]"
78,12,0,13 2  1 1 1 1 0 0 0 1 1 1 1 0 1,"[0, 1, 9, 34, 50]"
78,12,0,13 2  1 1 1 1 0 0 0 1 1 1 1 0 1,"[0, 1, 9, 50, 73]"
78,12,0,13 2  1 1 1 1 0 0 0 1 1 1 1 0 1,"[0, 1, 11, 34, 48]"
78,12,0,13 2  1 1 1 1 0 0 0 1 1 1 1 0 1,"[0, 1, 11, 48, 73]"
78,28,0,29 2  1 1 1 0 0 0 0 0 0 0 0 0 0 1 1 1 0 0 0 0 0 0 0 0 0 0 1 1 1,"[0, 1, 13, 26, 40]"
78,26,0,27 2  1 0 0 0 0 0 0 0 0 0 0 0 0 1 0 0 0 0 0 0 0 0 0 0 0 0 1,"[0, 1, 13, 40, 65]"
78,26,0,27 2  1 0 0 0 0 0 0 0 0 0 0 0 0 1 0 0 0 0 0 0 0 0 0 0 0 0 1,"[0, 1, 14, 27, 39]"
78,26,0,27 2  1 0 0 0 0 0 0 0 0 0 0 0 0 1 0 0 0 0 0 0 0 0 0 0 0 0 1,"[0, 1, 14, 39, 66]"
78,12,0,13 2  1 1 1 1 0 0 0 1 1 1 1 0 1,"[0, 1, 15, 32, 35]"
78,12,0,13 2  1 1 1 1 0 0 0 1 1 1 1 0 1,"[0, 1, 15, 32, 74]"
78,12,0,13 2  1 1 1 1 0 0 0 1 1 1 1 0 1,"[0, 1, 15, 35, 71]"
78,12,0,13 2  1 1 1 1 0 0 0 1 1 1 1 0 1,"[0, 1, 15, 71, 74]"
78,12,0,13 2  1 0 1 1 1 1 0 0 0 1 1 1 1,"[0, 1, 25, 44, 47]"
78,26,0,27 2  1 0 0 0 0 0 0 0 0 0 0 0 0 1 0 0 0 0 0 0 0 0 0 0 0 0 1,"[0, 1, 26, 40, 52]"
78,26,0,27 2  1 0 0 0 0 0 0 0 0 0 0 0 0 1 0 0 0 0 0 0 0 0 0 0 0 0 1,"[0, 1, 27, 39, 53]"
78,12,0,13 2  1 0 1 1 1 1 0 0 0 1 1 1 1,"[0, 1, 29, 31, 45]"
78,12,0,13 2  1 0 1 1 1 1 0 0 0 1 1 1 1,"[0, 1, 29, 45, 70]"
78,12,0,13 2  1 0 1 1 1 1 0 0 0 1 1 1 1,"[0, 1, 31, 45, 68]"
78,12,0,13 2  1 1 1 1 0 0 0 1 1 1 1 0 1,"[0, 1, 32, 35, 54]"
78,12,0,13 2  1 1 1 1 0 0 0 1 1 1 1 0 1,"[0, 1, 32, 54, 74]"
78,12,0,13 2  1 1 1 1 0 0 0 1 1 1 1 0 1,"[0, 1, 34, 48, 50]"
78,12,0,13 2  1 1 1 1 0 0 0 1 1 1 1 0 1,"[0, 1, 35, 54, 71]"
78,28,0,29 2  1 1 1 0 0 0 0 0 0 0 0 0 0 1 1 1 0 0 0 0 0 0 0 0 0 0 1 1 1,"[0, 1, 39, 53, 66]"
78,26,0,27 2  1 0 0 0 0 0 0 0 0 0 0 0 0 1 0 0 0 0 0 0 0 0 0 0 0 0 1,"[0, 1, 40, 52, 65]"
78,12,0,13 2  1 0 1 1 1 1 0 0 0 1 1 1 1,"[0, 1, 44, 47, 64]"
78,12,0,13 2  1 0 1 1 1 1 0 0 0 1 1 1 1,"[0, 1, 45, 68, 70]"
78,12,0,13 2  1 1 1 1 0 0 0 1 1 1 1 0 1,"[0, 1, 48, 50, 73]"
78,12,0,13 2  1 1 1 1 0 0 0 1 1 1 1 0 1,"[0, 1, 54, 71, 74]"
78,12,0,13 2  1 0 1 1 1 1 0 0 0 1 1 1 1,"[0, 2, 10, 11, 16]"
78,12,0,13 2  1 0 1 1 1 1 0 0 0 1 1 1 1,"[0, 2, 10, 11, 55]"
78,24,0,25 2  1 0 0 0 1 0 1 0 1 0 1 0 0 0 0 0 0 0 1 0 1 0 1 0 1,"[0, 2, 10, 16, 50]"
78,12,0,13 2  1 0 1 1 1 1 0 0 0 1 1 1 1,"[0, 2, 10, 50, 55]"
78,12,0,13 2  1 0 1 1 1 1 0 0 0 1 1 1 1,"[0, 2, 11, 16, 49]"
78,12,0,13 2  1 0 1 1 1 1 0 0 0 1 1 1 1,"[0, 2, 11, 49, 55]"
78,12,0,13 2  1 0 1 1 1 1 0 0 0 1 1 1 1,"[0, 2, 12, 19, 23]"
78,12,0,13 2  1 0 1 1 1 1 0 0 0 1 1 1 1,"[0, 2, 12, 19, 62]"
78,12,0,13 2  1 0 1 1 1 1 0 0 0 1 1 1 1,"[0, 2, 12, 23, 58]"
78,24,0,25 2  1 0 0 0 1 0 1 0 1 0 1 0 0 0 0 0 0 0 1 0 1 0 1 0 1,"[0, 2, 12, 58, 62]"
78,26,0,27 2  1 0 0 0 0 0 0 0 0 0 0 0 0 1 0 0 0 0 0 0 0 0 0 0 0 0 1,"[0, 2, 13, 26, 41]"
78,26,0,27 2  1 0 0 0 0 0 0 0 0 0 0 0 0 1 0 0 0 0 0 0 0 0 0 0 0 0 1,"[0, 2, 13, 41, 65]"
78,28,0,29 2  1 1 1 0 0 0 0 0 0 0 0 0 0 1 1 1 0 0 0 0 0 0 0 0 0 0 1 1 1,"[0, 2, 15, 28, 39]"
78,26,0,27 2  1 0 0 0 0 0 0 0 0 0 0 0 0 1 0 0 0 0 0 0 0 0 0 0 0 0 1,"[0, 2, 15, 39, 67]"
78,12,0,13 2  1 0 1 1 1 1 0 0 0 1 1 1 1,"[0, 2, 16, 49, 50]"
78,12,0,13 2  1 1 1 1 0 0 0 1 1 1 1 0 1,"[0, 2, 18, 22, 29]"
78,24,0,25 2  1 0 1 0 1 0 1 0 0 0 0 0 0 0 1 0 1 0 1 0 1 0 0 0 1,"[0, 2, 18, 22, 68]"
78,12,0,13 2  1 1 1 1 0 0 0 1 1 1 1 0 1,"[0, 2, 18, 29, 61]"
78,12,0,13 2  1 1 1 1 0 0 0 1 1 1 1 0 1,"[0, 2, 18, 61, 68]"
78,12,0,13 2  1 0 1 1 1 1 0 0 0 1 1 1 1,"[0, 2, 19, 23, 51]"
78,12,0,13 2  1 0 1 1 1 1 0 0 0 1 1 1 1,"[0, 2, 19, 51, 62]"
78,12,0,13 2  1 1 1 1 0 0 0 1 1 1 1 0 1,"[0, 2, 22, 29, 57]"
78,12,0,13 2  1 1 1 1 0 0 0 1 1 1 1 0 1,"[0, 2, 22, 57, 68]"
78,12,0,13 2  1 0 1 1 1 1 0 0 0 1 1 1 1,"[0, 2, 23, 51, 58]"
78,12,0,13 2  1 1 1 1 0 0 0 1 1 1 1 0 1,"[0, 2, 25, 30, 31]"
78,12,0,13 2  1 1 1 1 0 0 0 1 1 1 1 0 1,"[0, 2, 25, 30, 70]"
78,12,0,13 2  1 1 1 1 0 0 0 1 1 1 1 0 1,"[0, 2, 25, 31, 69]"
78,12,0,13 2  1 1 1 1 0 0 0 1 1 1 1 0 1,"[0, 2, 25, 69, 70]"
78,26,0,27 2  1 0 0 0 0 0 0 0 0 0 0 0 0 1 0 0 0 0 0 0 0 0 0 0 0 0 1,"[0, 2, 26, 41, 52]"
78,26,0,27 2  1 0 0 0 0 0 0 0 0 0 0 0 0 1 0 0 0 0 0 0 0 0 0 0 0 0 1,"[0, 2, 28, 39, 54]"
78,12,0,13 2  1 1 1 1 0 0 0 1 1 1 1 0 1,"[0, 2, 29, 57, 61]"
78,12,0,13 2  1 1 1 1 0 0 0 1 1 1 1 0 1,"[0, 2, 30, 31, 64]"
78,24,0,25 2  1 0 1 0 1 0 1 0 0 0 0 0 0 0 1 0 1 0 1 0 1 0 0 0 1,"[0, 2, 30, 64, 70]"
78,12,0,13 2  1 1 1 1 0 0 0 1 1 1 1 0 1,"[0, 2, 31, 64, 69]"
78,26,0,27 2  1 0 0 0 0 0 0 0 0 0 0 0 0 1 0 0 0 0 0 0 0 0 0 0 0 0 1,"[0, 2, 39, 54, 67]"
78,28,0,29 2  1 1 1 0 0 0 0 0 0 0 0 0 0 1 1 1 0 0 0 0 0 0 0 0 0 0 1 1 1,"[0, 2, 41, 52, 65]"
78,12,0,13 2  1 0 1 1 1 1 0 0 0 1 1 1 1,"[0, 2, 49, 50, 55]"
78,12,0,13 2  1 0 1 1 1 1 0 0 0 1 1 1 1,"[0, 2, 51, 58, 62]"
78,12,0,13 2  1 1 1 1 0 0 0 1 1 1 1 0 1,"[0, 2, 57, 61, 68]"
78,12,0,13 2  1 1 1 1 0 0 0 1 1 1 1 0 1,"[0, 2, 64, 69, 70]"
78,12,0,13 2  1 1 1 1 0 0 0 1 1 1 1 0 1,"[0, 3, 7, 8, 22]"
78,12,0,13 2  1 1 1 1 0 0 0 1 1 1 1 0 1,"[0, 3, 7, 8, 61]"
78,12,0,13 2  1 1 1 1 0 0 0 1 1 1 1 0 1,"[0, 3, 7, 22, 47]"
78,12,0,13 2  1 1 1 1 0 0 0 1 1 1 1 0 1,"[0, 3, 7, 47, 61]"
78,12,0,13 2  1 1 1 1 0 0 0 1 1 1 1 0 1,"[0, 3, 8, 22, 46]"
78,12,0,13 2  1 1 1 1 0 0 0 1 1 1 1 0 1,"[0, 3, 8, 46, 61]"
78,26,0,27 2  1 0 0 0 0 0 0 0 0 0 0 0 0 1 0 0 0 0 0 0 0 0 0 0 0 0 1,"[0, 3, 13, 26, 42]"
78,28,0,29 2  1 1 1 0 0 0 0 0 0 0 0 0 0 1 1 1 0 0 0 0 0 0 0 0 0 0 1 1 1,"[0, 3, 13, 42, 65]"
78,26,0,27 2  1 0 0 0 0 0 0 0 0 0 0 0 0 1 0 0 0 0 0 0 0 0 0 0 0 0 1,"[0, 3, 16, 29, 39]"
78,28,0,29 2  1 1 1 0 0 0 0 0 0 0 0 0 0 1 1 1 0 0 0 0 0 0 0 0 0 0 1 1 1,"[0, 3, 16, 39, 68]"
78,12,0,13 2  1 0 1 1 1 1 0 0 0 1 1 1 1,"[0, 3, 20, 34, 35]"
78,12,0,13 2  1 0 1 1 1 1 0 0 0 1 1 1 1,"[0, 3, 20, 34, 74]"
78,12,0,13 2  1 0 1 1 1 1 0 0 0 1 1 1 1,"[0, 3, 20, 35, 73]"
78,12,0,13 2  1 0 1 1 1 1 0 0 0 1 1 1 1,"[0, 3, 20, 73, 74]"
78,12,0,13 2  1 1 1 1 0 0 0 1 1 1 1 0 1,"[0, 3, 22, 46, 47]"
78,26,0,27 2  1 0 0 0 0 0 0 0 0 0 0 0 0 1 0 0 0 0 0 0 0 0 0 0 0 0 1,"[0, 3, 26, 42, 52]"
78,26,0,27 2  1 0 0 0 0 0 0 0 0 0 0 0 0 1 0 0 0 0 0 0 0 0 0 0 0 0 1,"[0, 3, 29, 39, 55]"
78,12,0,13 2  1 0 1 1 1 1 0 0 0 1 1 1 1,"[0, 3, 34, 35, 59]"
78,12,0,13 2  1 0 1 1 1 1 0 0 0 1 1 1 1,"[0, 3, 34, 59, 74]"
78,12,0,13 2  1 0 1 1 1 1 0 0 0 1 1 1 1,"[0, 3, 35, 59, 73]"
78,26,0,27 2  1 0 0 0 0 0 0 0 0 0 0 0 0 1 0 0 0 0 0 0 0 0 0 0 0 0 1,"[0, 3, 39, 55, 68]"
78,26,0,27 2  1 0 0 0 0 0 0 0 0 0 0 0 0 1 0 0 0 0 0 0 0 0 0 0 0 0 1,"[0, 3, 42, 52, 65]"
78,12,0,13 2  1 1 1 1 0 0 0 1 1 1 1 0 1,"[0, 3, 46, 47, 61]"
78,12,0,13 2  1 0 1 1 1 1 0 0 0 1 1 1 1,"[0, 3, 59, 73, 74]"
78,12,0,13 2  1 1 1 1 0 0 0 1 1 1 1 0 1,"[0, 4, 5, 19, 36]"
78,12,0,13 2  1 1 1 1 0 0 0 1 1 1 1 0 1,"[0, 4, 5, 19, 75]"
78,12,0,13 2  1 1 1 1 0 0 0 1 1 1 1 0 1,"[0, 4, 5, 36, 58]"
78,12,0,13 2  1 1 1 1 0 0 0 1 1 1 1 0 1,"[0, 4, 5, 58, 75]"
78,12,0,13 2  1 0 1 1 1 1 0 0 0 1 1 1 1,"[0, 4, 7, 24, 38]"
78,12,0,13 2  1 0 1 1 1 1 0 0 0 1 1 1 1,"[0, 4, 7, 24, 77]"
78,12,0,13 2  1 0 1 1 1 1 0 0 0 1 1 1 1,"[0, 4, 7, 38, 63]"
78,12,0,13 2  1 0 1 1 1 1 0 0 0 1 1 1 1,"[0, 4, 7, 63, 77]"
78,12,0,13 2  1 1 1 1 0 0 0 1 1 1 1 0 1,"[0, 4, 11, 21, 23]"
78,12,0,13 2  1 1 1 1 0 0 0 1 1 1 1 0 1,"[0, 4, 11, 21, 62]"
78,12,0,13 2  1 1 1 1 0 0 0 1 1 1 1 0 1,"[0, 4, 11, 23, 60]"
78,12,0,13 2  1 1 1 1 0 0 0 1 1 1 1 0 1,"[0, 4, 11, 60, 62]"
78,28,0,29 2  1 1 1 0 0 0 0 0 0 0 0 0 0 1 1 1 0 0 0 0 0 0 0 0 0 0 1 1 1,"[0, 4, 13, 26, 43]"
78,26,0,27 2  1 0 0 0 0 0 0 0 0 0 0 0 0 1 0 0 0 0 0 0 0 0 0 0 0 0 1,"[0, 4, 13, 43, 65]"
78,26,0,27 2  1 0 0 0 0 0 0 0 0 0 0 0 0 1 0 0 0 0 0 0 0 0 0 0 0 0 1,"[0, 4, 17, 30, 39]"
78,26,0,27 2  1 0 0 0 0 0 0 0 0 0 0 0 0 1 0 0 0 0 0 0 0 0 0 0 0 0 1,"[0, 4, 17, 39, 69]"
78,12,0,13 2  1 1 1 1 0 0 0 1 1 1 1 0 1,"[0, 4, 19, 36, 44]"
78,12,0,13 2  1 1 1 1 0 0 0 1 1 1 1 0 1,"[0, 4, 19, 44, 75]"
78,24,0,25 2  1 0 0 0 1 0 1 0 1 0 1 0 0 0 0 0 0 0 1 0 1 0 1 0 1,"[0, 4, 20, 22, 32]"
78,12,0,13 2  1 0 1 1 1 1 0 0 0 1 1 1 1,"[0, 4, 20, 22, 71]"
78,12,0,13 2  1 0 1 1 1 1 0 0 0 1 1 1 1,"[0, 4, 20, 32, 61]"
78,12,0,13 2  1 0 1 1 1 1 0 0 0 1 1 1 1,"[0, 4, 20, 61, 71]"
78,12,0,13 2  1 1 1 1 0 0 0 1 1 1 1 0 1,"[0, 4, 21, 23, 50]"
78,12,0,13 2  1 1 1 1 0 0 0 1 1 1 1 0 1,"[0, 4, 21, 50, 62]"
78,12,0,13 2  1 0 1 1 1 1 0 0 0 1 1 1 1,"[0, 4, 22, 32, 59]"
78,12,0,13 2  1 0 1 1 1 1 0 0 0 1 1 1 1,"[0, 4, 22, 59, 71]"
78,12,0,13 2  1 1 1 1 0 0 0 1 1 1 1 0 1,"[0, 4, 23, 50, 60]"
78,24,0,25 2  1 0 0 0 1 0 1 0 1 0 1 0 0 0 0 0 0 0 1 0 1 0 1 0 1,"[0, 4, 24, 38, 46]"
78,12,0,13 2  1 0 1 1 1 1 0 0 0 1 1 1 1,"[0, 4, 24, 46, 77]"
78,26,0,27 2  1 0 0 0 0 0 0 0 0 0 0 0 0 1 0 0 0 0 0 0 0 0 0 0 0 0 1,"[0, 4, 26, 43, 52]"
78,26,0,27 2  1 0 0 0 0 0 0 0 0 0 0 0 0 1 0 0 0 0 0 0 0 0 0 0 0 0 1,"[0, 4, 30, 39, 56]"
78,12,0,13 2  1 0 1 1 1 1 0 0 0 1 1 1 1,"[0, 4, 32, 59, 61]"
78,24,0,25 2  1 0 1 0 1 0 1 0 0 0 0 0 0 0 1 0 1 0 1 0 1 0 0 0 1,"[0, 4, 36, 44, 58]"
78,12,0,13 2  1 0 1 1 1 1 0 0 0 1 1 1 1,"[0, 4, 38, 46, 63]"
78,28,0,29 2  1 1 1 0 0 0 0 0 0 0 0 0 0 1 1 1 0 0 0 0 0 0 0 0 0 0 1 1 1,"[0, 4, 39, 56, 69]"
78,26,0,27 2  1 0 0 0 0 0 0 0 0 0 0 0 0 1 0 0 0 0 0 0 0 0 0 0 0 0 1,"[0, 4, 43, 52, 65]"
78,12,0,13 2  1 1 1 1 0 0 0 1 1 1 1 0 1,"[0, 4, 44, 58, 75]"
78,12,0,13 2  1 0 1 1 1 1 0 0 0 1 1 1 1,"[0, 4, 46, 63, 77]"
78,24,0,25 2  1 0 1 0 1 0 1 0 0 0 0 0 0 0 1 0 1 0 1 0 1 0 0 0 1,"[0, 4, 50, 60, 62]"
78,12,0,13 2  1 0 1 1 1 1 0 0 0 1 1 1 1,"[0, 4, 59, 61, 71]"
78,12,0,13 2  1 1 1 1 0 0 0 1 1 1 1 0 1,"[0, 5, 6, 14, 16]"
78,12,0,13 2  1 1 1 1 0 0 0 1 1 1 1 0 1,"[0, 5, 6, 14, 55]"
78,12,0,13 2  1 1 1 1 0 0 0 1 1 1 1 0 1,"[0, 5, 6, 16, 53]"
78,12,0,13 2  1 1 1 1 0 0 0 1 1 1 1 0 1,"[0, 5, 6, 53, 55]"
78,12,0,13 2  1 0 1 1 1 1 0 0 0 1 1 1 1,"[0, 5, 8, 25, 40]"
78,12,0,13 2  1 0 1 1 1 1 0 0 0 1 1 1 1,"[0, 5, 8, 40, 64]"
78,26,0,27 2  1 0 0 0 0 0 0 0 0 0 0 0 0 1 0 0 0 0 0 0 0 0 0 0 0 0 1,"[0, 5, 13, 26, 44]"
78,26,0,27 2  1 0 0 0 0 0 0 0 0 0 0 0 0 1 0 0 0 0 0 0 0 0 0 0 0 0 1,"[0, 5, 13, 44, 65]"
78,12,0,13 2  1 1 1 1 0 0 0 1 1 1 1 0 1,"[0, 5, 14, 16, 45]"
78,12,0,13 2  1 1 1 1 0 0 0 1 1 1 1 0 1,"[0, 5, 14, 45, 55]"
78,12,0,13 2  1 1 1 1 0 0 0 1 1 1 1 0 1,"[0, 5, 16, 45, 53]"
78,28,0,29 2  1 1 1 0 0 0 0 0 0 0 0 0 0 1 1 1 0 0 0 0 0 0 0 0 0 0 1 1 1,"[0, 5, 18, 31, 39]"
78,26,0,27 2  1 0 0 0 0 0 0 0 0 0 0 0 0 1 0 0 0 0 0 0 0 0 0 0 0 0 1,"[0, 5, 18, 39, 70]"
78,12,0,13 2  1 1 1 1 0 0 0 1 1 1 1 0 1,"[0, 5, 19, 36, 43]"
78,12,0,13 2  1 1 1 1 0 0 0 1 1 1 1 0 1,"[0, 5, 19, 43, 75]"
78,12,0,13 2  1 0 1 1 1 1 0 0 0 1 1 1 1,"[0, 5, 25, 40, 47]"
78,26,0,27 2  1 0 0 0 0 0 0 0 0 0 0 0 0 1 0 0 0 0 0 0 0 0 0 0 0 0 1,"[0, 5, 26, 44, 52]"
78,12,0,13 2  1 0 1 1 1 1 0 0 0 1 1 1 1,"[0, 5, 28, 30, 38]"
78,12,0,13 2  1 0 1 1 1 1 0 0 0 1 1 1 1,"[0, 5, 28, 30, 77]"
78,12,0,13 2  1 0 1 1 1 1 0 0 0 1 1 1 1,"[0, 5, 28, 38, 69]"
78,12,0,13 2  1 0 1 1 1 1 0 0 0 1 1 1 1,"[0, 5, 28, 69, 77]"
78,12,0,13 2  1 0 1 1 1 1 0 0 0 1 1 1 1,"[0, 5, 30, 38, 67]"
78,12,0,13 2  1 0 1 1 1 1 0 0 0 1 1 1 1,"[0, 5, 30, 67, 77]"
78,26,0,27 2  1 0 0 0 0 0 0 0 0 0 0 0 0 1 0 0 0 0 0 0 0 0 0 0 0 0 1,"[0, 5, 31, 39, 57]"
78,12,0,13 2  1 1 1 1 0 0 0 1 1 1 1 0 1,"[0, 5, 36, 43, 58]"
78,12,0,13 2  1 0 1 1 1 1 0 0 0 1 1 1 1,"[0, 5, 38, 67, 69]"
78,26,0,27 2  1 0 0 0 0 0 0 0 0 0 0 0 0 1 0 0 0 0 0 0 0 0 0 0 0 0 1,"[0, 5, 39, 57, 70]"
78,12,0,13 2  1 0 1 1 1 1 0 0 0 1 1 1 1,"[0, 5, 40, 47, 64]"
78,12,0,13 2  1 1 1 1 0 0 0 1 1 1 1 0 1,"[0, 5, 43, 58, 75]"
78,28,0,29 2  1 1 1 0 0 0 0 0 0 0 0 0 0 1 1 1 0 0 0 0 0 0 0 0 0 0 1 1 1,"[0, 5, 44, 52, 65]"
78,12,0,13 2  1 1 1 1 0 0 0 1 1 1 1 0 1,"[0, 5, 45, 53, 55]"
78,12,0,13 2  1 0 1 1 1 1 0 0 0 1 1 1 1,"[0, 5, 67, 69, 77]"
78,26,0,27 2  1 0 0 0 0 0 0 0 0 0 0 0 0 1 0 0 0 0 0 0 0 0 0 0 0 0 1,"[0, 6, 13, 26, 45]"
78,28,0,29 2  1 1 1 0 0 0 0 0 0 0 0 0 0 1 1 1 0 0 0 0 0 0 0 0 0 0 1 1 1,"[0, 6, 13, 45, 65]"
78,24,0,25 2  1 0 1 0 1 0 1 0 0 0 0 0 0 0 1 0 1 0 1 0 1 0 0 0 1,"[0, 6, 14, 16, 44]"
78,12,0,13 2  1 1 1 1 0 0 0 1 1 1 1 0 1,"[0, 6, 14, 44, 55]"
78,12,0,13 2  1 1 1 1 0 0 0 1 1 1 1 0 1,"[0, 6, 16, 44, 53]"
78,26,0,27 2  1 0 0 0 0 0 0 0 0 0 0 0 0 1 0 0 0 0 0 0 0 0 0 0 0 0 1,"[0, 6, 19, 32, 39]"
78,28,0,29 2  1 1 1 0 0 0 0 0 0 0 0 0 0 1 1 1 0 0 0 0 0 0 0 0 0 0 1 1 1,"[0, 6, 19, 39, 71]"
78,26,0,27 2  1 0 0 0 0 0 0 0 0 0 0 0 0 1 0 0 0 0 0 0 0 0 0 0 0 0 1,"[0, 6, 26, 45, 52]"
78,12,0,13 2  1 0 1 1 1 1 0 0 0 1 1 1 1,"[0, 6, 29, 31, 40]"
78,12,0,13 2  1 0 1 1 1 1 0 0 0 1 1 1 1,"[0, 6, 29, 40, 70]"
78,12,0,13 2  1 0 1 1 1 1 0 0 0 1 1 1 1,"[0, 6, 31, 40, 68]"
78,26,0,27 2  1 0 0 0 0 0 0 0 0 0 0 0 0 1 0 0 0 0 0 0 0 0 0 0 0 0 1,"[0, 6, 32, 39, 58]"
78,26,0,27 2  1 0 0 0 0 0 0 0 0 0 0 0 0 1 0 0 0 0 0 0 0 0 0 0 0 0 1,"[0, 6, 39, 58, 71]"
78,24,0,25 2  1 0 0 0 1 0 1 0 1 0 1 0 0 0 0 0 0 0 1 0 1 0 1 0 1,"[0, 6, 40, 68, 70]"
78,12,0,13 2  1 1 1 1 0 0 0 1 1 1 1 0 1,"[0, 6, 44, 53, 55]"
78,26,0,27 2  1 0 0 0 0 0 0 0 0 0 0 0 0 1 0 0 0 0 0 0 0 0 0 0 0 0 1,"[0, 6, 45, 52, 65]"
78,12,0,13 2  1 1 1 1 0 0 0 1 1 1 1 0 1,"[0, 7, 8, 22, 42]"
78,12,0,13 2  1 1 1 1 0 0 0 1 1 1 1 0 1,"[0, 7, 8, 42, 61]"
78,12,0,13 2  1 0 1 1 1 1 0 0 0 1 1 1 1,"[0, 7, 11, 27, 29]"
78,12,0,13 2  1 0 1 1 1 1 0 0 0 1 1 1 1,"[0, 7, 11, 27, 68]"
78,12,0,13 2  1 0 1 1 1 1 0 0 0 1 1 1 1,"[0, 7, 11, 29, 66]"
78,12,0,13 2  1 0 1 1 1 1 0 0 0 1 1 1 1,"[0, 7, 11, 66, 68]"
78,28,0,29 2  1 1 1 0 0 0 0 0 0 0 0 0 0 1 1 1 0 0 0 0 0 0 0 0 0 0 1 1 1,"[0, 7, 13, 26, 46]"
78,26,0,27 2  1 0 0 0 0 0 0 0 0 0 0 0 0 1 0 0 0 0 0 0 0 0 0 0 0 0 1,"[0, 7, 13, 46, 65]"
78,12,0,13 2  1 1 1 1 0 0 0 1 1 1 1 0 1,"[0, 7, 17, 19, 35]"
78,12,0,13 2  1 1 1 1 0 0 0 1 1 1 1 0 1,"[0, 7, 17, 19, 74]"
78,12,0,13 2  1 1 1 1 0 0 0 1 1 1 1 0 1,"[0, 7, 17, 35, 58]"
78,12,0,13 2  1 1 1 1 0 0 0 1 1 1 1 0 1,"[0, 7, 17, 58, 74]"
78,12,0,13 2  1 1 1 1 0 0 0 1 1 1 1 0 1,"[0, 7, 19, 35, 56]"
78,12,0,13 2  1 1 1 1 0 0 0 1 1 1 1 0 1,"[0, 7, 19, 56, 74]"
78,26,0,27 2  1 0 0 0 0 0 0 0 0 0 0 0 0 1 0 0 0 0 0 0 0 0 0 0 0 0 1,"[0, 7, 20, 33, 39]"
78,26,0,27 2  1 0 0 0 0 0 0 0 0 0 0 0 0 1 0 0 0 0 0 0 0 0 0 0 0 0 1,"[0, 7, 20, 39, 72]"
78,12,0,13 2  1 1 1 1 0 0 0 1 1 1 1 0 1,"[0, 7, 22, 42, 47]"
78,12,0,13 2  1 0 1 1 1 1 0 0 0 1 1 1 1,"[0, 7, 24, 38, 43]"
78,12,0,13 2  1 0 1 1 1 1 0 0 0 1 1 1 1,"[0, 7, 24, 43, 77]"
78,26,0,27 2  1 0 0 0 0 0 0 0 0 0 0 0 0 1 0 0 0 0 0 0 0 0 0 0 0 0 1,"[0, 7, 26, 46, 52]"
78,12,0,13 2  1 0 1 1 1 1 0 0 0 1 1 1 1,"[0, 7, 27, 29, 50]"
78,12,0,13 2  1 0 1 1 1 1 0 0 0 1 1 1 1,"[0, 7, 27, 50, 68]"
78,12,0,13 2  1 0 1 1 1 1 0 0 0 1 1 1 1,"[0, 7, 29, 50, 66]"
78,26,0,27 2  1 0 0 0 0 0 0 0 0 0 0 0 0 1 0 0 0 0 0 0 0 0 0 0 0 0 1,"[0, 7, 33, 39, 59]"
78,12,0,13 2  1 1 1 1 0 0 0 1 1 1 1 0 1,"[0, 7, 35, 56, 58]"
78,12,0,13 2  1 0 1 1 1 1 0 0 0 1 1 1 1,"[0, 7, 38, 43, 63]"
78,28,0,29 2  1 1 1 0 0 0 0 0 0 0 0 0 0 1 1 1 0 0 0 0 0 0 0 0 0 0 1 1 1,"[0, 7, 39, 59, 72]"
78,12,0,13 2  1 1 1 1 0 0 0 1 1 1 1 0 1,"[0, 7, 42, 47, 61]"
78,12,0,13 2  1 0 1 1 1 1 0 0 0 1 1 1 1,"[0, 7, 43, 63, 77]"
78,26,0,27 2  1 0 0 0 0 0 0 0 0 0 0 0 0 1 0 0 0 0 0 0 0 0 0 0 0 0 1,"[0, 7, 46, 52, 65]"
78,12,0,13 2  1 0 1 1 1 1 0 0 0 1 1 1 1,"[0, 7, 50, 66, 68]"
78,12,0,13 2  1 1 1 1 0 0 0 1 1 1 1 0 1,"[0, 7, 56, 58, 74]"
78,12,0,13 2  1 0 1 1 1 1 0 0 0 1 1 1 1,"[0, 8, 9, 14, 37]"
78,12,0,13 2  1 0 1 1 1 1 0 0 0 1 1 1 1,"[0, 8, 9, 14, 76]"
78,12,0,13 2  1 0 1 1 1 1 0 0 0 1 1 1 1,"[0, 8, 9, 37, 53]"
78,12,0,13 2  1 0 1 1 1 1 0 0 0 1 1 1 1,"[0, 8, 9, 53, 76]"
78,12,0,13 2  1 1 1 1 0 0 0 1 1 1 1 0 1,"[0, 8, 10, 33, 38]"
78,12,0,13 2  1 1 1 1 0 0 0 1 1 1 1 0 1,"[0, 8, 10, 33, 77]"
78,24,0,25 2  1 0 1 0 1 0 1 0 0 0 0 0 0 0 1 0 1 0 1 0 1 0 0 0 1,"[0, 8, 10, 38, 72]"
78,12,0,13 2  1 1 1 1 0 0 0 1 1 1 1 0 1,"[0, 8, 10, 72, 77]"
78,26,0,27 2  1 0 0 0 0 0 0 0 0 0 0 0 0 1 0 0 0 0 0 0 0 0 0 0 0 0 1,"[0, 8, 13, 26, 47]"
78,26,0,27 2  1 0 0 0 0 0 0 0 0 0 0 0 0 1 0 0 0 0 0 0 0 0 0 0 0 0 1,"[0, 8, 13, 47, 65]"
78,12,0,13 2  1 0 1 1 1 1 0 0 0 1 1 1 1,"[0, 8, 14, 37, 48]"
78,24,0,25 2  1 0 0 0 1 0 1 0 1 0 1 0 0 0 0 0 0 0 1 0 1 0 1 0 1,"[0, 8, 14, 48, 76]"
78,28,0,29 2  1 1 1 0 0 0 0 0 0 0 0 0 0 1 1 1 0 0 0 0 0 0 0 0 0 0 1 1 1,"[0, 8, 21, 34, 39]"
78,26,0,27 2  1 0 0 0 0 0 0 0 0 0 0 0 0 1 0 0 0 0 0 0 0 0 0 0 0 0 1,"[0, 8, 21, 39, 73]"
78,24,0,25 2  1 0 1 0 1 0 1 0 0 0 0 0 0 0 1 0 1 0 1 0 1 0 0 0 1,"[0, 8, 22, 42, 46]"
78,12,0,13 2  1 0 1 1 1 1 0 0 0 1 1 1 1,"[0, 8, 25, 40, 44]"
78,26,0,27 2  1 0 0 0 0 0 0 0 0 0 0 0 0 1 0 0 0 0 0 0 0 0 0 0 0 0 1,"[0, 8, 26, 47, 52]"
78,12,0,13 2  1 1 1 1 0 0 0 1 1 1 1 0 1,"[0, 8, 33, 38, 49]"
78,12,0,13 2  1 1 1 1 0 0 0 1 1 1 1 0 1,"[0, 8, 33, 49, 77]"
78,26,0,27 2  1 0 0 0 0 0 0 0 0 0 0 0 0 1 0 0 0 0 0 0 0 0 0 0 0 0 1,"[0, 8, 34, 39, 60]"
78,12,0,13 2  1 0 1 1 1 1 0 0 0 1 1 1 1,"[0, 8, 37, 48, 53]"
78,12,0,13 2  1 1 1 1 0 0 0 1 1 1 1 0 1,"[0, 8, 38, 49, 72]"
78,26,0,27 2  1 0 0 0 0 0 0 0 0 0 0 0 0 1 0 0 0 0 0 0 0 0 0 0 0 0 1,"[0, 8, 39, 60, 73]"
78,24,0,25 2  1 0 0 0 1 0 1 0 1 0 1 0 0 0 0 0 0 0 1 0 1 0 1 0 1,"[0, 8, 40, 44, 64]"
78,12,0,13 2  1 1 1 1 0 0 0 1 1 1 1 0 1,"[0, 8, 42, 46, 61]"
78,28,0,29 2  1 1 1 0 0 0 0 0 0 0 0 0 0 1 1 1 0 0 0 0 0 0 0 0 0 0 1 1 1,"[0, 8, 47, 52, 65]"
78,12,0,13 2  1 0 1 1 1 1 0 0 0 1 1 1 1,"[0, 8, 48, 53, 76]"
78,12,0,13 2  1 1 1 1 0 0 0 1 1 1 1 0 1,"[0, 8, 49, 72, 77]"
78,12,0,13 2  1 1 1 1 0 0 0 1 1 1 1 0 1,"[0, 9, 11, 34, 40]"
78,12,0,13 2  1 1 1 1 0 0 0 1 1 1 1 0 1,"[0, 9, 11, 40, 73]"
78,26,0,27 2  1 0 0 0 0 0 0 0 0 0 0 0 0 1 0 0 0 0 0 0 0 0 0 0 0 0 1,"[0, 9, 13, 26, 48]"
78,28,0,29 2  1 1 1 0 0 0 0 0 0 0 0 0 0 1 1 1 0 0 0 0 0 0 0 0 0 0 1 1 1,"[0, 9, 13, 48, 65]"
78,12,0,13 2  1 0 1 1 1 1 0 0 0 1 1 1 1,"[0, 9, 14, 37, 47]"
78,12,0,13 2  1 0 1 1 1 1 0 0 0 1 1 1 1,"[0, 9, 14, 47, 76]"
78,26,0,27 2  1 0 0 0 0 0 0 0 0 0 0 0 0 1 0 0 0 0 0 0 0 0 0 0 0 0 1,"[0, 9, 22, 35, 39]"
78,28,0,29 2  1 1 1 0 0 0 0 0 0 0 0 0 0 1 1 1 0 0 0 0 0 0 0 0 0 0 1 1 1,"[0, 9, 22, 39, 74]"
78,26,0,27 2  1 0 0 0 0 0 0 0 0 0 0 0 0 1 0 0 0 0 0 0 0 0 0 0 0 0 1,"[0, 9, 26, 48, 52]"
78,12,0,13 2  1 1 1 1 0 0 0 1 1 1 1 0 1,"[0, 9, 34, 40, 50]"
78,26,0,27 2  1 0 0 0 0 0 0 0 0 0 0 0 0 1 0 0 0 0 0 0 0 0 0 0 0 0 1,"[0, 9, 35, 39, 61]"
78,12,0,13 2  1 0 1 1 1 1 0 0 0 1 1 1 1,"[0, 9, 37, 47, 53]"
78,26,0,27 2  1 0 0 0 0 0 0 0 0 0 0 0 0 1 0 0 0 0 0 0 0 0 0 0 0 0 1,"[0, 9, 39, 61, 74]"
78,12,0,13 2  1 1 1 1 0 0 0 1 1 1 1 0 1,"[0, 9, 40, 50, 73]"
78,12,0,13 2  1 0 1 1 1 1 0 0 0 1 1 1 1,"[0, 9, 47, 53, 76]"
78,26,0,27 2  1 0 0 0 0 0 0 0 0 0 0 0 0 1 0 0 0 0 0 0 0 0 0 0 0 0 1,"[0, 9, 48, 52, 65]"
78,12,0,13 2  1 0 1 1 1 1 0 0 0 1 1 1 1,"[0, 10, 11, 16, 41]"
78,12,0,13 2  1 0 1 1 1 1 0 0 0 1 1 1 1,"[0, 10, 11, 41, 55]"
78,24,0,25 2  1 0 1 0 1 0 1 0 0 0 0 0 0 0 1 0 1 0 1 0 1 0 0 0 1,"[0, 10, 12, 28, 32]"
78,12,0,13 2  1 1 1 1 0 0 0 1 1 1 1 0 1,"[0, 10, 12, 28, 71]"
78,12,0,13 2  1 1 1 1 0 0 0 1 1 1 1 0 1,"[0, 10, 12, 32, 67]"
78,12,0,13 2  1 1 1 1 0 0 0 1 1 1 1 0 1,"[0, 10, 12, 67, 71]"
78,28,0,29 2  1 1 1 0 0 0 0 0 0 0 0 0 0 1 1 1 0 0 0 0 0 0 0 0 0 0 1 1 1,"[0, 10, 13, 26, 49]"
78,26,0,27 2  1 0 0 0 0 0 0 0 0 0 0 0 0 1 0 0 0 0 0 0 0 0 0 0 0 0 1,"[0, 10, 13, 49, 65]"
78,12,0,13 2  1 0 1 1 1 1 0 0 0 1 1 1 1,"[0, 10, 16, 41, 50]"
78,12,0,13 2  1 0 1 1 1 1 0 0 0 1 1 1 1,"[0, 10, 17, 21, 37]"
78,12,0,13 2  1 0 1 1 1 1 0 0 0 1 1 1 1,"[0, 10, 17, 21, 76]"
78,12,0,13 2  1 0 1 1 1 1 0 0 0 1 1 1 1,"[0, 10, 17, 37, 60]"
78,12,0,13 2  1 0 1 1 1 1 0 0 0 1 1 1 1,"[0, 10, 17, 60, 76]"
78,12,0,13 2  1 0 1 1 1 1 0 0 0 1 1 1 1,"[0, 10, 21, 37, 56]"
78,12,0,13 2  1 0 1 1 1 1 0 0 0 1 1 1 1,"[0, 10, 21, 56, 76]"
78,26,0,27 2  1 0 0 0 0 0 0 0 0 0 0 0 0 1 0 0 0 0 0 0 0 0 0 0 0 0 1,"[0, 10, 23, 36, 39]"
78,26,0,27 2  1 0 0 0 0 0 0 0 0 0 0 0 0 1 0 0 0 0 0 0 0 0 0 0 0 0 1,"[0, 10, 23, 39, 75]"
78,26,0,27 2  1 0 0 0 0 0 0 0 0 0 0 0 0 1 0 0 0 0 0 0 0 0 0 0 0 0 1,"[0, 10, 26, 49, 52]"
78,12,0,13 2  1 1 1 1 0 0 0 1 1 1 1 0 1,"[0, 10, 28, 32, 51]"
78,12,0,13 2  1 1 1 1 0 0 0 1 1 1 1 0 1,"[0, 10, 28, 51, 71]"
78,12,0,13 2  1 1 1 1 0 0 0 1 1 1 1 0 1,"[0, 10, 32, 51, 67]"
78,12,0,13 2  1 1 1 1 0 0 0 1 1 1 1 0 1,"[0, 10, 33, 38, 47]"
78,12,0,13 2  1 1 1 1 0 0 0 1 1 1 1 0 1,"[0, 10, 33, 47, 77]"
78,26,0,27 2  1 0 0 0 0 0 0 0 0 0 0 0 0 1 0 0 0 0 0 0 0 0 0 0 0 0 1,"[0, 10, 36, 39, 62]"
78,12,0,13 2  1 1 1 1 0 0 0 1 1 1 1 0 1,"[0, 10, 38, 47, 72]"
78,28,0,29 2  1 1 1 0 0 0 0 0 0 0 0 0 0 1 1 1 0 0 0 0 0 0 0 0 0 0 1 1 1,"[0, 10, 39, 62, 75]"
78,26,0,27 2  1 0 0 0 0 0 0 0 0 0 0 0 0 1 0 0 0 0 0 0 0 0 0 0 0 0 1,"[0, 10, 49, 52, 65]"
78,24,0,25 2  1 0 0 0 1 0 1 0 1 0 1 0 0 0 0 0 0 0 1 0 1 0 1 0 1,"[0, 10, 56, 60, 76]"
78,26,0,27 2  1 0 0 0 0 0 0 0 0 0 0 0 0 1 0 0 0 0 0 0 0 0 0 0 0 0 1,"[0, 11, 13, 26, 50]"
78,26,0,27 2  1 0 0 0 0 0 0 0 0 0 0 0 0 1 0 0 0 0 0 0 0 0 0 0 0 0 1,"[0, 11, 13, 50, 65]"
78,28,0,29 2  1 1 1 0 0 0 0 0 0 0 0 0 0 1 1 1 0 0 0 0 0 0 0 0 0 0 1 1 1,"[0, 11, 24, 37, 39]"
78,26,0,27 2  1 0 0 0 0 0 0 0 0 0 0 0 0 1 0 0 0 0 0 0 0 0 0 0 0 0 1,"[0, 11, 24, 39, 76]"
78,26,0,27 2  1 0 0 0 0 0 0 0 0 0 0 0 0 1 0 0 0 0 0 0 0 0 0 0 0 0 1,"[0, 11, 26, 50, 52]"
78,26,0,27 2  1 0 0 0 0 0 0 0 0 0 0 0 0 1 0 0 0 0 0 0 0 0 0 0 0 0 1,"[0, 11, 37, 39, 63]"
78,26,0,27 2  1 0 0 0 0 0 0 0 0 0 0 0 0 1 0 0 0 0 0 0 0 0 0 0 0 0 1,"[0, 11, 39, 63, 76]"
78,28,0,29 2  1 1 1 0 0 0 0 0 0 0 0 0 0 1 1 1 0 0 0 0 0 0 0 0 0 0 1 1 1,"[0, 11, 50, 52, 65]"
78,26,0,27 2  1 0 0 0 0 0 0 0 0 0 0 0 0 1 0 0 0 0 0 0 0 0 0 0 0 0 1,"[0, 12, 13, 26, 51]"
78,28,0,29 2  1 1 1 0 0 0 0 0 0 0 0 0 0 1 1 1 0 0 0 0 0 0 0 0 0 0 1 1 1,"[0, 12, 13, 51, 65]"
78,26,0,27 2  1 0 0 0 0 0 0 0 0 0 0 0 0 1 0 0 0 0 0 0 0 0 0 0 0 0 1,"[0, 12, 25, 38, 39]"
78,28,0,29 2  1 1 1 0 0 0 0 0 0 0 0 0 0 1 1 1 0 0 0 0 0 0 0 0 0 0 1 1 1,"[0, 12, 25, 39, 77]"
78,26,0,27 2  1 0 0 0 0 0 0 0 0 0 0 0 0 1 0 0 0 0 0 0 0 0 0 0 0 0 1,"[0, 12, 26, 51, 52]"
78,26,0,27 2  1 0 0 0 0 0 0 0 0 0 0 0 0 1 0 0 0 0 0 0 0 0 0 0 0 0 1,"[0, 12, 38, 39, 64]"
78,26,0,27 2  1 0 0 0 0 0 0 0 0 0 0 0 0 1 0 0 0 0 0 0 0 0 0 0 0 0 1,"[0, 12, 39, 64, 77]"
78,26,0,27 2  1 0 0 0 0 0 0 0 0 0 0 0 0 1 0 0 0 0 0 0 0 0 0 0 0 0 1,"[0, 12, 51, 52, 65]"
78,26,0,27 2  1 0 0 0 0 0 0 0 0 0 0 0 0 1 0 0 0 0 0 0 0 0 0 0 0 0 1,"[0, 13, 14, 26, 53]"
78,26,0,27 2  1 0 0 0 0 0 0 0 0 0 0 0 0 1 0 0 0 0 0 0 0 0 0 0 0 0 1,"[0, 13, 14, 53, 65]"
78,26,0,27 2  1 0 0 0 0 0 0 0 0 0 0 0 0 1 0 0 0 0 0 0 0 0 0 0 0 0 1,"[0, 13, 15, 26, 54]"
78,28,0,29 2  1 1 1 0 0 0 0 0 0 0 0 0 0 1 1 1 0 0 0 0 0 0 0 0 0 0 1 1 1,"[0, 13, 15, 54, 65]"
78,28,0,29 2  1 1 1 0 0 0 0 0 0 0 0 0 0 1 1 1 0 0 0 0 0 0 0 0 0 0 1 1 1,"[0, 13, 16, 26, 55]"
78,26,0,27 2  1 0 0 0 0 0 0 0 0 0 0 0 0 1 0 0 0 0 0 0 0 0 0 0 0 0 1,"[0, 13, 16, 55, 65]"
78,26,0,27 2  1 0 0 0 0 0 0 0 0 0 0 0 0 1 0 0 0 0 0 0 0 0 0 0 0 0 1,"[0, 13, 17, 26, 56]"
78,26,0,27 2  1 0 0 0 0 0 0 0 0 0 0 0 0 1 0 0 0 0 0 0 0 0 0 0 0 0 1,"[0, 13, 17, 56, 65]"
78,26,0,27 2  1 0 0 0 0 0 0 0 0 0 0 0 0 1 0 0 0 0 0 0 0 0 0 0 0 0 1,"[0, 13, 18, 26, 57]"
78,28,0,29 2  1 1 1 0 0 0 0 0 0 0 0 0 0 1 1 1 0 0 0 0 0 0 0 0 0 0 1 1 1,"[0, 13, 18, 57, 65]"
78,28,0,29 2  1 1 1 0 0 0 0 0 0 0 0 0 0 1 1 1 0 0 0 0 0 0 0 0 0 0 1 1 1,"[0, 13, 19, 26, 58]"
78,26,0,27 2  1 0 0 0 0 0 0 0 0 0 0 0 0 1 0 0 0 0 0 0 0 0 0 0 0 0 1,"[0, 13, 19, 58, 65]"
78,26,0,27 2  1 0 0 0 0 0 0 0 0 0 0 0 0 1 0 0 0 0 0 0 0 0 0 0 0 0 1,"[0, 13, 20, 26, 59]"
78,26,0,27 2  1 0 0 0 0 0 0 0 0 0 0 0 0 1 0 0 0 0 0 0 0 0 0 0 0 0 1,"[0, 13, 20, 59, 65]"
78,26,0,27 2  1 0 0 0 0 0 0 0 0 0 0 0 0 1 0 0 0 0 0 0 0 0 0 0 0 0 1,"[0, 13, 21, 26, 60]"
78,28,0,29 2  1 1 1 0 0 0 0 0 0 0 0 0 0 1 1 1 0 0 0 0 0 0 0 0 0 0 1 1 1,"[0, 13, 21, 60, 65]"
78,28,0,29 2  1 1 1 0 0 0 0 0 0 0 0 0 0 1 1 1 0 0 0 0 0 0 0 0 0 0 1 1 1,"[0, 13, 22, 26, 61]"
78,26,0,27 2  1 0 0 0 0 0 0 0 0 0 0 0 0 1 0 0 0 0 0 0 0 0 0 0 0 0 1,"[0, 13, 22, 61, 65]"
78,26,0,27 2  1 0 0 0 0 0 0 0 0 0 0 0 0 1 0 0 0 0 0 0 0 0 0 0 0 0 1,"[0, 13, 23, 26, 62]"
78,26,0,27 2  1 0 0 0 0 0 0 0 0 0 0 0 0 1 0 0 0 0 0 0 0 0 0 0 0 0 1,"[0, 13, 23, 62, 65]"
78,26,0,27 2  1 0 0 0 0 0 0 0 0 0 0 0 0 1 0 0 0 0 0 0 0 0 0 0 0 0 1,"[0, 13, 24, 26, 63]"
78,28,0,29 2  1 1 1 0 0 0 0 0 0 0 0 0 0 1 1 1 0 0 0 0 0 0 0 0 0 0 1 1 1,"[0, 13, 24, 63, 65]"
78,28,0,29 2  1 1 1 0 0 0 0 0 0 0 0 0 0 1 1 1 0 0 0 0 0 0 0 0 0 0 1 1 1,"[0, 13, 25, 26, 64]"
78,26,0,27 2  1 0 0 0 0 0 0 0 0 0 0 0 0 1 0 0 0 0 0 0 0 0 0 0 0 0 1,"[0, 13, 25, 64, 65]"
78,26,0,27 2  1 0 0 0 0 0 0 0 0 0 0 0 0 1 0 0 0 0 0 0 0 0 0 0 0 0 1,"[0, 13, 26, 27, 66]"
78,28,0,29 2  1 1 1 0 0 0 0 0 0 0 0 0 0 1 1 1 0 0 0 0 0 0 0 0 0 0 1 1 1,"[0, 13, 26, 28, 67]"
78,26,0,27 2  1 0 0 0 0 0 0 0 0 0 0 0 0 1 0 0 0 0 0 0 0 0 0 0 0 0 1,"[0, 13, 26, 29, 68]"
78,26,0,27 2  1 0 0 0 0 0 0 0 0 0 0 0 0 1 0 0 0 0 0 0 0 0 0 0 0 0 1,"[0, 13, 26, 30, 69]"
78,28,0,29 2  1 1 1 0 0 0 0 0 0 0 0 0 0 1 1 1 0 0 0 0 0 0 0 0 0 0 1 1 1,"[0, 13, 26, 31, 70]"
78,26,0,27 2  1 0 0 0 0 0 0 0 0 0 0 0 0 1 0 0 0 0 0 0 0 0 0 0 0 0 1,"[0, 13, 26, 32, 71]"
78,26,0,27 2  1 0 0 0 0 0 0 0 0 0 0 0 0 1 0 0 0 0 0 0 0 0 0 0 0 0 1,"[0, 13, 26, 33, 72]"
78,28,0,29 2  1 1 1 0 0 0 0 0 0 0 0 0 0 1 1 1 0 0 0 0 0 0 0 0 0 0 1 1 1,"[0, 13, 26, 34, 73]"
78,26,0,27 2  1 0 0 0 0 0 0 0 0 0 0 0 0 1 0 0 0 0 0 0 0 0 0 0 0 0 1,"[0, 13, 26, 35, 74]"
78,26,0,27 2  1 0 0 0 0 0 0 0 0 0 0 0 0 1 0 0 0 0 0 0 0 0 0 0 0 0 1,"[0, 13, 26, 36, 75]"
78,28,0,29 2  1 1 1 0 0 0 0 0 0 0 0 0 0 1 1 1 0 0 0 0 0 0 0 0 0 0 1 1 1,"[0, 13, 26, 37, 76]"
78,26,0,27 2  1 0 0 0 0 0 0 0 0 0 0 0 0 1 0 0 0 0 0 0 0 0 0 0 0 0 1,"[0, 13, 26, 38, 77]"
78,28,0,29 2  1 1 1 0 0 0 0 0 0 0 0 0 0 1 1 1 0 0 0 0 0 0 0 0 0 0 1 1 1,"[0, 13, 27, 65, 66]"
78,26,0,27 2  1 0 0 0 0 0 0 0 0 0 0 0 0 1 0 0 0 0 0 0 0 0 0 0 0 0 1,"[0, 13, 28, 65, 67]"
78,26,0,27 2  1 0 0 0 0 0 0 0 0 0 0 0 0 1 0 0 0 0 0 0 0 0 0 0 0 0 1,"[0, 13, 29, 65, 68]"
78,28,0,29 2  1 1 1 0 0 0 0 0 0 0 0 0 0 1 1 1 0 0 0 0 0 0 0 0 0 0 1 1 1,"[0, 13, 30, 65, 69]"
78,26,0,27 2  1 0 0 0 0 0 0 0 0 0 0 0 0 1 0 0 0 0 0 0 0 0 0 0 0 0 1,"[0, 13, 31, 65, 70]"
78,26,0,27 2  1 0 0 0 0 0 0 0 0 0 0 0 0 1 0 0 0 0 0 0 0 0 0 0 0 0 1,"[0, 13, 32, 65, 71]"
78,28,0,29 2  1 1 1 0 0 0 0 0 0 0 0 0 0 1 1 1 0 0 0 0 0 0 0 0 0 0 1 1 1,"[0, 13, 33, 65, 72]"
78,28,0,29 2  1 1 1 0 0 0 0 0 0 0 0 0 0 1 1 1 0 0 0 0 0 0 0 0 0 0 1 1 1,"[0, 13, 36, 65, 75]"
78,24,0,25 2  1 0 0 0 1 0 1 0 1 0 1 0 0 0 0 0 0 0 1 0 1 0 1 0 1,"[0, 14, 22, 54, 58]"
78,28,0,29 2  1 1 1 0 0 0 0 0 0 0 0 0 0 1 1 1 0 0 0 0 0 0 0 0 0 0 1 1 1,"[0, 14, 27, 39, 40]"
78,24,0,25 2  1 0 1 0 1 0 1 0 0 0 0 0 0 0 1 0 1 0 1 0 1 0 0 0 1,"[0, 14, 34, 38, 70]"
78,28,0,29 2  1 1 1 0 0 0 0 0 0 0 0 0 0 1 1 1 0 0 0 0 0 0 0 0 0 0 1 1 1,"[0, 14, 52, 53, 65]"
78,24,0,25 2  1 0 0 0 1 0 1 0 1 0 1 0 0 0 0 0 0 0 1 0 1 0 1 0 1,"[0, 16, 18, 28, 74]"
78,24,0,25 2  1 0 1 0 1 0 1 0 0 0 0 0 0 0 1 0 1 0 1 0 1 0 0 0 1,"[0, 16, 20, 66, 76]"
78,28,0,29 2  1 1 1 0 0 0 0 0 0 0 0 0 0 1 1 1 0 0 0 0 0 0 0 0 0 0 1 1 1,"[0, 17, 30, 39, 43]"
78,28,0,29 2  1 1 1 0 0 0 0 0 0 0 0 0 0 1 1 1 0 0 0 0 0 0 0 0 0 0 1 1 1,"[0, 17, 52, 56, 65]"
78,24,0,25 2  1 0 1 0 1 0 1 0 0 0 0 0 0 0 1 0 1 0 1 0 1 0 0 0 1,"[0, 20, 24, 56, 64]"
78,28,0,29 2  1 1 1 0 0 0 0 0 0 0 0 0 0 1 1 1 0 0 0 0 0 0 0 0 0 0 1 1 1,"[0, 20, 33, 39, 46]"
78,24,0,25 2  1 0 0 0 1 0 1 0 1 0 1 0 0 0 0 0 0 0 1 0 1 0 1 0 1,"[0, 20, 34, 42, 74]"
78,28,0,29 2  1 1 1 0 0 0 0 0 0 0 0 0 0 1 1 1 0 0 0 0 0 0 0 0 0 0 1 1 1,"[0, 20, 52, 59, 65]"
78,28,0,29 2  1 1 1 0 0 0 0 0 0 0 0 0 0 1 1 1 0 0 0 0 0 0 0 0 0 0 1 1 1,"[0, 23, 36, 39, 49]"
78,28,0,29 2  1 1 1 0 0 0 0 0 0 0 0 0 0 1 1 1 0 0 0 0 0 0 0 0 0 0 1 1 1,"[0, 23, 52, 62, 65]"
78,24,0,25 2  1 0 0 0 1 0 1 0 1 0 1 0 0 0 0 0 0 0 1 0 1 0 1 0 1,"[0, 28, 30, 38, 44]"
78,24,0,25 2  1 0 1 0 1 0 1 0 0 0 0 0 0 0 1 0 1 0 1 0 1 0 0 0 1,"[0, 28, 62, 68, 76]"
78,28,0,29 2  1 1 1 0 0 0 0 0 0 0 0 0 0 1 1 1 0 0 0 0 0 0 0 0 0 0 1 1 1,"[0, 29, 39, 42, 55]"
78,28,0,29 2  1 1 1 0 0 0 0 0 0 0 0 0 0 1 1 1 0 0 0 0 0 0 0 0 0 0 1 1 1,"[0, 29, 52, 65, 68]"
78,24,0,25 2  1 0 0 0 1 0 1 0 1 0 1 0 0 0 0 0 0 0 1 0 1 0 1 0 1,"[0, 32, 36, 56, 70]"
78,28,0,29 2  1 1 1 0 0 0 0 0 0 0 0 0 0 1 1 1 0 0 0 0 0 0 0 0 0 0 1 1 1,"[0, 32, 39, 45, 58]"
78,24,0,25 2  1 0 1 0 1 0 1 0 0 0 0 0 0 0 1 0 1 0 1 0 1 0 0 0 1,"[0, 32, 40, 54, 74]"
78,28,0,29 2  1 1 1 0 0 0 0 0 0 0 0 0 0 1 1 1 0 0 0 0 0 0 0 0 0 0 1 1 1,"[0, 32, 52, 65, 71]"
78,24,0,25 2  1 0 1 0 1 0 1 0 0 0 0 0 0 0 1 0 1 0 1 0 1 0 0 0 1,"[0, 34, 40, 48, 50]"
78,24,0,25 2  1 0 0 0 1 0 1 0 1 0 1 0 0 0 0 0 0 0 1 0 1 0 1 0 1,"[0, 34, 62, 64, 72]"
78,28,0,29 2  1 1 1 0 0 0 0 0 0 0 0 0 0 1 1 1 0 0 0 0 0 0 0 0 0 0 1 1 1,"[0, 35, 39, 48, 61]"
78,28,0,29 2  1 1 1 0 0 0 0 0 0 0 0 0 0 1 1 1 0 0 0 0 0 0 0 0 0 0 1 1 1,"[0, 35, 52, 65, 74]"
78,28,0,29 2  1 1 1 0 0 0 0 0 0 0 0 0 0 1 1 1 0 0 0 0 0 0 0 0 0 0 1 1 1,"[0, 38, 39, 51, 64]"
78,28,0,29 2  1 1 1 0 0 0 0 0 0 0 0 0 0 1 1 1 0 0 0 0 0 0 0 0 0 0 1 1 1,"[0, 38, 52, 65, 77]"
78,28,0,29 2  1 1 1 0 0 0 0 0 0 0 0 0 0 1 1 1 0 0 0 0 0 0 0 0 0 0 1 1 1,"[0, 39, 41, 54, 67]"
78,28,0,29 2  1 1 1 0 0 0 0 0 0 0 0 0 0 1 1 1 0 0 0 0 0 0 0 0 0 0 1 1 1,"[0, 39, 44, 57, 70]"
78,28,0,29 2  1 1 1 0 0 0 0 0 0 0 0 0 0 1 1 1 0 0 0 0 0 0 0 0 0 0 1 1 1,"[0, 39, 47, 60, 73]"
78,28,0,29 2  1 1 1 0 0 0 0 0 0 0 0 0 0 1 1 1 0 0 0 0 0 0 0 0 0 0 1 1 1,"[0, 39, 50, 63, 76]"
78,24,0,25 2  1 0 0 0 1 0 1 0 1 0 1 0 0 0 0 0 0 0 1 0 1 0 1 0 1,"[0, 46, 50, 66, 68]"
78,24,0,25 2  1 0 1 0 1 0 1 0 0 0 0 0 0 0 1 0 1 0 1 0 1 0 0 0 1,"[0, 46, 56, 58, 74]"
