60,6,0.0000021099425663083737,7 2  1 0 0 1 1 1 1,"[0, 1, 2, 3, 27]"
60,6,0.0000019831004148844376,7 2  1 1 1 1 0 0 1,"[0, 1, 2, 3, 21]"
60,6,0.00000182457912433339,7 2  1 0 0 1 1 1 1,"[0, 1, 2, 3, 12]"
60,6,0.0000018616465258231782,7 2  1 1 1 1 0 0 1,"[0, 1, 2, 3, 36]"
60,6,0.000001534913055617421,7 2  1 1 1 1 0 0 1,"[0, 1, 2, 3, 6]"
60,8,0.00020060180541624874,9 2  1 1 1 0 1 0 0 0 1,"[0, 1, 2, 4, 8]"
60,6,0.0000015770000223934004,7 2  1 0 1 1 1 0 1,"[0, 1, 2, 3, 9]"
60,8,0.00013860398070632588,9 2  1 1 1 0 1 0 0 0 1,"[0, 1, 2, 4, 23]"
60,6,0.0000017170145409668939,7 2  1 0 1 1 1 0 1,"[0, 1, 2, 3, 39]"
60,8,0.00014643861293345828,9 2  1 1 1 0 1 0 0 0 1,"[0, 1, 2, 4, 38]"
60,6,0.000001586105210799727,7 2  1 0 1 1 1 0 1,"[0, 1, 2, 3, 24]"
60,8,0.0001361146085003573,9 2  1 1 1 0 1 0 0 0 1,"[0, 1, 2, 4, 53]"
60,8,0.000005942856463673547,9 2  1 1 0 0 1 0 0 1 1,"[0, 1, 2, 4, 13]"
60,8,0.0001989713182844693,9 2  1 1 1 0 1 0 0 0 1,"[0, 1, 2, 8, 19]"
60,8,0.0002588393642905213,9 2  1 0 1 0 0 0 0 0 1,"[0, 1, 2, 8, 31]"
60,8,0.000007017881210430115,9 2  1 1 0 0 1 0 0 1 1,"[0, 1, 2, 4, 43]"
60,8,0.0002157497303128371,9 2  1 0 0 0 1 0 1 1 1,"[0, 1, 2, 9, 13]"
60,8,0.00015469459419740578,9 2  1 0 0 0 1 0 1 1 1,"[0, 1, 2, 9, 28]"
60,8,0.00018381001396956107,9 2  1 0 0 0 1 0 1 1 1,"[0, 1, 2, 9, 43]"
60,8,0.0001551121072755334,9 2  1 0 0 0 1 0 1 1 1,"[0, 1, 2, 9, 58]"
60,8,0.00012127091923356779,9 2  1 0 0 0 1 0 1 1 1,"[0, 1, 2, 13, 24]"
60,6,0.000001888750160189623,7 2  1 0 1 1 1 0 1,"[0, 1, 2, 3, 54]"
60,6,0.0000018889385364900897,7 2  1 1 1 1 0 0 1,"[0, 1, 2, 3, 51]"
60,8,0.0000037002480831327337,9 2  1 1 0 0 1 0 0 1 1,"[0, 1, 2, 13, 34]"
60,8,0.00044769771450316745,9 2  1 0 0 0 0 0 1 0 1,"[0, 1, 2, 24, 31]"
60,8,0.00024150505953099717,9 2  1 0 1 0 0 0 0 0 1,"[0, 1, 2, 31, 38]"
60,8,0.00025582971973854205,9 2  1 0 0 0 0 0 1 0 1,"[0, 1, 2, 31, 54]"
60,6,0.000001528181812069091,7 2  1 0 0 1 1 1 1,"[0, 1, 2, 3, 57]"
60,6,0.000001513037847128708,7 2  1 0 0 1 1 1 1,"[0, 1, 2, 3, 42]"
60,6,0.00001308522011303013,7 2  1 1 0 1 0 1 1,"[0, 1, 3, 5, 6]"
60,6,0.0000017767370047234553,7 2  1 1 1 1 0 0 1,"[0, 1, 2, 5, 14]"
60,6,0.000011694442917669953,7 2  1 1 0 1 0 1 1,"[0, 1, 3, 5, 18]"
60,6,0.000014231634076224633,7 2  1 1 0 1 0 1 1,"[0, 1, 3, 5, 30]"
60,8,0.000004645981980558889,9 2  1 1 0 0 1 0 0 1 1,"[0, 1, 2, 19, 58]"
60,8,0.0004396763981709462,9 2  1 0 1 0 0 0 0 0 1,"[0, 1, 3, 9, 30]"
60,8,0.000004839710014255366,9 2  1 1 0 0 1 0 0 1 1,"[0, 1, 2, 19, 28]"
60,6,0.0000015871680636390907,7 2  1 0 1 1 1 0 1,"[0, 1, 2, 4, 28]"
60,10,0.000020232491560521958,11 2  1 1 0 0 0 0 0 1 1 0 1,"[0, 1, 3, 6, 17]"
60,6,0.000013361713613047446,7 2  1 1 0 1 0 1 1,"[0, 1, 3, 5, 54]"
60,6,0.000009537548134813243,7 2  1 1 0 1 0 1 1,"[0, 1, 3, 5, 42]"
60,6,0.000001755042104337604,7 2  1 0 0 1 1 1 1,"[0, 1, 2, 11, 14]"
60,10,0.00002139815547899771,11 2  1 0 1 1 0 0 0 0 0 1 1,"[0, 1, 3, 17, 42]"
60,10,0.000016294155123615606,11 2  1 0 0 1 1 1 1 1 0 0 1,"[0, 1, 3, 17, 54]"
60,8,0.00035929864903707964,9 2  1 0 0 0 0 0 1 0 1,"[0, 1, 3, 25, 30]"
60,8,0.000010091143205431456,9 2  1 0 1 1 0 1 1 1 1,"[0, 1, 3, 23, 24]"
60,8,0.00033786637384914265,9 2  1 0 1 0 0 0 0 0 1,"[0, 1, 3, 30, 39]"
60,8,0.00038877981455202843,9 2  1 0 0 0 0 0 1 0 1,"[0, 1, 3, 30, 55]"
60,8,0.000005782860526656674,9 2  1 0 1 1 0 1 1 1 1,"[0, 1, 3, 6, 47]"
60,10,0.000016978101644498925,11 2  1 0 0 1 1 1 1 1 0 0 1,"[0, 1, 3, 29, 42]"
60,8,0.011737089201877934,9 2  1 0 0 0 1 0 0 0 1,"[0, 1, 4, 8, 13]"
60,8,0.010482180293501049,9 2  1 0 0 0 1 0 0 0 1,"[0, 1, 4, 8, 25]"
60,12,0.007374631268436578,13 2  1 1 1 1 0 1 1 1 0 1 1 1 1,"[0, 1, 4, 8, 37]"
60,8,0.008499787505312367,9 2  1 0 0 0 1 0 0 0 1,"[0, 1, 4, 8, 49]"
60,8,0.009886307464162136,9 2  1 0 0 0 1 0 0 0 1,"[0, 1, 4, 13, 20]"
60,12,0.009013068949977467,13 2  1 1 1 1 0 1 1 1 0 1 1 1 1,"[0, 1, 4, 13, 32]"
60,12,0.013783597518952447,13 2  1 0 0 1 0 0 0 1 0 0 0 1 1,"[0, 1, 4, 13, 44]"
60,8,0.006576783952647156,9 2  1 0 0 0 1 0 0 0 1,"[0, 1, 4, 13, 56]"
60,8,0.000005818830141656511,9 2  1 1 1 1 0 1 1 0 1,"[0, 1, 3, 12, 17]"
60,8,0.00038755934502470693,9 2  1 0 1 0 0 0 0 0 1,"[0, 1, 4, 16, 31]"
60,8,0.0004100545372534547,9 2  1 0 0 0 0 0 1 0 1,"[0, 1, 4, 18, 31]"
60,12,0.008022462896109106,13 2  1 0 0 1 0 0 0 1 0 0 0 1 1,"[0, 1, 4, 37, 56]"
60,12,0.001054629824931449,13 2  1 1 1 1 1 0 1 0 1 1 0 0 1,"[0, 1, 4, 31, 46]"
60,12,0.008166598611678236,13 2  1 1 0 0 0 1 0 0 0 1 0 0 1,"[0, 1, 5, 9, 12]"
60,10,0.04357298474945534,11 2  1 0 0 0 0 1 0 0 0 0 1,"[0, 1, 5, 10, 16]"
60,10,0.038461538461538464,11 2  1 0 0 0 0 1 0 0 0 0 1,"[0, 1, 5, 10, 31]"
60,10,0.046511627906976744,11 2  1 0 0 0 0 1 0 0 0 0 1,"[0, 1, 5, 10, 46]"
60,8,0.0000054753687797757395,9 2  1 1 1 1 0 1 1 0 1,"[0, 1, 3, 12, 47]"
60,10,0.047505938242280284,11 2  1 0 0 0 0 1 0 0 0 0 1,"[0, 1, 5, 16, 25]"
60,10,0.04338394793926247,11 2  1 0 0 0 0 1 0 0 0 0 1,"[0, 1, 5, 16, 40]"
60,10,0.000018541403417366062,11 2  1 1 0 0 0 0 0 1 1 0 1,"[0, 1, 3, 53, 54]"
60,12,0.007107320540156361,13 2  1 1 0 0 0 1 0 0 0 1 0 0 1,"[0, 1, 5, 24, 57]"
60,8,0.000005605520989733208,9 2  1 0 1 1 0 1 1 1 1,"[0, 1, 3, 17, 36]"
60,12,0.04962779156327544,13 2  1 1 1 0 0 1 1 1 0 0 1 1 1,"[0, 1, 6, 11, 15]"
60,12,0.04975124378109453,13 2  1 1 1 0 0 1 1 1 0 0 1 1 1,"[0, 1, 6, 11, 45]"
60,14,0.04319654427645788,15 2  1 0 1 0 1 1 0 1 0 1 1 0 1 0 1,"[0, 1, 6, 15, 41]"
60,8,0.0000069461665148929285,9 2  1 0 1 1 0 1 1 1 1,"[0, 1, 3, 24, 53]"
60,12,0.0411522633744856,13 2  1 1 1 0 0 1 1 1 0 0 1 1 1,"[0, 1, 6, 41, 45]"
60,10,0.000023961709188716433,11 2  1 0 1 1 0 0 0 0 0 1 1,"[0, 1, 5, 39, 42]"
60,10,0.000020344845124866485,11 2  1 0 1 1 0 0 0 0 0 1 1,"[0, 1, 5, 27, 54]"
60,8,0.000005740674776135211,9 2  1 0 1 1 0 1 1 1 1,"[0, 1, 3, 23, 54]"
60,10,0.00002760097817866665,11 2  1 1 0 0 0 0 0 1 1 0 1,"[0, 1, 7, 8, 10]"
60,8,0.000009141097873277875,9 2  1 1 1 1 0 1 1 0 1,"[0, 1, 3, 42, 47]"
60,12,0.008305647840531562,13 2  1 1 0 0 0 1 0 0 0 1 0 0 1,"[0, 1, 8, 13, 52]"
60,10,0.000015654793027981376,11 2  1 0 1 1 0 0 0 0 0 1 1,"[0, 1, 6, 39, 53]"
60,10,0.000026179072711065502,11 2  1 1 0 0 0 0 0 1 1 0 1,"[0, 1, 7, 34, 56]"
60,12,0.01002004008016032,13 2  1 0 0 1 0 0 0 1 0 0 0 1 1,"[0, 1, 8, 25, 52]"
60,12,0.011771630370806356,13 2  1 1 0 0 0 1 0 0 0 1 0 0 1,"[0, 1, 8, 28, 37]"
60,12,0.007069635913750442,13 2  1 0 0 1 0 0 0 1 0 0 0 1 1,"[0, 1, 8, 37, 40]"
60,12,0.010209290454313425,13 2  1 1 1 1 0 1 1 1 0 1 1 1 1,"[0, 1, 8, 49, 52]"
60,12,0.011554015020219527,13 2  1 1 1 1 0 1 1 1 0 1 1 1 1,"[0, 1, 9, 12, 53]"
60,12,0.0064495324089003546,13 2  1 1 1 1 0 1 1 1 0 1 1 1 1,"[0, 1, 9, 17, 48]"
60,12,0.006594131223211342,13 2  1 1 0 0 0 1 0 0 0 1 0 0 1,"[0, 1, 9, 36, 53]"
60,12,0.008956560680698611,13 2  1 0 0 1 0 0 0 1 0 0 0 1 1,"[0, 1, 9, 48, 53]"
60,22,0.8333333333333334,23 2  1 1 1 0 0 0 0 0 0 0 1 1 1 0 0 0 0 0 0 0 1 1 1,"[0, 1, 10, 20, 31]"
60,20,0.7692307692307693,21 2  1 0 0 0 0 0 0 0 0 0 1 0 0 0 0 0 0 0 0 0 1,"[0, 1, 10, 31, 50]"
60,12,0.05813953488372093,13 2  1 1 1 0 0 1 1 1 0 0 1 1 1,"[0, 1, 11, 15, 36]"
60,20,0.8,21 2  1 0 0 0 0 0 0 0 0 0 1 0 0 0 0 0 0 0 0 0 1,"[0, 1, 11, 21, 30]"
60,20,0.7407407407407407,21 2  1 0 0 0 0 0 0 0 0 0 1 0 0 0 0 0 0 0 0 0 1,"[0, 1, 11, 30, 51]"
60,12,0.056657223796033995,13 2  1 1 1 0 0 1 1 1 0 0 1 1 1,"[0, 1, 11, 36, 45]"
60,12,0.0009365488176071178,13 2  1 0 0 1 1 0 1 0 1 1 1 1 1,"[0, 1, 12, 31, 46]"
60,10,0.00001735529588176184,11 2  1 0 1 1 0 0 0 0 0 1 1,"[0, 1, 7, 8, 58]"
60,12,0.0007031112673580594,13 2  1 1 1 1 1 0 1 0 1 1 0 0 1,"[0, 1, 15, 30, 49]"
60,16,0.07168458781362007,17 2  1 1 0 1 0 0 0 0 1 0 0 0 0 1 0 1 1,"[0, 1, 16, 20, 25]"
60,20,0.8,21 2  1 0 0 0 0 0 0 0 0 0 1 0 0 0 0 0 0 0 0 0 1,"[0, 1, 20, 31, 40]"
60,14,0.056818181818181816,15 2  1 0 1 0 1 1 0 1 0 1 1 0 1 0 1,"[0, 1, 20, 46, 55]"
60,20,0.6896551724137931,21 2  1 0 0 0 0 0 0 0 0 0 1 0 0 0 0 0 0 0 0 0 1,"[0, 1, 21, 30, 41]"
60,22,0.8695652173913043,23 2  1 1 1 0 0 0 0 0 0 0 1 1 1 0 0 0 0 0 0 0 1 1 1,"[0, 1, 30, 41, 51]"
60,16,0.06872852233676977,17 2  1 1 0 1 0 0 0 0 1 0 0 0 0 1 0 1 1,"[0, 1, 36, 41, 45]"
60,8,0.0036961744594344852,9 2  1 0 1 0 1 0 1 0 1,"[0, 2, 4, 6, 8]"
60,12,0.010649627263045794,13 2  1 0 1 0 1 0 1 0 0 0 0 0 1,"[0, 2, 4, 6, 12]"
60,12,0.00997506234413965,13 2  1 0 0 0 1 0 1 0 1 0 0 0 1,"[0, 2, 4, 6, 18]"
60,12,0.01721170395869191,13 2  1 0 0 0 0 0 1 0 1 0 1 0 1,"[0, 2, 4, 6, 24]"
60,12,0.0007940604279985707,13 2  1 0 0 1 1 0 1 0 1 1 1 1 1,"[0, 1, 15, 30, 57]"
60,8,0.0025876568766981497,9 2  1 0 1 0 1 0 1 0 1,"[0, 2, 4, 6, 28]"
60,12,0.008658008658008658,13 2  1 0 1 0 1 0 1 0 0 0 0 0 1,"[0, 2, 4, 6, 42]"
60,8,0.00371540033438603,9 2  1 0 1 0 1 0 1 0 1,"[0, 2, 4, 6, 38]"
60,12,0.011111111111111112,13 2  1 0 0 0 1 0 1 0 1 0 0 0 1,"[0, 2, 4, 6, 48]"
60,12,0.009685230024213076,13 2  1 0 0 0 0 0 1 0 1 0 1 0 1,"[0, 2, 4, 6, 54]"
60,16,0.10526315789473684,17 2  1 0 1 0 1 0 0 0 1 0 0 0 0 0 0 0 1,"[0, 2, 4, 8, 16]"
60,16,0.04338394793926247,17 2  1 0 1 0 0 0 0 0 1 0 0 0 0 0 1 0 1,"[0, 2, 4, 8, 26]"
60,8,0.003341129301703976,9 2  1 0 1 0 1 0 1 0 1,"[0, 2, 4, 6, 58]"
60,16,0.14705882352941177,17 2  1 0 1 0 1 0 0 0 1 0 0 0 0 0 0 0 1,"[0, 2, 4, 8, 46]"
60,12,0.009532888465204958,13 2  1 0 0 0 1 0 1 0 1 0 0 0 1,"[0, 2, 4, 8, 56]"
60,8,0.003610760064993681,9 2  1 0 1 0 1 0 1 0 1,"[0, 2, 4, 8, 36]"
60,12,0.008456659619450317,13 2  1 0 1 0 1 0 1 0 0 0 0 0 1,"[0, 2, 4, 10, 58]"
60,12,0.007532956685499058,13 2  1 0 1 0 1 0 1 0 0 0 0 0 1,"[0, 2, 4, 10, 28]"
60,12,0.012084592145015106,13 2  1 0 0 0 1 0 1 0 1 0 0 0 1,"[0, 2, 4, 16, 28]"
60,12,0.009416195856873822,13 2  1 0 1 0 1 0 1 0 0 0 0 0 1,"[0, 2, 4, 12, 36]"
60,16,0.09090909090909091,17 2  1 0 1 0 1 0 0 0 1 0 0 0 0 0 0 0 1,"[0, 2, 4, 16, 38]"
60,16,0.125,17 2  1 0 0 0 0 0 0 0 1 0 0 0 1 0 1 0 1,"[0, 2, 4, 18, 26]"
60,16,0.11173184357541899,17 2  1 0 0 0 0 0 0 0 1 0 0 0 1 0 1 0 1,"[0, 2, 4, 18, 56]"
60,12,0.012919896640826873,13 2  1 0 0 0 1 0 1 0 1 0 0 0 1,"[0, 2, 4, 16, 58]"
60,12,0.01297016861219196,13 2  1 0 0 0 0 0 1 0 1 0 1 0 1,"[0, 2, 4, 22, 28]"
60,12,0.011534025374855825,13 2  1 0 0 0 0 0 1 0 1 0 1 0 1,"[0, 2, 4, 22, 58]"
60,16,0.18181818181818182,17 2  1 0 0 0 0 0 0 0 1 0 0 0 1 0 1 0 1,"[0, 2, 4, 26, 48]"
60,16,0.11299435028248588,17 2  1 0 1 0 1 0 0 0 1 0 0 0 0 0 0 0 1,"[0, 2, 4, 38, 46]"
60,12,0.010875475802066341,13 2  1 0 0 0 0 0 1 0 1 0 1 0 1,"[0, 2, 4, 24, 36]"
60,16,0.11173184357541899,17 2  1 0 0 0 0 0 0 0 1 0 0 0 1 0 1 0 1,"[0, 2, 4, 48, 56]"
60,16,0.024752475247524754,17 2  1 0 1 0 0 0 0 0 1 0 0 0 0 0 1 0 1,"[0, 2, 4, 38, 56]"
60,14,0.05952380952380952,15 2  1 0 1 0 1 1 0 1 0 1 1 0 1 0 1,"[0, 2, 5, 40, 47]"
60,16,0.10152284263959391,17 2  1 0 1 0 1 0 0 0 1 0 0 0 0 0 0 0 1,"[0, 2, 6, 14, 28]"
60,16,0.03278688524590164,17 2  1 0 0 0 1 0 1 0 0 0 1 0 1 0 1 0 1,"[0, 2, 6, 12, 34]"
60,16,0.039761431411530816,17 2  1 0 1 0 1 0 1 0 0 0 1 0 1 0 0 0 1,"[0, 2, 6, 24, 34]"
60,16,0.02040816326530612,17 2  1 0 1 0 0 0 0 0 1 0 0 0 0 0 1 0 1,"[0, 2, 6, 24, 58]"
60,16,0.028735632183908046,17 2  1 0 1 0 0 0 0 0 1 0 0 0 0 0 1 0 1,"[0, 2, 6, 34, 48]"
60,16,0.027624309392265192,17 2  1 0 0 0 1 0 1 0 0 0 1 0 1 0 1 0 1,"[0, 2, 6, 46, 48]"
60,16,0.039761431411530816,17 2  1 0 1 0 0 0 0 0 1 0 0 0 0 0 1 0 1,"[0, 2, 8, 14, 16]"
60,16,0.029585798816568046,17 2  1 0 0 0 1 0 1 0 0 0 1 0 1 0 1 0 1,"[0, 2, 8, 14, 52]"
60,16,0.03289473684210526,17 2  1 0 0 0 1 0 1 0 0 0 1 0 1 0 1 0 1,"[0, 2, 8, 26, 28]"
60,16,0.03058103975535168,17 2  1 0 1 0 1 0 1 0 0 0 1 0 1 0 0 0 1,"[0, 2, 10, 18, 24]"
60,16,0.02865329512893983,17 2  1 0 1 0 1 0 1 0 0 0 1 0 1 0 0 0 1,"[0, 2, 10, 48, 54]"
60,16,0.023337222870478413,17 2  1 0 1 0 1 0 1 0 0 0 1 0 1 0 0 0 1,"[0, 2, 12, 18, 46]"
60,24,0.8333333333333334,25 2  1 0 1 0 1 0 0 0 0 0 1 0 1 0 1 0 0 0 0 0 1 0 1 0 1,"[0, 2, 12, 22, 30]"
60,16,0.027855153203342618,17 2  1 0 0 0 1 0 1 0 0 0 1 0 1 0 1 0 1,"[0, 2, 14, 16, 20]"
60,16,0.04608294930875576,17 2  1 0 1 0 1 0 1 0 0 0 1 0 1 0 0 0 1,"[0, 2, 14, 16, 56]"
60,14,0.05063291139240506,15 2  1 0 1 0 1 1 0 1 0 1 1 0 1 0 1,"[0, 2, 15, 22, 57]"
60,12,0.0014514841425357428,13 2  1 1 1 1 1 0 1 0 1 1 0 0 1,"[0, 2, 15, 38, 45]"
60,12,0.0008837825894829872,13 2  1 1 1 1 1 0 1 0 1 1 0 0 1,"[0, 2, 8, 17, 47]"
60,16,0.08368200836820083,17 2  1 0 0 0 0 0 0 0 1 0 0 0 1 0 1 0 1,"[0, 2, 16, 24, 28]"
60,12,0.0007427213309566251,13 2  1 0 0 1 1 0 1 0 1 1 1 1 1,"[0, 2, 17, 24, 47]"
60,12,0.0006959184383590243,13 2  1 0 0 1 1 0 1 0 1 1 1 1 1,"[0, 2, 15, 45, 54]"
60,14,0.03824091778202677,15 2  1 0 1 0 1 1 0 1 0 1 1 0 1 0 1,"[0, 2, 17, 35, 40]"
60,24,0.8,25 2  1 0 1 0 1 0 0 0 0 0 1 0 1 0 1 0 0 0 0 0 1 0 1 0 1,"[0, 2, 32, 40, 50]"
60,12,0.06872852233676977,13 2  1 0 0 1 0 0 1 0 0 1 0 0 1,"[0, 3, 6, 9, 12]"
60,12,0.09009009009009009,13 2  1 0 0 1 0 0 1 0 0 1 0 0 1,"[0, 3, 6, 9, 27]"
60,12,0.06451612903225806,13 2  1 0 0 1 0 0 1 0 0 1 0 0 1,"[0, 3, 6, 9, 42]"
60,12,0.10101010101010101,13 2  1 0 0 1 0 0 1 0 0 1 0 0 1,"[0, 3, 6, 9, 57]"
60,12,0.1342281879194631,13 2  1 0 0 1 0 0 1 0 0 1 0 0 1,"[0, 3, 6, 12, 24]"
60,16,0.05089058524173028,17 2  1 1 0 1 0 0 0 0 1 0 0 0 0 1 0 1 1,"[0, 3, 8, 15, 28]"
60,22,0.7142857142857143,23 2  1 1 1 0 0 0 0 0 0 0 1 1 1 0 0 0 0 0 0 0 1 1 1,"[0, 3, 10, 33, 50]"
60,22,0.7142857142857143,23 2  1 1 1 0 0 0 0 0 0 0 1 1 1 0 0 0 0 0 0 0 1 1 1,"[0, 3, 13, 30, 53]"
60,12,0.001154334526145677,13 2  1 0 0 1 1 0 1 0 1 1 1 1 1,"[0, 3, 4, 18, 33]"
60,16,0.09433962264150944,17 2  1 1 0 1 0 0 0 0 1 0 0 0 0 1 0 1 1,"[0, 3, 35, 48, 55]"
60,16,0.6896551724137931,17 2  1 0 0 0 1 0 0 0 1 0 0 0 1 0 0 0 1,"[0, 4, 8, 12, 16]"
60,24,0.5882352941176471,25 2  1 0 0 0 1 0 0 0 1 0 0 0 1 0 0 0 0 0 0 0 0 0 0 0 1,"[0, 4, 8, 12, 24]"
60,24,0.6896551724137931,25 2  1 0 0 0 0 0 0 0 1 0 0 0 1 0 0 0 1 0 0 0 0 0 0 0 1,"[0, 4, 8, 12, 36]"
60,24,0.8,25 2  1 0 0 0 0 0 0 0 0 0 0 0 1 0 0 0 1 0 0 0 1 0 0 0 1,"[0, 4, 8, 12, 48]"
60,16,0.2777777777777778,17 2  1 0 0 0 1 0 0 0 1 0 0 0 1 0 0 0 1,"[0, 4, 8, 12, 56]"
60,32,1,33 2  1 0 0 0 1 0 0 0 1 0 0 0 0 0 0 0 1 0 0 0 0 0 0 0 0 0 0 0 0 0 0 0 1,"[0, 4, 8, 16, 32]"
60,24,0.6060606060606061,25 2  1 0 0 0 0 0 0 0 1 0 0 0 1 0 0 0 1 0 0 0 0 0 0 0 1,"[0, 4, 8, 16, 52]"
60,24,0.8333333333333334,25 2  1 0 0 0 1 0 0 0 1 0 0 0 1 0 0 0 0 0 0 0 0 0 0 0 1,"[0, 4, 8, 20, 56]"
60,16,0.16129032258064516,17 2  1 0 0 0 1 0 0 0 0 0 0 0 0 0 0 0 1,"[0, 4, 8, 24, 28]"
60,16,0.4166666666666667,17 2  1 0 0 0 1 0 0 0 1 0 0 0 1 0 0 0 1,"[0, 4, 8, 32, 36]"
60,24,0.6666666666666666,25 2  1 0 0 0 0 0 0 0 1 0 0 0 1 0 0 0 1 0 0 0 0 0 0 0 1,"[0, 4, 8, 32, 56]"
60,32,0.9090909090909091,33 2  1 0 0 0 0 0 0 0 0 0 0 0 0 0 0 0 1 0 0 0 0 0 0 0 1 0 0 0 1 0 0 0 1,"[0, 4, 8, 36, 52]"
60,16,0.18867924528301888,17 2  1 0 0 0 0 0 0 0 0 0 0 0 1 0 0 0 1,"[0, 4, 8, 40, 44]"
60,24,0.7407407407407407,25 2  1 0 0 0 0 0 0 0 0 0 0 0 1 0 0 0 1 0 0 0 1 0 0 0 1,"[0, 4, 8, 44, 56]"
60,16,0.5,17 2  1 0 0 0 1 0 0 0 1 0 0 0 1 0 0 0 1,"[0, 4, 8, 52, 56]"
60,16,0.06191950464396285,17 2  1 1 0 1 0 0 0 0 1 0 0 0 0 1 0 1 1,"[0, 4, 9, 44, 45]"
60,24,0.9090909090909091,25 2  1 0 1 0 1 0 0 0 0 0 1 0 1 0 1 0 0 0 0 0 1 0 1 0 1,"[0, 4, 10, 20, 34]"
60,16,0.32786885245901637,17 2  1 0 0 0 1 0 0 0 1 0 0 0 1 0 0 0 1,"[0, 4, 12, 16, 28]"
60,16,0.17094017094017094,17 2  1 0 0 0 1 0 0 0 0 0 0 0 0 0 0 0 1,"[0, 4, 12, 20, 52]"
60,16,0.18867924528301888,17 2  1 0 0 0 1 0 0 0 0 0 0 0 0 0 0 0 1,"[0, 4, 12, 24, 40]"
60,32,1,33 2  1 0 0 0 1 0 0 0 1 0 0 0 0 0 0 0 1 0 0 0 0 0 0 0 0 0 0 0 0 0 0 0 1,"[0, 4, 12, 28, 56]"
60,12,0.001051911849786988,13 2  1 1 1 1 1 0 1 0 1 1 0 0 1,"[0, 3, 18, 33, 44]"
60,24,0.5714285714285714,25 2  1 0 0 0 1 0 0 0 1 0 0 0 1 0 0 0 0 0 0 0 0 0 0 0 1,"[0, 4, 12, 32, 36]"
60,16,0.23529411764705882,17 2  1 0 0 0 0 0 0 0 0 0 0 0 1 0 0 0 1,"[0, 4, 12, 44, 52]"
60,16,0.10695187165775401,17 2  1 0 0 0 1 0 0 0 0 0 0 0 0 0 0 0 1,"[0, 4, 12, 32, 44]"
60,24,0.5555555555555556,25 2  1 0 0 0 0 0 0 0 1 0 0 0 1 0 0 0 1 0 0 0 0 0 0 0 1,"[0, 4, 12, 48, 56]"
60,24,0.5882352941176471,25 2  1 0 0 0 0 0 0 0 1 0 0 0 1 0 0 0 1 0 0 0 0 0 0 0 1,"[0, 4, 16, 28, 32]"
60,24,0.6896551724137931,25 2  1 0 0 0 1 0 0 0 1 0 0 0 1 0 0 0 0 0 0 0 0 0 0 0 1,"[0, 4, 16, 28, 44]"
60,16,0.11695906432748537,17 2  1 0 0 0 0 0 0 0 0 0 0 0 1 0 0 0 1,"[0, 4, 16, 24, 36]"
60,24,0.625,25 2  1 0 0 0 1 0 0 0 1 0 0 0 1 0 0 0 0 0 0 0 0 0 0 0 1,"[0, 4, 16, 52, 56]"
60,16,0.18867924528301888,17 2  1 0 0 0 0 0 0 0 0 0 0 0 1 0 0 0 1,"[0, 4, 20, 24, 28]"
60,16,0.14184397163120568,17 2  1 0 0 0 1 0 0 0 0 0 0 0 0 0 0 0 1,"[0, 4, 20, 24, 56]"
60,24,0.7407407407407407,25 2  1 0 0 0 0 0 0 0 0 0 0 0 1 0 0 0 1 0 0 0 1 0 0 0 1,"[0, 4, 20, 36, 48]"
60,16,0.18181818181818182,17 2  1 0 0 0 0 0 0 0 0 0 0 0 1 0 0 0 1,"[0, 4, 20, 32, 52]"
60,24,0.6666666666666666,25 2  1 0 0 0 0 0 0 0 0 0 0 0 1 0 0 0 1 0 0 0 1 0 0 0 1,"[0, 4, 24, 32, 36]"
60,24,0.6896551724137931,25 2  1 0 0 0 0 0 0 0 0 0 0 0 1 0 0 0 1 0 0 0 1 0 0 0 1,"[0, 4, 28, 32, 52]"
60,24,0.8695652173913043,25 2  1 0 1 0 1 0 0 0 0 0 1 0 1 0 1 0 0 0 0 0 1 0 1 0 1,"[0, 4, 30, 44, 54]"
60,32,0.9523809523809523,33 2  1 0 0 0 0 0 0 0 0 0 0 0 0 0 0 0 1 0 0 0 0 0 0 0 1 0 0 0 1 0 0 0 1,"[0, 4, 32, 48, 56]"
60,30,0.9523809523809523,31 2  1 0 0 0 0 1 0 0 0 0 0 0 0 0 0 1 0 0 0 0 0 0 0 0 0 1 0 0 0 0 1,"[0, 5, 15, 25, 30]"
60,10,0.000016285862487062917,11 2  1 0 0 1 1 1 1 1 0 0 1,"[0, 1, 7, 8, 34]"
60,30,0.9523809523809523,31 2  1 0 0 0 0 1 0 0 0 0 0 0 0 0 0 1 0 0 0 0 0 0 0 0 0 1 0 0 0 0 1,"[0, 5, 35, 40, 50]"
60,24,0.7692307692307693,25 2  1 0 1 0 1 0 0 0 0 0 1 0 1 0 1 0 0 0 0 0 1 0 1 0 1,"[0, 6, 10, 36, 50]"
60,24,0.9523809523809523,25 2  1 0 0 0 0 0 1 0 0 0 0 0 1 0 0 0 0 0 1 0 0 0 0 0 1,"[0, 6, 12, 18, 54]"
60,24,0.8333333333333334,25 2  1 0 0 0 0 0 1 0 0 0 0 0 1 0 0 0 0 0 1 0 0 0 0 0 1,"[0, 6, 12, 18, 24]"
60,24,0.9523809523809523,25 2  1 0 0 0 0 0 1 0 0 0 0 0 1 0 0 0 0 0 1 0 0 0 0 0 1,"[0, 6, 12, 24, 48]"
60,24,1,25 2  1 0 0 0 0 0 1 0 0 0 0 0 1 0 0 0 0 0 1 0 0 0 0 0 1,"[0, 6, 12, 48, 54]"
60,24,0.9523809523809523,25 2  1 0 0 0 0 0 1 0 0 0 0 0 1 0 0 0 0 0 1 0 0 0 0 0 1,"[0, 6, 18, 24, 42]"
60,22,0.7692307692307693,23 2  1 1 1 0 0 0 0 0 0 0 1 1 1 0 0 0 0 0 0 0 1 1 1,"[0, 7, 10, 20, 37]"
60,32,0.9523809523809523,33 2  1 0 0 0 0 0 0 0 0 0 0 0 0 0 0 0 1 0 0 0 0 0 0 0 1 0 0 0 1 0 0 0 1,"[0, 8, 12, 16, 44]"
60,32,0.9090909090909091,33 2  1 0 0 0 1 0 0 0 1 0 0 0 0 0 0 0 1 0 0 0 0 0 0 0 0 0 0 0 0 0 0 0 1,"[0, 8, 24, 52, 56]"
60,30,1,31 2  1 0 0 0 0 1 0 0 0 0 0 0 0 0 0 1 0 0 0 0 0 0 0 0 0 1 0 0 0 0 1,"[0, 10, 15, 45, 50]"
60,30,1,31 2  1 0 0 0 0 1 0 0 0 0 0 0 0 0 0 1 0 0 0 0 0 0 0 0 0 1 0 0 0 0 1,"[0, 10, 20, 25, 55]"
60,48,1,49 2  1 0 0 0 0 0 0 0 0 0 0 0 1 0 0 0 0 0 0 0 0 0 0 0 1 0 0 0 0 0 0 0 0 0 0 0 1 0 0 0 0 0 0 0 0 0 0 0 1,"[0, 12, 24, 36, 48]"
60,32,1,33 2  1 0 0 0 0 0 0 0 0 0 0 0 0 0 0 0 1 0 0 0 0 0 0 0 1 0 0 0 1 0 0 0 1,"[0, 16, 24, 28, 32]"
60,32,1,33 2  1 0 0 0 1 0 0 0 1 0 0 0 0 0 0 0 1 0 0 0 0 0 0 0 0 0 0 0 0 0 0 0 1,"[0, 16, 44, 48, 52]"
60,32,1,33 2  1 0 0 0 1 0 0 0 1 0 0 0 0 0 0 0 1 0 0 0 0 0 0 0 0 0 0 0 0 0 0 0 1,"[0, 28, 32, 36, 44]"
60,32,0.9523809523809523,33 2  1 0 0 0 0 0 0 0 0 0 0 0 0 0 0 0 1 0 0 0 0 0 0 0 1 0 0 0 1 0 0 0 1,"[0, 28, 44, 52, 56]"
60,30,0.9090909090909091,31 2  1 0 0 0 0 1 0 0 0 0 0 0 0 0 0 1 0 0 0 0 0 0 0 0 0 1 0 0 0 0 1,"[0, 30, 35, 45, 55]"
60,10,0.00001929159339880257,11 2  1 0 0 1 1 1 1 1 0 0 1,"[0, 1, 8, 19, 22]"
60,8,0.000006669590170358007,9 2  1 1 1 1 0 1 1 0 1,"[0, 1, 5, 9, 42]"
60,10,0.000019780887113444376,11 2  1 1 0 0 0 0 0 1 1 0 1,"[0, 1, 8, 22, 55]"
60,10,0.000010942553236889317,11 2  1 0 0 1 1 1 1 1 0 0 1,"[0, 1, 7, 44, 58]"
60,8,0.000006099481940501383,9 2  1 1 1 1 0 1 1 0 1,"[0, 1, 5, 12, 39]"
