21,6,0.0749063670411985,7 2  1 0 1 0 1 1 1,"[0, 1, 2, 3, 13]"
21,6,0.04739336492890995,7 2  1 1 1 0 1 0 1,"[0, 1, 2, 3, 11]"
21,6,0.07017543859649122,7 2  1 1 1 0 1 0 1,"[0, 1, 2, 4, 6]"
21,5,0.013966480446927373,6 2  1 0 0 0 1 1,"[0, 1, 2, 3, 9]"
21,5,0.013089005235602094,6 2  1 1 0 0 0 1,"[0, 1, 2, 3, 15]"
21,5,0.020060180541624874,6 2  1 0 0 0 1 1,"[0, 1, 2, 4, 7]"
21,3,0.0013945056477478734,4 2  1 1 0 1,"[0, 1, 2, 3, 16]"
21,3,0.0012615908660821296,4 2  1 1 0 1,"[0, 1, 2, 4, 14]"
21,3,0.0009713924911360435,4 2  1 0 1 1,"[0, 1, 2, 3, 8]"
21,3,0.0013509862199405566,4 2  1 0 1 1,"[0, 1, 2, 5, 16]"
21,3,0.0011155111829996096,4 2  1 0 1 1,"[0, 1, 2, 5, 9]"
21,3,0.0013363624214887077,4 2  1 0 1 1,"[0, 1, 2, 6, 7]"
21,5,0.011467889908256881,6 2  1 0 0 0 1 1,"[0, 1, 2, 6, 15]"
21,3,0.001166384790342334,4 2  1 1 0 1,"[0, 1, 2, 6, 8]"
21,5,0.01893939393939394,6 2  1 1 0 0 0 1,"[0, 1, 2, 7, 13]"
21,3,0.0012568340350656696,4 2  1 1 0 1,"[0, 1, 2, 7, 11]"
21,5,0.016764459346186086,6 2  1 1 0 0 0 1,"[0, 1, 2, 8, 17]"
21,5,0.02176278563656148,6 2  1 0 0 0 1 1,"[0, 1, 2, 8, 20]"
21,5,0.012315270935960592,6 2  1 1 0 0 0 1,"[0, 1, 2, 9, 12]"
21,5,0.01833180568285976,6 2  1 0 0 0 1 1,"[0, 1, 2, 10, 16]"
21,6,0.06269592476489028,7 2  1 1 1 0 1 0 1,"[0, 1, 2, 10, 20]"
21,6,0.06896551724137931,7 2  1 0 1 0 1 1 1,"[0, 1, 2, 12, 20]"
21,5,0.01330671989354624,6 2  1 1 0 0 0 1,"[0, 1, 2, 14, 20]"
21,6,0.08163265306122448,7 2  1 0 1 0 1 1 1,"[0, 1, 2, 17, 19]"
21,6,0.039603960396039604,7 2  1 1 1 0 1 0 1,"[0, 1, 3, 5, 20]"
21,8,0.2631578947368421,9 2  1 1 0 1 0 0 1 0 1,"[0, 1, 3, 6, 8]"
21,2,0.00028301352804664063,3 2  1 1 1,"[0, 1, 2, 3, 18]"
21,6,0.06097560975609756,7 2  1 1 1 0 1 0 1,"[0, 1, 3, 14, 17]"
21,3,0.0010176045588684236,4 2  1 0 1 1,"[0, 1, 2, 6, 14]"
21,11,0.8,12 2  1 0 1 0 0 0 0 1 1 0 0 1,"[0, 1, 4, 14, 16]"
21,8,0.37037037037037035,9 2  1 0 1 0 0 1 0 1 1,"[0, 1, 4, 13, 14]"
21,11,0.5555555555555556,12 2  1 0 0 1 1 0 0 0 0 1 0 1,"[0, 1, 6, 8, 18]"
21,6,0.043859649122807015,7 2  1 0 1 0 1 1 1,"[0, 1, 4, 9, 17]"
21,8,0.26666666666666666,9 2  1 0 1 0 0 1 0 1 1,"[0, 1, 8, 9, 12]"
21,8,0.24691358024691357,9 2  1 1 0 1 0 0 1 0 1,"[0, 1, 8, 9, 18]"
21,6,0.06289308176100629,7 2  1 0 1 0 1 1 1,"[0, 1, 5, 7, 15]"
21,8,0.32786885245901637,9 2  1 1 0 1 0 0 1 0 1,"[0, 1, 10, 13, 14]"
21,8,0.22727272727272727,9 2  1 0 1 0 0 1 0 1 1,"[0, 2, 3, 16, 18]"
21,8,0.23809523809523808,9 2  1 0 1 0 0 1 0 1 1,"[0, 2, 5, 7, 8]"
21,8,0.23529411764705882,9 2  1 1 0 1 0 0 1 0 1,"[0, 2, 5, 7, 20]"
21,11,0.6060606060606061,12 2  1 0 1 0 0 0 0 1 1 0 0 1,"[0, 2, 7, 8, 11]"
21,8,0.2127659574468085,9 2  1 1 0 1 0 0 1 0 1,"[0, 2, 6, 12, 16]"
21,11,0.5405405405405406,12 2  1 0 0 1 1 0 0 0 0 1 0 1,"[0, 2, 12, 15, 16]"
21,11,0.8,12 2  1 0 0 1 1 0 0 0 0 1 0 1,"[0, 3, 4, 9, 11]"
21,8,0.24390243902439024,9 2  1 0 1 0 0 1 0 1 1,"[0, 1, 14, 16, 19]"
21,11,0.5405405405405406,12 2  1 0 1 0 0 0 0 1 1 0 0 1,"[0, 3, 13, 15, 20]"
21,11,0.6060606060606061,12 2  1 0 1 0 0 0 0 1 1 0 0 1,"[0, 5, 6, 9, 19]"
21,11,0.625,12 2  1 0 0 1 1 0 0 0 0 1 0 1,"[0, 5, 7, 17, 20]"
21,11,0.625,12 2  1 0 1 0 0 0 0 1 1 0 0 1,"[0, 10, 12, 17, 18]"
21,11,0.8,12 2  1 0 0 1 1 0 0 0 0 1 0 1,"[0, 10, 13, 14, 19]"
21,3,0.001224364860728497,4 2  1 1 0 1,"[0, 1, 2, 7, 18]"
21,2,0.00017763409153484736,3 2  1 1 1,"[0, 1, 2, 3, 6]"
21,2,0.0001615417545049957,3 2  1 1 1,"[0, 1, 2, 4, 13]"
21,2,0.00013829632754102216,3 2  1 1 1,"[0, 1, 2, 4, 10]"
21,2,0.0000879600309619309,3 2  1 1 1,"[0, 1, 2, 3, 12]"
