10,4,0,5 2  1 1 1 1 1,"[0, 1, 2, 3, 9]"
10,4,0,5 2  1 1 1 1 1,"[0, 1, 2, 4, 8]"
10,4,0,5 2  1 1 1 1 1,"[0, 1, 2, 8, 9]"
10,4,0,5 2  1 1 1 1 1,"[0, 1, 3, 4, 7]"
10,4,0,5 2  1 1 1 1 1,"[0, 1, 3, 7, 9]"
10,4,0,5 2  1 1 1 1 1,"[0, 1, 4, 7, 8]"
10,4,0,5 2  1 1 1 1 1,"[0, 1, 7, 8, 9]"
10,4,0,5 2  1 1 1 1 1,"[0, 2, 3, 4, 6]"
10,4,0,5 2  1 1 1 1 1,"[0, 2, 3, 6, 9]"
10,8,0,9 2  1 0 1 0 1 0 1 0 1,"[0, 2, 4, 6, 8]"
10,4,0,5 2  1 1 1 1 1,"[0, 2, 6, 8, 9]"
10,4,0,5 2  1 1 1 1 1,"[0, 3, 4, 6, 7]"
10,4,0,5 2  1 1 1 1 1,"[0, 3, 6, 7, 9]"
10,4,0,5 2  1 1 1 1 1,"[0, 4, 6, 7, 8]"
10,4,0,5 2  1 1 1 1 1,"[0, 6, 7, 8, 9]"
