18,2,0,3 2  1 1 1,"[0, 1, 2, 3, 12]"
18,2,0,3 2  1 1 1,"[0, 1, 2, 3, 6]"
18,2,0,3 2  1 1 1,"[0, 1, 2, 3, 9]"
18,2,0,3 2  1 1 1,"[0, 1, 2, 3, 15]"
18,4,0,5 2  1 0 1 0 1,"[0, 1, 2, 4, 7]"
18,2,0,3 2  1 1 1,"[0, 1, 2, 4, 10]"
18,4,0,5 2  1 0 1 0 1,"[0, 1, 2, 4, 13]"
18,2,0,3 2  1 1 1,"[0, 1, 2, 4, 16]"
18,2,0,3 2  1 1 1,"[0, 1, 2, 5, 8]"
18,2,0,3 2  1 1 1,"[0, 1, 2, 5, 11]"
18,2,0,3 2  1 1 1,"[0, 1, 2, 5, 14]"
18,2,0,3 2  1 1 1,"[0, 1, 2, 5, 17]"
18,2,0,3 2  1 1 1,"[0, 1, 2, 6, 9]"
18,2,0,3 2  1 1 1,"[0, 1, 2, 6, 12]"
18,2,0,3 2  1 1 1,"[0, 1, 2, 6, 15]"
18,4,0,5 2  1 0 1 0 1,"[0, 1, 2, 7, 10]"
18,2,0,3 2  1 1 1,"[0, 1, 2, 7, 13]"
18,4,0,5 2  1 0 1 0 1,"[0, 1, 2, 7, 16]"
18,2,0,3 2  1 1 1,"[0, 1, 2, 8, 11]"
18,2,0,3 2  1 1 1,"[0, 1, 2, 8, 14]"
18,2,0,3 2  1 1 1,"[0, 1, 2, 8, 17]"
18,2,0,3 2  1 1 1,"[0, 1, 2, 9, 12]"
18,2,0,3 2  1 1 1,"[0, 1, 2, 9, 15]"
18,4,0,5 2  1 0 1 0 1,"[0, 1, 2, 10, 13]"
18,2,0,3 2  1 1 1,"[0, 1, 2, 10, 16]"
18,2,0,3 2  1 1 1,"[0, 1, 2, 11, 14]"
18,2,0,3 2  1 1 1,"[0, 1, 2, 11, 17]"
18,2,0,3 2  1 1 1,"[0, 1, 2, 12, 15]"
18,4,0,5 2  1 0 1 0 1,"[0, 1, 2, 13, 16]"
18,2,0,3 2  1 1 1,"[0, 1, 2, 14, 17]"
18,2,0,3 2  1 1 1,"[0, 1, 3, 5, 9]"
18,4,0,5 2  1 0 1 0 1,"[0, 1, 3, 5, 6]"
18,4,0,5 2  1 0 1 0 1,"[0, 1, 3, 5, 12]"
18,2,0,3 2  1 1 1,"[0, 1, 3, 5, 15]"
18,2,0,3 2  1 1 1,"[0, 1, 3, 6, 8]"
18,4,0,5 2  1 0 1 0 1,"[0, 1, 3, 6, 11]"
18,6,0,7 2  1 0 0 1 0 0 1,"[0, 1, 3, 6, 10]"
18,2,0,3 2  1 1 1,"[0, 1, 3, 6, 14]"
18,4,0,5 2  1 0 1 0 1,"[0, 1, 3, 6, 17]"
18,2,0,3 2  1 1 1,"[0, 1, 3, 8, 9]"
18,2,0,3 2  1 1 1,"[0, 1, 3, 8, 12]"
18,2,0,3 2  1 1 1,"[0, 1, 3, 8, 15]"
18,2,0,3 2  1 1 1,"[0, 1, 3, 9, 11]"
18,2,0,3 2  1 1 1,"[0, 1, 3, 9, 14]"
18,2,0,3 2  1 1 1,"[0, 1, 3, 9, 17]"
18,6,0,7 2  1 0 0 1 0 0 1,"[0, 1, 3, 10, 15]"
18,4,0,5 2  1 0 1 0 1,"[0, 1, 3, 11, 12]"
18,2,0,3 2  1 1 1,"[0, 1, 3, 11, 15]"
18,2,0,3 2  1 1 1,"[0, 1, 3, 12, 14]"
18,4,0,5 2  1 0 1 0 1,"[0, 1, 3, 12, 17]"
18,2,0,3 2  1 1 1,"[0, 1, 3, 14, 15]"
18,2,0,3 2  1 1 1,"[0, 1, 4, 5, 7]"
18,2,0,3 2  1 1 1,"[0, 1, 3, 15, 17]"
18,2,0,3 2  1 1 1,"[0, 1, 4, 5, 10]"
18,2,0,3 2  1 1 1,"[0, 1, 4, 5, 13]"
18,2,0,3 2  1 1 1,"[0, 1, 4, 5, 16]"
18,4,0,5 2  1 0 1 0 1,"[0, 1, 4, 7, 8]"
18,2,0,3 2  1 1 1,"[0, 1, 4, 7, 11]"
18,6,0,7 2  1 0 0 1 0 0 1,"[0, 1, 4, 7, 9]"
18,4,0,5 2  1 0 1 0 1,"[0, 1, 4, 7, 14]"
18,2,0,3 2  1 1 1,"[0, 1, 4, 7, 17]"
18,2,0,3 2  1 1 1,"[0, 1, 4, 8, 10]"
18,2,0,3 2  1 1 1,"[0, 1, 4, 8, 16]"
18,4,0,5 2  1 0 1 0 1,"[0, 1, 4, 8, 13]"
18,2,0,3 2  1 1 1,"[0, 1, 4, 10, 11]"
18,6,0,7 2  1 0 0 1 0 0 1,"[0, 1, 4, 9, 16]"
18,2,0,3 2  1 1 1,"[0, 1, 4, 10, 14]"
18,2,0,3 2  1 1 1,"[0, 1, 4, 10, 17]"
18,2,0,3 2  1 1 1,"[0, 1, 4, 11, 13]"
18,2,0,3 2  1 1 1,"[0, 1, 4, 11, 16]"
18,4,0,5 2  1 0 1 0 1,"[0, 1, 4, 13, 14]"
18,2,0,3 2  1 1 1,"[0, 1, 4, 13, 17]"
18,2,0,3 2  1 1 1,"[0, 1, 4, 14, 16]"
18,2,0,3 2  1 1 1,"[0, 1, 4, 16, 17]"
18,4,0,5 2  1 0 1 0 1,"[0, 1, 5, 6, 9]"
18,2,0,3 2  1 1 1,"[0, 1, 5, 6, 12]"
18,4,0,5 2  1 0 1 0 1,"[0, 1, 5, 6, 15]"
18,2,0,3 2  1 1 1,"[0, 1, 5, 7, 10]"
18,2,0,3 2  1 1 1,"[0, 1, 5, 7, 13]"
18,2,0,3 2  1 1 1,"[0, 1, 5, 7, 16]"
18,2,0,3 2  1 1 1,"[0, 1, 5, 8, 11]"
18,2,0,3 2  1 1 1,"[0, 1, 5, 8, 17]"
18,2,0,3 2  1 1 1,"[0, 1, 5, 8, 14]"
18,4,0,5 2  1 0 1 0 1,"[0, 1, 5, 9, 12]"
18,2,0,3 2  1 1 1,"[0, 1, 5, 9, 15]"
18,2,0,3 2  1 1 1,"[0, 1, 5, 10, 13]"
18,2,0,3 2  1 1 1,"[0, 1, 5, 10, 16]"
18,2,0,3 2  1 1 1,"[0, 1, 5, 11, 14]"
18,2,0,3 2  1 1 1,"[0, 1, 5, 11, 17]"
18,4,0,5 2  1 0 1 0 1,"[0, 1, 5, 12, 15]"
18,2,0,3 2  1 1 1,"[0, 1, 5, 14, 17]"
18,2,0,3 2  1 1 1,"[0, 1, 5, 13, 16]"
18,2,0,3 2  1 1 1,"[0, 1, 6, 8, 9]"
18,2,0,3 2  1 1 1,"[0, 1, 6, 8, 12]"
18,2,0,3 2  1 1 1,"[0, 1, 6, 8, 15]"
18,4,0,5 2  1 0 1 0 1,"[0, 1, 6, 9, 11]"
18,2,0,3 2  1 1 1,"[0, 1, 6, 9, 14]"
18,4,0,5 2  1 0 1 0 1,"[0, 1, 6, 9, 17]"
18,6,0,7 2  1 0 0 1 0 0 1,"[0, 1, 6, 10, 12]"
18,2,0,3 2  1 1 1,"[0, 1, 6, 11, 12]"
18,4,0,5 2  1 0 1 0 1,"[0, 1, 6, 11, 15]"
18,2,0,3 2  1 1 1,"[0, 1, 6, 12, 14]"
18,2,0,3 2  1 1 1,"[0, 1, 6, 12, 17]"
18,2,0,3 2  1 1 1,"[0, 1, 6, 14, 15]"
18,4,0,5 2  1 0 1 0 1,"[0, 1, 6, 15, 17]"
18,4,0,5 2  1 0 1 0 1,"[0, 1, 7, 8, 10]"
18,2,0,3 2  1 1 1,"[0, 1, 7, 8, 13]"
18,4,0,5 2  1 0 1 0 1,"[0, 1, 7, 8, 16]"
18,2,0,3 2  1 1 1,"[0, 1, 7, 10, 11]"
18,6,0,7 2  1 0 0 1 0 0 1,"[0, 1, 7, 9, 13]"
18,4,0,5 2  1 0 1 0 1,"[0, 1, 7, 10, 14]"
18,2,0,3 2  1 1 1,"[0, 1, 7, 10, 17]"
18,2,0,3 2  1 1 1,"[0, 1, 7, 11, 13]"
18,2,0,3 2  1 1 1,"[0, 1, 7, 11, 16]"
18,2,0,3 2  1 1 1,"[0, 1, 7, 13, 14]"
18,2,0,3 2  1 1 1,"[0, 1, 7, 13, 17]"
18,4,0,5 2  1 0 1 0 1,"[0, 1, 7, 14, 16]"
18,2,0,3 2  1 1 1,"[0, 1, 7, 16, 17]"
18,2,0,3 2  1 1 1,"[0, 1, 8, 9, 12]"
18,2,0,3 2  1 1 1,"[0, 1, 8, 9, 15]"
18,4,0,5 2  1 0 1 0 1,"[0, 1, 8, 10, 13]"
18,2,0,3 2  1 1 1,"[0, 1, 8, 10, 16]"
18,2,0,3 2  1 1 1,"[0, 1, 8, 11, 14]"
18,2,0,3 2  1 1 1,"[0, 1, 8, 11, 17]"
18,2,0,3 2  1 1 1,"[0, 1, 8, 12, 15]"
18,4,0,5 2  1 0 1 0 1,"[0, 1, 8, 13, 16]"
18,2,0,3 2  1 1 1,"[0, 1, 8, 14, 17]"
18,2,0,3 2  1 1 1,"[0, 1, 9, 11, 15]"
18,4,0,5 2  1 0 1 0 1,"[0, 1, 9, 11, 12]"
18,2,0,3 2  1 1 1,"[0, 1, 9, 12, 14]"
18,4,0,5 2  1 0 1 0 1,"[0, 1, 9, 12, 17]"
18,2,0,3 2  1 1 1,"[0, 1, 9, 14, 15]"
18,6,0,7 2  1 0 0 1 0 0 1,"[0, 1, 9, 13, 16]"
18,2,0,3 2  1 1 1,"[0, 1, 9, 15, 17]"
18,2,0,3 2  1 1 1,"[0, 1, 10, 11, 13]"
18,2,0,3 2  1 1 1,"[0, 1, 10, 11, 16]"
18,6,0,7 2  1 0 0 1 0 0 1,"[0, 1, 10, 12, 15]"
18,4,0,5 2  1 0 1 0 1,"[0, 1, 10, 13, 14]"
18,2,0,3 2  1 1 1,"[0, 1, 10, 14, 16]"
18,2,0,3 2  1 1 1,"[0, 1, 10, 13, 17]"
18,2,0,3 2  1 1 1,"[0, 1, 10, 16, 17]"
18,4,0,5 2  1 0 1 0 1,"[0, 1, 11, 12, 15]"
18,4,0,5 2  1 0 1 0 1,"[0, 1, 12, 15, 17]"
18,4,0,5 2  1 0 1 0 1,"[0, 1, 13, 14, 16]"
18,4,0,5 2  1 0 1 0 1,"[0, 2, 3, 4, 9]"
18,4,0,5 2  1 0 1 0 1,"[0, 2, 3, 4, 15]"
18,6,0,7 2  1 0 0 1 0 0 1,"[0, 2, 3, 6, 11]"
18,4,0,5 2  1 0 1 0 1,"[0, 2, 3, 9, 10]"
18,4,0,5 2  1 0 1 0 1,"[0, 2, 3, 9, 16]"
18,4,0,5 2  1 0 1 0 1,"[0, 2, 3, 10, 15]"
18,6,0,7 2  1 0 0 1 0 0 1,"[0, 2, 3, 11, 15]"
18,4,0,5 2  1 0 1 0 1,"[0, 2, 3, 15, 16]"
18,4,0,5 2  1 0 1 0 1,"[0, 2, 4, 5, 11]"
18,4,0,5 2  1 0 1 0 1,"[0, 2, 4, 5, 17]"
18,4,0,5 2  1 0 1 0 1,"[0, 2, 4, 6, 12]"
18,4,0,5 2  1 0 1 0 1,"[0, 2, 4, 7, 13]"
18,4,0,5 2  1 0 1 0 1,"[0, 2, 4, 8, 14]"
18,4,0,5 2  1 0 1 0 1,"[0, 2, 4, 9, 15]"
18,4,0,5 2  1 0 1 0 1,"[0, 2, 4, 10, 16]"
18,4,0,5 2  1 0 1 0 1,"[0, 2, 4, 11, 17]"
18,6,0,7 2  1 0 0 1 0 0 1,"[0, 2, 5, 8, 9]"
18,4,0,5 2  1 0 1 0 1,"[0, 2, 5, 10, 11]"
18,6,0,7 2  1 0 0 1 0 0 1,"[0, 2, 5, 9, 17]"
18,4,0,5 2  1 0 1 0 1,"[0, 2, 5, 10, 17]"
18,4,0,5 2  1 0 1 0 1,"[0, 2, 5, 11, 16]"
18,4,0,5 2  1 0 1 0 1,"[0, 2, 5, 16, 17]"
18,4,0,5 2  1 0 1 0 1,"[0, 2, 6, 10, 12]"
18,6,0,7 2  1 0 0 1 0 0 1,"[0, 2, 6, 11, 12]"
18,4,0,5 2  1 0 1 0 1,"[0, 2, 6, 12, 16]"
18,4,0,5 2  1 0 1 0 1,"[0, 2, 7, 10, 13]"
18,4,0,5 2  1 0 1 0 1,"[0, 2, 7, 13, 16]"
18,4,0,5 2  1 0 1 0 1,"[0, 2, 8, 10, 14]"
18,6,0,7 2  1 0 0 1 0 0 1,"[0, 2, 8, 9, 14]"
18,4,0,5 2  1 0 1 0 1,"[0, 2, 8, 14, 16]"
18,4,0,5 2  1 0 1 0 1,"[0, 2, 9, 10, 15]"
18,4,0,5 2  1 0 1 0 1,"[0, 2, 9, 15, 16]"
18,6,0,7 2  1 0 0 1 0 0 1,"[0, 2, 9, 14, 17]"
18,4,0,5 2  1 0 1 0 1,"[0, 2, 10, 11, 17]"
18,6,0,7 2  1 0 0 1 0 0 1,"[0, 2, 11, 12, 15]"
18,4,0,5 2  1 0 1 0 1,"[0, 2, 11, 16, 17]"
18,6,0,7 2  1 0 0 1 0 0 1,"[0, 3, 4, 6, 13]"
18,4,0,5 2  1 0 1 0 1,"[0, 3, 4, 8, 9]"
18,4,0,5 2  1 0 1 0 1,"[0, 3, 4, 8, 15]"
18,4,0,5 2  1 0 1 0 1,"[0, 3, 4, 9, 14]"
18,6,0,7 2  1 0 0 1 0 0 1,"[0, 3, 4, 13, 15]"
18,4,0,5 2  1 0 1 0 1,"[0, 3, 4, 14, 15]"
18,4,0,5 2  1 0 1 0 1,"[0, 3, 5, 6, 13]"
18,6,0,7 2  1 0 0 1 0 0 1,"[0, 3, 5, 6, 14]"
18,4,0,5 2  1 0 1 0 1,"[0, 3, 5, 6, 7]"
18,4,0,5 2  1 0 1 0 1,"[0, 3, 5, 7, 12]"
18,4,0,5 2  1 0 1 0 1,"[0, 3, 5, 12, 13]"
18,6,0,7 2  1 0 0 1 0 0 1,"[0, 3, 5, 14, 15]"
18,4,0,5 2  1 0 1 0 1,"[0, 3, 6, 7, 11]"
18,4,0,5 2  1 0 1 0 1,"[0, 3, 6, 7, 17]"
18,6,0,7 2  1 0 0 1 0 0 1,"[0, 3, 6, 7, 16]"
18,6,0,7 2  1 0 0 1 0 0 1,"[0, 3, 6, 8, 17]"
18,4,0,5 2  1 0 1 0 1,"[0, 3, 6, 11, 13]"
18,4,0,5 2  1 0 1 0 1,"[0, 3, 6, 13, 17]"
18,4,0,5 2  1 0 1 0 1,"[0, 3, 7, 11, 12]"
18,4,0,5 2  1 0 1 0 1,"[0, 3, 7, 12, 17]"
18,6,0,7 2  1 0 0 1 0 0 1,"[0, 3, 7, 15, 16]"
18,4,0,5 2  1 0 1 0 1,"[0, 3, 8, 9, 10]"
18,4,0,5 2  1 0 1 0 1,"[0, 3, 8, 9, 16]"
18,4,0,5 2  1 0 1 0 1,"[0, 3, 8, 10, 15]"
18,4,0,5 2  1 0 1 0 1,"[0, 3, 8, 15, 16]"
18,6,0,7 2  1 0 0 1 0 0 1,"[0, 3, 8, 15, 17]"
18,4,0,5 2  1 0 1 0 1,"[0, 3, 9, 10, 14]"
18,4,0,5 2  1 0 1 0 1,"[0, 3, 9, 14, 16]"
18,4,0,5 2  1 0 1 0 1,"[0, 3, 10, 14, 15]"
18,4,0,5 2  1 0 1 0 1,"[0, 3, 11, 12, 13]"
18,4,0,5 2  1 0 1 0 1,"[0, 3, 12, 13, 17]"
18,4,0,5 2  1 0 1 0 1,"[0, 3, 14, 15, 16]"
18,4,0,5 2  1 0 1 0 1,"[0, 4, 5, 8, 11]"
18,4,0,5 2  1 0 1 0 1,"[0, 4, 5, 8, 17]"
18,4,0,5 2  1 0 1 0 1,"[0, 4, 5, 11, 14]"
18,4,0,5 2  1 0 1 0 1,"[0, 4, 5, 14, 17]"
18,4,0,5 2  1 0 1 0 1,"[0, 4, 6, 8, 12]"
18,4,0,5 2  1 0 1 0 1,"[0, 4, 6, 12, 14]"
18,6,0,7 2  1 0 0 1 0 0 1,"[0, 4, 6, 12, 13]"
18,6,0,7 2  1 0 0 1 0 0 1,"[0, 4, 7, 9, 10]"
18,4,0,5 2  1 0 1 0 1,"[0, 4, 7, 8, 13]"
18,4,0,5 2  1 0 1 0 1,"[0, 4, 7, 13, 14]"
18,4,0,5 2  1 0 1 0 1,"[0, 4, 8, 9, 15]"
18,4,0,5 2  1 0 1 0 1,"[0, 4, 8, 10, 16]"
18,4,0,5 2  1 0 1 0 1,"[0, 4, 8, 11, 17]"
18,6,0,7 2  1 0 0 1 0 0 1,"[0, 4, 9, 10, 16]"
18,4,0,5 2  1 0 1 0 1,"[0, 4, 9, 14, 15]"
18,6,0,7 2  1 0 0 1 0 0 1,"[0, 4, 12, 13, 15]"
18,6,0,7 2  1 0 0 1 0 0 1,"[0, 5, 6, 12, 14]"
18,6,0,7 2  1 0 0 1 0 0 1,"[0, 5, 8, 9, 11]"
18,6,0,7 2  1 0 0 1 0 0 1,"[0, 5, 9, 11, 17]"
18,6,0,7 2  1 0 0 1 0 0 1,"[0, 5, 12, 14, 15]"
18,6,0,7 2  1 0 0 1 0 0 1,"[0, 6, 7, 12, 16]"
18,6,0,7 2  1 0 0 1 0 0 1,"[0, 6, 8, 12, 17]"
18,6,0,7 2  1 0 0 1 0 0 1,"[0, 7, 9, 10, 13]"
18,6,0,7 2  1 0 0 1 0 0 1,"[0, 7, 12, 15, 16]"
18,6,0,7 2  1 0 0 1 0 0 1,"[0, 8, 9, 11, 14]"
18,6,0,7 2  1 0 0 1 0 0 1,"[0, 8, 12, 15, 17]"
18,6,0,7 2  1 0 0 1 0 0 1,"[0, 9, 10, 13, 16]"
18,6,0,7 2  1 0 0 1 0 0 1,"[0, 9, 11, 14, 17]"
