66,22,0.8695652173913043,23 2  1 0 0 0 0 0 0 0 0 0 0 1 0 0 0 0 0 0 0 0 0 0 1,"[0, 1, 11, 22, 34]"
66,22,0.9523809523809523,23 2  1 0 0 0 0 0 0 0 0 0 0 1 0 0 0 0 0 0 0 0 0 0 1,"[0, 1, 11, 34, 55]"
66,22,0.9090909090909091,23 2  1 0 0 0 0 0 0 0 0 0 0 1 0 0 0 0 0 0 0 0 0 0 1,"[0, 1, 12, 33, 56]"
66,24,0.6666666666666666,25 2  1 1 1 0 0 0 0 0 0 0 0 1 1 1 0 0 0 0 0 0 0 0 1 1 1,"[0, 1, 12, 23, 33]"
66,22,0.8,23 2  1 0 0 0 0 0 0 0 0 0 0 1 0 0 0 0 0 0 0 0 0 0 1,"[0, 1, 22, 34, 44]"
66,22,0.8,23 2  1 0 0 0 0 0 0 0 0 0 0 1 0 0 0 0 0 0 0 0 0 0 1,"[0, 1, 23, 33, 45]"
66,24,0.7692307692307693,25 2  1 1 1 0 0 0 0 0 0 0 0 1 1 1 0 0 0 0 0 0 0 0 1 1 1,"[0, 1, 34, 44, 55]"
66,24,0.8,25 2  1 1 1 0 0 0 0 0 0 0 0 1 1 1 0 0 0 0 0 0 0 0 1 1 1,"[0, 2, 11, 22, 35]"
66,20,0.04987531172069826,21 2  1 0 1 0 0 0 0 0 0 0 1 0 0 0 0 0 0 0 1 0 1,"[0, 2, 4, 16, 54]"
66,20,0.06153846153846154,21 2  1 0 1 0 0 0 0 0 0 0 1 0 0 0 0 0 0 0 1 0 1,"[0, 2, 8, 34, 60]"
66,20,0.035398230088495575,21 2  1 0 0 0 0 0 1 0 0 0 1 0 0 0 1 0 0 0 0 0 1,"[0, 2, 4, 30, 40]"
66,20,0.05319148936170213,21 2  1 0 1 0 0 0 0 0 0 0 1 0 0 0 0 0 0 0 1 0 1,"[0, 2, 10, 18, 20]"
66,24,0.8,25 2  1 1 1 0 0 0 0 0 0 0 0 1 1 1 0 0 0 0 0 0 0 0 1 1 1,"[0, 2, 33, 46, 57]"
66,20,0.05830903790087463,21 2  1 0 1 0 0 0 0 0 0 0 1 0 0 0 0 0 0 0 1 0 1,"[0, 2, 14, 52, 64]"
66,20,0.05141388174807198,21 2  1 0 0 0 0 0 1 0 0 0 1 0 0 0 1 0 0 0 0 0 1,"[0, 2, 20, 34, 48]"
66,20,0.06042296072507553,21 2  1 0 0 0 0 0 1 0 0 0 1 0 0 0 1 0 0 0 0 0 1,"[0, 2, 28, 38, 64]"
66,24,0.7407407407407407,25 2  1 1 1 0 0 0 0 0 0 0 0 1 1 1 0 0 0 0 0 0 0 0 1 1 1,"[0, 3, 11, 36, 55]"
66,20,0.050761421319796954,21 2  1 0 1 0 0 0 0 0 0 0 1 0 0 0 0 0 0 0 1 0 1,"[0, 2, 48, 50, 58]"
66,20,0.06666666666666667,21 2  1 0 0 0 0 0 1 0 0 0 1 0 0 0 1 0 0 0 0 0 1,"[0, 4, 8, 14, 60]"
66,20,0.08849557522123894,21 2  1 0 0 0 0 0 1 0 0 0 1 0 0 0 1 0 0 0 0 0 1,"[0, 4, 10, 56, 62]"
66,10,0.000010897115969287568,11 2  1 1 0 0 0 1 0 0 0 1 1,"[0, 1, 2, 8, 27]"
66,10,0.00000789279999052864,11 2  1 0 0 1 0 1 0 1 0 0 1,"[0, 1, 2, 48, 53]"
66,10,0.000006651729100350314,11 2  1 1 0 0 0 1 0 0 0 1 1,"[0, 1, 2, 8, 60]"
66,10,0.000007344449157132654,11 2  1 1 0 0 0 1 0 0 0 1 1,"[0, 1, 2, 41, 60]"
66,10,0.000007143517918264582,11 2  1 0 0 1 0 1 0 1 0 0 1,"[0, 1, 2, 20, 48]"
66,10,0.000006432593177720327,11 2  1 0 0 1 0 1 0 1 0 0 1,"[0, 1, 2, 15, 53]"
66,10,0.000006121754972471998,11 2  1 0 0 1 0 1 0 1 0 0 1,"[0, 1, 10, 17, 24]"
66,10,0.000005124721631526878,11 2  1 0 0 1 0 1 0 1 0 0 1,"[0, 1, 2, 15, 20]"
66,10,0.000005081489303210942,11 2  1 1 0 0 0 1 0 0 0 1 1,"[0, 1, 2, 27, 41]"
66,10,0.000004814245931420585,11 2  1 1 0 0 0 1 0 0 0 1 1,"[0, 1, 4, 17, 30]"
