78,28,0.9090909090909091,29 2  1 1 1 0 0 0 0 0 0 0 0 0 0 1 1 1 0 0 0 0 0 0 0 0 0 0 1 1 1,"[0, 1, 13, 26, 40]"
78,26,0.9090909090909091,27 2  1 0 0 0 0 0 0 0 0 0 0 0 0 1 0 0 0 0 0 0 0 0 0 0 0 0 1,"[0, 1, 13, 40, 65]"
78,26,0.9523809523809523,27 2  1 0 0 0 0 0 0 0 0 0 0 0 0 1 0 0 0 0 0 0 0 0 0 0 0 0 1,"[0, 1, 14, 27, 39]"
78,26,0.9090909090909091,27 2  1 0 0 0 0 0 0 0 0 0 0 0 0 1 0 0 0 0 0 0 0 0 0 0 0 0 1,"[0, 1, 14, 39, 66]"
78,26,0.8333333333333334,27 2  1 0 0 0 0 0 0 0 0 0 0 0 0 1 0 0 0 0 0 0 0 0 0 0 0 0 1,"[0, 1, 26, 40, 52]"
78,26,0.8333333333333334,27 2  1 0 0 0 0 0 0 0 0 0 0 0 0 1 0 0 0 0 0 0 0 0 0 0 0 0 1,"[0, 1, 27, 39, 53]"
78,28,0.9090909090909091,29 2  1 1 1 0 0 0 0 0 0 0 0 0 0 1 1 1 0 0 0 0 0 0 0 0 0 0 1 1 1,"[0, 1, 39, 53, 66]"
78,28,0.8695652173913043,29 2  1 1 1 0 0 0 0 0 0 0 0 0 0 1 1 1 0 0 0 0 0 0 0 0 0 0 1 1 1,"[0, 2, 15, 28, 39]"
78,24,0.05952380952380952,25 2  1 0 0 0 1 0 1 0 1 0 1 0 0 0 0 0 0 0 1 0 1 0 1 0 1,"[0, 2, 10, 16, 50]"
78,24,0.04830917874396135,25 2  1 0 0 0 1 0 1 0 1 0 1 0 0 0 0 0 0 0 1 0 1 0 1 0 1,"[0, 2, 12, 58, 62]"
78,24,0.06825938566552901,25 2  1 0 1 0 1 0 1 0 0 0 0 0 0 0 1 0 1 0 1 0 1 0 0 0 1,"[0, 2, 18, 22, 68]"
78,28,0.9090909090909091,29 2  1 1 1 0 0 0 0 0 0 0 0 0 0 1 1 1 0 0 0 0 0 0 0 0 0 0 1 1 1,"[0, 2, 41, 52, 65]"
78,24,0.06191950464396285,25 2  1 0 1 0 1 0 1 0 0 0 0 0 0 0 1 0 1 0 1 0 1 0 0 0 1,"[0, 2, 30, 64, 70]"
78,28,0.8333333333333334,29 2  1 1 1 0 0 0 0 0 0 0 0 0 0 1 1 1 0 0 0 0 0 0 0 0 0 0 1 1 1,"[0, 3, 13, 42, 65]"
78,24,0.06329113924050633,25 2  1 0 0 0 1 0 1 0 1 0 1 0 0 0 0 0 0 0 1 0 1 0 1 0 1,"[0, 4, 20, 22, 32]"
78,24,0.11494252873563218,25 2  1 0 1 0 1 0 1 0 0 0 0 0 0 0 1 0 1 0 1 0 1 0 0 0 1,"[0, 4, 36, 44, 58]"
78,24,0.04291845493562232,25 2  1 0 0 0 1 0 1 0 1 0 1 0 0 0 0 0 0 0 1 0 1 0 1 0 1,"[0, 4, 24, 38, 46]"
78,24,0.06006006006006006,25 2  1 0 1 0 1 0 1 0 0 0 0 0 0 0 1 0 1 0 1 0 1 0 0 0 1,"[0, 4, 50, 60, 62]"
78,24,0.04175365344467641,25 2  1 0 1 0 1 0 1 0 0 0 0 0 0 0 1 0 1 0 1 0 1 0 0 0 1,"[0, 6, 14, 16, 44]"
78,24,0.062111801242236024,25 2  1 0 0 0 1 0 1 0 1 0 1 0 0 0 0 0 0 0 1 0 1 0 1 0 1,"[0, 6, 40, 68, 70]"
78,12,0.000009327883983510166,13 2  1 0 1 1 1 1 0 0 0 1 1 1 1,"[0, 1, 5, 8, 25]"
78,12,0.000006026775759343612,13 2  1 0 1 1 1 1 0 0 0 1 1 1 1,"[0, 1, 6, 29, 31]"
78,12,0.000006102765071312335,13 2  1 1 1 1 0 0 0 1 1 1 1 0 1,"[0, 1, 9, 50, 73]"
78,12,0.00000641511503744663,13 2  1 1 1 1 0 0 0 1 1 1 1 0 1,"[0, 1, 9, 34, 50]"
78,12,0.000004631675286214374,13 2  1 1 1 1 0 0 0 1 1 1 1 0 1,"[0, 1, 9, 11, 73]"
78,12,0.000005744874710027449,13 2  1 0 1 1 1 1 0 0 0 1 1 1 1,"[0, 1, 5, 47, 64]"
78,12,0.000004916557416663737,13 2  1 0 1 1 1 1 0 0 0 1 1 1 1,"[0, 1, 5, 8, 64]"
78,12,0.000005788484158076557,13 2  1 0 1 1 1 1 0 0 0 1 1 1 1,"[0, 1, 5, 25, 47]"
78,12,0.000005152756028853372,13 2  1 1 1 1 0 0 0 1 1 1 1 0 1,"[0, 1, 9, 11, 34]"
78,12,0.000004964640588568071,13 2  1 1 1 1 0 0 0 1 1 1 1 0 1,"[0, 1, 11, 34, 48]"
