35,7,0.001103996467211305,8 2  1 0 0 1 1 0 1 1,"[0, 1, 2, 3, 9]"
35,4,0.0005376344086021505,5 2  1 1 1 1 1,"[0, 1, 2, 3, 19]"
35,4,0.000544069640914037,5 2  1 1 1 1 1,"[0, 1, 2, 3, 14]"
35,4,0.0005587372538063976,5 2  1 1 1 1 1,"[0, 1, 2, 3, 24]"
35,7,0.0009521995810321843,8 2  1 1 0 1 1 0 0 1,"[0, 1, 2, 3, 29]"
35,4,0.0006923289947382996,5 2  1 1 1 1 1,"[0, 1, 2, 3, 34]"
35,4,0.00039301996541424305,5 2  1 1 1 1 1,"[0, 1, 2, 4, 8]"
35,3,0.0000058264125263208185,4 2  1 1 0 1,"[0, 1, 2, 3, 23]"
35,7,0.0007855151015278269,8 2  1 0 0 1 1 0 1 1,"[0, 1, 2, 4, 28]"
35,3,0.000004281864889178914,4 2  1 1 0 1,"[0, 1, 2, 4, 7]"
35,3,0.000004713086166526531,4 2  1 1 0 1,"[0, 1, 2, 3, 16]"
35,3,0.0000046123972011973786,4 2  1 0 1 1,"[0, 1, 2, 3, 15]"
35,7,0.0010497585555322277,8 2  1 1 0 1 1 0 0 1,"[0, 1, 2, 8, 24]"
35,7,0.0012642225031605564,8 2  1 0 0 1 1 0 1 1,"[0, 1, 2, 8, 34]"
35,7,0.0014065686757155917,8 2  1 1 0 1 1 0 0 1,"[0, 1, 2, 9, 33]"
35,7,0.0008469551960701278,8 2  1 1 0 1 1 0 0 1,"[0, 1, 2, 13, 14]"
35,7,0.0007627765064836003,8 2  1 0 0 1 1 0 1 1,"[0, 1, 2, 13, 29]"
35,7,0.0008887703861707328,8 2  1 0 0 1 1 0 1 1,"[0, 1, 2, 14, 18]"
35,28,1,29 2  1 0 0 0 0 0 0 1 0 0 0 0 0 0 1 0 0 0 0 0 0 1 0 0 0 0 0 0 1,"[0, 7, 14, 21, 28]"
35,7,0.0008780402142418123,8 2  1 1 0 1 1 0 0 1,"[0, 1, 2, 19, 23]"
35,3,0.0000044303392288595845,4 2  1 1 0 1,"[0, 1, 2, 4, 14]"
35,3,0.000004340761968674457,4 2  1 0 1 1,"[0, 1, 2, 3, 22]"
35,3,0.000003735362980162234,4 2  1 0 1 1,"[0, 1, 2, 3, 8]"
35,3,0.0000034409904546924787,4 2  1 1 0 1,"[0, 1, 2, 3, 30]"
35,3,0.000005531984690785567,4 2  1 0 1 1,"[0, 1, 2, 5, 9]"
35,3,0.000004722530104948786,4 2  1 0 1 1,"[0, 1, 2, 5, 16]"
