56,6,0.0002686402772367661,7 2  1 0 1 0 0 0 1,"[0, 1, 2, 6, 43]"
56,6,0.0001727220125568903,7 2  1 0 1 0 0 0 1,"[0, 1, 2, 6, 15]"
56,6,0.00018652714436268337,7 2  1 0 1 0 0 0 1,"[0, 1, 2, 15, 20]"
56,12,0.15384615384615385,13 2  1 0 0 0 1 0 0 0 0 0 0 0 1,"[0, 1, 4, 12, 29]"
56,12,0.06779661016949153,13 2  1 0 0 0 0 0 0 0 1 0 0 0 1,"[0, 1, 4, 20, 29]"
56,12,0.08298755186721991,13 2  1 0 0 0 1 0 0 0 0 0 0 0 1,"[0, 1, 4, 29, 40]"
56,12,0.07434944237918216,13 2  1 0 0 0 0 0 0 0 1 0 0 0 1,"[0, 1, 4, 29, 48]"
56,6,0.00016006146360202317,7 2  1 0 0 0 1 0 1,"[0, 1, 2, 10, 29]"
56,6,0.0001582666635013334,7 2  1 0 0 0 1 0 1,"[0, 1, 2, 15, 24]"
56,12,0.10256410256410256,13 2  1 0 0 0 1 0 0 0 0 0 0 0 1,"[0, 1, 5, 13, 28]"
56,6,0.00015600867408227897,7 2  1 0 1 0 0 0 1,"[0, 1, 2, 6, 29]"
56,12,0.05405405405405406,13 2  1 0 0 0 0 0 0 0 1 0 0 0 1,"[0, 1, 5, 21, 28]"
56,12,0.07722007722007722,13 2  1 0 0 0 1 0 0 0 0 0 0 0 1,"[0, 1, 5, 28, 41]"
56,12,0.10638297872340426,13 2  1 0 0 0 0 0 0 0 1 0 0 0 1,"[0, 1, 5, 28, 49]"
56,6,0.0001473187978786093,7 2  1 0 0 0 1 0 1,"[0, 1, 2, 10, 43]"
56,9,0.0004776461597248758,10 2  1 0 1 1 1 0 0 1 1 1,"[0, 1, 5, 7, 14]"
56,6,0.00012698412698412698,7 2  1 0 0 0 1 0 1,"[0, 1, 2, 10, 15]"
56,9,0.0004562251927551439,10 2  1 0 1 1 1 0 0 1 1 1,"[0, 1, 5, 7, 42]"
56,9,0.0004929751047572097,10 2  1 1 1 0 0 1 1 1 0 1,"[0, 1, 7, 14, 17]"
56,9,0.0004931574405128837,10 2  1 0 1 1 1 0 0 1 1 1,"[0, 1, 5, 14, 35]"
56,12,0.078125,13 2  1 0 0 0 0 0 0 0 1 0 0 0 1,"[0, 1, 8, 12, 29]"
56,12,0.14184397163120568,13 2  1 0 0 0 1 0 0 0 0 0 0 0 1,"[0, 1, 8, 24, 29]"
56,6,0.00020516187271757416,7 2  1 0 1 0 0 0 1,"[0, 1, 2, 15, 34]"
56,15,0.0641025641025641,16 2  1 1 0 1 1 1 0 1 0 0 0 0 1 1 0 1,"[0, 1, 17, 21, 28]"
56,15,0.0970873786407767,16 2  1 0 1 1 0 0 0 0 1 0 1 1 1 0 1 1,"[0, 1, 21, 28, 33]"
56,15,0.10256410256410256,16 2  1 1 0 1 1 1 0 1 0 0 0 0 1 1 0 1,"[0, 1, 24, 29, 36]"
56,9,0.00047797720048753676,10 2  1 0 1 1 1 0 0 1 1 1,"[0, 1, 5, 35, 42]"
56,15,0.08403361344537816,16 2  1 0 1 1 0 0 0 0 1 0 1 1 1 0 1 1,"[0, 1, 29, 36, 40]"
56,18,0.17699115044247787,19 2  1 0 0 0 1 0 1 0 1 0 0 0 0 0 1 0 1 0 1,"[0, 2, 10, 14, 28]"
56,18,0.32786885245901637,19 2  1 0 1 0 1 0 0 0 0 0 1 0 1 0 1 0 0 0 1,"[0, 2, 14, 28, 34]"
56,18,0.1694915254237288,19 2  1 0 0 0 1 0 1 0 1 0 0 0 0 0 1 0 1 0 1,"[0, 2, 24, 30, 44]"
56,18,0.2247191011235955,19 2  1 0 1 0 1 0 0 0 0 0 1 0 1 0 1 0 0 0 1,"[0, 2, 30, 44, 48]"
56,15,0.10362694300518134,16 2  1 0 1 1 0 0 0 0 1 0 1 1 1 0 1 1,"[0, 3, 7, 28, 51]"
56,15,0.05012531328320802,16 2  1 1 0 1 1 1 0 1 0 0 0 0 1 1 0 1,"[0, 3, 7, 28, 43]"
56,15,0.078125,16 2  1 1 0 1 1 1 0 1 0 0 0 0 1 1 0 1,"[0, 3, 8, 31, 52]"
56,15,0.08547008547008547,16 2  1 0 1 1 0 0 0 0 1 0 1 1 1 0 1 1,"[0, 3, 16, 31, 52]"
56,15,0.07751937984496124,16 2  1 1 0 1 1 1 0 1 0 0 0 0 1 1 0 1,"[0, 4, 7, 12, 35]"
56,15,0.07142857142857142,16 2  1 0 1 1 0 0 0 0 1 0 1 1 1 0 1 1,"[0, 4, 7, 20, 35]"
56,18,0.18181818181818182,19 2  1 0 1 0 1 0 0 0 0 0 1 0 1 0 1 0 0 0 1,"[0, 4, 12, 14, 42]"
56,18,0.26666666666666666,19 2  1 0 0 0 1 0 1 0 1 0 0 0 0 0 1 0 1 0 1,"[0, 4, 14, 20, 42]"
56,18,0.21978021978021978,19 2  1 0 1 0 1 0 0 0 0 0 1 0 1 0 1 0 0 0 1,"[0, 4, 18, 40, 46]"
56,18,0.12422360248447205,19 2  1 0 0 0 1 0 1 0 1 0 0 0 0 0 1 0 1 0 1,"[0, 4, 18, 46, 48]"
56,9,0.0005497223901929526,10 2  1 1 1 0 0 1 1 1 0 1,"[0, 1, 7, 14, 45]"
56,18,0.2597402597402597,19 2  1 0 1 0 1 0 0 0 0 0 1 0 1 0 1 0 0 0 1,"[0, 6, 16, 20, 34]"
56,18,0.22727272727272727,19 2  1 0 0 0 1 0 1 0 1 0 0 0 0 0 1 0 1 0 1,"[0, 6, 20, 32, 34]"
56,9,0.00047053287848488413,10 2  1 0 1 1 1 0 0 1 1 1,"[0, 1, 7, 14, 33]"
56,9,0.0004249803446590595,10 2  1 1 1 0 0 1 1 1 0 1,"[0, 1, 7, 17, 42]"
56,6,0.00019102379201329524,7 2  1 0 0 0 1 0 1,"[0, 1, 2, 15, 38]"
56,9,0.00037767202960948713,10 2  1 1 1 0 0 1 1 1 0 1,"[0, 1, 7, 42, 45]"
56,9,0.0004449289226046139,10 2  1 1 1 0 0 1 1 1 0 1,"[0, 1, 14, 17, 35]"
