17,8,0,9 2  1 0 0 1 1 1 0 0 1,"[0, 1, 2, 5, 14]"
17,8,0,9 2  1 1 1 0 1 0 1 1 1,"[0, 1, 4, 5, 11]"
17,8,0,9 2  1 0 0 1 1 1 0 0 1,"[0, 1, 4, 13, 16]"
17,8,0,9 2  1 0 0 1 1 1 0 0 1,"[0, 1, 7, 9, 11]"
17,8,0,9 2  1 1 1 0 1 0 1 1 1,"[0, 1, 7, 13, 14]"
17,8,0,9 2  1 0 0 1 1 1 0 0 1,"[0, 2, 4, 10, 11]"
17,8,0,9 2  1 1 1 0 1 0 1 1 1,"[0, 2, 5, 8, 10]"
17,8,0,9 2  1 0 0 1 1 1 0 0 1,"[0, 2, 8, 9, 15]"
17,8,0,9 2  1 1 1 0 1 0 1 1 1,"[0, 2, 9, 11, 14]"
17,8,0,9 2  1 0 0 1 1 1 0 0 1,"[0, 3, 4, 5, 8]"
17,8,0,9 2  1 1 1 0 1 0 1 1 1,"[0, 3, 4, 10, 16]"
17,8,0,9 2  1 1 1 0 1 0 1 1 1,"[0, 3, 5, 12, 14]"
17,8,0,9 2  1 1 1 0 1 0 1 1 1,"[0, 3, 6, 8, 15]"
17,8,0,9 2  1 0 0 1 1 1 0 0 1,"[0, 3, 12, 15, 16]"
17,8,0,9 2  1 1 1 0 1 0 1 1 1,"[0, 6, 7, 10, 11]"
17,8,0,9 2  1 0 0 1 1 1 0 0 1,"[0, 6, 7, 13, 15]"
17,8,0,9 2  1 0 0 1 1 1 0 0 1,"[0, 6, 8, 10, 16]"
17,8,0,9 2  1 1 1 0 1 0 1 1 1,"[0, 6, 12, 13, 16]"
17,8,0,9 2  1 1 1 0 1 0 1 1 1,"[0, 7, 9, 12, 15]"
17,8,0,9 2  1 0 0 1 1 1 0 0 1,"[0, 9, 12, 13, 14]"
