7,3
9,2
14,3
15,2
15,4
21,2
21,5
27,2
28,3
31,5
33,2
35,3
39,2
42,5
45,2
45,4
49,3
51,2
56,3
57,2
62,5
63,2
63,5
63,8
69,2
70,3
73,9
75,2
75,4
77,3
81,2
84,5
85,8
87,2
91,3
93,2
93,5
93,7
98,3
99,2
105,2
105,4
111,2
112,3
117,2
119,3
123,2
124,5
126,5
127,7
129,2
133,3
135,2
135,4
140,3
141,2
146,9
147,2
147,5
153,2
154,3
159,2
161,3
165,2
165,4
168,5
171,2
175,3
177,2
182,3
183,2
186,5
186,7
189,2
189,5
189,8
195,2
195,4
196,3
201,2
203,3
207,2
213,2
217,3
217,8
217,5
219,2
219,11
224,3
225,2
225,4
231,2
231,5
237,2
238,3
243,2
245,3
248,5
249,2
252,5
254,7
255,2
255,4
255,8
255,16
259,3
261,2
266,3
267,2
273,2
273,5
273,17
279,2
279,5
279,7
280,3
285,2
285,4
287,3
291,2
292,9
294,5
297,2
301,3
303,2
308,3
309,2
315,2
315,4
315,8
321,2
322,3
327,2
329,3
333,2
336,5
339,2
341,5
341,10
343,3
345,2
345,4
350,3
351,2
357,2
357,5
363,2
364,3
365,9
369,2
371,3
372,5
372,7
375,2
375,4
378,5
381,2
381,7
385,3
387,2
392,3
393,2
399,2
399,5
403,5
405,2
405,4
406,3
411,2
413,3
417,2
423,2
425,8
427,3
429,2
434,3
434,5
435,2
435,4
438,11
