9,2,0,3 2  1 1 1,"[0, 1, 4, 7, 8]"
9,2,0,3 2  1 1 1,"[0, 1, 3, 5, 6]"
9,2,0,3 2  1 1 1,"[0, 1, 3, 6, 8]"
9,2,0,3 2  1 1 1,"[0, 1, 4, 5, 7]"
9,2,0,3 2  1 1 1,"[0, 1, 2, 3, 6]"
9,2,0,3 2  1 1 1,"[0, 1, 2, 4, 7]"
9,2,0,3 2  1 1 1,"[0, 2, 3, 4, 6]"
9,2,0,3 2  1 1 1,"[0, 2, 3, 6, 7]"
9,2,0,3 2  1 1 1,"[0, 2, 4, 5, 8]"
9,2,0,3 2  1 1 1,"[0, 2, 5, 7, 8]"
9,2,0,3 2  1 1 1,"[0, 3, 4, 5, 6]"
9,2,0,3 2  1 1 1,"[0, 3, 5, 6, 7]"
9,2,0,3 2  1 1 1,"[0, 3, 4, 6, 8]"
9,2,0,3 2  1 1 1,"[0, 3, 6, 7, 8]"
9,2,0,3 2  1 1 1,"[0, 6, 7, 8, 9]"
9,2,0,3 2  1 1 1,"[0, 1, 2, 5, 8]"
