31,5,0.0004061490973336312,6 2  1 0 1 1 1 1,"[0, 1, 2, 3, 29]"
31,5,0.00037255048059012,6 2  1 0 0 1 0 1,"[0, 1, 2, 3, 11]"
31,5,0.0004120652711389484,6 2  1 0 1 1 1 1,"[0, 1, 2, 4, 13]"
31,5,0.00030136367060950805,6 2  1 1 1 1 0 1,"[0, 1, 2, 3, 5]"
31,5,0.00035841009282821406,6 2  1 0 1 0 0 1,"[0, 1, 2, 3, 23]"
31,5,0.00028517245804400213,6 2  1 1 1 0 1 1,"[0, 1, 2, 4, 5]"
31,5,0.00025064855313122704,6 2  1 1 1 0 1 1,"[0, 1, 2, 3, 26]"
31,5,0.00024170936865512907,6 2  1 1 0 1 1 1,"[0, 1, 2, 3, 8]"
31,5,0.00038388452753411776,6 2  1 1 0 1 1 1,"[0, 1, 2, 4, 19]"
31,5,0.00037653437758867385,6 2  1 1 1 1 0 1,"[0, 1, 2, 4, 30]"
31,5,0.00039167303135342614,6 2  1 0 1 0 0 1,"[0, 1, 2, 4, 26]"
31,10,0.04975124378109453,11 2  1 0 0 0 1 1 1 0 0 0 1,"[0, 1, 2, 6, 27]"
31,5,0.0003254731566014093,6 2  1 0 0 1 0 1,"[0, 1, 2, 4, 21]"
31,10,0.04672897196261682,11 2  1 1 0 1 1 1 1 1 0 1 1,"[0, 1, 2, 7, 26]"
31,5,0.00032283578957563236,6 2  1 0 0 1 0 1,"[0, 1, 2, 5, 23]"
31,5,0.00036148715816870607,6 2  1 0 1 1 1 1,"[0, 1, 2, 5, 25]"
31,5,0.00032801941874959,6 2  1 1 0 1 1 1,"[0, 1, 2, 5, 12]"
31,5,0.0003751500600240096,6 2  1 0 0 1 0 1,"[0, 1, 2, 6, 13]"
31,5,0.00027705819607408536,6 2  1 0 1 0 0 1,"[0, 1, 2, 6, 8]"
31,5,0.00044766765153550004,6 2  1 0 1 0 0 1,"[0, 1, 2, 7, 17]"
31,5,0.0003716297824107624,6 2  1 1 1 1 0 1,"[0, 1, 2, 6, 21]"
31,5,0.00034890617912843237,6 2  1 1 0 1 1 1,"[0, 1, 2, 7, 30]"
31,5,0.00022838350157584615,6 2  1 0 0 1 0 1,"[0, 1, 2, 7, 29]"
31,5,0.0004177022200872998,6 2  1 1 1 0 1 1,"[0, 1, 2, 8, 17]"
31,5,0.0003227263925643839,6 2  1 0 1 1 1 1,"[0, 1, 2, 8, 15]"
31,15,0.6060606060606061,16 2  1 1 0 1 0 0 0 1 0 0 0 0 0 0 0 1,"[0, 1, 3, 7, 15]"
31,10,0.04246284501061571,11 2  1 1 0 1 0 0 0 0 0 1 1,"[0, 1, 3, 9, 10]"
31,10,0.056818181818181816,11 2  1 0 0 0 1 1 1 0 0 0 1,"[0, 1, 3, 16, 29]"
31,10,0.03225806451612903,11 2  1 0 1 0 1 1 1 0 0 1 1,"[0, 1, 3, 21, 24]"
31,10,0.0488997555012225,11 2  1 1 1 0 1 1 0 1 1 1 1,"[0, 1, 3, 22, 24]"
31,10,0.04962779156327544,11 2  1 1 1 1 0 1 1 0 1 1 1,"[0, 1, 4, 9, 23]"
31,10,0.04926108374384237,11 2  1 1 1 1 1 0 1 1 1 0 1,"[0, 1, 4, 10, 28]"
31,10,0.06191950464396285,11 2  1 1 1 0 1 1 0 1 0 0 1,"[0, 1, 4, 11, 24]"
31,10,0.04597701149425287,11 2  1 1 0 0 1 1 1 0 1 0 1,"[0, 1, 4, 13, 23]"
31,10,0.047619047619047616,11 2  1 1 0 1 0 0 0 0 0 1 1,"[0, 1, 4, 15, 20]"
31,10,0.04640371229698376,11 2  1 0 0 1 0 1 1 0 1 1 1,"[0, 1, 4, 19, 22]"
31,10,0.03868471953578337,11 2  1 0 1 1 1 0 1 1 1 1 1,"[0, 1, 4, 22, 28]"
31,10,0.03759398496240601,11 2  1 1 0 0 0 0 1 1 0 0 1,"[0, 1, 4, 25, 26]"
31,5,0.00048383975227404683,6 2  1 0 1 0 0 1,"[0, 1, 2, 9, 14]"
31,10,0.07633587786259542,11 2  1 1 1 1 0 1 1 0 1 1 1,"[0, 1, 5, 6, 17]"
31,10,0.030864197530864196,11 2  1 1 1 0 1 1 0 1 1 1 1,"[0, 1, 5, 6, 20]"
31,10,0.0411522633744856,11 2  1 1 0 1 0 0 0 0 0 1 1,"[0, 1, 5, 8, 27]"
31,15,0.5714285714285714,16 2  1 0 1 0 0 0 0 0 0 0 1 1 0 0 0 1,"[0, 1, 5, 21, 23]"
31,10,0.03189792663476874,11 2  1 1 0 0 0 0 0 1 0 1 1,"[0, 1, 5, 24, 27]"
31,10,0.0437636761487965,11 2  1 1 0 0 1 1 1 0 1 0 1,"[0, 1, 5, 17, 22]"
31,10,0.05917159763313609,11 2  1 0 0 0 1 1 1 0 0 0 1,"[0, 1, 5, 26, 30]"
31,10,0.037037037037037035,11 2  1 0 0 1 1 0 0 0 0 1 1,"[0, 1, 6, 7, 28]"
31,10,0.03231017770597738,11 2  1 1 0 0 0 0 1 1 0 0 1,"[0, 1, 6, 7, 10]"
31,10,0.03992015968063872,11 2  1 1 1 0 1 1 0 1 0 0 1,"[0, 1, 6, 8, 26]"
31,10,0.05194805194805195,11 2  1 0 1 1 0 1 0 1 1 0 1,"[0, 1, 6, 11, 12]"
31,10,0.055710306406685235,11 2  1 0 0 1 0 1 1 0 1 1 1,"[0, 1, 6, 24, 26]"
31,10,0.056657223796033995,11 2  1 1 1 1 1 0 1 1 1 0 1,"[0, 1, 7, 8, 18]"
31,10,0.03571428571428571,11 2  1 1 0 1 1 1 1 1 0 1 1,"[0, 1, 6, 25, 30]"
31,10,0.03558718861209965,11 2  1 0 1 1 1 0 1 1 1 1 1,"[0, 1, 7, 8, 21]"
31,10,0.04524886877828054,11 2  1 1 1 1 0 1 1 0 1 1 1,"[0, 1, 8, 10, 29]"
31,10,0.032679738562091505,11 2  1 1 0 0 0 0 0 1 0 1 1,"[0, 1, 7, 9, 10]"
31,10,0.06944444444444445,11 2  1 1 0 0 1 1 1 0 1 0 1,"[0, 1, 8, 11, 29]"
31,10,0.053475935828877004,11 2  1 1 0 0 0 0 1 1 0 0 1,"[0, 1, 8, 14, 22]"
31,15,0.5405405405405406,16 2  1 0 0 0 1 1 0 0 0 0 0 0 0 1 0 1,"[0, 1, 9, 11, 27]"
31,10,0.04962779156327544,11 2  1 0 0 1 0 1 1 0 1 1 1,"[0, 1, 8, 21, 28]"
31,10,0.0468384074941452,11 2  1 0 0 0 1 1 1 0 0 0 1,"[0, 1, 9, 17, 18]"
31,10,0.035523978685612786,11 2  1 0 1 0 1 1 1 0 0 1 1,"[0, 1, 9, 19, 28]"
31,10,0.047961630695443645,11 2  1 1 1 0 1 1 0 1 1 1 1,"[0, 1, 9, 23, 28]"
31,10,0.02663115845539281,11 2  1 1 1 0 1 1 0 1 0 0 1,"[0, 1, 10, 13, 28]"
31,10,0.045662100456621,11 2  1 0 1 0 1 1 1 0 0 1 1,"[0, 1, 10, 15, 27]"
31,10,0.046296296296296294,11 2  1 0 0 1 1 0 0 0 0 1 1,"[0, 1, 10, 18, 24]"
31,10,0.06369426751592357,11 2  1 1 0 0 0 0 0 1 0 1 1,"[0, 1, 12, 17, 28]"
31,10,0.0468384074941452,11 2  1 1 1 1 1 0 1 1 1 0 1,"[0, 1, 11, 24, 25]"
31,10,0.04524886877828054,11 2  1 1 1 1 0 1 1 0 1 1 1,"[0, 1, 12, 26, 27]"
31,10,0.04524886877828054,11 2  1 0 0 0 1 1 1 0 0 0 1,"[0, 1, 14, 15, 23]"
31,10,0.028288543140028287,11 2  1 1 0 1 1 1 1 1 0 1 1,"[0, 1, 13, 16, 19]"
31,10,0.042283298097251586,11 2  1 0 1 1 1 0 1 1 1 1 1,"[0, 1, 14, 24, 25]"
31,15,0.5263157894736842,16 2  1 0 0 0 0 0 0 0 1 0 0 0 1 0 1 1,"[0, 1, 17, 25, 29]"
31,10,0.0711743772241993,11 2  1 1 1 0 1 1 0 1 1 1 1,"[0, 1, 15, 26, 27]"
31,10,0.06430868167202572,11 2  1 0 1 1 0 1 0 1 1 0 1,"[0, 1, 20, 21, 26]"
31,10,0.03546099290780142,11 2  1 1 0 1 0 0 0 0 0 1 1,"[0, 1, 22, 23, 25]"
31,10,0.04201680672268908,11 2  1 1 0 0 0 0 0 1 0 1 1,"[0, 1, 22, 23, 29]"
31,10,0.04597701149425287,11 2  1 1 1 1 0 1 1 0 1 1 1,"[0, 2, 3, 10, 12]"
31,10,0.04914004914004914,11 2  1 0 0 1 1 0 0 0 0 1 1,"[0, 1, 22, 25, 26]"
31,15,0.4444444444444444,16 2  1 0 0 0 0 0 0 0 1 0 0 0 1 0 1 1,"[0, 2, 3, 19, 27]"
31,10,0.05509641873278237,11 2  1 1 0 0 1 1 1 0 1 0 1,"[0, 2, 3, 10, 13]"
31,10,0.04081632653061224,11 2  1 1 0 1 1 1 1 1 0 1 1,"[0, 2, 4, 14, 21]"
31,10,0.054945054945054944,11 2  1 1 1 1 1 0 1 1 1 0 1,"[0, 2, 5, 14, 16]"
31,10,0.031201248049921998,11 2  1 1 0 0 0 0 0 1 0 1 1,"[0, 2, 3, 24, 25]"
31,10,0.05102040816326531,11 2  1 0 0 1 1 0 0 0 0 1 1,"[0, 2, 5, 17, 20]"
31,10,0.05763688760806916,11 2  1 0 1 0 1 1 1 0 0 1 1,"[0, 2, 6, 11, 17]"
31,15,0.5714285714285714,16 2  1 1 0 1 0 0 0 1 0 0 0 0 0 0 0 1,"[0, 2, 6, 14, 30]"
31,10,0.03838771593090211,11 2  1 1 1 0 1 1 0 1 1 1 1,"[0, 2, 6, 13, 17]"
31,10,0.037383177570093455,11 2  1 0 0 1 0 1 1 0 1 1 1,"[0, 2, 7, 8, 13]"
31,10,0.03284072249589491,11 2  1 1 0 1 0 0 0 0 0 1 1,"[0, 2, 6, 18, 20]"
31,10,0.047619047619047616,11 2  1 0 1 0 1 1 1 0 0 1 1,"[0, 2, 7, 18, 25]"
31,10,0.05194805194805195,11 2  1 0 1 1 1 0 1 1 1 1 1,"[0, 2, 8, 13, 25]"
31,10,0.041237113402061855,11 2  1 1 0 0 1 1 1 0 1 0 1,"[0, 2, 8, 15, 26]"
31,10,0.044444444444444446,11 2  1 1 1 0 1 1 0 1 0 0 1,"[0, 2, 8, 17, 22]"
31,10,0.0468384074941452,11 2  1 1 0 0 0 0 1 1 0 0 1,"[0, 2, 8, 19, 21]"
31,10,0.03868471953578337,11 2  1 1 1 1 1 0 1 1 1 0 1,"[0, 2, 8, 20, 25]"
31,15,0.45454545454545453,16 2  1 0 1 0 0 0 0 0 0 0 1 1 0 0 0 1,"[0, 2, 10, 11, 15]"
31,10,0.04640371229698376,11 2  1 0 1 1 0 1 0 1 1 0 1,"[0, 2, 9, 11, 21]"
31,10,0.043859649122807015,11 2  1 0 1 1 1 0 1 1 1 1 1,"[0, 2, 11, 14, 16]"
31,10,0.0390625,11 2  1 0 0 1 0 1 1 0 1 1 1,"[0, 2, 11, 16, 25]"
31,10,0.05167958656330749,11 2  1 0 0 1 1 0 0 0 0 1 1,"[0, 2, 12, 14, 25]"
31,10,0.04106776180698152,11 2  1 1 0 0 0 0 1 1 0 0 1,"[0, 2, 12, 14, 20]"
31,10,0.062111801242236024,11 2  1 1 1 0 1 1 0 1 0 0 1,"[0, 2, 12, 16, 21]"
31,10,0.04329004329004329,11 2  1 1 0 1 1 1 1 1 0 1 1,"[0, 2, 12, 19, 29]"
31,15,0.5128205128205128,16 2  1 0 0 0 1 1 0 0 0 0 0 0 0 1 0 1,"[0, 2, 18, 22, 23]"
31,10,0.045454545454545456,11 2  1 0 1 1 0 1 0 1 1 0 1,"[0, 2, 12, 22, 24]"
31,15,0.5555555555555556,16 2  1 0 0 1 1 0 1 1 1 0 0 1 0 1 0 1,"[0, 3, 9, 14, 21]"
31,10,0.046189376443418015,11 2  1 0 1 1 0 1 0 1 1 0 1,"[0, 3, 6, 16, 21]"
31,15,0.5882352941176471,16 2  1 0 1 0 1 0 0 1 1 1 0 1 1 0 0 1,"[0, 3, 13, 20, 25]"
31,15,0.5128205128205128,16 2  1 0 0 0 1 1 0 0 0 0 0 0 0 1 0 1,"[0, 4, 5, 13, 15]"
31,15,0.6666666666666666,16 2  1 0 0 0 0 0 0 0 1 0 0 0 1 0 1 1,"[0, 4, 6, 7, 23]"
31,15,0.45454545454545453,16 2  1 1 0 1 0 0 0 1 0 0 0 0 0 0 0 1,"[0, 4, 12, 28, 29]"
31,15,0.5555555555555556,16 2  1 0 1 0 0 0 0 0 0 0 1 1 0 0 0 1,"[0, 4, 20, 22, 30]"
31,15,0.6060606060606061,16 2  1 0 1 0 1 0 0 1 1 1 0 1 1 0 0 1,"[0, 5, 11, 14, 24]"
31,15,0.5714285714285714,16 2  1 0 0 1 1 0 1 1 1 0 0 1 0 1 0 1,"[0, 5, 12, 22, 25]"
31,15,0.5128205128205128,16 2  1 0 1 0 1 0 0 1 1 1 0 1 1 0 0 1,"[0, 6, 9, 19, 26]"
31,15,0.5882352941176471,16 2  1 0 0 1 1 0 1 1 1 0 0 1 0 1 0 1,"[0, 6, 11, 18, 28]"
31,5,0.00026047771613138494,6 2  1 1 1 1 0 1,"[0, 1, 2, 8, 28]"
31,15,0.6451612903225806,16 2  1 0 1 0 1 0 0 1 1 1 0 1 1 0 0 1,"[0, 7, 12, 18, 21]"
31,15,0.6666666666666666,16 2  1 0 0 1 1 0 1 1 1 0 0 1 0 1 0 1,"[0, 7, 17, 20, 26]"
31,15,0.6060606060606061,16 2  1 0 1 0 0 0 0 0 0 0 1 1 0 0 0 1,"[0, 8, 9, 13, 29]"
31,15,0.46511627906976744,16 2  1 0 0 0 1 1 0 0 0 0 0 0 0 1 0 1,"[0, 8, 10, 26, 30]"
31,15,0.45454545454545453,16 2  1 0 0 0 0 0 0 0 1 0 0 0 1 0 1 1,"[0, 8, 12, 14, 15]"
31,15,0.5882352941176471,16 2  1 1 0 1 0 0 0 1 0 0 0 0 0 0 0 1,"[0, 8, 24, 25, 27]"
31,15,0.6451612903225806,16 2  1 0 0 1 1 0 1 1 1 0 0 1 0 1 0 1,"[0, 10, 13, 19, 24]"
31,15,0.4444444444444444,16 2  1 0 1 0 1 0 0 1 1 1 0 1 1 0 0 1,"[0, 10, 17, 22, 28]"
31,15,0.43478260869565216,16 2  1 1 0 1 0 0 0 1 0 0 0 0 0 0 0 1,"[0, 16, 17, 19, 23]"
31,15,0.5263157894736842,16 2  1 0 1 0 0 0 0 0 0 0 1 1 0 0 0 1,"[0, 16, 18, 26, 27]"
31,15,0.46511627906976744,16 2  1 0 0 0 1 1 0 0 0 0 0 0 0 1 0 1,"[0, 16, 20, 21, 29]"
31,15,0.4878048780487805,16 2  1 0 0 0 0 0 0 0 1 0 0 0 1 0 1 1,"[0, 16, 24, 28, 30]"
31,5,0.0002751561511157582,6 2  1 1 1 0 1 1,"[0, 1, 2, 9, 13]"
31,5,0.0002870264064293915,6 2  1 1 0 1 1 1,"[0, 1, 2, 9, 22]"
31,5,0.0004071412576593449,6 2  1 0 1 1 1 1,"[0, 1, 2, 10, 24]"
31,5,0.0002588192665061987,6 2  1 1 1 1 0 1,"[0, 1, 2, 9, 23]"
31,5,0.0002599326774365439,6 2  1 1 1 0 1 1,"[0, 1, 2, 10, 22]"
