42,6,0.00030310378273520856,7 2  1 1 1 0 1 0 1,"[0, 1, 2, 3, 32]"
42,6,0.0001852846899260714,7 2  1 0 1 0 1 1 1,"[0, 1, 2, 3, 13]"
42,6,0.00015485509434546622,7 2  1 1 1 0 1 0 1,"[0, 1, 2, 3, 11]"
42,6,0.0001381053329374314,7 2  1 0 1 0 1 1 1,"[0, 1, 2, 3, 34]"
42,6,0.00022607810998700052,7 2  1 1 1 0 1 0 1,"[0, 1, 2, 4, 6]"
42,7,0.0004605854040485457,8 2  1 1 1 0 1 0 0 1,"[0, 1, 2, 4, 7]"
42,8,0.004036326942482341,9 2  1 1 0 1 1 0 1 1 1,"[0, 1, 2, 6, 15]"
42,6,0.00023519727171164814,7 2  1 1 1 0 1 0 1,"[0, 1, 2, 4, 27]"
42,6,0.00019333758676024206,7 2  1 1 1 0 1 0 1,"[0, 1, 2, 6, 25]"
42,6,0.0030534351145038168,7 2  1 0 1 0 0 0 1,"[0, 1, 2, 6, 29]"
42,5,0.000017401230615029096,6 2  1 1 0 0 0 1,"[0, 1, 2, 3, 15]"
42,5,0.000013903864509621127,6 2  1 0 0 0 1 1,"[0, 1, 2, 3, 30]"
42,5,0.000012117929264011507,6 2  1 0 0 0 1 1,"[0, 1, 2, 3, 9]"
42,5,0.000012102156725350024,6 2  1 1 0 0 0 1,"[0, 1, 2, 3, 36]"
42,6,0.0021554046772281495,7 2  1 0 0 0 1 0 1,"[0, 1, 2, 10, 15]"
42,6,0.002905287623474724,7 2  1 0 0 0 1 0 1,"[0, 1, 2, 10, 29]"
42,7,0.00028786919223904657,8 2  1 0 0 1 0 1 1 1,"[0, 1, 2, 7, 34]"
42,7,0.0002807608619358461,8 2  1 1 1 0 1 0 0 1,"[0, 1, 2, 10, 37]"
42,6,0.00025115531444645366,7 2  1 0 1 0 1 1 1,"[0, 1, 2, 12, 20]"
42,6,0.00021663074206860697,7 2  1 0 1 0 1 1 1,"[0, 1, 2, 12, 41]"
42,7,0.0003500236265947951,8 2  1 1 1 0 1 0 0 1,"[0, 1, 2, 13, 22]"
42,5,0.000013498646760662243,6 2  1 1 0 0 0 1,"[0, 1, 2, 6, 21]"
42,6,0.002592016588906169,7 2  1 0 1 0 0 0 1,"[0, 1, 2, 15, 20]"
42,8,0.002617801047120419,9 2  1 1 1 0 1 1 0 1 1,"[0, 1, 2, 15, 24]"
42,6,0.0002919324468318031,7 2  1 0 1 0 1 1 1,"[0, 1, 2, 13, 24]"
42,6,0.00333000333000333,7 2  1 0 1 0 0 0 1,"[0, 1, 2, 15, 34]"
42,6,0.0019122287025528254,7 2  1 0 0 0 1 0 1,"[0, 1, 2, 15, 38]"
42,7,0.00023371311714869998,8 2  1 0 0 1 0 1 1 1,"[0, 1, 2, 13, 28]"
42,8,0.003276003276003276,9 2  1 1 0 1 1 0 1 1 1,"[0, 1, 2, 20, 29]"
42,7,0.00040503868119405405,8 2  1 1 1 0 1 0 0 1,"[0, 1, 2, 16, 31]"
42,5,0.000011829524719270592,6 2  1 0 0 0 1 1,"[0, 1, 2, 4, 28]"
42,6,0.0020624935547076417,7 2  1 0 0 0 1 0 1,"[0, 1, 2, 24, 29]"
42,6,0.0027427317608337905,7 2  1 0 1 0 0 0 1,"[0, 1, 2, 29, 34]"
42,8,0.0030707815138952864,9 2  1 1 1 0 1 1 0 1 1,"[0, 1, 2, 29, 38]"
42,7,0.00026981814257190655,8 2  1 0 0 1 0 1 1 1,"[0, 1, 2, 16, 19]"
42,5,0.00001252022799335176,6 2  1 0 0 0 1 1,"[0, 1, 2, 6, 36]"
42,10,0.006222775357809583,11 2  1 0 0 0 1 1 1 1 0 1 1,"[0, 1, 3, 6, 29]"
42,7,0.00048681936567436654,8 2  1 0 0 1 0 1 1 1,"[0, 1, 2, 22, 31]"
42,8,0.002540650406504065,9 2  1 1 0 1 0 0 1 0 1,"[0, 1, 3, 6, 8]"
42,9,0.08298755186721991,10 2  1 0 0 1 0 0 0 0 0 1,"[0, 1, 3, 9, 22]"
42,8,0.00396589331746976,9 2  1 1 0 1 0 0 1 0 1,"[0, 1, 3, 8, 27]"
42,6,0.0020548648926333093,7 2  1 0 1 0 0 0 1,"[0, 1, 3, 7, 14]"
42,6,0.0028698522026115655,7 2  1 0 0 0 1 0 1,"[0, 1, 3, 11, 14]"
42,9,0.05952380952380952,10 2  1 0 0 0 0 0 1 0 0 1,"[0, 1, 3, 15, 22]"
42,9,0.07272727272727272,10 2  1 0 0 1 0 0 0 0 0 1,"[0, 1, 3, 22, 30]"
42,9,0.06389776357827476,10 2  1 0 0 0 0 0 1 0 0 1,"[0, 1, 3, 22, 36]"
42,8,0.0032175032175032173,9 2  1 1 0 1 1 0 1 1 1,"[0, 1, 3, 14, 21]"
42,9,0.07936507936507936,10 2  1 0 0 1 0 0 0 0 0 1,"[0, 1, 4, 10, 21]"
42,8,0.003937783028155149,9 2  1 1 0 1 0 0 1 0 1,"[0, 1, 3, 27, 29]"
42,10,0.007535795026375283,11 2  1 1 0 1 1 1 1 0 0 0 1,"[0, 1, 4, 13, 14]"
42,11,0.03350083752093802,12 2  1 0 1 0 0 0 0 1 1 0 0 1,"[0, 1, 4, 14, 16]"
42,8,0.0016611295681063123,9 2  1 1 1 0 1 1 0 1 1,"[0, 1, 3, 14, 39]"
42,13,0.04555808656036447,14 2  1 1 0 1 1 0 0 1 0 0 1 1 1 1,"[0, 1, 4, 14, 37]"
42,8,0.005300821627352239,9 2  1 0 1 0 0 1 0 1 1,"[0, 1, 4, 13, 35]"
42,9,0.0796812749003984,10 2  1 0 0 0 0 0 1 0 0 1,"[0, 1, 4, 16, 21]"
42,9,0.09900990099009901,10 2  1 0 0 1 0 0 0 0 0 1,"[0, 1, 4, 21, 31]"
42,9,0.07633587786259542,10 2  1 0 0 0 0 0 1 0 0 1,"[0, 1, 4, 21, 37]"
42,11,0.023668639053254437,12 2  1 0 1 0 0 0 0 1 1 0 0 1,"[0, 1, 4, 16, 35]"
42,8,0.004201680672268907,9 2  1 0 1 0 0 1 0 1 1,"[0, 1, 4, 14, 34]"
42,8,0.006648936170212766,9 2  1 0 1 0 0 1 0 1 1,"[0, 1, 4, 34, 35]"
42,11,0.027816411682892908,12 2  1 0 1 0 0 0 0 1 1 0 0 1,"[0, 1, 4, 35, 37]"
42,8,0.002392630697451848,9 2  1 1 1 0 1 1 0 1 1,"[0, 1, 4, 29, 34]"
42,8,0.002175095160413268,9 2  1 1 0 1 1 0 1 1 1,"[0, 1, 4, 29, 40]"
42,7,0.00040268186119556246,8 2  1 0 0 1 0 1 1 1,"[0, 1, 2, 37, 40]"
42,8,0.003514320857494289,9 2  1 1 1 0 1 1 0 1 1,"[0, 1, 5, 7, 28]"
42,11,0.024271844660194174,12 2  1 0 0 1 1 0 0 0 0 1 0 1,"[0, 1, 6, 8, 18]"
42,11,0.03350083752093802,12 2  1 0 0 1 1 0 0 0 0 1 0 1,"[0, 1, 6, 8, 39]"
42,9,0.050761421319796954,10 2  1 0 0 0 0 0 1 0 0 1,"[0, 1, 6, 9, 22]"
42,9,0.07092198581560284,10 2  1 0 0 1 0 0 0 0 0 1,"[0, 1, 6, 18, 22]"
42,14,0.04310344827586207,15 2  1 0 1 0 1 1 0 1 0 1 0 0 1 1 1,"[0, 1, 6, 18, 29]"
42,13,0.039761431411530816,14 2  1 1 1 1 0 0 1 0 0 1 1 0 1 1,"[0, 1, 6, 29, 39]"
42,16,0.7692307692307693,17 2  1 1 1 0 0 0 0 1 1 1 0 0 0 0 1 1 1,"[0, 1, 7, 14, 22]"
42,14,0.7142857142857143,15 2  1 0 0 0 0 0 0 1 0 0 0 0 0 0 1,"[0, 1, 7, 22, 35]"
42,8,0.004533091568449683,9 2  1 1 0 1 0 0 1 0 1,"[0, 1, 6, 8, 24]"
42,8,0.006191950464396285,9 2  1 1 0 1 0 0 1 0 1,"[0, 1, 6, 24, 29]"
42,14,0.7142857142857143,15 2  1 0 0 0 0 0 0 1 0 0 0 0 0 0 1,"[0, 1, 8, 15, 21]"
42,5,0.00001181796318586288,6 2  1 1 0 0 0 1,"[0, 1, 2, 5, 23]"
42,14,0.6451612903225806,15 2  1 0 0 0 0 0 0 1 0 0 0 0 0 0 1,"[0, 1, 8, 21, 36]"
42,7,0.00029363401456424713,8 2  1 1 1 0 1 0 0 1,"[0, 1, 2, 25, 28]"
42,11,0.029154518950437316,12 2  1 0 0 1 1 0 0 0 0 1 0 1,"[0, 1, 8, 18, 27]"
42,11,0.026490066225165563,12 2  1 0 0 1 1 0 0 0 0 1 0 1,"[0, 1, 8, 27, 39]"
42,8,0.0025297242600556538,9 2  1 1 0 1 1 0 1 1 1,"[0, 1, 5, 13, 28]"
42,8,0.003621220351258374,9 2  1 0 1 0 0 1 0 1 1,"[0, 1, 8, 9, 12]"
42,12,0.0847457627118644,13 2  1 0 1 0 0 1 1 0 0 1 0 1 1,"[0, 1, 12, 15, 22]"
42,10,0.008309098462816784,11 2  1 1 0 1 1 1 1 0 0 0 1,"[0, 1, 9, 12, 29]"
42,14,0.7142857142857143,15 2  1 0 0 0 0 0 0 1 0 0 0 0 0 0 1,"[0, 1, 14, 22, 28]"
42,13,0.027972027972027972,14 2  1 1 0 1 1 0 0 1 0 0 1 1 1 1,"[0, 1, 14, 16, 25]"
42,8,0.0044603033006244425,9 2  1 0 1 0 0 1 0 1 1,"[0, 1, 8, 9, 33]"
42,10,0.007074637424831978,11 2  1 0 0 0 1 1 1 1 0 1 1,"[0, 1, 10, 13, 14]"
42,14,0.041666666666666664,15 2  1 1 1 0 0 1 0 1 0 1 1 0 1 0 1,"[0, 1, 14, 25, 37]"
42,14,0.6896551724137931,15 2  1 0 0 0 0 0 0 1 0 0 0 0 0 0 1,"[0, 1, 15, 21, 29]"
42,10,0.006289308176100629,11 2  1 0 0 0 1 1 1 1 0 1 1,"[0, 1, 9, 18, 29]"
42,12,0.05181347150259067,13 2  1 1 0 1 0 0 1 1 0 0 1 0 1,"[0, 1, 15, 22, 24]"
42,11,0.028409090909090908,12 2  1 0 1 0 0 0 0 1 1 0 0 1,"[0, 1, 16, 25, 35]"
42,13,0.03787878787878788,14 2  1 1 1 1 0 0 1 0 0 1 1 0 1 1,"[0, 1, 18, 27, 29]"
42,12,0.0684931506849315,13 2  1 0 1 0 0 1 1 0 0 1 0 1 1,"[0, 1, 19, 21, 28]"
42,16,0.625,17 2  1 1 1 0 0 0 0 1 1 1 0 0 0 0 1 1 1,"[0, 1, 21, 29, 36]"
42,12,0.06191950464396285,13 2  1 1 0 1 0 0 1 1 0 0 1 0 1,"[0, 1, 21, 28, 31]"
42,10,0.006887052341597796,11 2  1 1 0 1 1 1 1 0 0 0 1,"[0, 1, 14, 16, 19]"
42,10,0.007473841554559043,11 2  1 1 0 1 1 1 1 0 0 0 1,"[0, 1, 14, 25, 34]"
42,11,0.028050490883590462,12 2  1 0 1 0 0 0 0 1 1 0 0 1,"[0, 1, 25, 35, 37]"
42,11,0.04484304932735426,12 2  1 0 0 1 1 0 0 0 0 1 0 1,"[0, 1, 27, 29, 39]"
42,12,0.12738853503184713,13 2  1 0 0 0 1 0 0 0 1 0 1 0 1,"[0, 2, 4, 6, 26]"
42,12,0.09049773755656108,13 2  1 0 1 0 1 0 0 0 1 0 0 0 1,"[0, 2, 4, 6, 22]"
42,10,0.0070101647388713636,11 2  1 1 0 1 1 1 1 0 0 0 1,"[0, 1, 14, 37, 40]"
42,12,0.12048192771084337,13 2  1 0 1 0 1 0 0 0 1 0 0 0 1,"[0, 2, 4, 8, 12]"
42,10,0.03389830508474576,11 2  1 0 0 0 0 0 0 0 1 0 1,"[0, 2, 4, 6, 18]"
42,10,0.044444444444444446,11 2  1 0 0 0 0 0 0 0 1 0 1,"[0, 2, 4, 8, 14]"
42,10,0.03663003663003663,11 2  1 0 0 0 0 0 0 0 1 0 1,"[0, 2, 4, 12, 30]"
42,10,0.022753128555176336,11 2  1 0 1 0 0 0 0 0 0 0 1,"[0, 2, 4, 6, 30]"
42,10,0.0411522633744856,11 2  1 0 1 0 0 0 0 0 0 0 1,"[0, 2, 4, 14, 26]"
42,10,0.005274261603375527,11 2  1 0 0 0 1 1 1 1 0 1 1,"[0, 1, 14, 31, 34]"
42,10,0.041928721174004195,11 2  1 0 1 0 0 0 0 0 0 0 1,"[0, 2, 4, 18, 24]"
42,10,0.03824091778202677,11 2  1 0 0 0 0 0 0 0 1 0 1,"[0, 2, 4, 16, 40]"
42,12,0.08771929824561403,13 2  1 0 1 0 1 0 0 0 1 0 0 0 1,"[0, 2, 4, 20, 40]"
42,10,0.037243947858473,11 2  1 0 1 0 0 0 0 0 0 0 1,"[0, 2, 4, 16, 34]"
42,12,0.1111111111111111,13 2  1 0 0 0 1 0 0 0 1 0 1 0 1,"[0, 2, 4, 24, 40]"
42,10,0.029498525073746312,11 2  1 0 0 0 0 0 0 0 1 0 1,"[0, 2, 4, 20, 32]"
42,12,0.09803921568627451,13 2  1 0 0 0 1 0 0 0 1 0 1 0 1,"[0, 2, 4, 34, 38]"
42,12,0.13793103448275862,13 2  1 0 1 0 1 0 0 0 1 0 0 0 1,"[0, 2, 6, 10, 40]"
42,16,0.36363636363636365,17 2  1 0 1 0 0 0 1 0 0 0 0 0 1 0 0 0 1,"[0, 2, 6, 12, 16]"
42,12,0.07092198581560284,13 2  1 1 0 1 0 0 1 1 0 0 1 0 1,"[0, 2, 6, 9, 23]"
42,22,0.8695652173913043,23 2  1 0 0 0 1 0 0 0 0 0 0 0 0 0 1 0 1 0 0 0 0 0 1,"[0, 2, 8, 28, 32]"
42,16,0.38461538461538464,17 2  1 0 0 0 1 0 0 0 0 0 1 0 0 0 1 0 1,"[0, 2, 8, 26, 28]"
42,12,0.11764705882352941,13 2  1 0 1 0 1 0 0 0 1 0 0 0 1,"[0, 2, 6, 28, 34]"
42,16,0.5555555555555556,17 2  1 1 1 0 0 0 0 1 1 1 0 0 0 0 1 1 1,"[0, 2, 9, 16, 21]"
42,10,0.030211480362537766,11 2  1 0 1 0 0 0 0 0 0 0 1,"[0, 2, 4, 28, 40]"
42,12,0.12269938650306748,13 2  1 0 0 0 1 0 0 0 1 0 1 0 1,"[0, 2, 8, 18, 34]"
42,22,0.9090909090909091,23 2  1 0 0 0 0 0 1 0 1 0 0 0 0 0 0 0 0 0 1 0 0 0 1,"[0, 2, 12, 16, 36]"
42,12,0.2,13 2  1 0 0 0 1 0 0 0 1 0 1 0 1,"[0, 2, 10, 14, 30]"
42,16,0.5555555555555556,17 2  1 0 0 0 1 0 0 0 0 0 1 0 0 0 1 0 1,"[0, 2, 16, 18, 24]"
42,16,0.5714285714285714,17 2  1 0 1 0 0 0 1 0 0 0 0 0 1 0 0 0 1,"[0, 2, 16, 18, 36]"
42,16,0.5263157894736842,17 2  1 0 1 0 0 0 1 0 0 0 0 0 1 0 0 0 1,"[0, 2, 20, 26, 28]"
42,12,0.07246376811594203,13 2  1 0 1 0 0 1 1 0 0 1 0 1 1,"[0, 2, 9, 23, 24]"
42,13,0.04854368932038835,14 2  1 1 1 1 0 0 1 0 0 1 1 0 1 1,"[0, 2, 15, 16, 33]"
42,16,0.8,17 2  1 1 1 0 0 0 0 1 1 1 0 0 0 0 1 1 1,"[0, 2, 23, 28, 35]"
42,12,0.06993006993006994,13 2  1 1 0 1 0 0 1 1 0 0 1 0 1,"[0, 2, 20, 21, 35]"
42,12,0.08849557522123894,13 2  1 0 1 0 0 1 1 0 0 1 0 1 1,"[0, 2, 21, 35, 38]"
42,16,0.5263157894736842,17 2  1 0 0 0 1 0 0 0 0 0 1 0 0 0 1 0 1,"[0, 2, 28, 32, 38]"
42,13,0.03067484662576687,14 2  1 1 0 1 1 0 0 1 0 0 1 1 1 1,"[0, 2, 11, 28, 29]"
42,10,0.006495615459564794,11 2  1 0 0 0 1 1 1 1 0 1 1,"[0, 1, 24, 27, 29]"
42,16,0.625,17 2  1 1 1 0 0 0 0 1 1 1 0 0 0 0 1 1 1,"[0, 3, 7, 24, 35]"
42,12,0.07905138339920949,13 2  1 0 1 0 0 1 1 0 0 1 0 1 1,"[0, 3, 7, 9, 28]"
42,12,0.07575757575757576,13 2  1 1 0 1 0 0 1 1 0 0 1 0 1,"[0, 3, 7, 15, 28]"
42,13,0.03333333333333333,14 2  1 1 1 1 0 0 1 0 0 1 1 0 1 1,"[0, 3, 4, 9, 32]"
42,13,0.03731343283582089,14 2  1 1 1 1 0 0 1 0 0 1 1 0 1 1,"[0, 3, 11, 25, 30]"
42,16,0.35714285714285715,17 2  1 0 0 0 1 0 0 0 0 0 1 0 0 0 1 0 1,"[0, 4, 6, 32, 36]"
42,16,0.5405405405405406,17 2  1 0 0 0 1 0 0 0 0 0 1 0 0 0 1 0 1,"[0, 4, 10, 14, 16]"
42,16,0.35714285714285715,17 2  1 0 1 0 0 0 1 0 0 0 0 0 1 0 0 0 1,"[0, 4, 10, 14, 40]"
42,13,0.030395136778115502,14 2  1 1 0 1 1 0 0 1 0 0 1 1 1 1,"[0, 3, 13, 36, 41]"
42,16,0.43478260869565216,17 2  1 0 1 0 0 0 1 0 0 0 0 0 1 0 0 0 1,"[0, 4, 12, 24, 32]"
42,22,0.9523809523809523,23 2  1 0 0 0 1 0 0 0 0 0 0 0 0 0 1 0 1 0 0 0 0 0 1,"[0, 4, 14, 16, 22]"
42,22,0.7692307692307693,23 2  1 0 0 0 0 0 1 0 1 0 0 0 0 0 0 0 0 0 1 0 0 0 1,"[0, 4, 24, 30, 32]"
42,13,0.020768431983385256,14 2  1 1 0 1 1 0 0 1 0 0 1 1 1 1,"[0, 3, 15, 20, 34]"
42,14,0.05714285714285714,15 2  1 1 1 0 0 1 0 1 0 1 1 0 1 0 1,"[0, 5, 6, 19, 30]"
42,22,0.8333333333333334,23 2  1 0 0 0 0 0 1 0 1 0 0 0 0 0 0 0 0 0 1 0 0 0 1,"[0, 6, 8, 18, 22]"
42,22,0.8695652173913043,23 2  1 0 0 0 1 0 0 0 0 0 0 0 0 0 1 0 1 0 0 0 0 0 1,"[0, 6, 26, 30, 40]"
42,14,0.05167958656330749,15 2  1 0 1 0 1 1 0 1 0 1 0 0 1 1 1,"[0, 5, 17, 28, 41]"
42,22,0.8333333333333334,23 2  1 0 0 0 1 0 0 0 0 0 0 0 0 0 1 0 1 0 0 0 0 0 1,"[0, 10, 12, 18, 38]"
42,22,0.8,23 2  1 0 0 0 0 0 1 0 1 0 0 0 0 0 0 0 0 0 1 0 0 0 1,"[0, 10, 14, 34, 40]"
42,14,0.04357298474945534,15 2  1 1 1 0 0 1 0 1 0 1 1 0 1 0 1,"[0, 11, 23, 28, 29]"
42,14,0.03048780487804878,15 2  1 0 1 0 1 1 0 1 0 1 0 0 1 1 1,"[0, 11, 24, 25, 30]"
42,14,0.06369426751592357,15 2  1 0 1 0 1 1 0 1 0 1 0 0 1 1 1,"[0, 13, 14, 19, 31]"
42,14,0.0423728813559322,15 2  1 0 1 0 1 1 0 1 0 1 0 0 1 1 1,"[0, 12, 23, 36, 37]"
42,14,0.04784688995215311,15 2  1 1 1 0 0 1 0 1 0 1 1 0 1 0 1,"[0, 12, 17, 18, 31]"
42,14,0.03571428571428571,15 2  1 1 1 0 0 1 0 1 0 1 1 0 1 0 1,"[0, 13, 24, 36, 41]"
42,22,0.7692307692307693,23 2  1 0 0 0 1 0 0 0 0 0 0 0 0 0 1 0 1 0 0 0 0 0 1,"[0, 20, 24, 34, 36]"
42,22,0.8695652173913043,23 2  1 0 0 0 0 0 1 0 1 0 0 0 0 0 0 0 0 0 1 0 0 0 1,"[0, 20, 26, 28, 38]"
42,5,0.000013443742307658699,6 2  1 1 0 0 0 1,"[0, 1, 2, 7, 13]"
42,5,0.000014192872623226068,6 2  1 0 0 0 1 1,"[0, 1, 2, 7, 25]"
