73,9,0.000001067021828439002,10 2  1 1 0 1 0 0 1 0 0 1,"[0, 1, 3, 6, 9]"
73,9,0.0000011153192726891491,10 2  1 1 0 1 0 0 1 0 0 1,"[0, 1, 3, 5, 17]"
73,9,0.000001152454587094825,10 2  1 0 0 0 0 0 0 0 1 1,"[0, 1, 2, 48, 72]"
73,9,0.0000010437539571321899,10 2  1 1 0 1 0 0 1 0 0 1,"[0, 1, 2, 9, 14]"
73,9,0.0000011724534867183884,10 2  1 1 1 0 1 0 0 0 0 1,"[0, 1, 2, 4, 9]"
73,9,0.0000010764996730401368,10 2  1 0 0 1 1 0 0 1 0 1,"[0, 1, 2, 15, 17]"
73,9,0.0000010436917548246999,10 2  1 0 0 0 0 0 0 0 1 1,"[0, 1, 2, 8, 11]"
73,9,0.0000011926480167128152,10 2  1 0 1 0 0 1 1 0 0 1,"[0, 1, 2, 32, 48]"
73,9,0.000000999999000001,10 2  1 0 0 0 0 0 0 0 1 1,"[0, 1, 2, 3, 49]"
73,9,0.0000010571728597086156,10 2  1 0 0 0 0 1 0 1 1 1,"[0, 1, 2, 34, 38]"
73,9,0.0000011041060489443586,10 2  1 1 0 0 0 0 0 0 0 1,"[0, 1, 2, 3, 27]"
73,9,0.0000011008614791505093,10 2  1 0 0 1 0 0 1 0 1 1,"[0, 1, 2, 39, 67]"
73,9,0.000000999999000001,10 2  1 0 0 1 0 0 1 0 1 1,"[0, 1, 2, 18, 58]"
73,9,0.0000010493202555850333,10 2  1 1 0 0 0 0 0 0 0 1,"[0, 1, 2, 64, 67]"
73,9,0.0000011763267303957357,10 2  1 0 1 0 0 1 1 0 0 1,"[0, 1, 2, 58, 60]"
73,9,0.0000010478764260288313,10 2  1 1 0 0 0 0 0 0 0 1,"[0, 1, 2, 26, 72]"
73,9,0.0000010420344179800122,10 2  1 1 1 0 1 0 0 0 0 1,"[0, 1, 2, 26, 67]"
73,9,0.0000010775446378253943,10 2  1 1 1 0 1 0 0 0 0 1,"[0, 1, 2, 15, 52]"
73,9,0.000001063630130280332,10 2  1 0 0 1 0 0 1 0 1 1,"[0, 1, 2, 61, 66]"
73,9,0.000001191909816765916,10 2  1 0 0 0 0 0 0 0 1 1,"[0, 1, 4, 6, 29]"
73,9,0.0000010397382230281118,10 2  1 1 1 0 1 0 0 0 0 1,"[0, 1, 2, 20, 48]"
73,9,0.0000010714323979728499,10 2  1 1 0 0 0 0 0 0 0 1,"[0, 1, 3, 23, 57]"
73,9,0.0000011665860361284696,10 2  1 0 0 1 0 0 1 0 1 1,"[0, 1, 3, 24, 39]"
73,9,0.000001078790720911069,10 2  1 0 0 1 1 0 0 1 0 1,"[0, 1, 2, 27, 43]"
73,9,0.0000011432721179710486,10 2  1 0 0 1 0 0 1 0 1 1,"[0, 1, 3, 15, 47]"
73,9,0.0000010909396372189331,10 2  1 0 0 0 0 1 0 1 1 1,"[0, 1, 2, 23, 60]"
73,9,0.0000010737160275577807,10 2  1 1 0 1 0 0 1 0 0 1,"[0, 1, 2, 8, 36]"
73,9,0.000001000431386013649,10 2  1 1 0 1 0 0 1 0 0 1,"[0, 1, 2, 17, 57]"
73,9,0.0000010810504610572112,10 2  1 0 0 0 0 1 0 1 1 1,"[0, 1, 2, 8, 49]"
73,9,0.000001218339543311514,10 2  1 0 1 0 0 1 1 0 0 1,"[0, 1, 2, 25, 43]"
73,9,0.0000010690581068894542,10 2  1 0 1 0 0 1 1 0 0 1,"[0, 1, 3, 6, 24]"
73,9,0.0000010698090524567497,10 2  1 0 0 1 1 0 0 1 0 1,"[0, 1, 3, 22, 58]"
73,9,0.0000010780978386725769,10 2  1 0 0 0 0 0 0 0 1 1,"[0, 1, 4, 5, 33]"
73,9,0.0000010344584310120707,10 2  1 0 0 1 1 0 0 1 0 1,"[0, 1, 2, 32, 50]"
73,9,0.0000010822323422971032,10 2  1 0 0 0 0 1 0 1 1 1,"[0, 1, 2, 13, 53]"
73,9,0.0000010377022656828073,10 2  1 1 1 0 1 0 0 0 0 1,"[0, 1, 2, 22, 62]"
73,9,0.0000010955013129035485,10 2  1 1 0 0 0 0 0 0 0 1,"[0, 1, 3, 21, 41]"
73,9,0.0000010602998347681753,10 2  1 0 0 0 0 1 0 1 1 1,"[0, 1, 2, 27, 55]"
73,9,0.0000010632425719348724,10 2  1 0 0 1 1 0 0 1 0 1,"[0, 1, 3, 12, 44]"
73,9,0.0000010452743330326603,10 2  1 0 1 0 0 1 1 0 0 1,"[0, 1, 3, 13, 29]"
