75,8,0,9 2  1 1 1 0 1 0 0 0 1,"[0, 1, 2, 4, 8]"
75,8,0,9 2  1 1 1 0 1 0 0 0 1,"[0, 1, 2, 4, 23]"
75,8,0,9 2  1 1 1 0 1 0 0 0 1,"[0, 1, 2, 4, 38]"
75,8,0,9 2  1 1 1 0 1 0 0 0 1,"[0, 1, 2, 4, 53]"
75,8,0,9 2  1 1 1 0 1 0 0 0 1,"[0, 1, 2, 4, 68]"
75,8,0,9 2  1 1 1 0 1 0 0 0 1,"[0, 1, 2, 8, 19]"
75,8,0,9 2  1 1 1 0 1 0 0 0 1,"[0, 1, 2, 8, 34]"
75,8,0,9 2  1 1 1 0 1 0 0 0 1,"[0, 1, 2, 8, 49]"
75,8,0,9 2  1 1 1 0 1 0 0 0 1,"[0, 1, 2, 8, 64]"
75,8,0,9 2  1 0 0 0 1 0 1 1 1,"[0, 1, 2, 9, 13]"
75,8,0,9 2  1 0 0 0 1 0 1 1 1,"[0, 1, 2, 9, 28]"
75,8,0,9 2  1 0 0 0 1 0 1 1 1,"[0, 1, 2, 9, 43]"
75,8,0,9 2  1 0 0 0 1 0 1 1 1,"[0, 1, 2, 9, 58]"
75,8,0,9 2  1 0 0 0 1 0 1 1 1,"[0, 1, 2, 9, 73]"
75,8,0,9 2  1 0 0 0 1 0 1 1 1,"[0, 1, 2, 13, 24]"
75,8,0,9 2  1 0 0 0 1 0 1 1 1,"[0, 1, 2, 13, 39]"
75,8,0,9 2  1 0 0 0 1 0 1 1 1,"[0, 1, 2, 13, 54]"
75,8,0,9 2  1 0 0 0 1 0 1 1 1,"[0, 1, 2, 13, 69]"
75,8,0,9 2  1 1 1 0 1 0 0 0 1,"[0, 1, 2, 19, 23]"
75,8,0,9 2  1 1 1 0 1 0 0 0 1,"[0, 1, 2, 19, 38]"
75,8,0,9 2  1 1 1 0 1 0 0 0 1,"[0, 1, 2, 19, 53]"
75,8,0,9 2  1 1 1 0 1 0 0 0 1,"[0, 1, 2, 19, 68]"
75,8,0,9 2  1 1 1 0 1 0 0 0 1,"[0, 1, 2, 23, 34]"
75,8,0,9 2  1 1 1 0 1 0 0 0 1,"[0, 1, 2, 23, 49]"
75,8,0,9 2  1 1 1 0 1 0 0 0 1,"[0, 1, 2, 23, 64]"
75,8,0,9 2  1 0 0 0 1 0 1 1 1,"[0, 1, 2, 24, 28]"
75,8,0,9 2  1 0 0 0 1 0 1 1 1,"[0, 1, 2, 24, 43]"
75,8,0,9 2  1 0 0 0 1 0 1 1 1,"[0, 1, 2, 24, 58]"
75,8,0,9 2  1 0 0 0 1 0 1 1 1,"[0, 1, 2, 24, 73]"
75,8,0,9 2  1 0 0 0 1 0 1 1 1,"[0, 1, 2, 28, 39]"
75,8,0,9 2  1 0 0 0 1 0 1 1 1,"[0, 1, 2, 28, 54]"
75,8,0,9 2  1 0 0 0 1 0 1 1 1,"[0, 1, 2, 28, 69]"
75,8,0,9 2  1 1 1 0 1 0 0 0 1,"[0, 1, 2, 34, 38]"
75,8,0,9 2  1 1 1 0 1 0 0 0 1,"[0, 1, 2, 34, 53]"
75,8,0,9 2  1 1 1 0 1 0 0 0 1,"[0, 1, 2, 34, 68]"
75,8,0,9 2  1 1 1 0 1 0 0 0 1,"[0, 1, 2, 38, 49]"
75,8,0,9 2  1 1 1 0 1 0 0 0 1,"[0, 1, 2, 38, 64]"
75,8,0,9 2  1 0 0 0 1 0 1 1 1,"[0, 1, 2, 39, 58]"
75,8,0,9 2  1 0 0 0 1 0 1 1 1,"[0, 1, 2, 39, 43]"
75,8,0,9 2  1 0 0 0 1 0 1 1 1,"[0, 1, 2, 39, 73]"
75,8,0,9 2  1 0 0 0 1 0 1 1 1,"[0, 1, 2, 43, 54]"
75,8,0,9 2  1 0 0 0 1 0 1 1 1,"[0, 1, 2, 43, 69]"
75,8,0,9 2  1 1 1 0 1 0 0 0 1,"[0, 1, 2, 49, 53]"
75,8,0,9 2  1 1 1 0 1 0 0 0 1,"[0, 1, 2, 49, 68]"
75,8,0,9 2  1 1 1 0 1 0 0 0 1,"[0, 1, 2, 53, 64]"
75,8,0,9 2  1 0 0 0 1 0 1 1 1,"[0, 1, 2, 54, 58]"
75,8,0,9 2  1 0 0 0 1 0 1 1 1,"[0, 1, 2, 54, 73]"
75,8,0,9 2  1 0 0 0 1 0 1 1 1,"[0, 1, 2, 58, 69]"
75,8,0,9 2  1 1 1 0 1 0 0 0 1,"[0, 1, 2, 64, 68]"
75,8,0,9 2  1 0 0 0 1 0 1 1 1,"[0, 1, 2, 69, 73]"
75,8,0,9 2  1 1 1 0 1 0 0 0 1,"[0, 1, 3, 7, 14]"
75,8,0,9 2  1 1 1 0 1 0 0 0 1,"[0, 1, 3, 7, 29]"
75,8,0,9 2  1 1 1 0 1 0 0 0 1,"[0, 1, 3, 7, 44]"
75,8,0,9 2  1 1 1 0 1 0 0 0 1,"[0, 1, 3, 7, 74]"
75,8,0,9 2  1 1 1 0 1 0 0 0 1,"[0, 1, 3, 7, 59]"
75,8,0,9 2  1 1 1 0 1 0 0 0 1,"[0, 1, 3, 14, 22]"
75,8,0,9 2  1 1 1 0 1 0 0 0 1,"[0, 1, 3, 14, 37]"
75,8,0,9 2  1 1 1 0 1 0 0 0 1,"[0, 1, 3, 14, 52]"
75,8,0,9 2  1 1 1 0 1 0 0 0 1,"[0, 1, 3, 14, 67]"
75,8,0,9 2  1 1 1 0 1 0 0 0 1,"[0, 1, 3, 22, 29]"
75,8,0,9 2  1 1 1 0 1 0 0 0 1,"[0, 1, 3, 22, 44]"
75,8,0,9 2  1 1 1 0 1 0 0 0 1,"[0, 1, 3, 22, 59]"
75,8,0,9 2  1 1 1 0 1 0 0 0 1,"[0, 1, 3, 22, 74]"
75,8,0,9 2  1 1 1 0 1 0 0 0 1,"[0, 1, 3, 29, 37]"
75,8,0,9 2  1 1 1 0 1 0 0 0 1,"[0, 1, 3, 29, 52]"
75,8,0,9 2  1 1 1 0 1 0 0 0 1,"[0, 1, 3, 29, 67]"
75,8,0,9 2  1 1 1 0 1 0 0 0 1,"[0, 1, 3, 37, 44]"
75,8,0,9 2  1 1 1 0 1 0 0 0 1,"[0, 1, 3, 37, 59]"
75,8,0,9 2  1 1 1 0 1 0 0 0 1,"[0, 1, 3, 37, 74]"
75,8,0,9 2  1 1 1 0 1 0 0 0 1,"[0, 1, 3, 44, 52]"
75,8,0,9 2  1 1 1 0 1 0 0 0 1,"[0, 1, 3, 44, 67]"
75,8,0,9 2  1 1 1 0 1 0 0 0 1,"[0, 1, 3, 52, 59]"
75,8,0,9 2  1 1 1 0 1 0 0 0 1,"[0, 1, 3, 52, 74]"
75,8,0,9 2  1 1 1 0 1 0 0 0 1,"[0, 1, 3, 59, 67]"
75,8,0,9 2  1 1 1 0 1 0 0 0 1,"[0, 1, 3, 67, 74]"
75,8,0,9 2  1 1 1 0 1 0 0 0 1,"[0, 1, 4, 8, 17]"
75,8,0,9 2  1 1 1 0 1 0 0 0 1,"[0, 1, 4, 8, 32]"
75,8,0,9 2  1 1 1 0 1 0 0 0 1,"[0, 1, 4, 8, 62]"
75,8,0,9 2  1 1 1 0 1 0 0 0 1,"[0, 1, 4, 8, 47]"
75,8,0,9 2  1 1 1 0 1 0 0 0 1,"[0, 1, 4, 17, 23]"
75,8,0,9 2  1 1 1 0 1 0 0 0 1,"[0, 1, 4, 17, 38]"
75,8,0,9 2  1 1 1 0 1 0 0 0 1,"[0, 1, 4, 17, 53]"
75,8,0,9 2  1 1 1 0 1 0 0 0 1,"[0, 1, 4, 17, 68]"
75,8,0,9 2  1 1 1 0 1 0 0 0 1,"[0, 1, 4, 23, 32]"
75,8,0,9 2  1 1 1 0 1 0 0 0 1,"[0, 1, 4, 23, 47]"
75,8,0,9 2  1 1 1 0 1 0 0 0 1,"[0, 1, 4, 23, 62]"
75,8,0,9 2  1 1 1 0 1 0 0 0 1,"[0, 1, 4, 32, 38]"
75,8,0,9 2  1 1 1 0 1 0 0 0 1,"[0, 1, 4, 32, 53]"
75,8,0,9 2  1 1 1 0 1 0 0 0 1,"[0, 1, 4, 32, 68]"
75,8,0,9 2  1 1 1 0 1 0 0 0 1,"[0, 1, 4, 38, 47]"
75,8,0,9 2  1 1 1 0 1 0 0 0 1,"[0, 1, 4, 38, 62]"
75,8,0,9 2  1 1 1 0 1 0 0 0 1,"[0, 1, 4, 47, 53]"
75,8,0,9 2  1 1 1 0 1 0 0 0 1,"[0, 1, 4, 47, 68]"
75,8,0,9 2  1 1 1 0 1 0 0 0 1,"[0, 1, 4, 53, 62]"
75,8,0,9 2  1 1 1 0 1 0 0 0 1,"[0, 1, 4, 62, 68]"
75,10,0,11 2  1 0 0 0 0 1 0 0 0 0 1,"[0, 1, 5, 10, 16]"
75,10,0,11 2  1 0 0 0 0 1 0 0 0 0 1,"[0, 1, 5, 10, 31]"
75,10,0,11 2  1 0 0 0 0 1 0 0 0 0 1,"[0, 1, 5, 10, 46]"
75,10,0,11 2  1 0 0 0 0 1 0 0 0 0 1,"[0, 1, 5, 10, 61]"
75,10,0,11 2  1 0 0 0 0 1 0 0 0 0 1,"[0, 1, 5, 16, 25]"
75,10,0,11 2  1 0 0 0 0 1 0 0 0 0 1,"[0, 1, 5, 16, 40]"
75,10,0,11 2  1 0 0 0 0 1 0 0 0 0 1,"[0, 1, 5, 16, 55]"
75,10,0,11 2  1 0 0 0 0 1 0 0 0 0 1,"[0, 1, 5, 16, 70]"
75,10,0,11 2  1 0 0 0 0 1 0 0 0 0 1,"[0, 1, 5, 25, 31]"
75,10,0,11 2  1 0 0 0 0 1 0 0 0 0 1,"[0, 1, 5, 25, 46]"
75,10,0,11 2  1 0 0 0 0 1 0 0 0 0 1,"[0, 1, 5, 25, 61]"
75,10,0,11 2  1 0 0 0 0 1 0 0 0 0 1,"[0, 1, 5, 31, 40]"
75,10,0,11 2  1 0 0 0 0 1 0 0 0 0 1,"[0, 1, 5, 31, 55]"
75,10,0,11 2  1 0 0 0 0 1 0 0 0 0 1,"[0, 1, 5, 31, 70]"
75,10,0,11 2  1 0 0 0 0 1 0 0 0 0 1,"[0, 1, 5, 40, 46]"
75,10,0,11 2  1 0 0 0 0 1 0 0 0 0 1,"[0, 1, 5, 40, 61]"
75,10,0,11 2  1 0 0 0 0 1 0 0 0 0 1,"[0, 1, 5, 46, 55]"
75,10,0,11 2  1 0 0 0 0 1 0 0 0 0 1,"[0, 1, 5, 46, 70]"
75,10,0,11 2  1 0 0 0 0 1 0 0 0 0 1,"[0, 1, 5, 55, 61]"
75,10,0,11 2  1 0 0 0 0 1 0 0 0 0 1,"[0, 1, 5, 61, 70]"
75,10,0,11 2  1 0 0 0 0 1 0 0 0 0 1,"[0, 1, 6, 11, 15]"
75,10,0,11 2  1 0 0 0 0 1 0 0 0 0 1,"[0, 1, 6, 11, 30]"
75,10,0,11 2  1 0 0 0 0 1 0 0 0 0 1,"[0, 1, 6, 11, 45]"
75,10,0,11 2  1 0 0 0 0 1 0 0 0 0 1,"[0, 1, 6, 11, 60]"
75,10,0,11 2  1 0 0 0 0 1 0 0 0 0 1,"[0, 1, 6, 15, 26]"
75,10,0,11 2  1 0 0 0 0 1 0 0 0 0 1,"[0, 1, 6, 15, 41]"
75,10,0,11 2  1 0 0 0 0 1 0 0 0 0 1,"[0, 1, 6, 15, 56]"
75,10,0,11 2  1 0 0 0 0 1 0 0 0 0 1,"[0, 1, 6, 15, 71]"
75,10,0,11 2  1 0 0 0 0 1 0 0 0 0 1,"[0, 1, 6, 26, 30]"
75,10,0,11 2  1 0 0 0 0 1 0 0 0 0 1,"[0, 1, 6, 26, 45]"
75,10,0,11 2  1 0 0 0 0 1 0 0 0 0 1,"[0, 1, 6, 26, 60]"
75,10,0,11 2  1 0 0 0 0 1 0 0 0 0 1,"[0, 1, 6, 30, 41]"
75,10,0,11 2  1 0 0 0 0 1 0 0 0 0 1,"[0, 1, 6, 30, 56]"
75,10,0,11 2  1 0 0 0 0 1 0 0 0 0 1,"[0, 1, 6, 30, 71]"
75,10,0,11 2  1 0 0 0 0 1 0 0 0 0 1,"[0, 1, 6, 41, 45]"
75,10,0,11 2  1 0 0 0 0 1 0 0 0 0 1,"[0, 1, 6, 41, 60]"
75,10,0,11 2  1 0 0 0 0 1 0 0 0 0 1,"[0, 1, 6, 45, 56]"
75,10,0,11 2  1 0 0 0 0 1 0 0 0 0 1,"[0, 1, 6, 45, 71]"
75,10,0,11 2  1 0 0 0 0 1 0 0 0 0 1,"[0, 1, 6, 56, 60]"
75,10,0,11 2  1 0 0 0 0 1 0 0 0 0 1,"[0, 1, 6, 60, 71]"
75,8,0,9 2  1 1 1 0 1 0 0 0 1,"[0, 1, 7, 14, 18]"
75,8,0,9 2  1 1 1 0 1 0 0 0 1,"[0, 1, 7, 14, 33]"
75,8,0,9 2  1 1 1 0 1 0 0 0 1,"[0, 1, 7, 14, 48]"
75,8,0,9 2  1 1 1 0 1 0 0 0 1,"[0, 1, 7, 14, 63]"
75,8,0,9 2  1 1 1 0 1 0 0 0 1,"[0, 1, 7, 18, 29]"
75,8,0,9 2  1 1 1 0 1 0 0 0 1,"[0, 1, 7, 18, 44]"
75,8,0,9 2  1 1 1 0 1 0 0 0 1,"[0, 1, 7, 18, 59]"
75,8,0,9 2  1 1 1 0 1 0 0 0 1,"[0, 1, 7, 18, 74]"
75,8,0,9 2  1 1 1 0 1 0 0 0 1,"[0, 1, 7, 29, 33]"
75,8,0,9 2  1 1 1 0 1 0 0 0 1,"[0, 1, 7, 29, 48]"
75,8,0,9 2  1 1 1 0 1 0 0 0 1,"[0, 1, 7, 29, 63]"
75,8,0,9 2  1 1 1 0 1 0 0 0 1,"[0, 1, 7, 33, 44]"
75,8,0,9 2  1 1 1 0 1 0 0 0 1,"[0, 1, 7, 33, 59]"
75,8,0,9 2  1 1 1 0 1 0 0 0 1,"[0, 1, 7, 33, 74]"
75,8,0,9 2  1 1 1 0 1 0 0 0 1,"[0, 1, 7, 44, 48]"
75,8,0,9 2  1 1 1 0 1 0 0 0 1,"[0, 1, 7, 44, 63]"
75,8,0,9 2  1 1 1 0 1 0 0 0 1,"[0, 1, 7, 48, 59]"
75,8,0,9 2  1 1 1 0 1 0 0 0 1,"[0, 1, 7, 48, 74]"
75,8,0,9 2  1 1 1 0 1 0 0 0 1,"[0, 1, 7, 59, 63]"
75,8,0,9 2  1 1 1 0 1 0 0 0 1,"[0, 1, 7, 63, 74]"
75,8,0,9 2  1 0 0 0 1 0 1 1 1,"[0, 1, 8, 12, 14]"
75,8,0,9 2  1 0 0 0 1 0 1 1 1,"[0, 1, 8, 12, 29]"
75,8,0,9 2  1 0 0 0 1 0 1 1 1,"[0, 1, 8, 12, 44]"
75,8,0,9 2  1 0 0 0 1 0 1 1 1,"[0, 1, 8, 12, 59]"
75,8,0,9 2  1 0 0 0 1 0 1 1 1,"[0, 1, 8, 12, 74]"
75,8,0,9 2  1 0 0 0 1 0 1 1 1,"[0, 1, 8, 14, 27]"
75,8,0,9 2  1 0 0 0 1 0 1 1 1,"[0, 1, 8, 14, 42]"
75,8,0,9 2  1 0 0 0 1 0 1 1 1,"[0, 1, 8, 14, 57]"
75,8,0,9 2  1 0 0 0 1 0 1 1 1,"[0, 1, 8, 14, 72]"
75,8,0,9 2  1 1 1 0 1 0 0 0 1,"[0, 1, 8, 17, 19]"
75,8,0,9 2  1 1 1 0 1 0 0 0 1,"[0, 1, 8, 17, 34]"
75,8,0,9 2  1 1 1 0 1 0 0 0 1,"[0, 1, 8, 17, 49]"
75,8,0,9 2  1 1 1 0 1 0 0 0 1,"[0, 1, 8, 17, 64]"
75,8,0,9 2  1 1 1 0 1 0 0 0 1,"[0, 1, 8, 19, 32]"
75,8,0,9 2  1 1 1 0 1 0 0 0 1,"[0, 1, 8, 19, 47]"
75,8,0,9 2  1 1 1 0 1 0 0 0 1,"[0, 1, 8, 19, 62]"
75,8,0,9 2  1 0 0 0 1 0 1 1 1,"[0, 1, 8, 27, 29]"
75,8,0,9 2  1 0 0 0 1 0 1 1 1,"[0, 1, 8, 27, 44]"
75,8,0,9 2  1 0 0 0 1 0 1 1 1,"[0, 1, 8, 27, 59]"
75,8,0,9 2  1 0 0 0 1 0 1 1 1,"[0, 1, 8, 27, 74]"
75,8,0,9 2  1 0 0 0 1 0 1 1 1,"[0, 1, 8, 29, 42]"
75,8,0,9 2  1 0 0 0 1 0 1 1 1,"[0, 1, 8, 29, 57]"
75,8,0,9 2  1 0 0 0 1 0 1 1 1,"[0, 1, 8, 29, 72]"
75,8,0,9 2  1 1 1 0 1 0 0 0 1,"[0, 1, 8, 32, 34]"
75,8,0,9 2  1 1 1 0 1 0 0 0 1,"[0, 1, 8, 32, 49]"
75,8,0,9 2  1 1 1 0 1 0 0 0 1,"[0, 1, 8, 32, 64]"
75,8,0,9 2  1 0 0 0 1 0 1 1 1,"[0, 1, 8, 42, 44]"
75,8,0,9 2  1 0 0 0 1 0 1 1 1,"[0, 1, 8, 42, 59]"
75,8,0,9 2  1 0 0 0 1 0 1 1 1,"[0, 1, 8, 42, 74]"
75,8,0,9 2  1 0 0 0 1 0 1 1 1,"[0, 1, 8, 44, 57]"
75,8,0,9 2  1 0 0 0 1 0 1 1 1,"[0, 1, 8, 44, 72]"
75,8,0,9 2  1 0 0 0 1 0 1 1 1,"[0, 1, 8, 57, 59]"
75,8,0,9 2  1 0 0 0 1 0 1 1 1,"[0, 1, 8, 57, 74]"
75,8,0,9 2  1 0 0 0 1 0 1 1 1,"[0, 1, 8, 59, 72]"
75,8,0,9 2  1 0 0 0 1 0 1 1 1,"[0, 1, 8, 72, 74]"
75,8,0,9 2  1 0 0 0 1 0 1 1 1,"[0, 1, 9, 13, 17]"
75,8,0,9 2  1 0 0 0 1 0 1 1 1,"[0, 1, 9, 13, 32]"
75,8,0,9 2  1 0 0 0 1 0 1 1 1,"[0, 1, 9, 13, 47]"
75,8,0,9 2  1 0 0 0 1 0 1 1 1,"[0, 1, 9, 13, 62]"
75,8,0,9 2  1 0 0 0 1 0 1 1 1,"[0, 1, 9, 17, 28]"
75,8,0,9 2  1 0 0 0 1 0 1 1 1,"[0, 1, 9, 17, 43]"
75,8,0,9 2  1 0 0 0 1 0 1 1 1,"[0, 1, 9, 17, 58]"
75,8,0,9 2  1 0 0 0 1 0 1 1 1,"[0, 1, 9, 17, 73]"
75,8,0,9 2  1 0 0 0 1 0 1 1 1,"[0, 1, 9, 28, 32]"
75,8,0,9 2  1 0 0 0 1 0 1 1 1,"[0, 1, 9, 28, 47]"
75,8,0,9 2  1 0 0 0 1 0 1 1 1,"[0, 1, 9, 28, 62]"
75,8,0,9 2  1 0 0 0 1 0 1 1 1,"[0, 1, 9, 32, 43]"
75,8,0,9 2  1 0 0 0 1 0 1 1 1,"[0, 1, 9, 32, 58]"
75,8,0,9 2  1 0 0 0 1 0 1 1 1,"[0, 1, 9, 32, 73]"
75,8,0,9 2  1 0 0 0 1 0 1 1 1,"[0, 1, 9, 43, 47]"
75,8,0,9 2  1 0 0 0 1 0 1 1 1,"[0, 1, 9, 43, 62]"
75,8,0,9 2  1 0 0 0 1 0 1 1 1,"[0, 1, 9, 47, 58]"
75,8,0,9 2  1 0 0 0 1 0 1 1 1,"[0, 1, 9, 47, 73]"
75,8,0,9 2  1 0 0 0 1 0 1 1 1,"[0, 1, 9, 58, 62]"
75,8,0,9 2  1 0 0 0 1 0 1 1 1,"[0, 1, 9, 62, 73]"
75,10,0,11 2  1 0 0 0 0 1 0 0 0 0 1,"[0, 1, 10, 16, 20]"
75,10,0,11 2  1 0 0 0 0 1 0 0 0 0 1,"[0, 1, 10, 16, 35]"
75,10,0,11 2  1 0 0 0 0 1 0 0 0 0 1,"[0, 1, 10, 16, 50]"
75,10,0,11 2  1 0 0 0 0 1 0 0 0 0 1,"[0, 1, 10, 16, 65]"
75,10,0,11 2  1 0 0 0 0 1 0 0 0 0 1,"[0, 1, 10, 20, 31]"
75,10,0,11 2  1 0 0 0 0 1 0 0 0 0 1,"[0, 1, 10, 20, 46]"
75,10,0,11 2  1 0 0 0 0 1 0 0 0 0 1,"[0, 1, 10, 20, 61]"
75,10,0,11 2  1 0 0 0 0 1 0 0 0 0 1,"[0, 1, 10, 31, 35]"
75,10,0,11 2  1 0 0 0 0 1 0 0 0 0 1,"[0, 1, 10, 31, 50]"
75,10,0,11 2  1 0 0 0 0 1 0 0 0 0 1,"[0, 1, 10, 31, 65]"
75,10,0,11 2  1 0 0 0 0 1 0 0 0 0 1,"[0, 1, 10, 35, 46]"
75,10,0,11 2  1 0 0 0 0 1 0 0 0 0 1,"[0, 1, 10, 35, 61]"
75,10,0,11 2  1 0 0 0 0 1 0 0 0 0 1,"[0, 1, 10, 46, 50]"
75,10,0,11 2  1 0 0 0 0 1 0 0 0 0 1,"[0, 1, 10, 46, 65]"
75,10,0,11 2  1 0 0 0 0 1 0 0 0 0 1,"[0, 1, 10, 50, 61]"
75,10,0,11 2  1 0 0 0 0 1 0 0 0 0 1,"[0, 1, 10, 61, 65]"
75,10,0,11 2  1 0 0 0 0 1 0 0 0 0 1,"[0, 1, 11, 15, 21]"
75,10,0,11 2  1 0 0 0 0 1 0 0 0 0 1,"[0, 1, 11, 15, 36]"
75,10,0,11 2  1 0 0 0 0 1 0 0 0 0 1,"[0, 1, 11, 15, 51]"
75,10,0,11 2  1 0 0 0 0 1 0 0 0 0 1,"[0, 1, 11, 15, 66]"
75,10,0,11 2  1 0 0 0 0 1 0 0 0 0 1,"[0, 1, 11, 21, 30]"
75,10,0,11 2  1 0 0 0 0 1 0 0 0 0 1,"[0, 1, 11, 21, 45]"
75,10,0,11 2  1 0 0 0 0 1 0 0 0 0 1,"[0, 1, 11, 21, 60]"
75,10,0,11 2  1 0 0 0 0 1 0 0 0 0 1,"[0, 1, 11, 30, 36]"
75,10,0,11 2  1 0 0 0 0 1 0 0 0 0 1,"[0, 1, 11, 30, 51]"
75,10,0,11 2  1 0 0 0 0 1 0 0 0 0 1,"[0, 1, 11, 30, 66]"
75,10,0,11 2  1 0 0 0 0 1 0 0 0 0 1,"[0, 1, 11, 36, 45]"
75,10,0,11 2  1 0 0 0 0 1 0 0 0 0 1,"[0, 1, 11, 36, 60]"
75,10,0,11 2  1 0 0 0 0 1 0 0 0 0 1,"[0, 1, 11, 45, 51]"
75,10,0,11 2  1 0 0 0 0 1 0 0 0 0 1,"[0, 1, 11, 45, 66]"
75,10,0,11 2  1 0 0 0 0 1 0 0 0 0 1,"[0, 1, 11, 51, 60]"
75,10,0,11 2  1 0 0 0 0 1 0 0 0 0 1,"[0, 1, 11, 60, 66]"
75,8,0,9 2  1 0 0 0 1 0 1 1 1,"[0, 1, 12, 14, 23]"
75,8,0,9 2  1 0 0 0 1 0 1 1 1,"[0, 1, 12, 14, 38]"
75,8,0,9 2  1 0 0 0 1 0 1 1 1,"[0, 1, 12, 14, 68]"
75,8,0,9 2  1 0 0 0 1 0 1 1 1,"[0, 1, 12, 14, 53]"
75,8,0,9 2  1 0 0 0 1 0 1 1 1,"[0, 1, 12, 23, 29]"
75,8,0,9 2  1 0 0 0 1 0 1 1 1,"[0, 1, 12, 23, 44]"
75,8,0,9 2  1 0 0 0 1 0 1 1 1,"[0, 1, 12, 23, 59]"
75,8,0,9 2  1 0 0 0 1 0 1 1 1,"[0, 1, 12, 23, 74]"
75,8,0,9 2  1 0 0 0 1 0 1 1 1,"[0, 1, 12, 29, 38]"
75,8,0,9 2  1 0 0 0 1 0 1 1 1,"[0, 1, 12, 29, 53]"
75,8,0,9 2  1 0 0 0 1 0 1 1 1,"[0, 1, 12, 29, 68]"
75,8,0,9 2  1 0 0 0 1 0 1 1 1,"[0, 1, 12, 38, 44]"
75,8,0,9 2  1 0 0 0 1 0 1 1 1,"[0, 1, 12, 38, 59]"
75,8,0,9 2  1 0 0 0 1 0 1 1 1,"[0, 1, 12, 38, 74]"
75,8,0,9 2  1 0 0 0 1 0 1 1 1,"[0, 1, 12, 44, 53]"
75,8,0,9 2  1 0 0 0 1 0 1 1 1,"[0, 1, 12, 44, 68]"
75,8,0,9 2  1 0 0 0 1 0 1 1 1,"[0, 1, 12, 53, 59]"
75,8,0,9 2  1 0 0 0 1 0 1 1 1,"[0, 1, 12, 53, 74]"
75,8,0,9 2  1 0 0 0 1 0 1 1 1,"[0, 1, 12, 59, 68]"
75,8,0,9 2  1 0 0 0 1 0 1 1 1,"[0, 1, 12, 68, 74]"
75,8,0,9 2  1 0 0 0 1 0 1 1 1,"[0, 1, 13, 17, 24]"
75,8,0,9 2  1 0 0 0 1 0 1 1 1,"[0, 1, 13, 17, 39]"
75,8,0,9 2  1 0 0 0 1 0 1 1 1,"[0, 1, 13, 17, 54]"
75,8,0,9 2  1 0 0 0 1 0 1 1 1,"[0, 1, 13, 17, 69]"
75,8,0,9 2  1 0 0 0 1 0 1 1 1,"[0, 1, 13, 24, 32]"
75,8,0,9 2  1 0 0 0 1 0 1 1 1,"[0, 1, 13, 24, 47]"
75,8,0,9 2  1 0 0 0 1 0 1 1 1,"[0, 1, 13, 24, 62]"
75,8,0,9 2  1 0 0 0 1 0 1 1 1,"[0, 1, 13, 32, 39]"
75,8,0,9 2  1 0 0 0 1 0 1 1 1,"[0, 1, 13, 32, 54]"
75,8,0,9 2  1 0 0 0 1 0 1 1 1,"[0, 1, 13, 32, 69]"
75,10,0,11 2  1 0 0 0 0 1 0 0 0 0 1,"[0, 1, 15, 21, 26]"
75,10,0,11 2  1 0 0 0 0 1 0 0 0 0 1,"[0, 1, 15, 21, 41]"
75,10,0,11 2  1 0 0 0 0 1 0 0 0 0 1,"[0, 1, 15, 21, 56]"
75,10,0,11 2  1 0 0 0 0 1 0 0 0 0 1,"[0, 1, 15, 21, 71]"
75,10,0,11 2  1 0 0 0 0 1 0 0 0 0 1,"[0, 1, 15, 26, 36]"
75,10,0,11 2  1 0 0 0 0 1 0 0 0 0 1,"[0, 1, 15, 26, 51]"
75,10,0,11 2  1 0 0 0 0 1 0 0 0 0 1,"[0, 1, 15, 26, 66]"
75,10,0,11 2  1 0 0 0 0 1 0 0 0 0 1,"[0, 1, 15, 36, 41]"
75,10,0,11 2  1 0 0 0 0 1 0 0 0 0 1,"[0, 1, 15, 36, 56]"
75,10,0,11 2  1 0 0 0 0 1 0 0 0 0 1,"[0, 1, 15, 36, 71]"
75,10,0,11 2  1 0 0 0 0 1 0 0 0 0 1,"[0, 1, 15, 41, 51]"
75,10,0,11 2  1 0 0 0 0 1 0 0 0 0 1,"[0, 1, 15, 41, 66]"
75,10,0,11 2  1 0 0 0 0 1 0 0 0 0 1,"[0, 1, 15, 51, 56]"
75,10,0,11 2  1 0 0 0 0 1 0 0 0 0 1,"[0, 1, 15, 51, 71]"
75,10,0,11 2  1 0 0 0 0 1 0 0 0 0 1,"[0, 1, 15, 56, 66]"
75,10,0,11 2  1 0 0 0 0 1 0 0 0 0 1,"[0, 1, 15, 66, 71]"
75,10,0,11 2  1 0 0 0 0 1 0 0 0 0 1,"[0, 1, 16, 20, 25]"
75,10,0,11 2  1 0 0 0 0 1 0 0 0 0 1,"[0, 1, 16, 20, 40]"
75,10,0,11 2  1 0 0 0 0 1 0 0 0 0 1,"[0, 1, 16, 20, 55]"
75,10,0,11 2  1 0 0 0 0 1 0 0 0 0 1,"[0, 1, 16, 20, 70]"
75,10,0,11 2  1 0 0 0 0 1 0 0 0 0 1,"[0, 1, 16, 25, 35]"
75,10,0,11 2  1 0 0 0 0 1 0 0 0 0 1,"[0, 1, 16, 25, 50]"
75,10,0,11 2  1 0 0 0 0 1 0 0 0 0 1,"[0, 1, 16, 25, 65]"
75,10,0,11 2  1 0 0 0 0 1 0 0 0 0 1,"[0, 1, 16, 35, 40]"
75,10,0,11 2  1 0 0 0 0 1 0 0 0 0 1,"[0, 1, 16, 35, 55]"
75,10,0,11 2  1 0 0 0 0 1 0 0 0 0 1,"[0, 1, 16, 35, 70]"
75,10,0,11 2  1 0 0 0 0 1 0 0 0 0 1,"[0, 1, 16, 40, 50]"
75,10,0,11 2  1 0 0 0 0 1 0 0 0 0 1,"[0, 1, 16, 40, 65]"
75,12,0,13 2  1 0 0 1 0 0 1 0 0 1 0 0 1,"[0, 3, 6, 9, 12]"
75,12,0,13 2  1 0 0 1 0 0 1 0 0 1 0 0 1,"[0, 3, 6, 9, 27]"
75,12,0,13 2  1 0 0 1 0 0 1 0 0 1 0 0 1,"[0, 3, 6, 9, 42]"
75,12,0,13 2  1 0 0 1 0 0 1 0 0 1 0 0 1,"[0, 3, 6, 9, 57]"
75,12,0,13 2  1 0 0 1 0 0 1 0 0 1 0 0 1,"[0, 3, 6, 9, 72]"
75,12,0,13 2  1 0 0 1 0 0 1 0 0 1 0 0 1,"[0, 3, 6, 12, 24]"
75,12,0,13 2  1 0 0 1 0 0 1 0 0 1 0 0 1,"[0, 3, 6, 12, 39]"
75,12,0,13 2  1 0 0 1 0 0 1 0 0 1 0 0 1,"[0, 3, 6, 12, 54]"
75,12,0,13 2  1 0 0 1 0 0 1 0 0 1 0 0 1,"[0, 3, 6, 12, 69]"
75,12,0,13 2  1 0 0 1 0 0 1 0 0 1 0 0 1,"[0, 3, 6, 24, 27]"
75,12,0,13 2  1 0 0 1 0 0 1 0 0 1 0 0 1,"[0, 3, 6, 24, 42]"
75,12,0,13 2  1 0 0 1 0 0 1 0 0 1 0 0 1,"[0, 3, 6, 24, 57]"
75,12,0,13 2  1 0 0 1 0 0 1 0 0 1 0 0 1,"[0, 3, 6, 24, 72]"
75,12,0,13 2  1 0 0 1 0 0 1 0 0 1 0 0 1,"[0, 3, 6, 27, 39]"
75,12,0,13 2  1 0 0 1 0 0 1 0 0 1 0 0 1,"[0, 3, 6, 27, 54]"
75,12,0,13 2  1 0 0 1 0 0 1 0 0 1 0 0 1,"[0, 3, 6, 27, 69]"
75,12,0,13 2  1 0 0 1 0 0 1 0 0 1 0 0 1,"[0, 3, 6, 39, 42]"
75,12,0,13 2  1 0 0 1 0 0 1 0 0 1 0 0 1,"[0, 3, 6, 39, 57]"
75,12,0,13 2  1 0 0 1 0 0 1 0 0 1 0 0 1,"[0, 3, 6, 39, 72]"
75,12,0,13 2  1 0 0 1 0 0 1 0 0 1 0 0 1,"[0, 3, 6, 42, 54]"
75,12,0,13 2  1 0 0 1 0 0 1 0 0 1 0 0 1,"[0, 3, 6, 42, 69]"
75,12,0,13 2  1 0 0 1 0 0 1 0 0 1 0 0 1,"[0, 3, 6, 54, 57]"
75,12,0,13 2  1 0 0 1 0 0 1 0 0 1 0 0 1,"[0, 3, 6, 54, 72]"
75,12,0,13 2  1 0 0 1 0 0 1 0 0 1 0 0 1,"[0, 3, 6, 57, 69]"
75,12,0,13 2  1 0 0 1 0 0 1 0 0 1 0 0 1,"[0, 3, 6, 69, 72]"
75,12,0,13 2  1 0 0 1 0 0 1 0 0 1 0 0 1,"[0, 3, 9, 12, 21]"
75,12,0,13 2  1 0 0 1 0 0 1 0 0 1 0 0 1,"[0, 3, 9, 12, 36]"
75,12,0,13 2  1 0 0 1 0 0 1 0 0 1 0 0 1,"[0, 3, 9, 12, 51]"
75,12,0,13 2  1 0 0 1 0 0 1 0 0 1 0 0 1,"[0, 3, 9, 12, 66]"
75,12,0,13 2  1 0 0 1 0 0 1 0 0 1 0 0 1,"[0, 3, 9, 21, 27]"
75,12,0,13 2  1 0 0 1 0 0 1 0 0 1 0 0 1,"[0, 3, 9, 21, 42]"
75,12,0,13 2  1 0 0 1 0 0 1 0 0 1 0 0 1,"[0, 3, 9, 21, 57]"
75,12,0,13 2  1 0 0 1 0 0 1 0 0 1 0 0 1,"[0, 3, 9, 21, 72]"
75,12,0,13 2  1 0 0 1 0 0 1 0 0 1 0 0 1,"[0, 3, 9, 27, 36]"
75,12,0,13 2  1 0 0 1 0 0 1 0 0 1 0 0 1,"[0, 3, 9, 27, 51]"
75,12,0,13 2  1 0 0 1 0 0 1 0 0 1 0 0 1,"[0, 3, 9, 27, 66]"
75,12,0,13 2  1 0 0 1 0 0 1 0 0 1 0 0 1,"[0, 3, 9, 36, 42]"
75,12,0,13 2  1 0 0 1 0 0 1 0 0 1 0 0 1,"[0, 3, 9, 36, 57]"
75,12,0,13 2  1 0 0 1 0 0 1 0 0 1 0 0 1,"[0, 3, 9, 36, 72]"
75,12,0,13 2  1 0 0 1 0 0 1 0 0 1 0 0 1,"[0, 3, 9, 42, 51]"
75,12,0,13 2  1 0 0 1 0 0 1 0 0 1 0 0 1,"[0, 3, 9, 42, 66]"
75,12,0,13 2  1 0 0 1 0 0 1 0 0 1 0 0 1,"[0, 3, 9, 51, 57]"
75,12,0,13 2  1 0 0 1 0 0 1 0 0 1 0 0 1,"[0, 3, 9, 51, 72]"
75,12,0,13 2  1 0 0 1 0 0 1 0 0 1 0 0 1,"[0, 3, 9, 57, 66]"
75,12,0,13 2  1 0 0 1 0 0 1 0 0 1 0 0 1,"[0, 3, 9, 66, 72]"
75,12,0,13 2  1 0 0 1 0 0 1 0 0 1 0 0 1,"[0, 3, 12, 21, 24]"
75,12,0,13 2  1 0 0 1 0 0 1 0 0 1 0 0 1,"[0, 3, 12, 21, 39]"
75,12,0,13 2  1 0 0 1 0 0 1 0 0 1 0 0 1,"[0, 3, 12, 21, 54]"
75,12,0,13 2  1 0 0 1 0 0 1 0 0 1 0 0 1,"[0, 3, 12, 21, 69]"
75,12,0,13 2  1 0 0 1 0 0 1 0 0 1 0 0 1,"[0, 3, 12, 24, 36]"
75,12,0,13 2  1 0 0 1 0 0 1 0 0 1 0 0 1,"[0, 3, 12, 24, 51]"
75,12,0,13 2  1 0 0 1 0 0 1 0 0 1 0 0 1,"[0, 3, 12, 24, 66]"
75,12,0,13 2  1 0 0 1 0 0 1 0 0 1 0 0 1,"[0, 3, 12, 36, 39]"
75,12,0,13 2  1 0 0 1 0 0 1 0 0 1 0 0 1,"[0, 3, 12, 36, 54]"
75,12,0,13 2  1 0 0 1 0 0 1 0 0 1 0 0 1,"[0, 3, 12, 36, 69]"
75,12,0,13 2  1 0 0 1 0 0 1 0 0 1 0 0 1,"[0, 3, 12, 39, 51]"
75,12,0,13 2  1 0 0 1 0 0 1 0 0 1 0 0 1,"[0, 3, 12, 39, 66]"
75,12,0,13 2  1 0 0 1 0 0 1 0 0 1 0 0 1,"[0, 3, 12, 51, 54]"
75,12,0,13 2  1 0 0 1 0 0 1 0 0 1 0 0 1,"[0, 3, 12, 51, 69]"
75,12,0,13 2  1 0 0 1 0 0 1 0 0 1 0 0 1,"[0, 3, 12, 54, 66]"
75,12,0,13 2  1 0 0 1 0 0 1 0 0 1 0 0 1,"[0, 3, 12, 66, 69]"
75,12,0,13 2  1 0 0 1 0 0 1 0 0 1 0 0 1,"[0, 3, 21, 24, 27]"
75,12,0,13 2  1 0 0 1 0 0 1 0 0 1 0 0 1,"[0, 3, 21, 24, 42]"
75,12,0,13 2  1 0 0 1 0 0 1 0 0 1 0 0 1,"[0, 3, 21, 24, 57]"
75,12,0,13 2  1 0 0 1 0 0 1 0 0 1 0 0 1,"[0, 3, 21, 24, 72]"
75,12,0,13 2  1 0 0 1 0 0 1 0 0 1 0 0 1,"[0, 3, 21, 27, 39]"
75,12,0,13 2  1 0 0 1 0 0 1 0 0 1 0 0 1,"[0, 3, 21, 27, 54]"
75,12,0,13 2  1 0 0 1 0 0 1 0 0 1 0 0 1,"[0, 3, 21, 27, 69]"
75,12,0,13 2  1 0 0 1 0 0 1 0 0 1 0 0 1,"[0, 3, 21, 39, 42]"
75,12,0,13 2  1 0 0 1 0 0 1 0 0 1 0 0 1,"[0, 3, 21, 39, 57]"
75,12,0,13 2  1 0 0 1 0 0 1 0 0 1 0 0 1,"[0, 3, 21, 39, 72]"
75,12,0,13 2  1 0 0 1 0 0 1 0 0 1 0 0 1,"[0, 3, 21, 42, 54]"
75,12,0,13 2  1 0 0 1 0 0 1 0 0 1 0 0 1,"[0, 3, 21, 42, 69]"
75,12,0,13 2  1 0 0 1 0 0 1 0 0 1 0 0 1,"[0, 3, 21, 54, 57]"
75,12,0,13 2  1 0 0 1 0 0 1 0 0 1 0 0 1,"[0, 3, 21, 54, 72]"
75,12,0,13 2  1 0 0 1 0 0 1 0 0 1 0 0 1,"[0, 3, 21, 57, 69]"
75,12,0,13 2  1 0 0 1 0 0 1 0 0 1 0 0 1,"[0, 3, 21, 69, 72]"
75,12,0,13 2  1 0 0 1 0 0 1 0 0 1 0 0 1,"[0, 3, 24, 27, 36]"
75,12,0,13 2  1 0 0 1 0 0 1 0 0 1 0 0 1,"[0, 3, 24, 27, 51]"
75,12,0,13 2  1 0 0 1 0 0 1 0 0 1 0 0 1,"[0, 3, 24, 27, 66]"
75,12,0,13 2  1 0 0 1 0 0 1 0 0 1 0 0 1,"[0, 3, 24, 36, 42]"
75,12,0,13 2  1 0 0 1 0 0 1 0 0 1 0 0 1,"[0, 3, 24, 36, 57]"
75,12,0,13 2  1 0 0 1 0 0 1 0 0 1 0 0 1,"[0, 3, 24, 36, 72]"
75,12,0,13 2  1 0 0 1 0 0 1 0 0 1 0 0 1,"[0, 3, 24, 42, 51]"
75,12,0,13 2  1 0 0 1 0 0 1 0 0 1 0 0 1,"[0, 3, 24, 42, 66]"
75,12,0,13 2  1 0 0 1 0 0 1 0 0 1 0 0 1,"[0, 3, 24, 51, 57]"
75,12,0,13 2  1 0 0 1 0 0 1 0 0 1 0 0 1,"[0, 3, 24, 51, 72]"
75,12,0,13 2  1 0 0 1 0 0 1 0 0 1 0 0 1,"[0, 3, 24, 57, 66]"
75,12,0,13 2  1 0 0 1 0 0 1 0 0 1 0 0 1,"[0, 3, 24, 66, 72]"
75,12,0,13 2  1 0 0 1 0 0 1 0 0 1 0 0 1,"[0, 3, 27, 36, 39]"
75,12,0,13 2  1 0 0 1 0 0 1 0 0 1 0 0 1,"[0, 3, 27, 36, 54]"
75,12,0,13 2  1 0 0 1 0 0 1 0 0 1 0 0 1,"[0, 3, 27, 36, 69]"
75,12,0,13 2  1 0 0 1 0 0 1 0 0 1 0 0 1,"[0, 3, 27, 39, 51]"
75,12,0,13 2  1 0 0 1 0 0 1 0 0 1 0 0 1,"[0, 3, 27, 39, 66]"
75,12,0,13 2  1 0 0 1 0 0 1 0 0 1 0 0 1,"[0, 3, 27, 51, 54]"
75,12,0,13 2  1 0 0 1 0 0 1 0 0 1 0 0 1,"[0, 3, 27, 51, 69]"
75,12,0,13 2  1 0 0 1 0 0 1 0 0 1 0 0 1,"[0, 3, 27, 54, 66]"
75,12,0,13 2  1 0 0 1 0 0 1 0 0 1 0 0 1,"[0, 3, 27, 66, 69]"
75,12,0,13 2  1 0 0 1 0 0 1 0 0 1 0 0 1,"[0, 3, 36, 39, 42]"
75,12,0,13 2  1 0 0 1 0 0 1 0 0 1 0 0 1,"[0, 3, 36, 39, 57]"
75,20,0,21 2  1 0 0 0 0 1 0 0 0 0 1 0 0 0 0 1 0 0 0 0 1,"[0, 5, 10, 15, 20]"
75,30,0,31 2  1 0 0 0 0 1 0 0 0 0 1 0 0 0 0 1 0 0 0 0 0 0 0 0 0 0 0 0 0 0 1,"[0, 5, 10, 15, 30]"
75,30,0,31 2  1 0 0 0 0 0 0 0 0 0 1 0 0 0 0 1 0 0 0 0 1 0 0 0 0 0 0 0 0 0 1,"[0, 5, 10, 15, 45]"
75,30,0,31 2  1 0 0 0 0 0 0 0 0 0 0 0 0 0 0 1 0 0 0 0 1 0 0 0 0 1 0 0 0 0 1,"[0, 5, 10, 15, 60]"
75,40,0,41 2  1 0 0 0 0 1 0 0 0 0 1 0 0 0 0 0 0 0 0 0 1 0 0 0 0 0 0 0 0 0 0 0 0 0 0 0 0 0 0 0 1,"[0, 5, 10, 20, 40]"
75,20,0,21 2  1 0 0 0 0 1 0 0 0 0 1 0 0 0 0 1 0 0 0 0 1,"[0, 5, 10, 15, 70]"
75,30,0,31 2  1 0 0 0 0 0 0 0 0 0 1 0 0 0 0 1 0 0 0 0 1 0 0 0 0 0 0 0 0 0 1,"[0, 5, 10, 20, 65]"
75,30,0,31 2  1 0 0 0 0 1 0 0 0 0 1 0 0 0 0 1 0 0 0 0 0 0 0 0 0 0 0 0 0 0 1,"[0, 5, 10, 25, 70]"
75,20,0,21 2  1 0 0 0 0 1 0 0 0 0 0 0 0 0 0 0 0 0 0 0 1,"[0, 5, 10, 30, 35]"
75,20,0,21 2  1 0 0 0 0 1 0 0 0 0 1 0 0 0 0 1 0 0 0 0 1,"[0, 5, 10, 40, 45]"
75,30,0,31 2  1 0 0 0 0 0 0 0 0 0 1 0 0 0 0 1 0 0 0 0 1 0 0 0 0 0 0 0 0 0 1,"[0, 5, 10, 40, 70]"
75,40,0,41 2  1 0 0 0 0 0 0 0 0 0 0 0 0 0 0 0 0 0 0 0 1 0 0 0 0 0 0 0 0 0 1 0 0 0 0 1 0 0 0 0 1,"[0, 5, 10, 45, 65]"
75,20,0,21 2  1 0 0 0 0 0 0 0 0 0 0 0 0 0 0 1 0 0 0 0 1,"[0, 5, 10, 50, 55]"
75,30,0,31 2  1 0 0 0 0 0 0 0 0 0 0 0 0 0 0 1 0 0 0 0 1 0 0 0 0 1 0 0 0 0 1,"[0, 5, 10, 55, 70]"
75,20,0,21 2  1 0 0 0 0 1 0 0 0 0 1 0 0 0 0 1 0 0 0 0 1,"[0, 5, 10, 65, 70]"
75,20,0,21 2  1 0 0 0 0 1 0 0 0 0 1 0 0 0 0 1 0 0 0 0 1,"[0, 5, 15, 20, 35]"
75,20,0,21 2  1 0 0 0 0 1 0 0 0 0 1 0 0 0 0 1 0 0 0 0 1,"[0, 5, 15, 20, 60]"
75,20,0,21 2  1 0 0 0 0 1 0 0 0 0 0 0 0 0 0 0 0 0 0 0 1,"[0, 5, 15, 25, 65]"
75,20,0,21 2  1 0 0 0 0 1 0 0 0 0 0 0 0 0 0 0 0 0 0 0 1,"[0, 5, 15, 30, 50]"
75,20,0,21 2  1 0 0 0 0 1 0 0 0 0 1 0 0 0 0 1 0 0 0 0 1,"[0, 5, 15, 35, 45]"
75,40,0,41 2  1 0 0 0 0 1 0 0 0 0 1 0 0 0 0 0 0 0 0 0 1 0 0 0 0 0 0 0 0 0 0 0 0 0 0 0 0 0 0 0 1,"[0, 5, 15, 35, 70]"
75,30,0,31 2  1 0 0 0 0 1 0 0 0 0 1 0 0 0 0 1 0 0 0 0 0 0 0 0 0 0 0 0 0 0 1,"[0, 5, 15, 40, 45]"
75,20,0,21 2  1 0 0 0 0 1 0 0 0 0 0 0 0 0 0 0 0 0 0 0 1,"[0, 5, 15, 40, 55]"
75,20,0,21 2  1 0 0 0 0 1 0 0 0 0 1 0 0 0 0 1 0 0 0 0 1,"[0, 5, 15, 45, 60]"
75,20,0,21 2  1 0 0 0 0 0 0 0 0 0 0 0 0 0 0 1 0 0 0 0 1,"[0, 5, 15, 55, 65]"
75,30,0,31 2  1 0 0 0 0 0 0 0 0 0 1 0 0 0 0 1 0 0 0 0 1 0 0 0 0 0 0 0 0 0 1,"[0, 5, 15, 60, 70]"
75,20,0,21 2  1 0 0 0 0 0 0 0 0 0 0 0 0 0 0 1 0 0 0 0 1,"[0, 5, 20, 30, 45]"
75,30,0,31 2  1 0 0 0 0 0 0 0 0 0 1 0 0 0 0 1 0 0 0 0 1 0 0 0 0 0 0 0 0 0 1,"[0, 5, 20, 35, 40]"
75,30,0,31 2  1 0 0 0 0 1 0 0 0 0 1 0 0 0 0 1 0 0 0 0 0 0 0 0 0 0 0 0 0 0 1,"[0, 5, 20, 35, 55]"
75,20,0,21 2  1 0 0 0 0 1 0 0 0 0 1 0 0 0 0 1 0 0 0 0 1,"[0, 5, 20, 35, 65]"
75,20,0,21 2  1 0 0 0 0 1 0 0 0 0 1 0 0 0 0 1 0 0 0 0 1,"[0, 5, 20, 40, 60]"
75,20,0,21 2  1 0 0 0 0 1 0 0 0 0 1 0 0 0 0 1 0 0 0 0 1,"[0, 5, 20, 60, 65]"
75,30,0,31 2  1 0 0 0 0 1 0 0 0 0 1 0 0 0 0 1 0 0 0 0 0 0 0 0 0 0 0 0 0 0 1,"[0, 5, 20, 65, 70]"
75,20,0,21 2  1 0 0 0 0 0 0 0 0 0 0 0 0 0 0 1 0 0 0 0 1,"[0, 5, 25, 30, 35]"
75,20,0,21 2  1 0 0 0 0 1 0 0 0 0 0 0 0 0 0 0 0 0 0 0 1,"[0, 5, 25, 30, 70]"
75,20,0,21 2  1 0 0 0 0 1 0 0 0 0 0 0 0 0 0 0 0 0 0 0 1,"[0, 5, 25, 35, 55]"
75,20,0,21 2  1 0 0 0 0 0 0 0 0 0 0 0 0 0 0 1 0 0 0 0 1,"[0, 5, 25, 40, 65]"
75,20,0,21 2  1 0 0 0 0 0 0 0 0 0 0 0 0 0 0 1 0 0 0 0 1,"[0, 5, 25, 45, 55]"
75,30,0,31 2  1 0 0 0 0 0 0 0 0 0 0 0 0 0 0 1 0 0 0 0 1 0 0 0 0 1 0 0 0 0 1,"[0, 5, 25, 45, 60]"
75,30,0,31 2  1 0 0 0 0 0 0 0 0 0 0 0 0 0 0 1 0 0 0 0 1 0 0 0 0 1 0 0 0 0 1,"[0, 5, 30, 40, 45]"
75,20,0,21 2  1 0 0 0 0 0 0 0 0 0 0 0 0 0 0 1 0 0 0 0 1,"[0, 5, 30, 50, 65]"
75,20,0,21 2  1 0 0 0 0 1 0 0 0 0 1 0 0 0 0 1 0 0 0 0 1,"[0, 5, 35, 40, 45]"
75,30,0,31 2  1 0 0 0 0 1 0 0 0 0 1 0 0 0 0 1 0 0 0 0 0 0 0 0 0 0 0 0 0 0 1,"[0, 5, 35, 40, 50]"
75,20,0,21 2  1 0 0 0 0 1 0 0 0 0 1 0 0 0 0 1 0 0 0 0 1,"[0, 5, 35, 40, 70]"
75,30,0,31 2  1 0 0 0 0 0 0 0 0 0 0 0 0 0 0 1 0 0 0 0 1 0 0 0 0 1 0 0 0 0 1,"[0, 5, 35, 40, 65]"
75,20,0,21 2  1 0 0 0 0 1 0 0 0 0 1 0 0 0 0 1 0 0 0 0 1,"[0, 5, 35, 45, 65]"
75,20,0,21 2  1 0 0 0 0 1 0 0 0 0 0 0 0 0 0 0 0 0 0 0 1,"[0, 5, 35, 50, 60]"
75,30,0,31 2  1 0 0 0 0 0 0 0 0 0 1 0 0 0 0 1 0 0 0 0 1 0 0 0 0 0 0 0 0 0 1,"[0, 5, 35, 65, 70]"
75,30,0,31 2  1 0 0 0 0 0 0 0 0 0 1 0 0 0 0 1 0 0 0 0 1 0 0 0 0 0 0 0 0 0 1,"[0, 5, 40, 45, 60]"
75,40,0,41 2  1 0 0 0 0 0 0 0 0 0 0 0 0 0 0 0 0 0 0 0 1 0 0 0 0 0 0 0 0 0 1 0 0 0 0 1 0 0 0 0 1,"[0, 5, 40, 60, 70]"
75,20,0,21 2  1 0 0 0 0 1 0 0 0 0 0 0 0 0 0 0 0 0 0 0 1,"[0, 5, 45, 50, 55]"
75,20,0,21 2  1 0 0 0 0 0 0 0 0 0 0 0 0 0 0 1 0 0 0 0 1,"[0, 5, 45, 50, 70]"
75,20,0,21 2  1 0 0 0 0 1 0 0 0 0 1 0 0 0 0 1 0 0 0 0 1,"[0, 5, 45, 60, 65]"
75,30,0,31 2  1 0 0 0 0 0 0 0 0 0 0 0 0 0 0 1 0 0 0 0 1 0 0 0 0 1 0 0 0 0 1,"[0, 5, 50, 65, 70]"
75,20,0,21 2  1 0 0 0 0 1 0 0 0 0 1 0 0 0 0 1 0 0 0 0 1,"[0, 5, 60, 65, 70]"
75,30,0,31 2  1 0 0 0 0 0 0 0 0 0 1 0 0 0 0 1 0 0 0 0 1 0 0 0 0 0 0 0 0 0 1,"[0, 10, 15, 20, 30]"
75,40,0,41 2  1 0 0 0 0 0 0 0 0 0 0 0 0 0 0 0 0 0 0 0 1 0 0 0 0 0 0 0 0 0 1 0 0 0 0 1 0 0 0 0 1,"[0, 10, 15, 20, 55]"
75,20,0,21 2  1 0 0 0 0 1 0 0 0 0 0 0 0 0 0 0 0 0 0 0 1,"[0, 10, 15, 25, 35]"
75,20,0,21 2  1 0 0 0 0 0 0 0 0 0 0 0 0 0 0 1 0 0 0 0 1,"[0, 10, 15, 25, 65]"
75,20,0,21 2  1 0 0 0 0 1 0 0 0 0 1 0 0 0 0 1 0 0 0 0 1,"[0, 10, 15, 30, 45]"
75,20,0,21 2  1 0 0 0 0 1 0 0 0 0 1 0 0 0 0 1 0 0 0 0 1,"[0, 10, 15, 30, 70]"
75,20,0,21 2  1 0 0 0 0 0 0 0 0 0 0 0 0 0 0 1 0 0 0 0 1,"[0, 10, 15, 35, 50]"
75,20,0,21 2  1 0 0 0 0 0 0 0 0 0 0 0 0 0 0 1 0 0 0 0 1,"[0, 10, 15, 40, 60]"
75,30,0,31 2  1 0 0 0 0 0 0 0 0 0 0 0 0 0 0 1 0 0 0 0 1 0 0 0 0 1 0 0 0 0 1,"[0, 10, 15, 45, 50]"
75,20,0,21 2  1 0 0 0 0 1 0 0 0 0 1 0 0 0 0 1 0 0 0 0 1,"[0, 10, 15, 45, 55]"
75,20,0,21 2  1 0 0 0 0 1 0 0 0 0 1 0 0 0 0 1 0 0 0 0 1,"[0, 10, 15, 55, 70]"
75,20,0,21 2  1 0 0 0 0 0 0 0 0 0 0 0 0 0 0 1 0 0 0 0 1,"[0, 10, 20, 25, 35]"
75,20,0,21 2  1 0 0 0 0 1 0 0 0 0 1 0 0 0 0 1 0 0 0 0 1,"[0, 10, 20, 30, 40]"
75,30,0,31 2  1 0 0 0 0 0 0 0 0 0 0 0 0 0 0 1 0 0 0 0 1 0 0 0 0 1 0 0 0 0 1,"[0, 10, 20, 30, 45]"
75,30,0,31 2  1 0 0 0 0 1 0 0 0 0 1 0 0 0 0 1 0 0 0 0 0 0 0 0 0 0 0 0 0 0 1,"[0, 10, 20, 30, 60]"
75,20,0,21 2  1 0 0 0 0 1 0 0 0 0 1 0 0 0 0 1 0 0 0 0 1,"[0, 10, 20, 30, 65]"
75,30,0,31 2  1 0 0 0 0 0 0 0 0 0 0 0 0 0 0 1 0 0 0 0 1 0 0 0 0 1 0 0 0 0 1,"[0, 10, 20, 35, 65]"
75,30,0,31 2  1 0 0 0 0 0 0 0 0 0 1 0 0 0 0 1 0 0 0 0 1 0 0 0 0 0 0 0 0 0 1,"[0, 10, 20, 40, 55]"
75,30,0,31 2  1 0 0 0 0 1 0 0 0 0 1 0 0 0 0 1 0 0 0 0 0 0 0 0 0 0 0 0 0 0 1,"[0, 10, 20, 50, 65]"
75,20,0,21 2  1 0 0 0 0 1 0 0 0 0 1 0 0 0 0 1 0 0 0 0 1,"[0, 10, 20, 55, 65]"
75,20,0,21 2  1 0 0 0 0 1 0 0 0 0 0 0 0 0 0 0 0 0 0 0 1,"[0, 10, 20, 60, 70]"
75,20,0,21 2  1 0 0 0 0 1 0 0 0 0 0 0 0 0 0 0 0 0 0 0 1,"[0, 10, 25, 30, 60]"
75,20,0,21 2  1 0 0 0 0 1 0 0 0 0 0 0 0 0 0 0 0 0 0 0 1,"[0, 10, 25, 45, 70]"
75,20,0,21 2  1 0 0 0 0 0 0 0 0 0 0 0 0 0 0 1 0 0 0 0 1,"[0, 10, 25, 55, 60]"
75,30,0,31 2  1 0 0 0 0 0 0 0 0 0 0 0 0 0 0 1 0 0 0 0 1 0 0 0 0 1 0 0 0 0 1,"[0, 10, 25, 55, 65]"
75,20,0,21 2  1 0 0 0 0 0 0 0 0 0 0 0 0 0 0 1 0 0 0 0 1,"[0, 10, 30, 35, 55]"
75,20,0,21 2  1 0 0 0 0 1 0 0 0 0 1 0 0 0 0 1 0 0 0 0 1,"[0, 10, 30, 40, 45]"
75,20,0,21 2  1 0 0 0 0 1 0 0 0 0 1 0 0 0 0 1 0 0 0 0 1,"[0, 10, 30, 40, 70]"
75,30,0,31 2  1 0 0 0 0 0 0 0 0 0 1 0 0 0 0 1 0 0 0 0 1 0 0 0 0 0 0 0 0 0 1,"[0, 10, 30, 45, 65]"
75,20,0,21 2  1 0 0 0 0 1 0 0 0 0 0 0 0 0 0 0 0 0 0 0 1,"[0, 10, 30, 50, 55]"
75,40,0,41 2  1 0 0 0 0 1 0 0 0 0 1 0 0 0 0 0 0 0 0 0 1 0 0 0 0 0 0 0 0 0 0 0 0 0 0 0 0 0 0 0 1,"[0, 10, 30, 65, 70]"
75,30,0,31 2  1 0 0 0 0 1 0 0 0 0 1 0 0 0 0 1 0 0 0 0 0 0 0 0 0 0 0 0 0 0 1,"[0, 10, 35, 40, 70]"
75,20,0,21 2  1 0 0 0 0 1 0 0 0 0 0 0 0 0 0 0 0 0 0 0 1,"[0, 10, 35, 50, 70]"
75,20,0,21 2  1 0 0 0 0 1 0 0 0 0 1 0 0 0 0 1 0 0 0 0 1,"[0, 10, 40, 45, 55]"
75,20,0,21 2  1 0 0 0 0 1 0 0 0 0 1 0 0 0 0 1 0 0 0 0 1,"[0, 10, 40, 55, 70]"
75,30,0,31 2  1 0 0 0 0 1 0 0 0 0 1 0 0 0 0 1 0 0 0 0 0 0 0 0 0 0 0 0 0 0 1,"[0, 10, 40, 55, 65]"
75,20,0,21 2  1 0 0 0 0 1 0 0 0 0 1 0 0 0 0 1 0 0 0 0 1,"[0, 10, 45, 55, 65]"
75,20,0,21 2  1 0 0 0 0 1 0 0 0 0 0 0 0 0 0 0 0 0 0 0 1,"[0, 10, 50, 60, 65]"
75,20,0,21 2  1 0 0 0 0 0 0 0 0 0 0 0 0 0 0 1 0 0 0 0 1,"[0, 10, 50, 60, 70]"
75,30,0,31 2  1 0 0 0 0 0 0 0 0 0 1 0 0 0 0 1 0 0 0 0 1 0 0 0 0 0 0 0 0 0 1,"[0, 10, 55, 65, 70]"
75,30,0,31 2  1 0 0 0 0 0 0 0 0 0 0 0 0 0 0 1 0 0 0 0 1 0 0 0 0 1 0 0 0 0 1,"[0, 15, 20, 25, 30]"
75,20,0,21 2  1 0 0 0 0 1 0 0 0 0 1 0 0 0 0 1 0 0 0 0 1,"[0, 15, 20, 30, 35]"
75,20,0,21 2  1 0 0 0 0 1 0 0 0 0 1 0 0 0 0 1 0 0 0 0 1,"[0, 15, 20, 30, 60]"
75,20,0,21 2  1 0 0 0 0 1 0 0 0 0 1 0 0 0 0 1 0 0 0 0 1,"[0, 15, 20, 35, 55]"
75,30,0,31 2  1 0 0 0 0 0 0 0 0 0 0 0 0 0 0 1 0 0 0 0 1 0 0 0 0 1 0 0 0 0 1,"[0, 15, 20, 40, 60]"
75,20,0,21 2  1 0 0 0 0 1 0 0 0 0 0 0 0 0 0 0 0 0 0 0 1,"[0, 15, 20, 50, 65]"
75,30,0,31 2  1 0 0 0 0 0 0 0 0 0 1 0 0 0 0 1 0 0 0 0 1 0 0 0 0 0 0 0 0 0 1,"[0, 15, 20, 55, 60]"
75,20,0,21 2  1 0 0 0 0 0 0 0 0 0 0 0 0 0 0 1 0 0 0 0 1,"[0, 15, 25, 30, 55]"
75,30,0,31 2  1 0 0 0 0 1 0 0 0 0 1 0 0 0 0 1 0 0 0 0 0 0 0 0 0 0 0 0 0 0 1,"[0, 15, 25, 35, 45]"
75,20,0,21 2  1 0 0 0 0 1 0 0 0 0 0 0 0 0 0 0 0 0 0 0 1,"[0, 15, 25, 40, 45]"
75,20,0,21 2  1 0 0 0 0 0 0 0 0 0 0 0 0 0 0 1 0 0 0 0 1,"[0, 15, 25, 40, 70]"
75,20,0,21 2  1 0 0 0 0 1 0 0 0 0 1 0 0 0 0 1 0 0 0 0 1,"[0, 15, 30, 35, 45]"
75,30,0,31 2  1 0 0 0 0 0 0 0 0 0 0 0 0 0 0 1 0 0 0 0 1 0 0 0 0 1 0 0 0 0 1,"[0, 15, 30, 35, 55]"
75,30,0,31 2  1 0 0 0 0 0 0 0 0 0 1 0 0 0 0 1 0 0 0 0 1 0 0 0 0 0 0 0 0 0 1,"[0, 15, 30, 35, 70]"
75,60,0,61 2  1 0 0 0 0 0 0 0 0 0 0 0 0 0 0 1 0 0 0 0 0 0 0 0 0 0 0 0 0 0 1 0 0 0 0 0 0 0 0 0 0 0 0 0 0 1 0 0 0 0 0 0 0 0 0 0 0 0 0 0 1,"[0, 15, 30, 45, 60]"
75,30,0,31 2  1 0 0 0 0 1 0 0 0 0 1 0 0 0 0 1 0 0 0 0 0 0 0 0 0 0 0 0 0 0 1,"[0, 15, 30, 50, 70]"
75,20,0,21 2  1 0 0 0 0 1 0 0 0 0 1 0 0 0 0 1 0 0 0 0 1,"[0, 15, 30, 60, 70]"
75,20,0,21 2  1 0 0 0 0 1 0 0 0 0 0 0 0 0 0 0 0 0 0 0 1,"[0, 15, 35, 40, 50]"
75,30,0,31 2  1 0 0 0 0 0 0 0 0 0 1 0 0 0 0 1 0 0 0 0 1 0 0 0 0 0 0 0 0 0 1,"[0, 15, 35, 45, 55]"
75,30,0,31 2  1 0 0 0 0 1 0 0 0 0 1 0 0 0 0 1 0 0 0 0 0 0 0 0 0 0 0 0 0 0 1,"[0, 15, 35, 55, 60]"
75,20,0,21 2  1 0 0 0 0 1 0 0 0 0 1 0 0 0 0 1 0 0 0 0 1,"[0, 15, 35, 55, 70]"
75,20,0,21 2  1 0 0 0 0 1 0 0 0 0 0 0 0 0 0 0 0 0 0 0 1,"[0, 15, 35, 60, 65]"
75,20,0,21 2  1 0 0 0 0 0 0 0 0 0 0 0 0 0 0 1 0 0 0 0 1,"[0, 15, 40, 50, 55]"
75,20,0,21 2  1 0 0 0 0 0 0 0 0 0 0 0 0 0 0 1 0 0 0 0 1,"[0, 15, 45, 50, 65]"
75,20,0,21 2  1 0 0 0 0 1 0 0 0 0 1 0 0 0 0 1 0 0 0 0 1,"[0, 15, 45, 55, 60]"
75,30,0,31 2  1 0 0 0 0 0 0 0 0 0 0 0 0 0 0 1 0 0 0 0 1 0 0 0 0 1 0 0 0 0 1,"[0, 15, 45, 55, 65]"
75,20,0,21 2  1 0 0 0 0 1 0 0 0 0 1 0 0 0 0 1 0 0 0 0 1,"[0, 15, 55, 60, 70]"
75,30,0,31 2  1 0 0 0 0 1 0 0 0 0 1 0 0 0 0 1 0 0 0 0 0 0 0 0 0 0 0 0 0 0 1,"[0, 15, 60, 65, 70]"
75,20,0,21 2  1 0 0 0 0 0 0 0 0 0 0 0 0 0 0 1 0 0 0 0 1,"[0, 20, 25, 30, 70]"
75,20,0,21 2  1 0 0 0 0 1 0 0 0 0 0 0 0 0 0 0 0 0 0 0 1,"[0, 20, 25, 35, 60]"
75,30,0,31 2  1 0 0 0 0 1 0 0 0 0 1 0 0 0 0 1 0 0 0 0 0 0 0 0 0 0 0 0 0 0 1,"[0, 20, 25, 40, 55]"
75,20,0,21 2  1 0 0 0 0 1 0 0 0 0 0 0 0 0 0 0 0 0 0 0 1,"[0, 20, 25, 45, 55]"
75,20,0,21 2  1 0 0 0 0 0 0 0 0 0 0 0 0 0 0 1 0 0 0 0 1,"[0, 20, 25, 45, 65]"
75,20,0,21 2  1 0 0 0 0 1 0 0 0 0 0 0 0 0 0 0 0 0 0 0 1,"[0, 20, 25, 65, 70]"
75,40,0,41 2  1 0 0 0 0 0 0 0 0 0 0 0 0 0 0 0 0 0 0 0 1 0 0 0 0 0 0 0 0 0 1 0 0 0 0 1 0 0 0 0 1,"[0, 20, 30, 35, 40]"
75,20,0,21 2  1 0 0 0 0 1 0 0 0 0 1 0 0 0 0 1 0 0 0 0 1,"[0, 20, 30, 35, 65]"
75,30,0,31 2  1 0 0 0 0 0 0 0 0 0 1 0 0 0 0 1 0 0 0 0 1 0 0 0 0 0 0 0 0 0 1,"[0, 20, 30, 40, 60]"
75,20,0,21 2  1 0 0 0 0 0 0 0 0 0 0 0 0 0 0 1 0 0 0 0 1,"[0, 20, 30, 50, 55]"
75,20,0,21 2  1 0 0 0 0 1 0 0 0 0 0 0 0 0 0 0 0 0 0 0 1,"[0, 20, 30, 50, 70]"
75,20,0,21 2  1 0 0 0 0 1 0 0 0 0 1 0 0 0 0 1 0 0 0 0 1,"[0, 20, 30, 60, 65]"
75,20,0,21 2  1 0 0 0 0 1 0 0 0 0 1 0 0 0 0 1 0 0 0 0 1,"[0, 20, 35, 40, 55]"
75,20,0,21 2  1 0 0 0 0 0 0 0 0 0 0 0 0 0 0 1 0 0 0 0 1,"[0, 20, 35, 45, 50]"
75,30,0,31 2  1 0 0 0 0 0 0 0 0 0 0 0 0 0 0 1 0 0 0 0 1 0 0 0 0 1 0 0 0 0 1,"[0, 20, 35, 50, 55]"
75,30,0,31 2  1 0 0 0 0 0 0 0 0 0 1 0 0 0 0 1 0 0 0 0 1 0 0 0 0 0 0 0 0 0 1,"[0, 20, 35, 55, 65]"
75,20,0,21 2  1 0 0 0 0 0 0 0 0 0 0 0 0 0 0 1 0 0 0 0 1,"[0, 20, 35, 60, 70]"
75,30,0,31 2  1 0 0 0 0 1 0 0 0 0 1 0 0 0 0 1 0 0 0 0 0 0 0 0 0 0 0 0 0 0 1,"[0, 20, 40, 45, 60]"
75,20,0,21 2  1 0 0 0 0 1 0 0 0 0 0 0 0 0 0 0 0 0 0 0 1,"[0, 20, 40, 45, 65]"
75,20,0,21 2  1 0 0 0 0 0 0 0 0 0 0 0 0 0 0 1 0 0 0 0 1,"[0, 20, 40, 50, 70]"
75,20,0,21 2  1 0 0 0 0 1 0 0 0 0 1 0 0 0 0 1 0 0 0 0 1,"[0, 20, 40, 55, 60]"
75,30,0,31 2  1 0 0 0 0 0 0 0 0 0 0 0 0 0 0 1 0 0 0 0 1 0 0 0 0 1 0 0 0 0 1,"[0, 20, 40, 55, 70]"
75,20,0,21 2  1 0 0 0 0 1 0 0 0 0 0 0 0 0 0 0 0 0 0 0 1,"[0, 20, 45, 50, 60]"
75,40,0,41 2  1 0 0 0 0 1 0 0 0 0 1 0 0 0 0 0 0 0 0 0 1 0 0 0 0 0 0 0 0 0 0 0 0 0 0 0 0 0 0 0 1,"[0, 20, 55, 60, 65]"
75,20,0,21 2  1 0 0 0 0 1 0 0 0 0 0 0 0 0 0 0 0 0 0 0 1,"[0, 25, 30, 40, 55]"
75,30,0,31 2  1 0 0 0 0 1 0 0 0 0 1 0 0 0 0 1 0 0 0 0 0 0 0 0 0 0 0 0 0 0 1,"[0, 25, 30, 60, 65]"
75,20,0,21 2  1 0 0 0 0 0 0 0 0 0 0 0 0 0 0 1 0 0 0 0 1,"[0, 25, 35, 40, 60]"
75,30,0,31 2  1 0 0 0 0 0 0 0 0 0 0 0 0 0 0 1 0 0 0 0 1 0 0 0 0 1 0 0 0 0 1,"[0, 25, 35, 40, 70]"
75,20,0,21 2  1 0 0 0 0 1 0 0 0 0 0 0 0 0 0 0 0 0 0 0 1,"[0, 25, 40, 60, 65]"
75,20,0,21 2  1 0 0 0 0 0 0 0 0 0 0 0 0 0 0 1 0 0 0 0 1,"[0, 25, 45, 60, 70]"
75,30,0,31 2  1 0 0 0 0 0 0 0 0 0 1 0 0 0 0 1 0 0 0 0 1 0 0 0 0 0 0 0 0 0 1,"[0, 30, 35, 40, 45]"
75,20,0,21 2  1 0 0 0 0 1 0 0 0 0 1 0 0 0 0 1 0 0 0 0 1,"[0, 30, 35, 40, 70]"
75,20,0,21 2  1 0 0 0 0 1 0 0 0 0 1 0 0 0 0 1 0 0 0 0 1,"[0, 30, 35, 45, 65]"
75,30,0,31 2  1 0 0 0 0 1 0 0 0 0 1 0 0 0 0 1 0 0 0 0 0 0 0 0 0 0 0 0 0 0 1,"[0, 30, 35, 45, 70]"
75,20,0,21 2  1 0 0 0 0 0 0 0 0 0 0 0 0 0 0 1 0 0 0 0 1,"[0, 30, 35, 50, 60]"
75,30,0,31 2  1 0 0 0 0 0 0 0 0 0 0 0 0 0 0 1 0 0 0 0 1 0 0 0 0 1 0 0 0 0 1,"[0, 30, 35, 60, 70]"
75,20,0,21 2  1 0 0 0 0 1 0 0 0 0 1 0 0 0 0 1 0 0 0 0 1,"[0, 30, 35, 65, 70]"
75,20,0,21 2  1 0 0 0 0 1 0 0 0 0 1 0 0 0 0 1 0 0 0 0 1,"[0, 30, 40, 45, 60]"
75,30,0,31 2  1 0 0 0 0 0 0 0 0 0 0 0 0 0 0 1 0 0 0 0 1 0 0 0 0 1 0 0 0 0 1,"[0, 30, 40, 50, 60]"
75,20,0,21 2  1 0 0 0 0 1 0 0 0 0 1 0 0 0 0 1 0 0 0 0 1,"[0, 30, 40, 60, 70]"
75,30,0,31 2  1 0 0 0 0 1 0 0 0 0 1 0 0 0 0 1 0 0 0 0 0 0 0 0 0 0 0 0 0 0 1,"[0, 30, 45, 55, 65]"
75,20,0,21 2  1 0 0 0 0 1 0 0 0 0 0 0 0 0 0 0 0 0 0 0 1,"[0, 30, 45, 55, 70]"
75,20,0,21 2  1 0 0 0 0 1 0 0 0 0 1 0 0 0 0 1 0 0 0 0 1,"[0, 30, 45, 60, 65]"
75,30,0,31 2  1 0 0 0 0 0 0 0 0 0 1 0 0 0 0 1 0 0 0 0 1 0 0 0 0 0 0 0 0 0 1,"[0, 30, 60, 65, 70]"
75,40,0,41 2  1 0 0 0 0 1 0 0 0 0 1 0 0 0 0 0 0 0 0 0 1 0 0 0 0 0 0 0 0 0 0 0 0 0 0 0 0 0 0 0 1,"[0, 35, 40, 45, 55]"
75,30,0,31 2  1 0 0 0 0 0 0 0 0 0 1 0 0 0 0 1 0 0 0 0 1 0 0 0 0 0 0 0 0 0 1,"[0, 35, 40, 55, 70]"
75,20,0,21 2  1 0 0 0 0 1 0 0 0 0 1 0 0 0 0 1 0 0 0 0 1,"[0, 35, 45, 55, 65]"
75,40,0,41 2  1 0 0 0 0 0 0 0 0 0 0 0 0 0 0 0 0 0 0 0 1 0 0 0 0 0 0 0 0 0 1 0 0 0 0 1 0 0 0 0 1,"[0, 35, 55, 65, 70]"
75,20,0,21 2  1 0 0 0 0 1 0 0 0 0 0 0 0 0 0 0 0 0 0 0 1,"[0, 40, 45, 50, 70]"
75,20,0,21 2  1 0 0 0 0 1 0 0 0 0 1 0 0 0 0 1 0 0 0 0 1,"[0, 40, 45, 55, 60]"
75,20,0,21 2  1 0 0 0 0 0 0 0 0 0 0 0 0 0 0 1 0 0 0 0 1,"[0, 40, 45, 65, 70]"
75,20,0,21 2  1 0 0 0 0 1 0 0 0 0 0 0 0 0 0 0 0 0 0 0 1,"[0, 40, 50, 55, 65]"
75,20,0,21 2  1 0 0 0 0 0 0 0 0 0 0 0 0 0 0 1 0 0 0 0 1,"[0, 40, 50, 60, 65]"
75,20,0,21 2  1 0 0 0 0 1 0 0 0 0 1 0 0 0 0 1 0 0 0 0 1,"[0, 40, 55, 60, 70]"
75,30,0,31 2  1 0 0 0 0 1 0 0 0 0 1 0 0 0 0 1 0 0 0 0 0 0 0 0 0 0 0 0 0 0 1,"[0, 45, 50, 55, 60]"
75,30,0,31 2  1 0 0 0 0 0 0 0 0 0 1 0 0 0 0 1 0 0 0 0 1 0 0 0 0 0 0 0 0 0 1,"[0, 45, 55, 60, 65]"
75,30,0,31 2  1 0 0 0 0 0 0 0 0 0 0 0 0 0 0 1 0 0 0 0 1 0 0 0 0 1 0 0 0 0 1,"[0, 45, 60, 65, 70]"
75,20,0,21 2  1 0 0 0 0 1 0 0 0 0 1 0 0 0 0 1 0 0 0 0 1,"[0, 55, 60, 65, 70]"
