70,15,0.1342281879194631,16 2  1 0 0 0 0 1 0 0 0 0 0 0 0 0 0 1,"[0, 1, 6, 16, 35]"
70,15,0.14184397163120568,16 2  1 0 0 0 0 1 0 0 0 0 0 0 0 0 0 1,"[0, 1, 6, 35, 51]"
70,15,0.10362694300518134,16 2  1 0 0 0 0 0 0 0 0 0 1 0 0 0 0 1,"[0, 1, 5, 36, 60]"
70,15,0.11299435028248588,16 2  1 0 0 0 0 0 0 0 0 0 1 0 0 0 0 1,"[0, 1, 6, 35, 61]"
70,15,0.11494252873563218,16 2  1 0 0 0 0 0 0 0 0 0 1 0 0 0 0 1,"[0, 1, 5, 25, 36]"
70,15,0.09433962264150944,16 2  1 0 0 0 0 1 0 0 0 0 0 0 0 0 0 1,"[0, 1, 5, 36, 50]"
70,15,0.136986301369863,16 2  1 0 0 0 0 0 0 0 0 0 1 0 0 0 0 1,"[0, 1, 10, 36, 50]"
70,15,0.12269938650306748,16 2  1 0 0 0 0 1 0 0 0 0 0 0 0 0 0 1,"[0, 1, 10, 30, 36]"
70,18,0.10416666666666667,19 2  1 1 0 1 0 0 0 0 0 0 1 1 0 1 0 1 1 0 1,"[0, 1, 10, 15, 36]"
70,15,0.0796812749003984,16 2  1 0 0 0 0 1 0 0 0 0 0 0 0 0 0 1,"[0, 1, 5, 15, 36]"
70,15,0.0749063670411985,16 2  1 0 0 0 0 0 0 0 0 0 1 0 0 0 0 1,"[0, 1, 6, 26, 35]"
70,18,0.0796812749003984,19 2  1 0 1 1 0 1 0 1 1 0 0 0 0 0 0 1 0 1 1,"[0, 1, 15, 36, 40]"
70,18,0.11627906976744186,19 2  1 1 0 1 0 0 0 0 0 0 1 1 0 1 0 1 1 0 1,"[0, 1, 31, 35, 56]"
70,18,0.13245033112582782,19 2  1 0 1 1 0 1 0 1 1 0 0 0 0 0 0 1 0 1 1,"[0, 1, 35, 56, 61]"
70,18,0.11363636363636363,19 2  1 0 1 1 0 1 0 1 1 0 0 0 0 0 0 1 0 1 1,"[0, 2, 7, 35, 52]"
70,18,0.066006600660066,19 2  1 1 0 1 0 0 0 0 0 0 1 1 0 1 0 1 1 0 1,"[0, 2, 7, 35, 62]"
70,18,0.09090909090909091,19 2  1 0 1 1 0 1 0 1 1 0 0 0 0 0 0 1 0 1 1,"[0, 2, 10, 37, 65]"
70,18,0.10752688172043011,19 2  1 1 0 1 0 0 0 0 0 0 1 1 0 1 0 1 1 0 1,"[0, 2, 20, 37, 65]"
70,18,0.08547008547008547,19 2  1 0 1 1 0 1 0 1 1 0 0 0 0 0 0 1 0 1 1,"[0, 3, 23, 28, 35]"
70,18,0.11363636363636363,19 2  1 1 0 1 0 0 0 0 0 0 1 1 0 1 0 1 1 0 1,"[0, 3, 28, 35, 43]"
70,28,0.9090909090909091,29 2  1 0 0 0 0 0 0 1 0 0 0 0 0 0 1 0 0 0 0 0 0 1 0 0 0 0 0 0 1,"[0, 7, 14, 21, 28]"
70,28,1,29 2  1 0 0 0 0 0 0 1 0 0 0 0 0 0 1 0 0 0 0 0 0 1 0 0 0 0 0 0 1,"[0, 7, 14, 21, 63]"
70,28,0.9523809523809523,29 2  1 0 0 0 0 0 0 1 0 0 0 0 0 0 1 0 0 0 0 0 0 1 0 0 0 0 0 0 1,"[0, 7, 14, 28, 56]"
70,28,0.9523809523809523,29 2  1 0 0 0 0 0 0 1 0 0 0 0 0 0 1 0 0 0 0 0 0 1 0 0 0 0 0 0 1,"[0, 7, 14, 56, 63]"
70,14,0.0028694404591104736,15 2  1 0 1 0 0 0 1 0 1 0 0 0 0 0 1,"[0, 2, 4, 6, 58]"
70,14,0.0026518164942985947,15 2  1 0 1 0 0 0 1 0 1 0 0 0 0 0 1,"[0, 2, 4, 38, 46]"
70,28,0.9523809523809523,29 2  1 0 0 0 0 0 0 1 0 0 0 0 0 0 1 0 0 0 0 0 0 1 0 0 0 0 0 0 1,"[0, 7, 21, 28, 49]"
70,14,0.0021410983834707206,15 2  1 0 0 0 0 0 1 0 1 0 0 0 1 0 1,"[0, 2, 4, 28, 36]"
70,14,0.0017028522775649213,15 2  1 0 0 0 0 0 1 0 1 0 0 0 1 0 1,"[0, 2, 4, 26, 58]"
70,14,0.0020163322915616494,15 2  1 0 1 0 0 0 1 0 1 0 0 0 0 0 1,"[0, 2, 4, 18, 66]"
70,14,0.0019743336623889436,15 2  1 0 1 0 0 0 1 0 1 0 0 0 0 0 1,"[0, 2, 4, 16, 48]"
70,56,1,57 2  1 0 0 0 0 0 0 0 0 0 0 0 0 0 1 0 0 0 0 0 0 0 0 0 0 0 0 0 1 0 0 0 0 0 0 0 0 0 0 0 0 0 1 0 0 0 0 0 0 0 0 0 0 0 0 0 1,"[0, 14, 28, 42, 56]"
70,14,0.0013464386697185943,15 2  1 0 0 0 0 0 1 0 1 0 0 0 1 0 1,"[0, 2, 4, 6, 18]"
70,14,0.001359064963305246,15 2  1 0 1 0 0 0 1 0 1 0 0 0 0 0 1,"[0, 2, 4, 26, 28]"
70,14,0.001549666821633349,15 2  1 0 0 0 0 0 1 0 1 0 0 0 1 0 1,"[0, 2, 4, 16, 68]"
70,14,0.001473513593162897,15 2  1 0 0 0 0 0 1 0 1 0 0 0 1 0 1,"[0, 2, 4, 8, 56]"
70,8,0.0009462528387585163,9 2  1 0 1 0 1 0 1 0 1,"[0, 2, 4, 6, 38]"
70,8,0.001057809276987359,9 2  1 0 1 0 1 0 1 0 1,"[0, 2, 4, 6, 8]"
70,8,0.0009288932237239329,9 2  1 0 1 0 1 0 1 0 1,"[0, 2, 4, 6, 68]"
70,8,0.0007608323505915471,9 2  1 0 1 0 1 0 1 0 1,"[0, 2, 4, 6, 48]"
70,8,0.0008779245862780387,9 2  1 0 1 0 1 0 1 0 1,"[0, 2, 4, 6, 28]"
70,10,0.00001054156777358399,11 2  1 1 0 0 0 1 0 1 1 1 1,"[0, 1, 3, 7, 14]"
70,10,0.000012301386427757341,11 2  1 1 1 1 0 1 0 0 0 1 1,"[0, 1, 3, 39, 42]"
70,10,0.00001300278519658911,11 2  1 1 1 1 0 1 0 0 0 1 1,"[0, 1, 4, 43, 62]"
70,10,0.000008907475821770316,11 2  1 1 1 1 0 1 0 0 0 1 1,"[0, 1, 3, 14, 67]"
70,10,0.000009988632935719152,11 2  1 1 0 0 0 1 0 1 1 1 1,"[0, 1, 2, 34, 43]"
70,10,0.00000799978240591856,11 2  1 1 0 0 0 1 0 1 1 1 1,"[0, 1, 2, 29, 48]"
70,10,0.000007737922746900672,11 2  1 1 1 1 0 1 0 0 0 1 1,"[0, 1, 2, 24, 43]"
70,10,0.000007015394933411625,11 2  1 1 0 0 0 1 0 1 1 1 1,"[0, 1, 4, 12, 43]"
70,10,0.0000065579575896882676,11 2  1 1 1 1 0 1 0 0 0 1 1,"[0, 1, 2, 29, 38]"
70,10,0.000005516264429858215,11 2  1 1 0 0 0 1 0 1 1 1 1,"[0, 1, 3, 42, 49]"
70,7,0.0000010433010085643015,8 2  1 0 0 1 1 0 1 1,"[0, 1, 2, 3, 9]"
70,7,0.000000999999000001,8 2  1 1 0 1 1 0 0 1,"[0, 1, 2, 3, 64]"
70,7,0.0000010359394323507724,8 2  1 0 0 1 1 0 1 1,"[0, 1, 2, 4, 63]"
70,7,0.0000010087806283452426,8 2  1 1 0 1 1 0 0 1,"[0, 1, 2, 3, 29]"
70,7,0.000000999999000001,8 2  1 0 0 1 1 0 1 1,"[0, 1, 2, 3, 44]"
70,7,0.000000999999000001,8 2  1 0 0 1 1 0 1 1,"[0, 1, 2, 4, 28]"
70,7,0.0000010286823381620369,8 2  1 1 0 1 1 0 0 1,"[0, 1, 2, 8, 24]"
70,7,0.000000999999000001,8 2  1 1 0 1 1 0 0 1,"[0, 1, 2, 8, 59]"
70,7,0.0000010360695706211698,8 2  1 0 0 1 1 0 1 1,"[0, 1, 2, 8, 34]"
70,7,0.0000010050440143950444,8 2  1 1 0 1 1 0 0 1,"[0, 1, 2, 9, 33]"
