51,10,0.00020493483072382983,11 2  1 1 1 1 0 1 0 1 1 1 1,"[0, 1, 2, 5, 14]"
51,8,0.00019197358443478178,9 2  1 0 0 1 1 1 0 0 1,"[0, 1, 2, 5, 48]"
51,10,0.00016672363057377939,11 2  1 1 1 0 1 0 0 0 0 0 1,"[0, 1, 2, 5, 26]"
51,8,0.00015564081213375773,9 2  1 0 0 1 1 1 0 0 1,"[0, 1, 2, 5, 31]"
51,10,0.00011010063197762756,11 2  1 1 1 0 1 0 0 0 0 0 1,"[0, 1, 2, 4, 10]"
51,8,0.00019419738221928767,9 2  1 0 0 1 1 1 0 0 1,"[0, 1, 2, 14, 22]"
51,8,0.00015804279798969562,9 2  1 0 0 1 1 1 0 0 1,"[0, 1, 2, 14, 39]"
51,10,0.00020804077599209444,11 2  1 1 1 1 0 1 0 1 1 1 1,"[0, 1, 2, 22, 31]"
51,8,0.0001880494570071929,9 2  1 0 0 1 1 1 0 0 1,"[0, 1, 2, 22, 48]"
51,8,0.000012852239727686744,9 2  1 1 0 0 1 1 1 1 1,"[0, 1, 2, 13, 47]"
51,10,0.0002759610343019566,11 2  1 0 0 0 0 0 1 0 1 1 1,"[0, 1, 2, 27, 48]"
51,8,0.000011388996293451156,9 2  1 0 0 0 1 1 0 1 1,"[0, 1, 2, 14, 40]"
51,8,0.000008421134183615251,9 2  1 1 1 1 1 0 0 1 1,"[0, 1, 2, 6, 40]"
51,10,0.0002118531857422806,11 2  1 1 1 1 0 1 0 1 1 1 1,"[0, 1, 2, 39, 48]"
51,10,0.000182862158504919,11 2  1 0 0 0 0 0 1 0 1 1 1,"[0, 1, 2, 43, 49]"
51,8,0.000007089322629401406,9 2  1 1 0 1 1 0 0 0 1,"[0, 1, 2, 13, 39]"
51,8,0.000006874775280783009,9 2  1 0 0 0 1 1 0 1 1,"[0, 1, 2, 11, 18]"
51,8,0.000007421590892223657,9 2  1 0 0 0 1 1 0 1 1,"[0, 1, 2, 20, 30]"
51,8,0.000009812411228342169,9 2  1 1 0 1 1 0 0 0 1,"[0, 1, 2, 28, 36]"
51,8,0.000005859161003299294,9 2  1 0 0 0 1 1 0 1 1,"[0, 1, 2, 17, 25]"
51,8,0.000006160383742624096,9 2  1 1 0 1 1 0 0 0 1,"[0, 1, 2, 23, 33]"
51,10,0.0001546180547502532,11 2  1 1 1 0 1 0 0 0 0 0 1,"[0, 1, 3, 9, 50]"
51,10,0.00021851475520884547,11 2  1 0 0 0 0 0 1 0 1 1 1,"[0, 1, 3, 11, 33]"
51,8,0.000010654710660677299,9 2  1 0 0 0 1 1 0 1 1,"[0, 1, 3, 4, 47]"
51,10,0.00016417261108329296,11 2  1 0 0 1 1 0 1 1 1 0 1,"[0, 1, 3, 14, 42]"
51,10,0.00016639350399760394,11 2  1 0 1 1 1 0 1 1 0 0 1,"[0, 1, 3, 15, 17]"
51,8,0.000010627997759618072,9 2  1 1 0 0 1 1 1 1 1,"[0, 1, 3, 6, 22]"
51,8,0.000006414629460532869,9 2  1 1 0 1 1 0 0 0 1,"[0, 1, 2, 35, 42]"
51,10,0.00019252057563652115,11 2  1 0 0 0 0 0 1 0 1 1 1,"[0, 1, 3, 27, 32]"
51,10,0.00017159869928185943,11 2  1 0 0 1 1 0 1 1 1 0 1,"[0, 1, 3, 27, 38]"
51,8,0.00000797225654721569,9 2  1 1 1 1 1 0 0 1 1,"[0, 1, 3, 8, 13]"
51,10,0.000124067939603727,11 2  1 0 1 1 1 0 1 1 0 0 1,"[0, 1, 3, 29, 48]"
51,8,0.0000057135413214735455,9 2  1 1 0 1 1 0 0 0 1,"[0, 1, 3, 4, 8]"
51,10,0.000161111021604988,11 2  1 1 1 0 1 0 0 0 0 0 1,"[0, 1, 3, 41, 48]"
51,8,0.00022968441361569204,9 2  1 1 1 0 1 0 1 1 1,"[0, 1, 4, 5, 11]"
51,10,0.00022849569856847444,11 2  1 0 1 0 0 1 0 0 1 0 1,"[0, 1, 4, 5, 28]"
51,8,0.00018993713080970199,9 2  1 1 1 0 1 0 1 1 1,"[0, 1, 4, 5, 45]"
51,10,0.00018385563655417766,11 2  1 0 1 0 0 1 0 0 1 0 1,"[0, 1, 4, 11, 22]"
51,8,0.00022964749110115972,9 2  1 1 1 0 1 0 1 1 1,"[0, 1, 4, 11, 39]"
51,16,0.012143290831815421,17 2  1 1 0 0 1 0 0 0 0 0 0 0 0 1 0 0 1,"[0, 1, 4, 13, 16]"
51,10,0.0002301548942438261,11 2  1 0 0 0 0 0 1 0 1 1 1,"[0, 1, 4, 11, 49]"
51,10,0.00017771459036786921,11 2  1 1 1 1 0 1 0 1 1 1 1,"[0, 1, 4, 13, 50]"
51,8,0.000010433289287463725,9 2  1 1 0 0 1 1 1 1 1,"[0, 1, 3, 11, 41]"
51,10,0.00021277727538698867,11 2  1 1 1 1 0 1 0 1 1 1 1,"[0, 1, 4, 16, 47]"
51,10,0.00017096793496379755,11 2  1 0 0 1 1 0 1 1 1 0 1,"[0, 1, 4, 20, 28]"
51,8,0.00021907724663716425,9 2  1 1 1 0 1 0 1 1 1,"[0, 1, 4, 22, 45]"
51,8,0.00017665503687673895,9 2  1 1 1 0 1 0 1 1 1,"[0, 1, 4, 22, 28]"
51,10,0.00017613075947583485,11 2  1 0 0 1 1 0 1 1 1 0 1,"[0, 1, 4, 23, 49]"
51,8,0.000008677000395671218,9 2  1 1 0 0 1 1 1 1 1,"[0, 1, 3, 12, 13]"
51,10,0.00019433135439237445,11 2  1 0 0 1 1 0 1 1 1 0 1,"[0, 1, 5, 7, 13]"
51,10,0.00013131717694333007,11 2  1 1 1 0 1 0 0 0 0 0 1,"[0, 1, 4, 25, 50]"
51,10,0.00022541052892580612,11 2  1 0 1 0 0 1 0 0 1 0 1,"[0, 1, 5, 11, 38]"
51,10,0.00018046469659372885,11 2  1 0 1 0 0 1 0 0 1 0 1,"[0, 1, 5, 21, 45]"
51,10,0.00022661092038025313,11 2  1 0 1 1 1 0 1 1 0 0 1,"[0, 1, 5, 41, 44]"
51,16,0.01855287569573284,17 2  1 0 0 1 0 0 0 0 0 0 0 0 1 0 0 1 1,"[0, 1, 36, 39, 48]"
51,16,0.029717682020802376,17 2  1 1 0 0 1 0 0 0 0 0 0 0 0 1 0 0 1,"[0, 2, 8, 26, 32]"
51,16,0.012594458438287154,17 2  1 0 0 1 0 0 0 0 0 0 0 0 1 0 0 1 1,"[0, 2, 21, 27, 45]"
51,16,0.018083182640144666,17 2  1 0 0 1 0 0 0 0 0 0 0 0 1 0 0 1 1,"[0, 3, 4, 39, 42]"
51,24,0.8,25 2  1 0 0 0 0 0 0 0 0 1 0 0 1 0 0 1 0 0 0 0 0 0 0 0 1,"[0, 3, 6, 15, 42]"
51,16,0.023174971031286212,17 2  1 0 1 1 0 1 1 0 0 1 0 1 0 1 0 0 1,"[0, 3, 10, 21, 33]"
51,16,0.014357501794687724,17 2  1 0 0 1 0 0 0 0 0 0 0 0 1 0 0 1 1,"[0, 3, 12, 15, 16]"
51,24,0.8,25 2  1 0 0 1 0 0 1 0 0 0 0 0 1 0 0 0 0 0 1 0 0 1 0 0 1,"[0, 3, 12, 15, 33]"
51,16,0.017167381974248927,17 2  1 1 0 0 1 0 0 0 0 0 0 0 0 1 0 0 1,"[0, 3, 12, 15, 50]"
51,24,0.7692307692307693,25 2  1 0 0 0 0 0 0 0 0 1 0 0 1 0 0 1 0 0 0 0 0 0 0 0 1,"[0, 3, 12, 39, 48]"
51,24,0.9090909090909091,25 2  1 0 0 0 0 0 0 0 0 1 0 0 1 0 0 1 0 0 0 0 0 0 0 0 1,"[0, 3, 21, 27, 33]"
51,16,0.019398642095053348,17 2  1 0 0 1 0 1 0 1 0 0 1 1 0 1 1 0 1,"[0, 3, 21, 33, 44]"
51,24,0.8695652173913043,25 2  1 0 0 1 0 0 1 0 0 0 0 0 1 0 0 0 0 0 1 0 0 1 0 0 1,"[0, 3, 21, 39, 42]"
51,16,0.014074595355383532,17 2  1 1 0 0 1 0 0 0 0 0 0 0 0 1 0 0 1,"[0, 3, 38, 39, 42]"
51,16,0.022172949002217297,17 2  1 0 0 1 0 1 0 1 0 0 1 1 0 1 1 0 1,"[0, 5, 14, 20, 29]"
51,10,0.0001399972000559989,11 2  1 0 1 1 1 0 1 1 0 0 1,"[0, 1, 5, 15, 36]"
51,16,0.012012012012012012,17 2  1 0 1 1 0 1 1 0 0 1 0 1 0 1 0 0 1,"[0, 5, 27, 36, 42]"
51,24,0.8695652173913043,25 2  1 0 0 0 0 0 0 0 0 1 0 0 1 0 0 1 0 0 0 0 0 0 0 0 1,"[0, 6, 12, 30, 33]"
51,16,0.012091898428053204,17 2  1 0 0 1 0 0 0 0 0 0 0 0 1 0 0 1 1,"[0, 6, 8, 27, 33]"
51,24,0.7692307692307693,25 2  1 0 0 1 0 0 1 0 0 0 0 0 1 0 0 0 0 0 1 0 0 1 0 0 1,"[0, 6, 15, 24, 30]"
51,16,0.017699115044247787,17 2  1 0 1 1 0 1 1 0 0 1 0 1 0 1 0 0 1,"[0, 6, 15, 20, 42]"
51,24,0.9090909090909091,25 2  1 0 0 0 0 0 0 0 0 1 0 0 1 0 0 1 0 0 0 0 0 0 0 0 1,"[0, 6, 24, 27, 45]"
51,16,0.019083969465648856,17 2  1 0 0 1 0 1 0 1 0 0 1 1 0 1 1 0 1,"[0, 6, 15, 37, 42]"
51,24,0.8695652173913043,25 2  1 0 0 1 0 0 1 0 0 0 0 0 1 0 0 0 0 0 1 0 0 1 0 0 1,"[0, 6, 27, 33, 42]"
51,16,0.014738393515106854,17 2  1 1 0 0 1 0 0 0 0 0 0 0 0 1 0 0 1,"[0, 6, 24, 30, 49]"
51,16,0.016488046166529265,17 2  1 0 0 1 0 1 0 1 0 0 1 1 0 1 1 0 1,"[0, 7, 10, 28, 40]"
51,16,0.014749262536873156,17 2  1 0 1 1 0 1 1 0 0 1 0 1 0 1 0 0 1,"[0, 7, 18, 30, 48]"
51,24,0.8333333333333334,25 2  1 0 0 1 0 0 1 0 0 0 0 0 1 0 0 0 0 0 1 0 0 1 0 0 1,"[0, 9, 12, 30, 48]"
51,16,0.014803849000740192,17 2  1 0 1 1 0 1 1 0 0 1 0 1 0 1 0 0 1,"[0, 9, 14, 36, 45]"
51,16,0.013201320132013201,17 2  1 0 0 1 0 1 0 1 0 0 1 1 0 1 1 0 1,"[0, 9, 15, 24, 46]"
51,8,0.000008389240631105794,9 2  1 1 1 1 1 0 0 1 1,"[0, 1, 3, 10, 19]"
51,10,0.00014536362711322373,11 2  1 0 1 1 1 0 1 1 0 0 1,"[0, 1, 6, 11, 21]"
51,10,0.00016400164001640017,11 2  1 0 1 0 0 1 0 0 1 0 1,"[0, 1, 7, 13, 14]"
51,8,0.000009064128710627692,9 2  1 1 1 1 1 0 0 1 1,"[0, 1, 3, 16, 38]"
51,8,0.0000067662821275762196,9 2  1 1 1 1 1 0 0 1 1,"[0, 1, 3, 20, 26]"
51,8,0.000006516494061030225,9 2  1 1 0 0 1 1 1 1 1,"[0, 1, 3, 33, 36]"
