96,16,0.10152284263959391,17 2  1 0 0 0 0 0 0 0 1 0 0 0 0 0 0 0 1,"[0, 1, 8, 16, 49]"
96,16,0.07936507936507936,17 2  1 0 0 0 0 0 0 0 1 0 0 0 0 0 0 0 1,"[0, 1, 8, 16, 73]"
96,16,0.0970873786407767,17 2  1 0 0 0 0 0 0 0 1 0 0 0 0 0 0 0 1,"[0, 1, 8, 25, 64]"
96,16,0.066006600660066,17 2  1 0 0 0 0 0 0 0 1 0 0 0 0 0 0 0 1,"[0, 1, 8, 16, 25]"
96,16,0.0947867298578199,17 2  1 0 0 0 0 0 0 0 1 0 0 0 0 0 0 0 1,"[0, 1, 8, 25, 40]"
96,18,0.09259259259259259,19 2  1 1 1 0 0 0 0 0 1 1 1 0 0 0 0 0 1 1 1,"[0, 1, 9, 24, 65]"
96,18,0.0547945205479452,19 2  1 1 1 0 0 0 0 0 1 1 1 0 0 0 0 0 1 1 1,"[0, 1, 9, 17, 24]"
96,34,0.9090909090909091,35 2  1 1 1 0 0 0 0 0 0 0 0 0 0 0 0 0 1 1 1 0 0 0 0 0 0 0 0 0 0 0 0 0 1 1 1,"[0, 1, 16, 32, 49]"
96,32,0.8333333333333334,33 2  1 0 0 0 0 0 0 0 0 0 0 0 0 0 0 0 1 0 0 0 0 0 0 0 0 0 0 0 0 0 0 0 1,"[0, 1, 16, 49, 80]"
96,18,0.07326007326007326,19 2  1 1 1 0 0 0 0 0 1 1 1 0 0 0 0 0 1 1 1,"[0, 1, 9, 65, 72]"
96,32,0.9090909090909091,33 2  1 0 0 0 0 0 0 0 0 0 0 0 0 0 0 0 1 0 0 0 0 0 0 0 0 0 0 0 0 0 0 0 1,"[0, 1, 17, 33, 48]"
96,32,0.9523809523809523,33 2  1 0 0 0 0 0 0 0 0 0 0 0 0 0 0 0 1 0 0 0 0 0 0 0 0 0 0 0 0 0 0 0 1,"[0, 1, 17, 48, 81]"
96,18,0.055865921787709494,19 2  1 1 1 0 0 0 0 0 1 1 1 0 0 0 0 0 1 1 1,"[0, 1, 9, 17, 72]"
96,18,0.08368200836820083,19 2  1 1 1 0 0 0 0 0 1 1 1 0 0 0 0 0 1 1 1,"[0, 1, 17, 24, 57]"
96,32,0.9090909090909091,33 2  1 0 0 0 0 0 0 0 0 0 0 0 0 0 0 0 1 0 0 0 0 0 0 0 0 0 0 0 0 0 0 0 1,"[0, 1, 32, 49, 64]"
96,32,0.9090909090909091,33 2  1 0 0 0 0 0 0 0 0 0 0 0 0 0 0 0 1 0 0 0 0 0 0 0 0 0 0 0 0 0 0 0 1,"[0, 1, 33, 48, 65]"
96,34,0.9523809523809523,35 2  1 1 1 0 0 0 0 0 0 0 0 0 0 0 0 0 1 1 1 0 0 0 0 0 0 0 0 0 0 0 0 0 1 1 1,"[0, 1, 48, 65, 81]"
96,20,0.07751937984496124,21 2  1 0 1 0 1 0 0 0 1 0 1 0 1 0 0 0 1 0 1 0 1,"[0, 2, 8, 16, 74]"
96,20,0.06622516556291391,21 2  1 0 1 0 1 0 0 0 1 0 1 0 1 0 0 0 1 0 1 0 1,"[0, 2, 8, 16, 26]"
96,20,0.08264462809917356,21 2  1 0 1 0 1 0 0 0 1 0 1 0 1 0 0 0 1 0 1 0 1,"[0, 2, 8, 26, 64]"
96,36,0.8695652173913043,37 2  1 0 1 0 1 0 0 0 0 0 0 0 0 0 0 0 1 0 1 0 1 0 0 0 0 0 0 0 0 0 0 0 1 0 1 0 1,"[0, 2, 18, 34, 48]"
96,20,0.07604562737642585,21 2  1 0 1 0 1 0 0 0 1 0 1 0 1 0 0 0 1 0 1 0 1,"[0, 2, 16, 26, 56]"
96,20,0.04866180048661801,21 2  1 0 1 0 1 0 0 0 1 0 1 0 1 0 0 0 1 0 1 0 1,"[0, 2, 8, 64, 74]"
96,36,1,37 2  1 0 1 0 1 0 0 0 0 0 0 0 0 0 0 0 1 0 1 0 1 0 0 0 0 0 0 0 0 0 0 0 1 0 1 0 1,"[0, 2, 50, 64, 80]"
96,34,1,35 2  1 1 1 0 0 0 0 0 0 0 0 0 0 0 0 0 1 1 1 0 0 0 0 0 0 0 0 0 0 0 0 0 1 1 1,"[0, 3, 16, 51, 80]"
96,34,0.9090909090909091,35 2  1 1 1 0 0 0 0 0 0 0 0 0 0 0 0 0 1 1 1 0 0 0 0 0 0 0 0 0 0 0 0 0 1 1 1,"[0, 3, 19, 48, 83]"
96,24,0.26666666666666666,25 2  1 0 0 0 1 0 0 0 0 0 0 0 1 0 0 0 0 0 0 0 1 0 0 0 1,"[0, 4, 12, 20, 24]"
96,24,0.22727272727272727,25 2  1 0 0 0 1 0 0 0 0 0 0 0 1 0 0 0 0 0 0 0 1 0 0 0 1,"[0, 4, 12, 20, 72]"
96,24,0.12345679012345678,25 2  1 0 0 0 1 0 0 0 0 0 0 0 1 0 0 0 0 0 0 0 1 0 0 0 1,"[0, 4, 12, 24, 68]"
96,24,0.16260162601626016,25 2  1 0 0 0 1 0 0 0 0 0 0 0 1 0 0 0 0 0 0 0 1 0 0 0 1,"[0, 4, 12, 68, 72]"
96,40,1,41 2  1 0 0 0 1 0 0 0 1 0 0 0 0 0 0 0 1 0 0 0 1 0 0 0 1 0 0 0 0 0 0 0 1 0 0 0 1 0 0 0 1,"[0, 4, 16, 32, 52]"
96,24,0.20408163265306123,25 2  1 0 0 0 1 0 0 0 0 0 0 0 1 0 0 0 0 0 0 0 1 0 0 0 1,"[0, 4, 20, 24, 60]"
96,40,0.9090909090909091,41 2  1 0 0 0 1 0 0 0 1 0 0 0 0 0 0 0 1 0 0 0 1 0 0 0 1 0 0 0 0 0 0 0 1 0 0 0 1 0 0 0 1,"[0, 4, 48, 68, 84]"
96,34,1,35 2  1 1 1 0 0 0 0 0 0 0 0 0 0 0 0 0 1 1 1 0 0 0 0 0 0 0 0 0 0 0 0 0 1 1 1,"[0, 5, 21, 37, 48]"
96,36,1,37 2  1 0 1 0 1 0 0 0 0 0 0 0 0 0 0 0 1 0 1 0 1 0 0 0 0 0 0 0 0 0 0 0 1 0 1 0 1,"[0, 6, 16, 54, 80]"
96,36,0.9523809523809523,37 2  1 0 1 0 1 0 0 0 0 0 0 0 0 0 0 0 1 0 1 0 1 0 0 0 0 0 0 0 0 0 0 0 1 0 1 0 1,"[0, 6, 22, 48, 86]"
96,48,1,49 2  1 0 0 0 0 0 0 0 1 0 0 0 0 0 0 0 0 0 0 0 0 0 0 0 1 0 0 0 0 0 0 0 0 0 0 0 0 0 0 0 1 0 0 0 0 0 0 0 1,"[0, 8, 24, 40, 48]"
96,48,1,49 2  1 0 0 0 0 0 0 0 1 0 0 0 0 0 0 0 0 0 0 0 0 0 0 0 1 0 0 0 0 0 0 0 0 0 0 0 0 0 0 0 1 0 0 0 0 0 0 0 1,"[0, 8, 56, 64, 80]"
96,36,0.9523809523809523,37 2  1 0 1 0 1 0 0 0 0 0 0 0 0 0 0 0 1 0 1 0 1 0 0 0 0 0 0 0 0 0 0 0 1 0 1 0 1,"[0, 10, 16, 32, 58]"
96,40,0.9523809523809523,41 2  1 0 0 0 1 0 0 0 1 0 0 0 0 0 0 0 1 0 0 0 1 0 0 0 1 0 0 0 0 0 0 0 1 0 0 0 1 0 0 0 1,"[0, 12, 16, 60, 80]"
96,40,1,41 2  1 0 0 0 1 0 0 0 1 0 0 0 0 0 0 0 1 0 0 0 1 0 0 0 1 0 0 0 0 0 0 0 1 0 0 0 1 0 0 0 1,"[0, 12, 28, 48, 92]"
96,48,1,49 2  1 0 0 0 0 0 0 0 1 0 0 0 0 0 0 0 0 0 0 0 0 0 0 0 1 0 0 0 0 0 0 0 0 0 0 0 0 0 0 0 1 0 0 0 0 0 0 0 1,"[0, 16, 24, 72, 80]"
96,40,0.9090909090909091,41 2  1 0 0 0 1 0 0 0 1 0 0 0 0 0 0 0 1 0 0 0 1 0 0 0 1 0 0 0 0 0 0 0 1 0 0 0 1 0 0 0 1,"[0, 16, 28, 32, 76]"
96,48,1,49 2  1 0 0 0 0 0 0 0 1 0 0 0 0 0 0 0 0 0 0 0 0 0 0 0 1 0 0 0 0 0 0 0 0 0 0 0 0 0 0 0 1 0 0 0 0 0 0 0 1,"[0, 16, 32, 40, 88]"
96,12,0.00045175280086736535,13 2  1 0 1 0 0 0 1 0 0 0 1 0 1,"[0, 2, 6, 10, 12]"
96,48,1,49 2  1 0 0 0 0 0 0 0 1 0 0 0 0 0 0 0 0 0 0 0 0 0 0 0 1 0 0 0 0 0 0 0 0 0 0 0 0 0 0 0 1 0 0 0 0 0 0 0 1,"[0, 48, 56, 72, 88]"
96,12,0.000439792417978714,13 2  1 0 1 0 0 0 1 0 0 0 1 0 1,"[0, 2, 6, 10, 36]"
96,12,0.00035096339451795176,13 2  1 0 1 0 0 0 1 0 0 0 1 0 1,"[0, 2, 6, 10, 84]"
96,12,0.00036462416364332466,13 2  1 0 1 0 0 0 1 0 0 0 1 0 1,"[0, 2, 6, 10, 60]"
96,12,0.0002856082026675806,13 2  1 0 1 0 0 0 1 0 0 0 1 0 1,"[0, 2, 6, 12, 34]"
96,10,0.0001325407397098683,11 2  1 1 1 0 1 1 1 0 1 1 1,"[0, 1, 4, 8, 85]"
96,10,0.00011360344445643592,11 2  1 1 1 0 1 1 1 0 1 1 1,"[0, 1, 4, 8, 13]"
96,10,0.00015355322154658805,11 2  1 1 1 0 1 1 1 0 1 1 1,"[0, 1, 4, 8, 61]"
96,10,0.00011941367883691077,11 2  1 1 1 0 1 1 1 0 1 1 1,"[0, 1, 4, 8, 37]"
96,10,0.00010268521846280227,11 2  1 1 1 0 1 1 1 0 1 1 1,"[0, 1, 4, 13, 32]"
