24,4,0,5 2  1 0 1 0 1,"[0, 1, 2, 4, 7]"
24,4,0,5 2  1 0 1 0 1,"[0, 1, 2, 4, 19]"
24,4,0,5 2  1 0 1 0 1,"[0, 1, 2, 4, 13]"
24,4,0,5 2  1 0 1 0 1,"[0, 1, 2, 7, 10]"
24,4,0,5 2  1 0 1 0 1,"[0, 1, 2, 7, 16]"
24,4,0,5 2  1 0 1 0 1,"[0, 1, 2, 7, 22]"
24,4,0,5 2  1 0 1 0 1,"[0, 1, 2, 10, 13]"
24,4,0,5 2  1 0 1 0 1,"[0, 1, 2, 10, 19]"
24,4,0,5 2  1 0 1 0 1,"[0, 1, 2, 13, 16]"
24,4,0,5 2  1 0 1 0 1,"[0, 1, 2, 13, 22]"
24,4,0,5 2  1 0 1 0 1,"[0, 1, 2, 16, 19]"
24,4,0,5 2  1 0 1 0 1,"[0, 1, 2, 19, 22]"
24,6,0,7 2  1 1 0 1 0 1 1,"[0, 1, 3, 5, 6]"
24,4,0,5 2  1 0 1 0 1,"[0, 1, 3, 5, 12]"
24,6,0,7 2  1 1 0 1 0 1 1,"[0, 1, 3, 5, 18]"
24,4,0,5 2  1 0 1 0 1,"[0, 1, 3, 6, 11]"
24,6,0,7 2  1 1 0 1 0 1 1,"[0, 1, 3, 6, 17]"
24,4,0,5 2  1 0 1 0 1,"[0, 1, 3, 6, 23]"
24,4,0,5 2  1 0 1 0 1,"[0, 1, 3, 11, 12]"
24,4,0,5 2  1 0 1 0 1,"[0, 1, 3, 11, 18]"
24,4,0,5 2  1 0 1 0 1,"[0, 1, 3, 12, 17]"
24,4,0,5 2  1 0 1 0 1,"[0, 1, 3, 12, 23]"
24,6,0,7 2  1 1 0 1 0 1 1,"[0, 1, 3, 17, 18]"
24,4,0,5 2  1 0 1 0 1,"[0, 1, 3, 18, 23]"
24,4,0,5 2  1 0 1 0 1,"[0, 1, 4, 7, 8]"
24,4,0,5 2  1 0 1 0 1,"[0, 1, 4, 7, 14]"
24,4,0,5 2  1 0 1 0 1,"[0, 1, 4, 7, 20]"
24,10,0,11 2  1 1 1 0 1 1 1 0 1 1 1,"[0, 1, 4, 8, 13]"
24,4,0,5 2  1 0 1 0 1,"[0, 1, 4, 8, 19]"
24,4,0,5 2  1 0 1 0 1,"[0, 1, 4, 13, 14]"
24,8,0,9 2  1 0 0 0 1 0 0 0 1,"[0, 1, 4, 13, 20]"
24,4,0,5 2  1 0 1 0 1,"[0, 1, 4, 14, 19]"
24,4,0,5 2  1 0 1 0 1,"[0, 1, 4, 19, 20]"
24,4,0,5 2  1 0 1 0 1,"[0, 1, 5, 6, 9]"
24,6,0,7 2  1 1 0 1 0 1 1,"[0, 1, 5, 6, 15]"
24,4,0,5 2  1 0 1 0 1,"[0, 1, 5, 6, 21]"
24,4,0,5 2  1 0 1 0 1,"[0, 1, 5, 9, 18]"
24,8,0,9 2  1 0 0 0 1 0 0 0 1,"[0, 1, 5, 9, 12]"
24,4,0,5 2  1 0 1 0 1,"[0, 1, 5, 12, 15]"
24,8,0,9 2  1 0 0 0 1 0 0 0 1,"[0, 1, 5, 12, 21]"
24,6,0,7 2  1 1 0 1 0 1 1,"[0, 1, 5, 15, 18]"
24,4,0,5 2  1 0 1 0 1,"[0, 1, 5, 18, 21]"
24,4,0,5 2  1 0 1 0 1,"[0, 1, 6, 9, 11]"
24,4,0,5 2  1 0 1 0 1,"[0, 1, 6, 9, 17]"
24,4,0,5 2  1 0 1 0 1,"[0, 1, 6, 11, 15]"
24,4,0,5 2  1 0 1 0 1,"[0, 1, 6, 9, 23]"
24,4,0,5 2  1 0 1 0 1,"[0, 1, 6, 11, 21]"
24,6,0,7 2  1 1 0 1 0 1 1,"[0, 1, 6, 15, 17]"
24,4,0,5 2  1 0 1 0 1,"[0, 1, 6, 15, 23]"
24,4,0,5 2  1 0 1 0 1,"[0, 1, 6, 17, 21]"
24,4,0,5 2  1 0 1 0 1,"[0, 1, 6, 21, 23]"
24,6,0,7 2  1 1 0 1 0 1 1,"[0, 1, 7, 8, 10]"
24,4,0,5 2  1 0 1 0 1,"[0, 1, 7, 8, 16]"
24,6,0,7 2  1 1 0 1 0 1 1,"[0, 1, 7, 8, 22]"
24,4,0,5 2  1 0 1 0 1,"[0, 1, 7, 10, 14]"
24,6,0,7 2  1 1 0 1 0 1 1,"[0, 1, 7, 10, 20]"
24,4,0,5 2  1 0 1 0 1,"[0, 1, 7, 14, 16]"
24,4,0,5 2  1 0 1 0 1,"[0, 1, 7, 14, 22]"
24,4,0,5 2  1 0 1 0 1,"[0, 1, 7, 16, 20]"
24,6,0,7 2  1 1 0 1 0 1 1,"[0, 1, 7, 20, 22]"
24,4,0,5 2  1 0 1 0 1,"[0, 1, 8, 10, 13]"
24,6,0,7 2  1 1 0 1 0 1 1,"[0, 1, 8, 10, 19]"
24,8,0,9 2  1 0 0 0 1 0 0 0 1,"[0, 1, 8, 13, 16]"
24,4,0,5 2  1 0 1 0 1,"[0, 1, 8, 13, 22]"
24,4,0,5 2  1 0 1 0 1,"[0, 1, 8, 16, 19]"
24,6,0,7 2  1 1 0 1 0 1 1,"[0, 1, 8, 19, 22]"
24,4,0,5 2  1 0 1 0 1,"[0, 1, 9, 11, 12]"
24,4,0,5 2  1 0 1 0 1,"[0, 1, 9, 11, 18]"
24,8,0,9 2  1 0 0 0 1 0 0 0 1,"[0, 1, 9, 12, 17]"
24,4,0,5 2  1 0 1 0 1,"[0, 1, 9, 12, 23]"
24,4,0,5 2  1 0 1 0 1,"[0, 1, 9, 17, 18]"
24,4,0,5 2  1 0 1 0 1,"[0, 1, 9, 18, 23]"
24,4,0,5 2  1 0 1 0 1,"[0, 1, 10, 13, 14]"
24,4,0,5 2  1 0 1 0 1,"[0, 1, 10, 13, 20]"
24,4,0,5 2  1 0 1 0 1,"[0, 1, 10, 14, 19]"
24,6,0,7 2  1 1 0 1 0 1 1,"[0, 1, 10, 19, 20]"
24,4,0,5 2  1 0 1 0 1,"[0, 1, 11, 12, 15]"
24,4,0,5 2  1 0 1 0 1,"[0, 1, 11, 12, 21]"
24,4,0,5 2  1 0 1 0 1,"[0, 1, 11, 15, 18]"
24,4,0,5 2  1 0 1 0 1,"[0, 1, 11, 18, 21]"
24,4,0,5 2  1 0 1 0 1,"[0, 1, 12, 15, 17]"
24,4,0,5 2  1 0 1 0 1,"[0, 1, 12, 15, 23]"
24,10,0,11 2  1 1 1 0 1 1 1 0 1 1 1,"[0, 1, 12, 17, 21]"
24,4,0,5 2  1 0 1 0 1,"[0, 1, 12, 21, 23]"
24,4,0,5 2  1 0 1 0 1,"[0, 1, 13, 14, 16]"
24,4,0,5 2  1 0 1 0 1,"[0, 1, 13, 14, 22]"
24,8,0,9 2  1 0 0 0 1 0 0 0 1,"[0, 1, 13, 16, 20]"
24,4,0,5 2  1 0 1 0 1,"[0, 1, 13, 20, 22]"
24,4,0,5 2  1 0 1 0 1,"[0, 1, 14, 16, 19]"
24,4,0,5 2  1 0 1 0 1,"[0, 1, 14, 19, 22]"
24,6,0,7 2  1 1 0 1 0 1 1,"[0, 1, 15, 17, 18]"
24,4,0,5 2  1 0 1 0 1,"[0, 1, 15, 18, 23]"
24,4,0,5 2  1 0 1 0 1,"[0, 1, 16, 19, 20]"
24,4,0,5 2  1 0 1 0 1,"[0, 1, 17, 18, 21]"
24,6,0,7 2  1 1 0 1 0 1 1,"[0, 1, 19, 20, 22]"
24,4,0,5 2  1 0 1 0 1,"[0, 1, 18, 21, 23]"
24,4,0,5 2  1 0 1 0 1,"[0, 2, 3, 4, 9]"
24,4,0,5 2  1 0 1 0 1,"[0, 2, 3, 4, 15]"
24,4,0,5 2  1 0 1 0 1,"[0, 2, 3, 4, 21]"
24,4,0,5 2  1 0 1 0 1,"[0, 2, 3, 9, 16]"
24,6,0,7 2  1 1 0 1 0 1 1,"[0, 2, 3, 9, 10]"
24,6,0,7 2  1 1 0 1 0 1 1,"[0, 2, 3, 9, 22]"
24,4,0,5 2  1 0 1 0 1,"[0, 2, 3, 10, 15]"
24,6,0,7 2  1 1 0 1 0 1 1,"[0, 2, 3, 10, 21]"
24,4,0,5 2  1 0 1 0 1,"[0, 2, 3, 15, 16]"
24,4,0,5 2  1 0 1 0 1,"[0, 2, 3, 15, 22]"
24,4,0,5 2  1 0 1 0 1,"[0, 2, 3, 16, 21]"
24,6,0,7 2  1 1 0 1 0 1 1,"[0, 2, 3, 21, 22]"
24,6,0,7 2  1 1 0 1 0 1 1,"[0, 2, 4, 5, 11]"
24,4,0,5 2  1 0 1 0 1,"[0, 2, 4, 5, 17]"
24,6,0,7 2  1 1 0 1 0 1 1,"[0, 2, 4, 5, 23]"
24,4,0,5 2  1 0 1 0 1,"[0, 2, 4, 6, 12]"
24,4,0,5 2  1 0 1 0 1,"[0, 2, 4, 6, 18]"
24,4,0,5 2  1 0 1 0 1,"[0, 2, 4, 7, 13]"
24,4,0,5 2  1 0 1 0 1,"[0, 2, 4, 7, 19]"
24,8,0,9 2  1 0 0 0 1 0 0 0 1,"[0, 2, 4, 8, 14]"
24,4,0,5 2  1 0 1 0 1,"[0, 2, 4, 8, 20]"
24,4,0,5 2  1 0 1 0 1,"[0, 2, 4, 9, 15]"
24,4,0,5 2  1 0 1 0 1,"[0, 2, 4, 9, 21]"
24,4,0,5 2  1 0 1 0 1,"[0, 2, 4, 10, 16]"
24,4,0,5 2  1 0 1 0 1,"[0, 2, 4, 10, 22]"
24,6,0,7 2  1 1 0 1 0 1 1,"[0, 2, 4, 11, 17]"
24,4,0,5 2  1 0 1 0 1,"[0, 2, 4, 11, 23]"
24,4,0,5 2  1 0 1 0 1,"[0, 2, 4, 12, 18]"
24,4,0,5 2  1 0 1 0 1,"[0, 2, 4, 13, 19]"
24,8,0,9 2  1 0 0 0 1 0 0 0 1,"[0, 2, 4, 14, 20]"
24,4,0,5 2  1 0 1 0 1,"[0, 2, 4, 15, 21]"
24,4,0,5 2  1 0 1 0 1,"[0, 2, 4, 16, 22]"
24,6,0,7 2  1 1 0 1 0 1 1,"[0, 2, 4, 17, 23]"
24,4,0,5 2  1 0 1 0 1,"[0, 2, 5, 10, 11]"
24,4,0,5 2  1 0 1 0 1,"[0, 2, 5, 10, 17]"
24,4,0,5 2  1 0 1 0 1,"[0, 2, 5, 10, 23]"
24,6,0,7 2  1 1 0 1 0 1 1,"[0, 2, 5, 11, 16]"
24,4,0,5 2  1 0 1 0 1,"[0, 2, 5, 16, 17]"
24,6,0,7 2  1 1 0 1 0 1 1,"[0, 2, 5, 16, 23]"
24,4,0,5 2  1 0 1 0 1,"[0, 2, 5, 17, 22]"
24,12,0,13 2  1 0 1 0 0 0 1 0 0 0 1 0 1,"[0, 2, 6, 10, 12]"
24,8,0,9 2  1 0 0 0 1 0 0 0 1,"[0, 2, 6, 12, 22]"
24,8,0,9 2  1 0 0 0 1 0 0 0 1,"[0, 2, 8, 14, 16]"
24,6,0,7 2  1 1 0 1 0 1 1,"[0, 2, 9, 10, 15]"
24,6,0,7 2  1 1 0 1 0 1 1,"[0, 2, 9, 15, 22]"
24,8,0,9 2  1 0 0 0 1 0 0 0 1,"[0, 2, 10, 12, 18]"
24,6,0,7 2  1 1 0 1 0 1 1,"[0, 2, 10, 15, 21]"
24,6,0,7 2  1 1 0 1 0 1 1,"[0, 2, 11, 16, 17]"
24,8,0,9 2  1 0 0 0 1 0 0 0 1,"[0, 2, 12, 18, 22]"
24,12,0,13 2  1 0 1 0 0 0 1 0 0 0 1 0 1,"[0, 2, 14, 16, 20]"
24,6,0,7 2  1 1 0 1 0 1 1,"[0, 2, 15, 21, 22]"
24,6,0,7 2  1 1 0 1 0 1 1,"[0, 2, 16, 17, 23]"
24,8,0,9 2  1 0 0 0 1 0 0 0 1,"[0, 3, 4, 8, 15]"
24,10,0,11 2  1 1 1 0 1 1 1 0 1 1 1,"[0, 3, 4, 15, 20]"
24,6,0,7 2  1 1 0 1 0 1 1,"[0, 3, 5, 6, 13]"
24,6,0,7 2  1 1 0 1 0 1 1,"[0, 3, 5, 13, 18]"
24,6,0,7 2  1 1 0 1 0 1 1,"[0, 3, 6, 13, 17]"
24,8,0,9 2  1 0 0 0 1 0 0 0 1,"[0, 3, 7, 11, 12]"
24,10,0,11 2  1 1 1 0 1 1 1 0 1 1 1,"[0, 3, 7, 12, 23]"
24,8,0,9 2  1 0 0 0 1 0 0 0 1,"[0, 3, 8, 15, 16]"
24,6,0,7 2  1 1 0 1 0 1 1,"[0, 3, 9, 10, 14]"
24,6,0,7 2  1 1 0 1 0 1 1,"[0, 3, 9, 14, 22]"
24,6,0,7 2  1 1 0 1 0 1 1,"[0, 3, 10, 14, 21]"
24,8,0,9 2  1 0 0 0 1 0 0 0 1,"[0, 3, 11, 12, 19]"
24,8,0,9 2  1 0 0 0 1 0 0 0 1,"[0, 3, 12, 19, 23]"
24,6,0,7 2  1 1 0 1 0 1 1,"[0, 3, 13, 17, 18]"
24,6,0,7 2  1 1 0 1 0 1 1,"[0, 3, 14, 21, 22]"
24,8,0,9 2  1 0 0 0 1 0 0 0 1,"[0, 3, 15, 16, 20]"
24,8,0,9 2  1 0 0 0 1 0 0 0 1,"[0, 4, 5, 8, 17]"
24,6,0,7 2  1 1 0 1 0 1 1,"[0, 4, 5, 11, 14]"
24,6,0,7 2  1 1 0 1 0 1 1,"[0, 4, 5, 14, 23]"
24,8,0,9 2  1 0 0 0 1 0 0 0 1,"[0, 4, 5, 17, 20]"
24,8,0,9 2  1 0 0 0 1 0 0 0 1,"[0, 4, 6, 8, 18]"
24,12,0,13 2  1 0 1 0 0 0 1 0 0 0 1 0 1,"[0, 4, 6, 18, 20]"
24,10,0,11 2  1 1 1 0 1 1 1 0 1 1 1,"[0, 4, 7, 8, 19]"
24,8,0,9 2  1 0 0 0 1 0 0 0 1,"[0, 4, 7, 19, 20]"
24,8,0,9 2  1 0 0 0 1 0 0 0 1,"[0, 4, 8, 9, 21]"
24,12,0,13 2  1 0 1 0 0 0 1 0 0 0 1 0 1,"[0, 4, 8, 10, 22]"
24,8,0,9 2  1 0 0 0 1 0 0 0 1,"[0, 4, 8, 11, 23]"
24,10,0,11 2  1 1 1 0 1 1 1 0 1 1 1,"[0, 4, 9, 20, 21]"
24,8,0,9 2  1 0 0 0 1 0 0 0 1,"[0, 4, 10, 20, 22]"
24,6,0,7 2  1 1 0 1 0 1 1,"[0, 4, 11, 14, 17]"
24,8,0,9 2  1 0 0 0 1 0 0 0 1,"[0, 4, 11, 20, 23]"
24,6,0,7 2  1 1 0 1 0 1 1,"[0, 4, 14, 17, 23]"
24,6,0,7 2  1 1 0 1 0 1 1,"[0, 5, 6, 13, 15]"
24,8,0,9 2  1 0 0 0 1 0 0 0 1,"[0, 5, 8, 16, 17]"
24,10,0,11 2  1 1 1 0 1 1 1 0 1 1 1,"[0, 5, 9, 12, 13]"
24,6,0,7 2  1 1 0 1 0 1 1,"[0, 5, 11, 14, 16]"
24,8,0,9 2  1 0 0 0 1 0 0 0 1,"[0, 5, 12, 13, 21]"
24,6,0,7 2  1 1 0 1 0 1 1,"[0, 5, 13, 15, 18]"
24,6,0,7 2  1 1 0 1 0 1 1,"[0, 5, 14, 16, 23]"
24,10,0,11 2  1 1 1 0 1 1 1 0 1 1 1,"[0, 5, 16, 17, 20]"
24,6,0,7 2  1 1 0 1 0 1 1,"[0, 6, 7, 9, 11]"
24,6,0,7 2  1 1 0 1 0 1 1,"[0, 6, 7, 9, 23]"
24,6,0,7 2  1 1 0 1 0 1 1,"[0, 6, 7, 11, 21]"
24,6,0,7 2  1 1 0 1 0 1 1,"[0, 6, 7, 21, 23]"
24,8,0,9 2  1 0 0 0 1 0 0 0 1,"[0, 6, 8, 16, 18]"
24,6,0,7 2  1 1 0 1 0 1 1,"[0, 6, 9, 11, 19]"
24,6,0,7 2  1 1 0 1 0 1 1,"[0, 6, 9, 19, 23]"
24,8,0,9 2  1 0 0 0 1 0 0 0 1,"[0, 6, 10, 12, 14]"
24,6,0,7 2  1 1 0 1 0 1 1,"[0, 6, 11, 19, 21]"
24,8,0,9 2  1 0 0 0 1 0 0 0 1,"[0, 6, 12, 14, 22]"
24,6,0,7 2  1 1 0 1 0 1 1,"[0, 6, 13, 15, 17]"
24,8,0,9 2  1 0 0 0 1 0 0 0 1,"[0, 6, 16, 18, 20]"
24,6,0,7 2  1 1 0 1 0 1 1,"[0, 6, 19, 21, 23]"
24,6,0,7 2  1 1 0 1 0 1 1,"[0, 7, 8, 10, 13]"
24,6,0,7 2  1 1 0 1 0 1 1,"[0, 7, 8, 13, 22]"
24,8,0,9 2  1 0 0 0 1 0 0 0 1,"[0, 7, 8, 16, 19]"
24,6,0,7 2  1 1 0 1 0 1 1,"[0, 7, 9, 11, 18]"
24,6,0,7 2  1 1 0 1 0 1 1,"[0, 7, 9, 18, 23]"
24,6,0,7 2  1 1 0 1 0 1 1,"[0, 7, 10, 13, 20]"
24,8,0,9 2  1 0 0 0 1 0 0 0 1,"[0, 7, 11, 12, 15]"
24,6,0,7 2  1 1 0 1 0 1 1,"[0, 7, 11, 18, 21]"
24,8,0,9 2  1 0 0 0 1 0 0 0 1,"[0, 7, 12, 15, 23]"
24,6,0,7 2  1 1 0 1 0 1 1,"[0, 7, 13, 20, 22]"
24,8,0,9 2  1 0 0 0 1 0 0 0 1,"[0, 7, 16, 19, 20]"
24,6,0,7 2  1 1 0 1 0 1 1,"[0, 7, 18, 21, 23]"
24,8,0,9 2  1 0 0 0 1 0 0 0 1,"[0, 8, 9, 16, 21]"
24,6,0,7 2  1 1 0 1 0 1 1,"[0, 8, 10, 13, 19]"
24,8,0,9 2  1 0 0 0 1 0 0 0 1,"[0, 8, 10, 16, 22]"
24,8,0,9 2  1 0 0 0 1 0 0 0 1,"[0, 8, 11, 16, 23]"
24,6,0,7 2  1 1 0 1 0 1 1,"[0, 8, 13, 19, 22]"
24,6,0,7 2  1 1 0 1 0 1 1,"[0, 9, 10, 14, 15]"
24,6,0,7 2  1 1 0 1 0 1 1,"[0, 9, 11, 18, 19]"
24,8,0,9 2  1 0 0 0 1 0 0 0 1,"[0, 9, 12, 13, 17]"
24,6,0,7 2  1 1 0 1 0 1 1,"[0, 9, 14, 15, 22]"
24,8,0,9 2  1 0 0 0 1 0 0 0 1,"[0, 9, 16, 20, 21]"
24,6,0,7 2  1 1 0 1 0 1 1,"[0, 9, 18, 19, 23]"
24,8,0,9 2  1 0 0 0 1 0 0 0 1,"[0, 10, 12, 14, 18]"
24,6,0,7 2  1 1 0 1 0 1 1,"[0, 10, 13, 19, 20]"
24,6,0,7 2  1 1 0 1 0 1 1,"[0, 10, 14, 15, 21]"
24,8,0,9 2  1 0 0 0 1 0 0 0 1,"[0, 10, 16, 20, 22]"
24,10,0,11 2  1 1 1 0 1 1 1 0 1 1 1,"[0, 11, 12, 15, 19]"
24,6,0,7 2  1 1 0 1 0 1 1,"[0, 11, 14, 16, 17]"
24,10,0,11 2  1 1 1 0 1 1 1 0 1 1 1,"[0, 11, 16, 20, 23]"
24,6,0,7 2  1 1 0 1 0 1 1,"[0, 11, 18, 19, 21]"
24,8,0,9 2  1 0 0 0 1 0 0 0 1,"[0, 12, 13, 17, 21]"
24,12,0,13 2  1 0 1 0 0 0 1 0 0 0 1 0 1,"[0, 12, 14, 18, 22]"
24,8,0,9 2  1 0 0 0 1 0 0 0 1,"[0, 12, 15, 19, 23]"
24,6,0,7 2  1 1 0 1 0 1 1,"[0, 13, 15, 17, 18]"
24,6,0,7 2  1 1 0 1 0 1 1,"[0, 13, 19, 20, 22]"
24,6,0,7 2  1 1 0 1 0 1 1,"[0, 14, 15, 21, 22]"
24,6,0,7 2  1 1 0 1 0 1 1,"[0, 14, 16, 17, 23]"
24,6,0,7 2  1 1 0 1 0 1 1,"[0, 18, 19, 21, 23]"
