28,3,0.00012134523325587463,4 2  1 0 1 1,"[0, 1, 2, 3, 22]"
28,3,0.00009603149833145271,4 2  1 1 0 1,"[0, 1, 2, 3, 9]"
28,3,0.00007169203967437475,4 2  1 1 0 1,"[0, 1, 2, 3, 16]"
28,6,0.03875968992248062,7 2  1 0 1 0 0 0 1,"[0, 1, 2, 6, 15]"
28,6,0.0364963503649635,7 2  1 0 0 0 1 0 1,"[0, 1, 2, 10, 15]"
28,6,0.047961630695443645,7 2  1 0 1 0 0 0 1,"[0, 1, 2, 15, 20]"
28,6,0.04081632653061224,7 2  1 0 0 0 1 0 1,"[0, 1, 2, 15, 24]"
28,6,0.06622516556291391,7 2  1 0 1 0 0 0 1,"[0, 1, 3, 7, 14]"
28,6,0.04246284501061571,7 2  1 0 0 0 1 0 1,"[0, 1, 3, 11, 14]"
28,6,0.03048780487804878,7 2  1 0 1 0 0 0 1,"[0, 1, 3, 14, 21]"
28,6,0.05012531328320802,7 2  1 0 0 0 1 0 1,"[0, 1, 3, 14, 25]"
28,6,0.0547945205479452,7 2  1 0 0 0 1 0 1,"[0, 1, 4, 6, 15]"
28,6,0.0338409475465313,7 2  1 0 1 0 0 0 1,"[0, 1, 4, 12, 15]"
28,9,0.07874015748031496,10 2  1 0 1 1 1 0 0 1 1 1,"[0, 1, 5, 7, 14]"
28,3,0.00007375936743966483,4 2  1 0 1 1,"[0, 1, 2, 3, 8]"
28,9,0.15267175572519084,10 2  1 1 1 0 0 1 1 1 0 1,"[0, 1, 7, 14, 17]"
28,9,0.09389671361502347,10 2  1 0 1 1 1 0 0 1 1 1,"[0, 1, 12, 15, 22]"
28,9,0.13245033112582782,10 2  1 1 1 0 0 1 1 1 0 1,"[0, 1, 15, 22, 24]"
28,9,0.12658227848101267,10 2  1 1 1 0 0 1 1 1 0 1,"[0, 2, 6, 7, 21]"
28,9,0.12195121951219512,10 2  1 0 1 1 1 0 0 1 1 1,"[0, 2, 7, 10, 21]"
28,9,0.10256410256410256,10 2  1 1 1 0 0 1 1 1 0 1,"[0, 2, 9, 20, 23]"
28,9,0.10695187165775401,10 2  1 0 1 1 1 0 0 1 1 1,"[0, 2, 9, 23, 24]"
28,9,0.09523809523809523,10 2  1 1 1 0 0 1 1 1 0 1,"[0, 3, 8, 10, 17]"
28,9,0.14388489208633093,10 2  1 0 1 1 1 0 0 1 1 1,"[0, 3, 10, 16, 17]"
28,3,0.00007656322974328348,4 2  1 0 1 1,"[0, 1, 2, 3, 15]"
28,3,0.00007456648907414519,4 2  1 1 0 1,"[0, 1, 2, 4, 14]"
28,3,0.000058411897335249244,4 2  1 1 0 1,"[0, 1, 2, 3, 23]"
28,3,0.000057351288109930946,4 2  1 1 0 1,"[0, 1, 2, 4, 7]"
28,3,0.00006796271565419211,4 2  1 0 1 1,"[0, 1, 2, 5, 9]"
28,3,0.00008676074423366404,4 2  1 0 1 1,"[0, 1, 2, 5, 16]"
