7,1
8,2
8,1
8,4
9,1
9,3
9,7
10,2
10,1
10,5
11,1
12,2
12,1
12,5
12,4
12,3
12,7
12,6
12,8
12,9
12,10
13,1
14,1
14,5
14,4
14,7
14,10
15,5
15,1
15,3
15,7
15,9
15,11
16,1
16,3
16,5
16,6
17,1
17,9
18,1
18,4
18,5
18,3
18,11
18,7
18,8
18,9
18,13
18,15
19,1
20,1
20,3
20,5
20,8
20,6
20,7
21,1
21,7
21,6
21,4
21,10
21,9
21,13
21,15
22,1
22,11
23,1
24,1
24,5
24,7
24,9
24,11
24,17
25,1
25,5
26,1
26,13
27,1
27,7
27,19
28,1
28,6
28,5
28,3
28,7
28,9
28,11
28,13
28,17
28,12
28,16
29,1
30,1
30,4
30,5
30,8
30,9
30,7
30,11
30,12
30,17
30,13
30,19
30,21
30,25
31,1
31,6
31,11
31,16
32,1
32,3
32,5
32,9
33,1
33,13
33,11
33,23
34,1
34,10
34,9
34,17
35,1
35,4
35,8
35,7
35,11
35,16
35,13
35,19
36,1
36,5
36,7
36,11
36,13
36,20
36,25
37,1
38,1
38,19
39,1
39,13
39,15
39,27
40,1
40,3
40,9
40,7
40,11
40,13
40,15
41,1
42,7
42,1
42,5
42,4
42,10
42,11
42,9
42,13
42,16
42,23
42,24
42,19
42,22
42,17
42,29
42,35
43,1
43,15
44,1
44,3
44,11
44,13
44,12
44,14
45,1
45,7
45,13
45,11
45,17
45,31
46,1
46,23
47,1
48,1
48,5
48,7
48,11
48,13
48,26
48,17
48,19
48,33
49,1
49,4
49,22
