18,4,0.09174311926605505,5 2  1 0 1 0 1,"[0, 1, 2, 7, 10]"
18,4,0.0749063670411985,5 2  1 0 1 0 1,"[0, 1, 2, 4, 7]"
18,4,0.06920415224913495,5 2  1 0 1 0 1,"[0, 1, 2, 7, 16]"
18,6,0.3225806451612903,7 2  1 0 0 1 0 0 1,"[0, 1, 3, 6, 10]"
18,6,0.3125,7 2  1 0 0 1 0 0 1,"[0, 1, 3, 10, 15]"
18,4,0.06060606060606061,5 2  1 0 1 0 1,"[0, 1, 2, 4, 13]"
18,4,0.09389671361502347,5 2  1 0 1 0 1,"[0, 1, 2, 10, 13]"
18,6,0.5128205128205128,7 2  1 0 0 1 0 0 1,"[0, 1, 4, 9, 16]"
18,6,0.29411764705882354,7 2  1 0 0 1 0 0 1,"[0, 1, 4, 7, 9]"
18,6,0.32786885245901637,7 2  1 0 0 1 0 0 1,"[0, 1, 6, 10, 12]"
18,2,0.0008679425422037061,3 2  1 1 1,"[0, 1, 2, 3, 12]"
18,2,0.0005553704320781962,3 2  1 1 1,"[0, 1, 2, 3, 6]"
18,2,0.0007699711260827719,3 2  1 1 1,"[0, 1, 2, 4, 10]"
18,2,0.000531660375352225,3 2  1 1 1,"[0, 1, 2, 3, 15]"
18,2,0.0004888182818037394,3 2  1 1 1,"[0, 1, 2, 3, 9]"
