17,8,0.4878048780487805,9 2  1 0 0 1 1 1 0 0 1,"[0, 1, 2, 5, 14]"
17,8,0.5405405405405406,9 2  1 1 1 0 1 0 1 1 1,"[0, 1, 4, 5, 11]"
17,8,0.5714285714285714,9 2  1 0 0 1 1 1 0 0 1,"[0, 1, 7, 9, 11]"
17,8,0.4444444444444444,9 2  1 1 1 0 1 0 1 1 1,"[0, 1, 7, 13, 14]"
17,8,0.2631578947368421,9 2  1 0 0 1 1 1 0 0 1,"[0, 1, 4, 13, 16]"
17,8,0.43478260869565216,9 2  1 0 0 1 1 1 0 0 1,"[0, 2, 4, 10, 11]"
17,8,0.40816326530612246,9 2  1 1 1 0 1 0 1 1 1,"[0, 2, 5, 8, 10]"
17,8,0.5405405405405406,9 2  1 1 1 0 1 0 1 1 1,"[0, 2, 9, 11, 14]"
17,8,0.425531914893617,9 2  1 0 0 1 1 1 0 0 1,"[0, 2, 8, 9, 15]"
17,8,0.46511627906976744,9 2  1 1 1 0 1 0 1 1 1,"[0, 3, 4, 10, 16]"
