54,12,0.2127659574468085,13 2  1 0 0 0 0 0 1 0 0 0 0 0 1,"[0, 1, 6, 12, 19]"
54,12,0.24691358024691357,13 2  1 0 0 0 0 0 1 0 0 0 0 0 1,"[0, 1, 6, 12, 37]"
54,12,0.2247191011235955,13 2  1 0 0 0 0 0 1 0 0 0 0 0 1,"[0, 1, 6, 19, 30]"
54,12,0.24096385542168675,13 2  1 0 0 0 0 0 1 0 0 0 0 0 1,"[0, 1, 6, 19, 48]"
54,12,0.21505376344086022,13 2  1 0 0 0 0 0 1 0 0 0 0 0 1,"[0, 1, 6, 30, 37]"
54,18,0.9090909090909091,19 2  1 0 0 0 0 0 0 0 0 1 0 0 0 0 0 0 0 0 1,"[0, 1, 9, 18, 28]"
54,18,0.8,19 2  1 0 0 0 0 0 0 0 0 1 0 0 0 0 0 0 0 0 1,"[0, 1, 9, 28, 45]"
54,18,0.7142857142857143,19 2  1 0 0 0 0 0 0 0 0 1 0 0 0 0 0 0 0 0 1,"[0, 1, 10, 19, 27]"
54,18,0.9090909090909091,19 2  1 0 0 0 0 0 0 0 0 1 0 0 0 0 0 0 0 0 1,"[0, 1, 10, 27, 46]"
54,18,0.7142857142857143,19 2  1 0 0 0 0 0 0 0 0 1 0 0 0 0 0 0 0 0 1,"[0, 1, 18, 28, 36]"
54,6,0.0022675736961451248,7 2  1 0 0 1 0 0 1,"[0, 1, 3, 6, 46]"
54,6,0.001792435920415845,7 2  1 0 0 1 0 0 1,"[0, 1, 3, 6, 10]"
54,6,0.0018730099269526129,7 2  1 0 0 1 0 0 1,"[0, 1, 3, 6, 19]"
54,6,0.0015926102882624622,7 2  1 0 0 1 0 0 1,"[0, 1, 3, 6, 37]"
54,6,0.0014504315033722532,7 2  1 0 0 1 0 0 1,"[0, 1, 3, 6, 28]"
