27,6,0.12269938650306748,7 2  1 0 0 1 0 0 1,"[0, 1, 3, 6, 10]"
27,6,0.0970873786407767,7 2  1 0 0 1 0 0 1,"[0, 1, 3, 6, 19]"
27,6,0.15267175572519084,7 2  1 0 0 1 0 0 1,"[0, 1, 3, 10, 15]"
27,6,0.08695652173913043,7 2  1 0 0 1 0 0 1,"[0, 1, 3, 10, 24]"
27,6,0.14925373134328357,7 2  1 0 0 1 0 0 1,"[0, 1, 3, 15, 19]"
27,2,0.000008856034967168465,3 2  1 1 1,"[0, 1, 2, 3, 18]"
27,2,0.000008550381197369732,3 2  1 1 1,"[0, 1, 2, 3, 6]"
27,2,0.000008483620673565547,3 2  1 1 1,"[0, 1, 2, 3, 15]"
27,2,0.000008378002047583701,3 2  1 1 1,"[0, 1, 2, 3, 12]"
27,2,0.000007702362237474611,3 2  1 1 1,"[0, 1, 2, 3, 9]"
