89,11,0.000000999999000001,12 2  1 1 1 1 1 1 1 1 1 0 1 1,"[0, 1, 5, 18, 87]"
89,11,0.000000999999000001,12 2  1 1 1 1 1 1 1 1 1 0 1 1,"[0, 1, 5, 16, 22]"
89,11,0.000000999999000001,12 2  1 1 1 1 1 1 1 1 1 0 1 1,"[0, 1, 2, 20, 72]"
89,11,0.000000999999000001,12 2  1 1 1 1 0 1 1 1 1 0 0 1,"[0, 1, 2, 29, 64]"
89,11,0.000000999999000001,12 2  1 0 0 1 1 1 1 0 1 1 1 1,"[0, 1, 3, 5, 24]"
89,11,0.000000999999000001,12 2  1 1 1 0 1 1 0 0 1 0 0 1,"[0, 1, 4, 20, 21]"
89,11,0.000000999999000001,12 2  1 0 0 1 1 1 1 0 1 1 1 1,"[0, 1, 2, 27, 62]"
89,11,0.000000999999000001,12 2  1 1 0 1 1 1 1 1 1 1 1 1,"[0, 1, 3, 72, 85]"
89,11,0.000000999999000001,12 2  1 0 0 0 1 1 0 0 0 0 1 1,"[0, 1, 5, 25, 79]"
89,11,0.000000999999000001,12 2  1 0 0 0 1 1 0 0 0 0 1 1,"[0, 1, 2, 24, 57]"
89,11,0.000000999999000001,12 2  1 0 0 1 1 1 1 0 1 1 1 1,"[0, 1, 3, 10, 31]"
89,11,0.000000999999000001,12 2  1 1 0 0 0 0 1 1 0 0 0 1,"[0, 1, 4, 63, 84]"
89,11,0.000000999999000001,12 2  1 1 1 0 1 1 0 0 1 0 0 1,"[0, 1, 4, 6, 43]"
89,11,0.000000999999000001,12 2  1 1 0 1 1 1 1 1 1 1 1 1,"[0, 1, 5, 31, 83]"
89,11,0.000000999999000001,12 2  1 1 0 1 1 1 1 1 1 1 1 1,"[0, 1, 2, 19, 71]"
89,11,0.000000999999000001,12 2  1 0 0 0 1 1 0 0 0 0 1 1,"[0, 1, 3, 65, 79]"
89,11,0.000000999999000001,12 2  1 0 0 1 1 1 1 0 1 1 1 1,"[0, 1, 2, 44, 56]"
89,11,0.000000999999000001,12 2  1 1 1 1 0 1 1 1 1 0 0 1,"[0, 1, 2, 35, 47]"
89,11,0.000000999999000001,12 2  1 1 1 0 1 1 0 0 1 0 0 1,"[0, 1, 2, 42, 78]"
89,11,0.000000999999000001,12 2  1 0 0 0 1 1 0 0 0 0 1 1,"[0, 1, 4, 57, 64]"
89,11,0.000000999999000001,12 2  1 1 1 1 0 1 1 1 1 0 0 1,"[0, 1, 3, 13, 67]"
89,11,0.000000999999000001,12 2  1 1 1 1 0 1 1 1 1 0 0 1,"[0, 1, 2, 16, 71]"
89,11,0.000000999999000001,12 2  1 0 0 1 1 1 1 0 1 1 1 1,"[0, 1, 2, 20, 75]"
89,11,0.000000999999000001,12 2  1 1 0 0 0 0 1 1 0 0 0 1,"[0, 1, 4, 8, 47]"
89,11,0.000000999999000001,12 2  1 1 0 0 0 0 1 1 0 0 0 1,"[0, 1, 2, 34, 67]"
89,11,0.000000999999000001,12 2  1 1 1 1 1 1 1 1 1 0 1 1,"[0, 1, 4, 14, 29]"
89,11,0.000000999999000001,12 2  1 0 0 1 0 0 1 1 0 1 1 1,"[0, 1, 2, 13, 49]"
89,11,0.000000999999000001,12 2  1 0 0 1 0 0 1 1 0 1 1 1,"[0, 1, 7, 50, 55]"
89,11,0.000000999999000001,12 2  1 1 1 0 1 1 0 0 1 0 0 1,"[0, 1, 3, 55, 73]"
89,11,0.000000999999000001,12 2  1 0 0 0 1 1 0 0 0 0 1 1,"[0, 1, 5, 34, 83]"
89,11,0.000000999999000001,12 2  1 1 0 0 0 0 1 1 0 0 0 1,"[0, 1, 4, 37, 52]"
89,11,0.000000999999000001,12 2  1 1 0 1 1 1 1 1 1 1 1 1,"[0, 1, 4, 25, 76]"
89,11,0.000000999999000001,12 2  1 1 1 0 1 1 0 0 1 0 0 1,"[0, 1, 4, 17, 50]"
89,11,0.000000999999000001,12 2  1 1 1 1 1 1 1 1 1 0 1 1,"[0, 1, 5, 21, 65]"
89,11,0.000000999999000001,12 2  1 1 0 1 1 1 1 1 1 1 1 1,"[0, 1, 7, 36, 39]"
89,11,0.000000999999000001,12 2  1 1 1 1 0 1 1 1 1 0 0 1,"[0, 1, 3, 20, 54]"
89,11,0.000000999999000001,12 2  1 1 0 0 0 0 1 1 0 0 0 1,"[0, 1, 3, 22, 63]"
89,11,0.000000999999000001,12 2  1 0 0 1 0 0 1 1 0 1 1 1,"[0, 1, 5, 35, 55]"
89,11,0.000000999999000001,12 2  1 0 0 1 0 0 1 1 0 1 1 1,"[0, 1, 3, 26, 47]"
89,11,0.000000999999000001,12 2  1 0 0 1 0 0 1 1 0 1 1 1,"[0, 1, 6, 52, 61]"
