75,10,0.017605633802816902,11 2  1 0 0 0 0 1 0 0 0 0 1,"[0, 1, 5, 10, 31]"
75,10,0.012894906511927788,11 2  1 0 0 0 0 1 0 0 0 0 1,"[0, 1, 5, 10, 16]"
75,10,0.011019283746556474,11 2  1 0 0 0 0 1 0 0 0 0 1,"[0, 1, 5, 10, 61]"
75,10,0.01079913606911447,11 2  1 0 0 0 0 1 0 0 0 0 1,"[0, 1, 5, 16, 25]"
75,10,0.009643201542912247,11 2  1 0 0 0 0 1 0 0 0 0 1,"[0, 1, 5, 10, 46]"
75,12,0.020682523267838676,13 2  1 0 0 1 0 0 1 0 0 1 0 0 1,"[0, 3, 6, 9, 12]"
75,12,0.022988505747126436,13 2  1 0 0 1 0 0 1 0 0 1 0 0 1,"[0, 3, 6, 9, 27]"
75,12,0.01644736842105263,13 2  1 0 0 1 0 0 1 0 0 1 0 0 1,"[0, 3, 6, 9, 42]"
75,12,0.017436791630340016,13 2  1 0 0 1 0 0 1 0 0 1 0 0 1,"[0, 3, 6, 9, 72]"
75,12,0.019588638589618023,13 2  1 0 0 1 0 0 1 0 0 1 0 0 1,"[0, 3, 6, 9, 57]"
75,30,0.8695652173913043,31 2  1 0 0 0 0 0 0 0 0 0 1 0 0 0 0 1 0 0 0 0 1 0 0 0 0 0 0 0 0 0 1,"[0, 5, 10, 15, 45]"
75,30,0.8,31 2  1 0 0 0 0 1 0 0 0 0 1 0 0 0 0 1 0 0 0 0 0 0 0 0 0 0 0 0 0 0 1,"[0, 5, 10, 15, 30]"
75,40,1,41 2  1 0 0 0 0 1 0 0 0 0 1 0 0 0 0 0 0 0 0 0 1 0 0 0 0 0 0 0 0 0 0 0 0 0 0 0 0 0 0 0 1,"[0, 5, 10, 20, 40]"
75,30,0.7142857142857143,31 2  1 0 0 0 0 0 0 0 0 0 0 0 0 0 0 1 0 0 0 0 1 0 0 0 0 1 0 0 0 0 1,"[0, 5, 10, 15, 60]"
75,30,0.7142857142857143,31 2  1 0 0 0 0 0 0 0 0 0 1 0 0 0 0 1 0 0 0 0 1 0 0 0 0 0 0 0 0 0 1,"[0, 5, 10, 20, 65]"
75,30,0.8,31 2  1 0 0 0 0 1 0 0 0 0 1 0 0 0 0 1 0 0 0 0 0 0 0 0 0 0 0 0 0 0 1,"[0, 5, 10, 25, 70]"
75,20,0.40816326530612246,21 2  1 0 0 0 0 1 0 0 0 0 1 0 0 0 0 1 0 0 0 0 1,"[0, 5, 10, 15, 70]"
75,20,0.38461538461538464,21 2  1 0 0 0 0 1 0 0 0 0 1 0 0 0 0 1 0 0 0 0 1,"[0, 5, 10, 15, 20]"
75,40,0.9523809523809523,41 2  1 0 0 0 0 0 0 0 0 0 0 0 0 0 0 0 0 0 0 0 1 0 0 0 0 0 0 0 0 0 1 0 0 0 0 1 0 0 0 0 1,"[0, 5, 10, 45, 65]"
75,30,0.7692307692307693,31 2  1 0 0 0 0 0 0 0 0 0 1 0 0 0 0 1 0 0 0 0 1 0 0 0 0 0 0 0 0 0 1,"[0, 5, 10, 40, 70]"
75,30,0.9523809523809523,31 2  1 0 0 0 0 0 0 0 0 0 0 0 0 0 0 1 0 0 0 0 1 0 0 0 0 1 0 0 0 0 1,"[0, 5, 10, 55, 70]"
75,20,0.46511627906976744,21 2  1 0 0 0 0 1 0 0 0 0 1 0 0 0 0 1 0 0 0 0 1,"[0, 5, 10, 65, 70]"
75,20,0.3448275862068966,21 2  1 0 0 0 0 1 0 0 0 0 1 0 0 0 0 1 0 0 0 0 1,"[0, 5, 10, 40, 45]"
75,20,0.2127659574468085,21 2  1 0 0 0 0 0 0 0 0 0 0 0 0 0 0 1 0 0 0 0 1,"[0, 5, 10, 50, 55]"
75,20,0.17543859649122806,21 2  1 0 0 0 0 1 0 0 0 0 0 0 0 0 0 0 0 0 0 0 1,"[0, 5, 10, 30, 35]"
75,40,1,41 2  1 0 0 0 0 1 0 0 0 0 1 0 0 0 0 0 0 0 0 0 1 0 0 0 0 0 0 0 0 0 0 0 0 0 0 0 0 0 0 0 1,"[0, 5, 15, 35, 70]"
75,30,0.8695652173913043,31 2  1 0 0 0 0 1 0 0 0 0 1 0 0 0 0 1 0 0 0 0 0 0 0 0 0 0 0 0 0 0 1,"[0, 5, 15, 40, 45]"
75,20,0.4166666666666667,21 2  1 0 0 0 0 1 0 0 0 0 1 0 0 0 0 1 0 0 0 0 1,"[0, 5, 15, 20, 35]"
75,30,0.6896551724137931,31 2  1 0 0 0 0 0 0 0 0 0 1 0 0 0 0 1 0 0 0 0 1 0 0 0 0 0 0 0 0 0 1,"[0, 5, 15, 60, 70]"
75,20,0.17543859649122806,21 2  1 0 0 0 0 1 0 0 0 0 0 0 0 0 0 0 0 0 0 0 1,"[0, 5, 15, 25, 65]"
75,20,0.17543859649122806,21 2  1 0 0 0 0 1 0 0 0 0 0 0 0 0 0 0 0 0 0 0 1,"[0, 5, 15, 30, 50]"
75,20,0.14492753623188406,21 2  1 0 0 0 0 1 0 0 0 0 0 0 0 0 0 0 0 0 0 0 1,"[0, 5, 15, 40, 55]"
75,30,0.8333333333333334,31 2  1 0 0 0 0 1 0 0 0 0 1 0 0 0 0 1 0 0 0 0 0 0 0 0 0 0 0 0 0 0 1,"[0, 5, 20, 35, 55]"
75,30,0.7142857142857143,31 2  1 0 0 0 0 0 0 0 0 0 1 0 0 0 0 1 0 0 0 0 1 0 0 0 0 0 0 0 0 0 1,"[0, 5, 20, 35, 40]"
75,30,0.7407407407407407,31 2  1 0 0 0 0 1 0 0 0 0 1 0 0 0 0 1 0 0 0 0 0 0 0 0 0 0 0 0 0 0 1,"[0, 5, 20, 65, 70]"
75,20,0.11834319526627218,21 2  1 0 0 0 0 0 0 0 0 0 0 0 0 0 0 1 0 0 0 0 1,"[0, 5, 15, 55, 65]"
75,20,0.15384615384615385,21 2  1 0 0 0 0 0 0 0 0 0 0 0 0 0 0 1 0 0 0 0 1,"[0, 5, 20, 30, 45]"
75,30,0.7692307692307693,31 2  1 0 0 0 0 0 0 0 0 0 0 0 0 0 0 1 0 0 0 0 1 0 0 0 0 1 0 0 0 0 1,"[0, 5, 25, 45, 60]"
75,20,0.24096385542168675,21 2  1 0 0 0 0 1 0 0 0 0 0 0 0 0 0 0 0 0 0 0 1,"[0, 5, 25, 30, 70]"
75,20,0.2222222222222222,21 2  1 0 0 0 0 0 0 0 0 0 0 0 0 0 0 1 0 0 0 0 1,"[0, 5, 25, 30, 35]"
75,20,0.20618556701030927,21 2  1 0 0 0 0 0 0 0 0 0 0 0 0 0 0 1 0 0 0 0 1,"[0, 5, 25, 40, 65]"
75,30,0.6896551724137931,31 2  1 0 0 0 0 0 0 0 0 0 0 0 0 0 0 1 0 0 0 0 1 0 0 0 0 1 0 0 0 0 1,"[0, 5, 30, 40, 45]"
75,30,0.7692307692307693,31 2  1 0 0 0 0 0 0 0 0 0 0 0 0 0 0 1 0 0 0 0 1 0 0 0 0 1 0 0 0 0 1,"[0, 5, 35, 40, 65]"
75,40,0.9523809523809523,41 2  1 0 0 0 0 0 0 0 0 0 0 0 0 0 0 0 0 0 0 0 1 0 0 0 0 0 0 0 0 0 1 0 0 0 0 1 0 0 0 0 1,"[0, 5, 40, 60, 70]"
75,40,1,41 2  1 0 0 0 0 0 0 0 0 0 0 0 0 0 0 0 0 0 0 0 1 0 0 0 0 0 0 0 0 0 1 0 0 0 0 1 0 0 0 0 1,"[0, 10, 15, 20, 55]"
75,40,1,41 2  1 0 0 0 0 1 0 0 0 0 1 0 0 0 0 0 0 0 0 0 1 0 0 0 0 0 0 0 0 0 0 0 0 0 0 0 0 0 0 0 1,"[0, 10, 30, 65, 70]"
75,60,1,61 2  1 0 0 0 0 0 0 0 0 0 0 0 0 0 0 1 0 0 0 0 0 0 0 0 0 0 0 0 0 0 1 0 0 0 0 0 0 0 0 0 0 0 0 0 0 1 0 0 0 0 0 0 0 0 0 0 0 0 0 0 1,"[0, 15, 30, 45, 60]"
75,40,1,41 2  1 0 0 0 0 0 0 0 0 0 0 0 0 0 0 0 0 0 0 0 1 0 0 0 0 0 0 0 0 0 1 0 0 0 0 1 0 0 0 0 1,"[0, 20, 30, 35, 40]"
75,40,1,41 2  1 0 0 0 0 1 0 0 0 0 1 0 0 0 0 0 0 0 0 0 1 0 0 0 0 0 0 0 0 0 0 0 0 0 0 0 0 0 0 0 1,"[0, 20, 55, 60, 65]"
75,40,0.9090909090909091,41 2  1 0 0 0 0 1 0 0 0 0 1 0 0 0 0 0 0 0 0 0 1 0 0 0 0 0 0 0 0 0 0 0 0 0 0 0 0 0 0 0 1,"[0, 35, 40, 45, 55]"
75,40,1,41 2  1 0 0 0 0 0 0 0 0 0 0 0 0 0 0 0 0 0 0 0 1 0 0 0 0 0 0 0 0 0 1 0 0 0 0 1 0 0 0 0 1,"[0, 35, 55, 65, 70]"
75,8,0.000016009836443510892,9 2  1 1 1 0 1 0 0 0 1,"[0, 1, 2, 4, 53]"
75,8,0.000012031001484625583,9 2  1 0 0 0 1 0 1 1 1,"[0, 1, 2, 9, 58]"
75,8,0.000010327617857484037,9 2  1 1 1 0 1 0 0 0 1,"[0, 1, 2, 4, 68]"
75,8,0.000010618534971348539,9 2  1 1 1 0 1 0 0 0 1,"[0, 1, 2, 4, 38]"
75,8,0.000008598145466004437,9 2  1 1 1 0 1 0 0 0 1,"[0, 1, 2, 4, 8]"
75,8,0.000011363920461647904,9 2  1 0 0 0 1 0 1 1 1,"[0, 1, 2, 9, 43]"
75,8,0.000010761326161268157,9 2  1 0 0 0 1 0 1 1 1,"[0, 1, 2, 9, 28]"
75,8,0.00000811683699849108,9 2  1 1 1 0 1 0 0 0 1,"[0, 1, 2, 4, 23]"
75,8,0.000007466946627385549,9 2  1 0 0 0 1 0 1 1 1,"[0, 1, 2, 9, 73]"
75,8,0.000006007036041315193,9 2  1 0 0 0 1 0 1 1 1,"[0, 1, 2, 9, 13]"
