34,8,0.01990049751243781,9 2  1 0 0 1 1 1 0 0 1,"[0, 1, 4, 13, 16]"
34,8,0.013003901170351105,9 2  1 1 1 0 1 0 1 1 1,"[0, 1, 4, 5, 11]"
34,8,0.0121580547112462,9 2  1 0 0 1 1 1 0 0 1,"[0, 1, 2, 22, 31]"
34,8,0.009398496240601503,9 2  1 0 0 1 1 1 0 0 1,"[0, 1, 2, 5, 31]"
34,8,0.01002004008016032,9 2  1 0 0 1 1 1 0 0 1,"[0, 1, 2, 5, 14]"
34,16,0.7142857142857143,17 2  1 0 0 0 0 0 1 0 1 0 1 0 0 0 0 0 1,"[0, 2, 4, 10, 28]"
34,16,0.6666666666666666,17 2  1 0 1 0 1 0 0 0 1 0 0 0 1 0 1 0 1,"[0, 2, 8, 10, 22]"
34,16,0.6451612903225806,17 2  1 0 0 0 0 0 1 0 1 0 1 0 0 0 0 0 1,"[0, 2, 8, 26, 32]"
34,8,0.011117287381878822,9 2  1 1 1 0 1 0 1 1 1,"[0, 1, 4, 11, 22]"
34,16,0.6451612903225806,17 2  1 0 0 0 0 0 1 0 1 0 1 0 0 0 0 0 1,"[0, 2, 14, 18, 22]"
34,16,0.6666666666666666,17 2  1 0 1 0 1 0 0 0 1 0 0 0 1 0 1 0 1,"[0, 2, 14, 26, 28]"
34,8,0.008605851979345954,9 2  1 1 1 0 1 0 1 1 1,"[0, 1, 4, 5, 28]"
34,16,0.7692307692307693,17 2  1 0 0 0 0 0 1 0 1 0 1 0 0 0 0 0 1,"[0, 4, 8, 20, 22]"
34,16,0.6666666666666666,17 2  1 0 1 0 1 0 0 0 1 0 0 0 1 0 1 0 1,"[0, 4, 10, 16, 20]"
34,16,0.7692307692307693,17 2  1 0 0 0 0 0 1 0 1 0 1 0 0 0 0 0 1,"[0, 4, 16, 18, 30]"
34,16,0.5,17 2  1 0 1 0 1 0 0 0 1 0 0 0 1 0 1 0 1,"[0, 4, 18, 22, 28]"
34,8,0.00764525993883792,9 2  1 0 0 1 1 1 0 0 1,"[0, 1, 2, 14, 22]"
34,16,0.8,17 2  1 0 1 0 1 0 0 0 1 0 0 0 1 0 1 0 1,"[0, 6, 8, 20, 32]"
34,8,0.01638001638001638,9 2  1 1 1 0 1 0 1 1 1,"[0, 1, 4, 22, 28]"
34,8,0.008166598611678236,9 2  1 1 1 0 1 0 1 1 1,"[0, 1, 5, 11, 21]"
