62,10,0.0000354228066198141,11 2  1 0 0 0 1 1 1 0 0 0 1,"[0, 1, 2, 6, 27]"
62,15,0.01027221366204417,16 2  1 1 0 1 0 0 0 1 0 0 0 0 0 0 0 1,"[0, 1, 3, 7, 15]"
62,15,0.007150518412584912,16 2  1 1 0 1 0 0 0 1 0 0 0 0 0 0 0 1,"[0, 1, 3, 7, 46]"
62,10,0.00002939689333631222,11 2  1 0 0 0 1 1 1 0 0 0 1,"[0, 1, 2, 6, 58]"
62,10,0.000027983730259227284,11 2  1 1 0 1 1 1 1 1 0 1 1,"[0, 1, 2, 7, 57]"
62,10,0.000028219929196197645,11 2  1 1 0 1 1 1 1 1 0 1 1,"[0, 1, 2, 26, 38]"
62,15,0.010131712259371834,16 2  1 1 0 1 0 0 0 1 0 0 0 0 0 0 0 1,"[0, 1, 3, 15, 38]"
62,10,0.000025787651583039462,11 2  1 0 0 0 1 1 1 0 0 0 1,"[0, 1, 2, 37, 58]"
62,10,0.00002379513341931308,11 2  1 1 0 1 1 1 1 1 0 1 1,"[0, 1, 2, 7, 26]"
62,10,0.000022393056361083556,11 2  1 1 0 1 1 1 1 1 0 1 1,"[0, 1, 2, 38, 57]"
62,10,0.00001780143390550109,11 2  1 0 0 0 1 1 1 0 0 0 1,"[0, 1, 2, 27, 37]"
62,10,0.00002358938430527494,11 2  1 0 0 0 1 1 1 0 0 0 1,"[0, 1, 3, 16, 29]"
62,10,0.00001292965234750768,11 2  1 1 0 1 0 0 0 0 0 1 1,"[0, 1, 3, 9, 10]"
62,10,0.000017136565575210244,11 2  1 0 1 0 1 1 1 0 0 1 1,"[0, 1, 3, 21, 55]"
62,15,0.011013215859030838,16 2  1 1 0 1 0 0 0 1 0 0 0 0 0 0 0 1,"[0, 1, 3, 38, 46]"
62,10,0.000011101594577537144,11 2  1 1 0 1 0 0 0 0 0 1 1,"[0, 1, 3, 9, 41]"
62,10,0.000011312082831595327,11 2  1 1 1 0 1 1 0 1 1 1 1,"[0, 1, 3, 22, 24]"
62,10,0.000010078684288238277,11 2  1 1 0 1 0 0 0 0 0 1 1,"[0, 1, 3, 10, 40]"
62,10,0.000012448595082680456,11 2  1 1 1 0 1 1 0 1 1 1 1,"[0, 1, 3, 22, 55]"
62,10,0.000008191302965988892,11 2  1 0 1 0 1 1 1 0 0 1 1,"[0, 1, 3, 21, 24]"
62,10,0.000012401308834134354,11 2  1 1 1 0 1 1 0 1 1 1 1,"[0, 1, 3, 24, 53]"
62,10,0.000011319586450228628,11 2  1 0 1 0 1 1 1 0 0 1 1,"[0, 1, 3, 24, 52]"
62,10,0.000012619132497736443,11 2  1 1 0 1 0 0 0 0 0 1 1,"[0, 1, 3, 40, 41]"
62,10,0.000015481793410948723,11 2  1 1 1 1 0 1 1 0 1 1 1,"[0, 1, 4, 9, 23]"
62,10,0.000009494169630429953,11 2  1 0 1 0 1 1 1 0 0 1 1,"[0, 1, 3, 52, 55]"
62,10,0.000009281754622893912,11 2  1 1 1 1 0 1 1 0 1 1 1,"[0, 1, 4, 9, 54]"
62,10,0.000012136194805344538,11 2  1 1 1 1 1 0 1 1 1 0 1,"[0, 1, 4, 10, 59]"
62,10,0.000013075954953335186,11 2  1 1 1 0 1 1 0 1 0 0 1,"[0, 1, 4, 11, 55]"
62,10,0.000006686818508712423,11 2  1 1 1 0 1 1 0 1 1 1 1,"[0, 1, 3, 53, 55]"
62,10,0.000009199149630608147,11 2  1 1 1 1 1 0 1 1 1 0 1,"[0, 1, 4, 10, 28]"
62,10,0.000015438150139097732,11 2  1 0 0 1 0 1 1 0 1 1 1,"[0, 1, 4, 19, 22]"
62,10,0.000007799934792545135,11 2  1 1 1 0 1 1 0 1 0 0 1,"[0, 1, 4, 11, 24]"
62,10,0.000009695926062746216,11 2  1 1 0 0 1 1 1 0 1 0 1,"[0, 1, 4, 13, 54]"
62,10,0.00001552187653278531,11 2  1 0 0 1 0 1 1 0 1 1 1,"[0, 1, 4, 19, 53]"
62,10,0.00001201323137303426,11 2  1 1 0 1 0 0 0 0 0 1 1,"[0, 1, 4, 15, 20]"
62,10,0.000008587332310868299,11 2  1 1 0 0 1 1 1 0 1 0 1,"[0, 1, 4, 13, 23]"
62,10,0.000016217456632493784,11 2  1 0 0 1 0 1 1 0 1 1 1,"[0, 1, 4, 22, 50]"
62,10,0.000010205143800681296,11 2  1 0 1 1 1 0 1 1 1 1 1,"[0, 1, 4, 22, 28]"
62,10,0.000011730803859199853,11 2  1 0 1 1 1 0 1 1 1 1 1,"[0, 1, 4, 22, 59]"
62,10,0.000014971337374596336,11 2  1 1 0 0 0 0 1 1 0 0 1,"[0, 1, 4, 25, 57]"
62,10,0.000013514746277532072,11 2  1 1 1 0 1 1 0 1 0 0 1,"[0, 1, 4, 24, 42]"
62,10,0.000012414479752604248,11 2  1 1 0 0 1 1 1 0 1 0 1,"[0, 1, 4, 23, 44]"
62,10,0.000011434353944709182,11 2  1 1 1 1 0 1 1 0 1 1 1,"[0, 1, 4, 23, 40]"
62,10,0.000009624852138209026,11 2  1 1 0 0 0 0 1 1 0 0 1,"[0, 1, 4, 25, 26]"
62,10,0.000009893041383086758,11 2  1 1 0 0 0 0 1 1 0 0 1,"[0, 1, 4, 26, 56]"
62,10,0.000014786752843862241,11 2  1 1 1 1 1 0 1 1 1 0 1,"[0, 1, 4, 41, 59]"
62,10,0.000010631675695617251,11 2  1 1 1 1 1 0 1 1 1 0 1,"[0, 1, 4, 28, 41]"
62,10,0.00001339858443955396,11 2  1 1 0 0 1 1 1 0 1 0 1,"[0, 1, 4, 44, 54]"
62,10,0.000011234370883656294,11 2  1 1 1 1 0 1 1 0 1 1 1,"[0, 1, 4, 40, 54]"
62,10,0.000010943666927308333,11 2  1 1 1 0 1 1 0 1 0 0 1,"[0, 1, 4, 42, 55]"
62,15,0.011695906432748537,16 2  1 0 1 0 0 0 0 0 0 0 1 1 0 0 0 1,"[0, 1, 5, 21, 23]"
62,15,0.007830853563038372,16 2  1 0 1 0 0 0 0 0 0 0 1 1 0 0 0 1,"[0, 1, 5, 21, 54]"
62,15,0.009328358208955223,16 2  1 0 1 0 0 0 0 0 0 0 1 1 0 0 0 1,"[0, 1, 5, 23, 52]"
62,10,0.0000102744669734965,11 2  1 0 1 1 1 0 1 1 1 1 1,"[0, 1, 4, 28, 53]"
62,10,0.000010610828244114836,11 2  1 0 0 1 0 1 1 0 1 1 1,"[0, 1, 4, 50, 53]"
62,10,0.000011443899714818019,11 2  1 0 1 1 1 0 1 1 1 1 1,"[0, 1, 4, 53, 59]"
62,15,0.012492192379762648,16 2  1 0 1 0 0 0 0 0 0 0 1 1 0 0 0 1,"[0, 1, 5, 52, 54]"
62,10,0.000010418804692212882,11 2  1 1 0 0 0 0 1 1 0 0 1,"[0, 1, 4, 56, 57]"
62,10,0.000012012870589549644,11 2  1 1 1 1 0 1 1 0 1 1 1,"[0, 1, 5, 6, 17]"
62,10,0.000014422844632069628,11 2  1 1 0 0 1 1 1 0 1 0 1,"[0, 1, 5, 17, 22]"
62,10,0.000012483116584819033,11 2  1 1 1 0 1 1 0 1 1 1 1,"[0, 1, 5, 6, 20]"
62,10,0.000014445585645710456,11 2  1 1 0 0 0 0 0 1 0 1 1,"[0, 1, 5, 24, 58]"
62,10,0.000012814237130020938,11 2  1 1 0 0 0 0 0 1 0 1 1,"[0, 1, 5, 24, 27]"
62,10,0.000022634317699810097,11 2  1 0 1 1 0 1 0 1 1 0 1,"[0, 1, 6, 11, 12]"
62,10,0.000011457595153895554,11 2  1 1 0 0 0 0 0 1 0 1 1,"[0, 1, 5, 55, 58]"
62,10,0.000014106431615898795,11 2  1 0 0 1 1 0 0 0 0 1 1,"[0, 1, 6, 7, 59]"
62,10,0.000027325876101745167,11 2  1 0 1 1 0 1 0 1 1 0 1,"[0, 1, 6, 11, 43]"
62,10,0.000010903300265440845,11 2  1 0 0 1 1 0 0 0 0 1 1,"[0, 1, 6, 7, 28]"
62,10,0.000008573711628353607,11 2  1 1 0 0 0 0 1 1 0 0 1,"[0, 1, 6, 7, 10]"
62,10,0.000008809854703471303,11 2  1 1 0 0 0 0 0 1 0 1 1,"[0, 1, 5, 27, 55]"
62,10,0.000027197563098346387,11 2  1 0 1 1 0 1 0 1 1 0 1,"[0, 1, 6, 12, 42]"
62,10,0.000026760793296956494,11 2  1 1 0 1 1 1 1 1 0 1 1,"[0, 1, 6, 25, 30]"
62,10,0.00003359402295143648,11 2  1 0 1 1 0 1 0 1 1 0 1,"[0, 1, 6, 42, 43]"
62,15,0.008375209380234505,16 2  1 1 0 1 0 0 0 1 0 0 0 0 0 0 0 1,"[0, 1, 7, 15, 34]"
62,10,0.00000829167801590095,11 2  1 1 1 0 1 1 0 1 0 0 1,"[0, 1, 6, 8, 26]"
62,15,0.01152073732718894,16 2  1 0 0 0 1 1 0 0 0 0 0 0 0 1 0 1,"[0, 1, 9, 11, 27]"
62,15,0.007736943907156673,16 2  1 0 0 0 1 1 0 0 0 0 0 0 0 1 0 1,"[0, 1, 9, 11, 58]"
62,10,0.000013300153882780424,11 2  1 0 0 1 1 0 0 0 0 1 1,"[0, 1, 6, 28, 38]"
62,15,0.012012012012012012,16 2  1 0 0 0 1 1 0 0 0 0 0 0 0 1 0 1,"[0, 1, 9, 27, 42]"
62,15,0.0067226890756302525,16 2  1 0 0 0 1 1 0 0 0 0 0 0 0 1 0 1,"[0, 1, 9, 42, 58]"
62,10,0.00001537713972899329,11 2  1 1 0 0 0 0 0 1 0 1 1,"[0, 1, 7, 9, 10]"
62,15,0.009433962264150943,16 2  1 0 0 0 1 1 0 0 0 0 0 0 0 1 0 1,"[0, 1, 11, 27, 40]"
62,10,0.000015066458146885914,11 2  1 1 1 1 1 0 1 1 1 0 1,"[0, 1, 7, 8, 18]"
62,15,0.013063357282821686,16 2  1 0 0 0 0 0 0 0 1 0 0 0 1 0 1 1,"[0, 1, 17, 25, 29]"
62,15,0.011940298507462687,16 2  1 0 0 0 0 0 0 0 1 0 0 0 1 0 1 1,"[0, 1, 17, 25, 60]"
62,15,0.009115770282588878,16 2  1 0 0 0 0 0 0 0 1 0 0 0 1 0 1 1,"[0, 1, 17, 29, 56]"
62,15,0.007145409074669525,16 2  1 0 0 0 0 0 0 0 1 0 0 0 1 0 1 1,"[0, 1, 17, 56, 60]"
62,15,0.009523809523809525,16 2  1 0 1 0 0 0 0 0 0 0 1 1 0 0 0 1,"[0, 1, 21, 23, 36]"
62,15,0.011148272017837236,16 2  1 0 0 0 0 0 0 0 1 0 0 0 1 0 1 1,"[0, 1, 25, 29, 48]"
62,10,0.0008365750616974108,11 2  1 0 1 0 1 0 1 0 0 0 1,"[0, 2, 4, 6, 10]"
62,10,0.000562477149365807,11 2  1 0 1 0 0 0 1 0 1 0 1,"[0, 2, 4, 6, 16]"
62,10,0.0008513898940019582,11 2  1 0 0 0 0 0 1 0 0 0 1,"[0, 2, 4, 6, 22]"
62,10,0.0005608839531101016,11 2  1 0 0 0 1 0 0 0 0 0 1,"[0, 2, 4, 6, 46]"
62,10,0.000615630867731708,11 2  1 0 1 0 1 0 0 0 1 0 1,"[0, 2, 4, 6, 52]"
62,10,0.0009816914543758896,11 2  1 0 0 0 1 0 1 0 1 0 1,"[0, 2, 4, 6, 58]"
62,10,0.0008141664970486464,11 2  1 0 0 0 1 0 1 0 1 0 1,"[0, 2, 4, 8, 26]"
62,10,0.0005399130739950868,11 2  1 0 1 0 1 0 0 0 1 0 1,"[0, 2, 4, 8, 10]"
62,10,0.0008057693082470489,11 2  1 0 1 0 0 0 1 0 1 0 1,"[0, 2, 4, 8, 38]"
62,10,0.0008365400702693659,11 2  1 0 0 0 0 0 1 0 0 0 1,"[0, 2, 4, 8, 42]"
62,10,0.0008787346221441124,11 2  1 0 0 0 1 0 0 0 0 0 1,"[0, 2, 4, 8, 52]"
62,10,0.0008002881037173382,11 2  1 0 1 0 1 0 1 0 0 0 1,"[0, 2, 4, 8, 60]"
62,10,0.0006741270055278415,11 2  1 0 1 0 0 0 1 0 1 0 1,"[0, 2, 4, 10, 24]"
62,10,0.0005328218243819267,11 2  1 0 0 0 0 0 1 0 0 0 1,"[0, 2, 4, 10, 46]"
62,10,0.0008086035416835126,11 2  1 0 0 0 1 0 1 0 1 0 1,"[0, 2, 4, 10, 50]"
62,10,0.0005892404690354134,11 2  1 0 0 0 1 0 0 0 0 0 1,"[0, 2, 4, 12, 16]"
62,10,0.0006306959730062124,11 2  1 0 0 0 0 0 1 0 0 0 1,"[0, 2, 4, 12, 26]"
62,20,0.10471204188481675,21 2  1 0 0 0 0 0 0 0 1 0 1 0 1 0 0 0 0 0 0 0 1,"[0, 2, 4, 12, 54]"
62,10,0.000013788729092839514,11 2  1 0 0 1 1 0 0 0 0 1 1,"[0, 1, 6, 38, 59]"
62,20,0.08771929824561403,21 2  1 0 1 0 0 0 1 0 1 0 1 0 1 0 1 0 0 0 1 0 1,"[0, 2, 4, 14, 52]"
62,10,0.000694661526171373,11 2  1 0 0 0 1 0 0 0 0 0 1,"[0, 2, 4, 14, 34]"
62,10,0.000553970584161981,11 2  1 0 1 0 1 0 1 0 0 0 1,"[0, 2, 4, 12, 42]"
62,10,0.0007382798080472499,11 2  1 0 0 0 0 0 1 0 0 0 1,"[0, 2, 4, 14, 58]"
62,10,0.0010619093129446745,11 2  1 0 0 0 1 0 1 0 1 0 1,"[0, 2, 4, 16, 30]"
62,10,0.0006850722751250257,11 2  1 0 1 0 0 0 1 0 1 0 1,"[0, 2, 4, 14, 60]"
62,10,0.0008550297122825018,11 2  1 0 1 0 1 0 1 0 0 0 1,"[0, 2, 4, 16, 56]"
62,10,0.0010180189351521938,11 2  1 0 1 0 1 0 0 0 1 0 1,"[0, 2, 4, 18, 26]"
62,10,0.0007374359352531249,11 2  1 0 1 0 1 0 0 0 1 0 1,"[0, 2, 4, 16, 34]"
62,10,0.0007646136789387163,11 2  1 0 1 0 0 0 1 0 1 0 1,"[0, 2, 4, 18, 44]"
62,10,0.0007349968762632758,11 2  1 0 0 0 1 0 0 0 0 0 1,"[0, 2, 4, 18, 28]"
62,10,0.0004446618346747299,11 2  1 0 1 0 1 0 1 0 0 0 1,"[0, 2, 4, 18, 46]"
62,30,0.7142857142857143,31 2  1 0 1 0 0 0 1 0 0 0 0 0 0 0 1 0 0 0 0 0 0 0 0 0 0 0 0 0 0 0 1,"[0, 2, 6, 14, 30]"
62,20,0.08695652173913043,21 2  1 0 1 0 0 0 1 0 0 0 0 0 0 0 0 0 0 0 1 0 1,"[0, 2, 6, 18, 20]"
62,20,0.15625,21 2  1 0 0 0 0 0 0 0 1 0 1 0 1 0 0 0 0 0 0 0 1,"[0, 2, 6, 32, 58]"
62,20,0.07518796992481203,21 2  1 0 0 0 1 0 0 0 1 0 1 0 1 0 0 0 0 0 1 0 1,"[0, 2, 6, 42, 48]"
62,20,0.066006600660066,21 2  1 0 1 0 1 0 0 0 1 0 1 0 0 0 1 0 1 0 1 0 1,"[0, 2, 6, 44, 48]"
62,10,0.0009487666034155598,11 2  1 0 0 0 1 0 1 0 1 0 1,"[0, 2, 4, 20, 48]"
62,20,0.07936507936507936,21 2  1 0 1 0 1 0 1 0 0 0 1 0 1 0 0 0 1 0 1 0 1,"[0, 2, 8, 18, 46]"
62,20,0.09803921568627451,21 2  1 0 1 0 1 0 1 0 1 0 0 0 1 0 1 0 1 0 0 0 1,"[0, 2, 8, 20, 56]"
62,20,0.08888888888888889,21 2  1 0 1 0 1 0 0 0 1 0 1 0 0 0 1 0 0 0 0 0 1,"[0, 2, 8, 22, 48]"
62,20,0.06756756756756757,21 2  1 0 1 0 0 0 0 0 1 0 1 0 1 0 0 0 1 0 0 0 1,"[0, 2, 8, 26, 46]"
62,20,0.06430868167202572,21 2  1 0 1 0 0 0 1 0 0 0 0 0 0 0 0 0 0 0 1 0 1,"[0, 2, 8, 30, 40]"
62,20,0.0706713780918728,21 2  1 0 0 0 0 0 1 0 0 0 1 0 1 0 0 0 1 0 1 0 1,"[0, 2, 8, 38, 44]"
62,20,0.07462686567164178,21 2  1 0 0 0 1 0 1 0 1 0 0 0 1 0 1 0 1 0 1 0 1,"[0, 2, 8, 44, 56]"
62,20,0.0706713780918728,21 2  1 0 1 0 0 0 0 0 0 0 0 0 1 0 1 0 0 0 0 0 1,"[0, 2, 8, 50, 52]"
62,20,0.0625,21 2  1 0 1 0 1 0 1 0 0 0 1 0 1 0 0 0 1 0 1 0 1,"[0, 2, 10, 12, 34]"
62,20,0.06060606060606061,21 2  1 0 1 0 1 0 0 0 1 0 1 0 0 0 1 0 1 0 1 0 1,"[0, 2, 10, 12, 40]"
62,20,0.12658227848101267,21 2  1 0 1 0 0 0 1 0 0 0 0 0 0 0 0 0 0 0 1 0 1,"[0, 2, 10, 16, 54]"
62,30,0.7692307692307693,31 2  1 0 0 0 1 0 0 0 0 0 0 0 0 0 0 0 0 0 0 0 1 0 1 0 0 0 0 0 0 0 1,"[0, 2, 10, 42, 46]"
62,20,0.08547008547008547,21 2  1 0 1 0 0 0 0 0 0 0 0 0 0 0 1 0 0 0 1 0 1,"[0, 2, 10, 48, 54]"
62,20,0.056818181818181816,21 2  1 0 1 0 0 0 0 0 1 0 1 0 1 0 0 0 1 0 0 0 1,"[0, 2, 10, 34, 44]"
62,20,0.11764705882352941,21 2  1 0 0 0 0 0 0 0 1 0 1 0 1 0 0 0 0 0 0 0 1,"[0, 2, 10, 52, 60]"
62,20,0.09345794392523364,21 2  1 0 1 0 0 0 0 0 0 0 0 0 1 0 1 0 0 0 0 0 1,"[0, 2, 12, 14, 20]"
62,20,0.05730659025787966,21 2  1 0 0 0 0 0 1 0 1 0 0 0 0 0 0 0 0 0 1 0 1,"[0, 2, 12, 14, 56]"
62,20,0.0947867298578199,21 2  1 0 1 0 1 0 0 0 1 0 1 0 0 0 1 0 0 0 0 0 1,"[0, 2, 12, 16, 52]"
62,20,0.15384615384615385,21 2  1 0 0 0 1 0 1 0 0 0 1 0 0 0 1 0 1 0 0 0 1,"[0, 2, 12, 22, 24]"
62,20,0.09049773755656108,21 2  1 0 1 0 0 0 1 0 1 0 1 0 1 0 1 0 0 0 1 0 1,"[0, 2, 12, 50, 60]"
62,20,0.07434944237918216,21 2  1 0 0 0 0 0 1 0 0 0 1 0 1 0 0 0 1 0 1 0 1,"[0, 2, 12, 48, 52]"
62,20,0.07722007722007722,21 2  1 0 0 0 1 0 1 0 1 0 0 0 1 0 1 0 1 0 1 0 1,"[0, 2, 14, 16, 42]"
62,20,0.05555555555555555,21 2  1 0 1 0 1 0 1 0 1 0 0 0 1 0 1 0 1 0 0 0 1,"[0, 2, 14, 16, 36]"
62,20,0.08097165991902834,21 2  1 0 1 0 0 0 0 0 0 0 0 0 0 0 1 0 0 0 1 0 1,"[0, 2, 14, 18, 20]"
62,20,0.08264462809917356,21 2  1 0 1 0 0 0 0 0 1 0 1 0 1 0 0 0 1 0 0 0 1,"[0, 2, 16, 22, 58]"
62,20,0.06493506493506493,21 2  1 0 1 0 1 0 1 0 0 0 1 0 1 0 0 0 1 0 1 0 1,"[0, 2, 16, 20, 58]"
62,20,0.07692307692307693,21 2  1 0 1 0 0 0 0 0 0 0 0 0 1 0 1 0 0 0 0 0 1,"[0, 2, 16, 28, 44]"
62,20,0.08163265306122448,21 2  1 0 0 0 0 0 1 0 0 0 1 0 1 0 0 0 1 0 1 0 1,"[0, 2, 16, 42, 56]"
62,30,0.7692307692307693,31 2  1 0 0 0 0 0 0 0 1 0 1 0 0 0 0 0 0 0 0 0 0 0 0 0 0 0 1 0 0 0 1,"[0, 2, 18, 22, 54]"
62,20,0.07462686567164178,21 2  1 0 0 0 0 0 0 0 1 0 1 0 1 0 0 0 0 0 0 0 1,"[0, 2, 18, 34, 36]"
62,20,0.08032128514056225,21 2  1 0 0 0 1 0 0 0 1 0 1 0 1 0 0 0 0 0 1 0 1,"[0, 2, 18, 38, 56]"
62,20,0.07936507936507936,21 2  1 0 1 0 1 0 0 0 1 0 1 0 0 0 1 0 1 0 1 0 1,"[0, 2, 18, 46, 56]"
62,20,0.11173184357541899,21 2  1 0 0 0 1 0 0 0 1 0 1 0 1 0 0 0 0 0 1 0 1,"[0, 2, 20, 30, 54]"
62,20,0.07326007326007326,21 2  1 0 1 0 1 0 0 0 1 0 1 0 0 0 1 0 0 0 0 0 1,"[0, 2, 20, 26, 56]"
62,20,0.10582010582010581,21 2  1 0 0 0 0 0 1 0 1 0 0 0 0 0 0 0 0 0 1 0 1,"[0, 2, 20, 36, 48]"
62,20,0.10869565217391304,21 2  1 0 1 0 1 0 1 0 1 0 0 0 1 0 1 0 1 0 0 0 1,"[0, 2, 22, 48, 50]"
62,20,0.08695652173913043,21 2  1 0 1 0 1 0 1 0 0 0 1 0 1 0 0 0 1 0 1 0 1,"[0, 2, 24, 52, 54]"
62,20,0.06535947712418301,21 2  1 0 1 0 0 0 0 0 0 0 0 0 0 0 1 0 0 0 1 0 1,"[0, 2, 24, 34, 56]"
62,20,0.07547169811320754,21 2  1 0 1 0 0 0 1 0 1 0 1 0 1 0 1 0 0 0 1 0 1,"[0, 2, 26, 32, 38]"
62,20,0.0851063829787234,21 2  1 0 0 0 0 0 0 0 1 0 1 0 1 0 0 0 0 0 0 0 1,"[0, 2, 28, 30, 46]"
62,20,0.07604562737642585,21 2  1 0 0 0 1 0 1 0 1 0 0 0 1 0 1 0 1 0 1 0 1,"[0, 2, 28, 48, 50]"
62,30,0.8695652173913043,31 2  1 0 0 0 0 0 0 0 0 0 0 0 0 0 0 0 1 0 0 0 0 0 0 0 1 0 0 0 1 0 1,"[0, 2, 34, 50, 58]"
62,20,0.07751937984496124,21 2  1 0 1 0 1 0 0 0 1 0 1 0 0 0 1 0 1 0 1 0 1,"[0, 2, 30, 52, 54]"
62,20,0.09216589861751152,21 2  1 0 0 0 1 0 1 0 0 0 1 0 0 0 1 0 1 0 0 0 1,"[0, 2, 40, 42, 52]"
62,20,0.060240963855421686,21 2  1 0 1 0 0 0 1 0 0 0 0 0 0 0 0 0 0 0 1 0 1,"[0, 2, 44, 46, 50]"
62,20,0.05012531328320802,21 2  1 0 1 0 0 0 0 0 0 0 0 0 0 0 1 0 0 0 1 0 1,"[0, 2, 44, 46, 58]"
62,20,0.07751937984496124,21 2  1 0 0 0 0 0 1 0 1 0 0 0 0 0 0 0 0 0 1 0 1,"[0, 2, 44, 50, 52]"
62,10,0.0006730380939561179,11 2  1 0 1 0 1 0 0 0 1 0 1,"[0, 2, 4, 20, 44]"
62,15,0.00975609756097561,16 2  1 0 0 1 1 0 1 1 1 0 0 1 0 1 0 1,"[0, 3, 9, 21, 45]"
62,15,0.01,16 2  1 0 0 1 1 0 1 1 1 0 0 1 0 1 0 1,"[0, 3, 9, 14, 21]"
62,15,0.00735564545788893,16 2  1 0 0 1 1 0 1 1 1 0 0 1 0 1 0 1,"[0, 3, 9, 14, 52]"
62,15,0.014184397163120567,16 2  1 0 0 1 1 0 1 1 1 0 0 1 0 1 0 1,"[0, 3, 9, 45, 52]"
62,15,0.012978585334198572,16 2  1 0 1 0 1 0 0 1 1 1 0 1 1 0 0 1,"[0, 3, 13, 20, 56]"
62,15,0.00940733772342427,16 2  1 0 1 0 1 0 0 1 1 1 0 1 1 0 0 1,"[0, 3, 13, 20, 25]"
62,15,0.014124293785310734,16 2  1 0 1 0 1 0 0 1 1 1 0 1 1 0 0 1,"[0, 3, 13, 51, 56]"
62,15,0.007473841554559043,16 2  1 0 1 0 1 0 0 1 1 1 0 1 1 0 0 1,"[0, 3, 13, 25, 51]"
62,15,0.007803355442840421,16 2  1 0 0 1 1 0 1 1 1 0 0 1 0 1 0 1,"[0, 3, 14, 21, 40]"
62,20,0.091324200913242,21 2  1 0 1 0 0 0 0 0 1 0 1 0 1 0 0 0 1 0 0 0 1,"[0, 4, 6, 20, 26]"
62,20,0.06896551724137931,21 2  1 0 1 0 1 0 1 0 0 0 1 0 1 0 0 0 1 0 1 0 1,"[0, 4, 6, 20, 24]"
62,15,0.01038961038961039,16 2  1 0 1 0 1 0 0 1 1 1 0 1 1 0 0 1,"[0, 3, 20, 25, 44]"
62,30,0.7407407407407407,31 2  1 0 0 0 0 0 0 0 0 0 0 0 0 0 0 0 1 0 0 0 0 0 0 0 1 0 0 0 1 0 1,"[0, 4, 6, 38, 54]"
62,20,0.07662835249042145,21 2  1 0 1 0 0 0 0 0 0 0 0 0 0 0 1 0 0 0 1 0 1,"[0, 4, 6, 48, 50]"
62,20,0.08771929824561403,21 2  1 0 1 0 0 0 1 0 1 0 1 0 1 0 1 0 0 0 1 0 1,"[0, 4, 8, 28, 42]"
62,20,0.125,21 2  1 0 1 0 1 0 1 0 1 0 0 0 1 0 1 0 1 0 0 0 1,"[0, 4, 10, 28, 32]"
62,20,0.1092896174863388,21 2  1 0 0 0 0 0 1 0 1 0 0 0 0 0 0 0 0 0 1 0 1,"[0, 4, 10, 34, 40]"
62,30,0.6896551724137931,31 2  1 0 1 0 0 0 1 0 0 0 0 0 0 0 1 0 0 0 0 0 0 0 0 0 0 0 0 0 0 0 1,"[0, 4, 12, 28, 60]"
62,20,0.07142857142857142,21 2  1 0 1 0 1 0 0 0 1 0 1 0 0 0 1 0 1 0 1 0 1,"[0, 4, 12, 26, 34]"
62,20,0.058997050147492625,21 2  1 0 0 0 1 0 0 0 1 0 1 0 1 0 0 0 0 0 1 0 1,"[0, 4, 12, 22, 34]"
62,20,0.08,21 2  1 0 1 0 0 0 1 0 0 0 0 0 0 0 0 0 0 0 1 0 1,"[0, 4, 12, 36, 40]"
62,20,0.07547169811320754,21 2  1 0 0 0 0 0 1 0 0 0 1 0 1 0 0 0 1 0 1 0 1,"[0, 4, 14, 16, 26]"
62,20,0.0749063670411985,21 2  1 0 0 0 1 0 0 0 1 0 1 0 1 0 0 0 0 0 1 0 1,"[0, 4, 14, 36, 50]"
62,20,0.10638297872340426,21 2  1 0 0 0 1 0 1 0 1 0 0 0 1 0 1 0 1 0 1 0 1,"[0, 4, 16, 26, 50]"
62,20,0.0823045267489712,21 2  1 0 1 0 0 0 0 0 1 0 1 0 1 0 0 0 1 0 0 0 1,"[0, 4, 16, 30, 52]"
62,20,0.06369426751592357,21 2  1 0 1 0 0 0 0 0 0 0 0 0 1 0 1 0 0 0 0 0 1,"[0, 4, 16, 38, 42]"
62,20,0.06153846153846154,21 2  1 0 1 0 1 0 0 0 1 0 1 0 0 0 1 0 0 0 0 0 1,"[0, 4, 16, 34, 44]"
62,20,0.08163265306122448,21 2  1 0 1 0 1 0 1 0 1 0 0 0 1 0 1 0 1 0 0 0 1,"[0, 4, 16, 40, 50]"
62,30,0.6896551724137931,31 2  1 0 0 0 1 0 0 0 0 0 0 0 0 0 0 0 0 0 0 0 1 0 1 0 0 0 0 0 0 0 1,"[0, 4, 20, 22, 30]"
62,20,0.08,21 2  1 0 0 0 1 0 1 0 0 0 1 0 0 0 1 0 1 0 0 0 1,"[0, 4, 18, 22, 42]"
62,20,0.08333333333333333,21 2  1 0 0 0 0 0 1 0 0 0 1 0 1 0 0 0 1 0 1 0 1,"[0, 4, 22, 32, 50]"
62,20,0.0796812749003984,21 2  1 0 0 0 1 0 1 0 1 0 0 0 1 0 1 0 1 0 1 0 1,"[0, 4, 22, 28, 32]"
62,20,0.07692307692307693,21 2  1 0 1 0 0 0 0 0 0 0 0 0 1 0 1 0 0 0 0 0 1,"[0, 4, 24, 28, 40]"
62,20,0.11494252873563218,21 2  1 0 1 0 1 0 0 0 1 0 1 0 0 0 1 0 0 0 0 0 1,"[0, 4, 24, 32, 42]"
62,20,0.07194244604316546,21 2  1 0 0 0 0 0 1 0 1 0 0 0 0 0 0 0 0 0 1 0 1,"[0, 4, 24, 28, 50]"
62,20,0.08928571428571429,21 2  1 0 1 0 0 0 1 0 1 0 1 0 1 0 1 0 0 0 1 0 1,"[0, 4, 24, 38, 58]"
62,20,0.09302325581395349,21 2  1 0 0 0 1 0 1 0 0 0 1 0 0 0 1 0 1 0 0 0 1,"[0, 4, 24, 44, 48]"
62,30,0.9090909090909091,31 2  1 0 0 0 0 0 0 0 1 0 1 0 0 0 0 0 0 0 0 0 0 0 0 0 0 0 1 0 0 0 1,"[0, 4, 36, 44, 46]"
62,20,0.06153846153846154,21 2  1 0 0 0 1 0 1 0 0 0 1 0 0 0 1 0 1 0 0 0 1,"[0, 6, 12, 32, 42]"
62,30,0.8695652173913043,31 2  1 0 0 0 0 0 1 0 1 0 0 0 1 0 1 0 1 0 0 0 0 0 1 0 0 0 1 0 0 0 1,"[0, 6, 18, 28, 42]"
62,30,0.7692307692307693,31 2  1 0 0 0 1 0 0 0 1 0 0 0 0 0 1 0 1 0 1 0 0 0 1 0 1 0 0 0 0 0 1,"[0, 6, 26, 40, 50]"
62,30,0.8333333333333334,31 2  1 0 0 0 0 0 0 0 1 0 1 0 0 0 0 0 0 0 0 0 0 0 0 0 0 0 1 0 0 0 1,"[0, 8, 10, 26, 30]"
62,30,0.8333333333333334,31 2  1 0 0 0 0 0 0 0 0 0 0 0 0 0 0 0 1 0 0 0 0 0 0 0 1 0 0 0 1 0 1,"[0, 8, 12, 14, 46]"
62,30,0.8695652173913043,31 2  1 0 1 0 0 0 1 0 0 0 0 0 0 0 1 0 0 0 0 0 0 0 0 0 0 0 0 0 0 0 1,"[0, 8, 24, 56, 58]"
62,30,0.8695652173913043,31 2  1 0 0 0 1 0 0 0 0 0 0 0 0 0 0 0 0 0 0 0 1 0 1 0 0 0 0 0 0 0 1,"[0, 8, 40, 44, 60]"
62,30,0.8695652173913043,31 2  1 0 0 0 1 0 0 0 1 0 0 0 0 0 1 0 1 0 1 0 0 0 1 0 1 0 0 0 0 0 1,"[0, 10, 22, 28, 48]"
62,30,0.7692307692307693,31 2  1 0 0 0 0 0 1 0 1 0 0 0 1 0 1 0 1 0 0 0 0 0 1 0 0 0 1 0 0 0 1,"[0, 10, 24, 44, 50]"
62,30,0.8333333333333334,31 2  1 0 0 0 1 0 0 0 1 0 0 0 0 0 1 0 1 0 1 0 0 0 1 0 1 0 0 0 0 0 1,"[0, 12, 18, 38, 52]"
62,30,0.7692307692307693,31 2  1 0 0 0 0 0 1 0 1 0 0 0 1 0 1 0 1 0 0 0 0 0 1 0 0 0 1 0 0 0 1,"[0, 12, 22, 36, 56]"
62,30,0.8,31 2  1 0 0 0 1 0 0 0 1 0 0 0 0 0 1 0 1 0 1 0 0 0 1 0 1 0 0 0 0 0 1,"[0, 14, 24, 36, 42]"
62,30,0.9523809523809523,31 2  1 0 0 0 0 0 1 0 1 0 0 0 1 0 1 0 1 0 0 0 0 0 1 0 0 0 1 0 0 0 1,"[0, 14, 34, 40, 52]"
62,30,0.7142857142857143,31 2  1 0 0 0 1 0 0 0 0 0 0 0 0 0 0 0 0 0 0 0 1 0 1 0 0 0 0 0 0 0 1,"[0, 16, 18, 26, 58]"
62,30,0.9523809523809523,31 2  1 0 0 0 0 0 0 0 1 0 1 0 0 0 0 0 0 0 0 0 0 0 0 0 0 0 1 0 0 0 1,"[0, 16, 20, 52, 60]"
62,30,0.9090909090909091,31 2  1 0 0 0 0 0 0 0 0 0 0 0 0 0 0 0 1 0 0 0 0 0 0 0 1 0 0 0 1 0 1,"[0, 16, 24, 28, 30]"
62,30,0.8,31 2  1 0 1 0 0 0 1 0 0 0 0 0 0 0 1 0 0 0 0 0 0 0 0 0 0 0 0 0 0 0 1,"[0, 16, 48, 50, 54]"
62,30,0.8333333333333334,31 2  1 0 0 0 0 0 1 0 1 0 0 0 1 0 1 0 1 0 0 0 0 0 1 0 0 0 1 0 0 0 1,"[0, 20, 26, 38, 48]"
62,30,0.9090909090909091,31 2  1 0 0 0 1 0 0 0 1 0 0 0 0 0 1 0 1 0 1 0 0 0 1 0 1 0 0 0 0 0 1,"[0, 20, 34, 44, 56]"
62,30,0.8,31 2  1 0 1 0 0 0 1 0 0 0 0 0 0 0 1 0 0 0 0 0 0 0 0 0 0 0 0 0 0 0 1,"[0, 32, 34, 38, 46]"
62,30,0.8695652173913043,31 2  1 0 0 0 1 0 0 0 0 0 0 0 0 0 0 0 0 0 0 0 1 0 1 0 0 0 0 0 0 0 1,"[0, 32, 36, 52, 54]"
62,30,0.7692307692307693,31 2  1 0 0 0 0 0 0 0 1 0 1 0 0 0 0 0 0 0 0 0 0 0 0 0 0 0 1 0 0 0 1,"[0, 32, 40, 42, 58]"
62,30,0.8695652173913043,31 2  1 0 0 0 0 0 0 0 0 0 0 0 0 0 0 0 1 0 0 0 0 0 0 0 1 0 0 0 1 0 1,"[0, 32, 48, 56, 60]"
62,10,0.00001218944345439076,11 2  1 0 1 1 1 0 1 1 1 1 1,"[0, 1, 7, 8, 21]"
62,10,0.000008538929406108921,11 2  1 0 0 1 0 1 1 0 1 1 1,"[0, 1, 6, 24, 26]"
62,10,0.00001568944931601846,11 2  1 0 0 1 1 0 0 0 0 1 1,"[0, 1, 7, 28, 37]"
62,10,0.00002222439527420459,11 2  1 0 1 1 0 1 0 1 1 0 1,"[0, 1, 11, 12, 37]"
62,10,0.000010543657331136737,11 2  1 0 1 0 1 1 1 0 0 1 1,"[0, 1, 9, 19, 28]"
