85,16,0.000006126726434925281,17 2  1 0 0 0 0 1 0 1 0 0 1 0 0 0 1 1 1,"[0, 1, 2, 16, 25]"
85,16,0.0000054469257006652876,17 2  1 1 1 0 0 0 1 0 0 1 0 1 0 0 0 0 1,"[0, 1, 2, 62, 71]"
85,16,0.000004628480009479127,17 2  1 0 1 0 0 0 1 0 0 0 1 0 1 1 1 1 1,"[0, 1, 2, 31, 73]"
85,16,0.000004755363872121608,17 2  1 1 1 1 1 0 1 0 0 0 1 0 0 0 1 0 1,"[0, 1, 4, 16, 64]"
85,16,0.000003212239403063127,17 2  1 1 1 1 1 0 1 0 0 0 1 0 0 0 1 0 1,"[0, 1, 2, 14, 56]"
85,16,0.000002287536471909624,17 2  1 0 0 1 1 0 0 0 0 0 1 0 0 0 0 0 1,"[0, 1, 4, 22, 45]"
85,16,0.000001406820971480222,17 2  1 0 1 1 0 0 0 0 1 1 0 1 1 1 1 1 1,"[0, 1, 4, 22, 79]"
85,12,0.000000999999000001,13 2  1 1 0 1 0 0 0 0 0 1 0 0 1,"[0, 1, 3, 9, 12]"
85,12,0.000000999999000001,13 2  1 1 0 1 0 0 0 0 0 1 0 0 1,"[0, 1, 4, 7, 18]"
85,16,0.0000013390614812671325,17 2  1 1 0 0 1 1 1 0 1 0 0 1 0 0 1 0 1,"[0, 1, 4, 13, 50]"
85,12,0.000000999999000001,13 2  1 0 1 0 1 1 0 1 1 0 1 1 1,"[0, 1, 3, 12, 14]"
85,16,0.000004707870735993202,17 2  1 0 0 0 0 0 1 0 0 0 0 0 1 1 0 0 1,"[0, 1, 4, 73, 79]"
85,12,0.000000999999000001,13 2  1 0 0 1 1 0 1 0 0 0 0 0 1,"[0, 1, 3, 9, 82]"
85,12,0.0000011340650283093818,13 2  1 1 1 0 1 1 1 1 1 0 1 1 1,"[0, 1, 2, 14, 73]"
85,12,0.000000999999000001,13 2  1 0 1 0 1 1 0 1 1 0 1 1 1,"[0, 1, 3, 4, 57]"
85,16,0.000007932856304240905,17 2  1 1 0 0 0 0 1 0 0 0 0 1 0 0 0 0 1,"[0, 1, 6, 11, 16]"
85,24,0.0005214444009907443,25 2  1 1 1 0 0 1 0 0 1 0 1 1 1 0 0 1 1 1 0 0 1 0 1 1 1,"[0, 1, 7, 16, 27]"
85,12,0.000000999999000001,13 2  1 1 0 1 0 1 0 0 0 1 1 0 1,"[0, 1, 2, 4, 58]"
85,12,0.000000999999000001,13 2  1 1 1 0 1 1 0 1 1 0 1 0 1,"[0, 1, 2, 18, 29]"
85,12,0.0000010332416572452249,13 2  1 1 1 0 1 1 1 1 1 0 1 1 1,"[0, 1, 4, 13, 67]"
85,12,0.000000999999000001,13 2  1 0 0 1 1 0 1 0 0 0 0 0 1,"[0, 1, 3, 22, 44]"
85,12,0.000000999999000001,13 2  1 1 1 0 1 1 0 1 1 0 1 0 1,"[0, 1, 3, 4, 32]"
85,16,0.000001212145822354575,17 2  1 1 1 1 1 1 0 1 1 0 0 0 0 1 1 0 1,"[0, 1, 4, 28, 73]"
85,12,0.000000999999000001,13 2  1 0 1 0 1 1 0 1 1 0 1 1 1,"[0, 1, 2, 58, 69]"
85,12,0.000000999999000001,13 2  1 0 1 1 0 0 0 1 0 1 0 1 1,"[0, 1, 2, 29, 83]"
85,12,0.0000010001421702094952,13 2  1 1 1 0 1 1 1 1 1 0 1 1 1,"[0, 1, 2, 39, 48]"
85,12,0.0000010460919625720849,13 2  1 0 0 1 1 0 1 0 0 0 0 0 1,"[0, 1, 4, 33, 57]"
85,12,0.000000999999000001,13 2  1 0 0 0 0 0 1 0 1 1 0 0 1,"[0, 1, 3, 44, 82]"
85,12,0.000000999999000001,13 2  1 0 0 0 0 0 1 0 1 1 0 0 1,"[0, 1, 4, 17, 28]"
85,12,0.000000999999000001,13 2  1 0 1 1 0 0 0 1 0 1 0 1 1,"[0, 1, 2, 44, 58]"
85,12,0.000000999999000001,13 2  1 1 0 1 0 1 0 0 0 1 1 0 1,"[0, 1, 3, 57, 84]"
85,12,0.000000999999000001,13 2  1 1 1 0 1 1 0 1 1 0 1 0 1,"[0, 1, 3, 14, 37]"
85,16,0.000004090345088098875,17 2  1 1 0 0 0 0 1 0 0 0 0 1 0 0 0 0 1,"[0, 1, 6, 12, 32]"
85,12,0.000000999999000001,13 2  1 1 0 1 0 1 0 0 0 1 1 0 1,"[0, 1, 3, 27, 34]"
85,12,0.000000999999000001,13 2  1 1 1 0 1 1 0 1 1 0 1 0 1,"[0, 1, 2, 53, 59]"
85,12,0.0000010009043671409303,13 2  1 0 1 1 0 1 1 1 0 1 1 0 1,"[0, 1, 4, 22, 28]"
85,24,0.0004036571336306941,25 2  1 1 0 0 1 1 1 0 0 0 1 1 1 1 1 1 0 0 0 0 0 1 1 1 1,"[0, 1, 13, 23, 70]"
85,12,0.000000999999000001,13 2  1 1 0 1 0 0 0 0 0 1 0 0 1,"[0, 1, 3, 34, 82]"
85,12,0.000000999999000001,13 2  1 1 0 1 0 1 0 0 0 1 1 0 1,"[0, 1, 4, 33, 72]"
85,16,0.000003365812866526503,17 2  1 1 0 0 0 1 0 0 1 1 0 0 1 0 0 0 1,"[0, 1, 5, 21, 28]"
85,12,0.000000999999000001,13 2  1 0 0 1 0 0 0 0 0 1 0 1 1,"[0, 1, 3, 27, 44]"
85,12,0.000000999999000001,13 2  1 0 1 0 1 1 0 1 1 0 1 1 1,"[0, 1, 2, 28, 34]"
85,12,0.000000999999000001,13 2  1 1 0 1 0 1 0 0 0 1 1 0 1,"[0, 1, 2, 29, 43]"
85,12,0.0000010075898722305511,13 2  1 0 0 0 0 0 1 0 1 1 0 0 1,"[0, 1, 3, 19, 32]"
85,24,0.0006578730962797277,25 2  1 0 0 0 0 1 0 1 0 1 1 0 1 1 1 0 0 1 0 0 1 1 1 0 1,"[0, 1, 14, 45, 61]"
85,12,0.000000999999000001,13 2  1 0 0 1 1 0 1 0 0 0 0 0 1,"[0, 1, 4, 42, 83]"
85,16,0.0000036589975298107675,17 2  1 0 0 1 1 0 0 0 0 0 1 0 0 0 0 0 1,"[0, 1, 7, 13, 82]"
85,16,0.00000746954572837221,17 2  1 0 0 0 0 1 0 1 0 0 1 0 0 0 1 1 1,"[0, 1, 8, 43, 55]"
85,12,0.000000999999000001,13 2  1 1 0 1 0 0 0 0 0 1 0 0 1,"[0, 1, 4, 42, 48]"
85,16,0.000005350980152411967,17 2  1 1 0 0 0 0 1 0 0 0 0 1 0 0 0 0 1,"[0, 1, 8, 11, 48]"
85,16,0.0000051019822476527694,17 2  1 1 1 1 1 0 1 0 0 0 1 0 0 0 1 0 1,"[0, 1, 7, 28, 43]"
85,24,0.0005949901826619861,25 2  1 1 1 1 0 0 0 0 0 1 1 1 1 1 1 0 0 0 1 1 1 0 0 1 1,"[0, 1, 16, 63, 73]"
85,16,0.000008271021524919968,17 2  1 0 1 0 0 1 1 1 0 0 1 1 0 1 0 0 1,"[0, 1, 12, 31, 50]"
85,12,0.000001098661747591802,13 2  1 1 1 0 1 1 1 1 1 0 1 1 1,"[0, 1, 4, 33, 47]"
85,12,0.000000999999000001,13 2  1 1 1 0 1 1 0 1 1 0 1 0 1,"[0, 1, 4, 13, 52]"
85,12,0.000000999999000001,13 2  1 0 0 1 0 0 0 0 0 1 0 1 1,"[0, 1, 4, 52, 83]"
85,16,0.0000064440131251659335,17 2  1 0 0 0 1 1 1 0 1 1 0 1 1 0 0 0 1,"[0, 1, 11, 40, 47]"
85,24,0.0006223162611239031,25 2  1 0 1 1 1 0 0 1 0 0 1 1 1 0 1 1 0 1 0 1 0 0 0 0 1,"[0, 1, 25, 41, 72]"
85,16,0.000007552077236604314,17 2  1 0 0 0 0 1 0 1 0 0 1 0 0 0 1 1 1,"[0, 1, 15, 24, 84]"
85,16,0.000007982999404468244,17 2  1 1 1 0 0 0 1 0 0 1 0 1 0 0 0 0 1,"[0, 1, 16, 31, 71]"
85,24,0.00046288795796977343,25 2  1 1 1 1 0 1 0 1 1 0 0 0 0 1 1 0 0 0 0 0 0 1 0 0 1,"[0, 1, 30, 46, 49]"
85,16,0.0000072218799853540276,17 2  1 0 0 0 0 1 0 1 0 0 1 0 0 0 1 1 1,"[0, 1, 15, 55, 70]"
85,16,0.000002541685872280539,17 2  1 1 0 0 0 1 0 0 1 1 0 0 1 0 0 0 1,"[0, 1, 7, 14, 47]"
85,12,0.000000999999000001,13 2  1 0 1 0 1 1 0 1 1 0 1 1 1,"[0, 1, 4, 48, 62]"
85,16,0.000004119960901571044,17 2  1 0 0 0 0 0 0 1 1 1 1 0 1 0 1 1 1,"[0, 1, 13, 50, 72]"
85,24,0.000578904712284358,25 2  1 0 0 1 0 0 0 0 0 0 1 1 0 0 0 0 1 1 0 1 0 1 1 1 1,"[0, 1, 37, 40, 56]"
85,16,0.00000318700670115964,17 2  1 0 0 0 0 0 1 0 0 0 0 0 1 1 0 0 1,"[0, 1, 11, 22, 38]"
85,12,0.000000999999000001,13 2  1 0 0 1 0 0 0 0 0 1 0 1 1,"[0, 1, 4, 53, 67]"
85,16,0.000006077859815378931,17 2  1 0 0 0 0 1 0 1 0 0 1 0 0 0 1 1 1,"[0, 1, 16, 32, 60]"
85,16,0.000004721327202847338,17 2  1 1 1 0 1 0 1 1 1 1 0 0 0 0 0 0 1,"[0, 1, 14, 36, 73]"
85,16,0.000009091396720369548,17 2  1 0 0 1 0 1 1 0 0 1 1 1 0 0 1 0 1,"[0, 1, 36, 55, 74]"
85,16,0.000009432547382043637,17 2  1 1 1 0 0 0 1 0 0 1 0 1 0 0 0 0 1,"[0, 1, 31, 43, 78]"
85,16,0.000004469909019471818,17 2  1 0 1 0 0 0 1 0 0 0 1 0 1 1 1 1 1,"[0, 1, 24, 26, 28]"
85,16,0.000003061130000834158,17 2  1 1 1 1 1 0 1 0 0 0 1 0 0 0 1 0 1,"[0, 1, 13, 55, 84]"
85,16,0.0000056727160510635205,17 2  1 1 1 0 0 0 1 0 0 1 0 1 0 0 0 0 1,"[0, 1, 26, 54, 70]"
85,16,0.000007830461120194447,17 2  1 0 0 0 1 1 0 1 1 0 1 1 1 0 0 0 1,"[0, 1, 39, 46, 75]"
85,16,0.000006388568040805062,17 2  1 0 0 0 0 1 0 0 0 0 1 0 0 0 0 1 1,"[0, 1, 38, 75, 78]"
85,16,0.000004045458820768981,17 2  1 0 1 0 0 0 1 0 0 0 1 0 1 1 1 1 1,"[0, 1, 22, 70, 82]"
85,12,0.0000011153283535037677,13 2  1 0 1 1 0 1 1 1 0 1 1 0 1,"[0, 1, 7, 13, 14]"
85,16,0.0000037824250753600915,17 2  1 0 1 0 0 0 1 0 0 0 1 0 1 1 1 1 1,"[0, 1, 30, 72, 84]"
85,12,0.000000999999000001,13 2  1 0 0 0 0 0 1 0 1 1 0 0 1,"[0, 1, 4, 77, 83]"
85,12,0.0000010054593425924744,13 2  1 0 1 1 0 1 1 1 0 1 1 0 1,"[0, 1, 4, 62, 73]"
85,24,0.00045285753102074087,25 2  1 1 1 0 1 0 0 1 1 1 0 0 1 1 1 0 1 0 0 1 0 0 1 1 1,"[0, 1, 59, 70, 79]"
85,16,0.000004771974764843048,17 2  1 0 0 0 0 1 0 0 0 0 1 0 0 0 0 1 1,"[0, 1, 54, 74, 80]"
85,16,0.0000014745450033346836,17 2  1 1 1 1 1 1 0 1 1 0 0 0 0 1 1 0 1,"[0, 1, 7, 64, 82]"
85,16,0.000003352719877236809,17 2  1 0 0 0 0 0 1 0 0 0 0 0 1 1 0 0 1,"[0, 1, 41, 64, 82]"
85,24,0.0004876740386725513,25 2  1 0 0 0 0 1 0 1 0 1 1 0 1 1 1 0 0 1 0 0 1 1 1 0 1,"[0, 2, 5, 28, 37]"
85,16,0.0000012737536750181813,17 2  1 1 0 0 0 0 0 0 1 1 1 1 0 1 0 1 1,"[0, 1, 7, 26, 28]"
85,24,0.0007467144563918758,25 2  1 1 1 1 0 1 0 1 1 0 0 0 0 1 1 0 0 0 0 0 0 1 0 0 1,"[0, 2, 7, 13, 60]"
85,16,0.0000030621751701995237,17 2  1 0 0 0 1 0 0 1 1 0 0 1 0 0 0 1 1,"[0, 1, 39, 72, 79]"
85,16,0.000007895610553746803,17 2  1 1 1 0 0 0 1 0 0 1 0 1 0 0 0 0 1,"[0, 1, 61, 70, 84]"
85,16,0.000003296558574159299,17 2  1 0 1 0 0 0 1 0 0 0 1 0 1 1 1 1 1,"[0, 1, 43, 58, 79]"
85,16,0.0000014674016000840528,17 2  1 1 1 0 1 0 0 1 1 1 0 0 1 0 1 1 1,"[0, 1, 11, 17, 31]"
85,16,0.000001951379620513254,17 2  1 0 1 1 1 1 1 0 1 0 1 1 1 1 1 0 1,"[0, 1, 17, 26, 31]"
85,16,0.000003430868345916615,17 2  1 1 1 1 1 0 1 0 0 0 1 0 0 0 1 0 1,"[0, 1, 58, 60, 62]"
85,16,0.000006599801873947744,17 2  1 0 0 0 0 1 0 0 0 0 1 0 0 0 0 1 1,"[0, 1, 70, 75, 80]"
85,16,0.0000012054679786417594,17 2  1 1 0 1 0 1 1 1 1 0 0 0 0 0 0 1 1,"[0, 1, 9, 24, 28]"
85,16,0.00000149211528977998,17 2  1 0 1 0 1 1 1 0 0 0 0 0 0 0 0 1 1,"[0, 1, 11, 39, 72]"
85,16,0.0000023838783077801444,17 2  1 0 0 1 1 0 0 0 0 0 1 0 0 0 0 0 1,"[0, 1, 48, 64, 75]"
85,16,0.000003361916346107943,17 2  1 0 0 0 1 0 0 1 1 0 0 1 0 0 0 1 1,"[0, 1, 58, 65, 81]"
85,12,0.000000999999000001,13 2  1 1 0 1 0 0 0 0 0 1 0 0 1,"[0, 1, 7, 19, 73]"
85,16,0.0000013932847991862101,17 2  1 0 1 1 0 0 0 0 1 1 0 1 1 1 1 1 1,"[0, 1, 13, 58, 82]"
85,24,0.0006526989099928203,25 2  1 1 1 0 0 1 0 0 1 0 1 1 1 0 0 1 1 1 0 0 1 0 1 1 1,"[0, 2, 14, 32, 54]"
85,16,0.000006029650201902837,17 2  1 0 0 0 1 1 0 1 1 0 1 1 1 0 0 0 1,"[0, 2, 7, 65, 78]"
85,12,0.000000999999000001,13 2  1 1 1 0 1 1 1 1 1 0 1 1 1,"[0, 1, 7, 9, 28]"
85,16,0.0000014597359571211321,17 2  1 1 1 1 1 0 0 0 1 0 0 0 1 1 1 1 1,"[0, 1, 11, 17, 36]"
85,16,0.000005793059740638923,17 2  1 1 0 0 0 1 0 0 1 1 0 0 1 0 0 0 1,"[0, 2, 9, 14, 28]"
85,16,0.000007036951029857783,17 2  1 0 0 0 1 1 1 0 1 1 0 1 1 0 0 0 1,"[0, 2, 9, 22, 80]"
85,16,0.0000013781358879195157,17 2  1 1 0 1 0 1 1 1 1 0 0 0 0 0 0 1 1,"[0, 1, 14, 53, 56]"
85,16,0.000006351874136343614,17 2  1 1 0 0 0 0 1 0 0 0 0 1 0 0 0 0 1,"[0, 2, 11, 16, 22]"
85,16,0.000001294988885110399,17 2  1 1 0 0 0 0 0 0 0 0 1 1 1 0 1 0 1,"[0, 1, 14, 47, 75]"
85,16,0.000006435275606766049,17 2  1 1 0 0 0 0 1 0 0 0 0 1 0 0 0 0 1,"[0, 2, 12, 22, 32]"
85,16,0.0000026412891604134144,17 2  1 0 0 1 1 0 0 0 0 0 1 0 0 0 0 0 1,"[0, 2, 5, 8, 44]"
85,12,0.0000010924722001330412,13 2  1 0 1 1 0 1 1 1 0 1 1 0 1,"[0, 1, 13, 24, 82]"
85,16,0.000003206764991425912,17 2  1 0 0 0 0 0 1 0 0 0 0 0 1 1 0 0 1,"[0, 2, 8, 61, 73]"
85,16,0.000006008477962404953,17 2  1 0 1 0 0 1 1 1 0 0 1 1 0 1 0 0 1,"[0, 2, 15, 24, 62]"
85,12,0.0000010489158772613185,13 2  1 0 0 1 0 0 0 0 0 1 0 1 1,"[0, 1, 7, 19, 53]"
85,12,0.000000999999000001,13 2  1 0 0 0 0 0 1 0 1 1 0 0 1,"[0, 1, 7, 48, 69]"
85,16,0.000004136005082323045,17 2  1 1 0 0 0 1 0 0 1 1 0 0 1 0 0 0 1,"[0, 2, 10, 42, 56]"
85,24,0.0005966943135031923,25 2  1 1 0 0 1 1 1 0 0 0 1 1 1 1 1 1 0 0 0 0 0 1 1 1 1,"[0, 2, 26, 46, 55]"
85,16,0.0000011956245640827566,17 2  1 0 1 0 0 1 0 0 1 0 1 1 1 0 0 1 1,"[0, 1, 19, 22, 31]"
85,24,0.00038253351949964616,25 2  1 0 0 1 0 0 0 0 0 0 1 1 0 0 0 0 1 1 0 1 0 1 1 1 1,"[0, 2, 27, 74, 80]"
85,16,0.000004475631640298856,17 2  1 0 0 1 1 0 0 0 0 0 1 0 0 0 0 0 1,"[0, 2, 11, 43, 65]"
85,24,0.0004858496295396575,25 2  1 1 1 1 0 0 0 0 0 1 1 1 1 1 1 0 0 0 1 1 1 0 0 1 1,"[0, 2, 32, 41, 61]"
85,24,0.0006687397599224262,25 2  1 1 1 0 1 0 0 1 1 1 0 0 1 1 1 0 1 0 0 1 0 0 1 1 1,"[0, 2, 33, 55, 73]"
85,12,0.000000999999000001,13 2  1 0 0 1 0 0 0 0 0 1 0 1 1,"[0, 1, 9, 27, 33]"
85,12,0.0000010545311781106323,13 2  1 0 1 1 0 1 1 1 0 1 1 0 1,"[0, 1, 7, 48, 64]"
85,24,0.0006109108681043436,25 2  1 0 1 1 1 0 0 1 0 0 1 1 1 0 1 1 0 1 0 1 0 0 0 0 1,"[0, 2, 50, 59, 82]"
85,16,0.0000046914690561256864,17 2  1 0 0 0 0 0 0 1 1 1 1 0 1 0 1 1 1,"[0, 2, 15, 26, 59]"
85,12,0.0000010291587959603665,13 2  1 0 1 1 0 0 0 1 0 1 0 1 1,"[0, 1, 13, 47, 49]"
85,16,0.000001458707704587767,17 2  1 0 1 0 0 1 0 0 1 0 1 1 1 0 0 1 1,"[0, 1, 36, 73, 82]"
85,16,0.00000997291853970543,17 2  1 0 0 0 0 1 0 0 0 0 1 0 0 0 0 1 1,"[0, 2, 23, 63, 75]"
85,24,0.0003933987686618541,25 2  1 0 1 1 1 0 0 1 0 0 1 1 1 0 1 1 0 1 0 1 0 0 0 0 1,"[0, 3, 5, 53, 62]"
85,24,0.000587406015037594,25 2  1 1 1 1 0 0 0 0 0 1 1 1 1 1 1 0 0 0 1 1 1 0 0 1 1,"[0, 3, 7, 40, 67]"
85,16,0.0000014786548410752867,17 2  1 1 1 1 1 0 0 0 1 0 0 0 1 1 1 1 1,"[0, 1, 50, 69, 75]"
85,16,0.0000014868273416545609,17 2  1 1 0 0 1 1 1 0 1 0 0 1 0 0 1 0 1,"[0, 1, 55, 64, 67]"
85,16,0.000010324083298833688,17 2  1 0 0 1 0 1 1 0 0 1 1 1 0 0 1 0 1,"[0, 2, 25, 63, 72]"
85,16,0.0000013119814475327467,17 2  1 1 0 0 0 0 0 0 1 1 1 1 0 1 0 1 1,"[0, 1, 30, 33, 72]"
85,16,0.0000015510980960193316,17 2  1 1 1 0 1 0 0 1 1 1 0 0 1 0 1 1 1,"[0, 1, 55, 69, 75]"
85,16,0.0000015143584272872851,17 2  1 0 1 1 1 1 1 0 1 0 1 1 1 1 1 0 1,"[0, 1, 55, 60, 69]"
85,12,0.000001012252814189355,13 2  1 0 1 1 0 0 0 1 0 1 0 1 1,"[0, 1, 9, 28, 62]"
85,16,0.000007700992041794824,17 2  1 0 0 0 0 1 0 0 0 0 1 0 0 0 0 1 1,"[0, 2, 55, 65, 75]"
85,12,0.000000999999000001,13 2  1 0 0 1 1 0 1 0 0 0 0 0 1,"[0, 1, 9, 52, 63]"
85,24,0.0005939476732099902,25 2  1 1 1 0 0 1 0 0 1 0 1 1 1 0 0 1 1 1 0 0 1 0 1 1 1,"[0, 3, 13, 42, 50]"
85,16,0.0000014160789820884418,17 2  1 1 0 1 0 1 1 1 1 0 0 0 0 0 0 1 1,"[0, 1, 58, 60, 79]"
85,16,0.0000037354271647734276,17 2  1 0 0 0 0 0 1 0 0 0 0 0 1 1 0 0 1,"[0, 2, 22, 44, 76]"
85,24,0.0006203473945409429,25 2  1 0 0 1 0 0 0 0 0 0 1 1 0 0 0 0 1 1 0 1 0 1 1 1 1,"[0, 3, 19, 48, 49]"
85,24,0.000461361014994233,25 2  1 1 0 0 1 1 1 0 0 0 1 1 1 1 1 1 0 0 0 0 0 1 1 1 1,"[0, 3, 21, 48, 81]"
85,12,0.000000999999000001,13 2  1 0 1 1 0 0 0 1 0 1 0 1 1,"[0, 1, 13, 27, 59]"
85,16,0.0000012461750991908647,17 2  1 0 1 1 0 0 0 0 1 1 0 1 1 1 1 1 1,"[0, 1, 41, 48, 64]"
85,16,0.0000016619079317962957,17 2  1 1 1 1 1 1 0 1 1 0 0 0 0 1 1 0 1,"[0, 2, 5, 44, 76]"
85,16,0.000001348583656757409,17 2  1 1 0 0 0 0 0 0 1 1 1 1 0 1 0 1 1,"[0, 1, 58, 62, 77]"
85,16,0.000005536044075768514,17 2  1 0 0 0 1 1 1 0 1 1 0 1 1 0 0 0 1,"[0, 3, 8, 36, 65]"
85,16,0.000005536033349064894,17 2  1 0 0 1 0 1 1 0 0 1 1 1 0 0 1 0 1,"[0, 3, 11, 18, 36]"
85,16,0.000005955782484103272,17 2  1 0 0 1 0 1 1 0 0 1 1 1 0 0 1 0 1,"[0, 3, 18, 33, 48]"
85,16,0.000002974038281523356,17 2  1 1 1 0 1 0 1 1 1 1 0 0 0 0 0 0 1,"[0, 2, 28, 61, 72]"
85,16,0.000001042419543323295,17 2  1 1 1 1 1 1 0 1 1 0 0 0 0 1 1 0 1,"[0, 1, 22, 38, 45]"
85,24,0.00045651677699155445,25 2  1 0 0 0 0 1 0 1 0 1 1 0 1 1 1 0 0 1 0 0 1 1 1 0 1,"[0, 3, 26, 35, 83]"
85,16,0.0000013165970153930598,17 2  1 1 0 0 1 1 1 0 1 0 0 1 0 0 1 0 1,"[0, 2, 8, 15, 26]"
85,16,0.000003222417715563633,17 2  1 0 0 0 1 0 0 1 1 0 0 1 0 0 0 1 1,"[0, 2, 31, 45, 77]"
85,24,0.0004185063508338739,25 2  1 1 1 0 1 0 0 1 1 1 0 0 1 1 1 0 1 0 0 1 0 0 1 1 1,"[0, 3, 38, 46, 75]"
85,24,0.0005238070294903358,25 2  1 1 1 1 0 1 0 1 1 0 0 0 0 1 1 0 0 0 0 0 0 1 0 0 1,"[0, 3, 39, 40, 69]"
85,16,0.000003644206631617902,17 2  1 0 0 0 0 0 0 1 1 1 1 0 1 0 1 1 1,"[0, 3, 21, 39, 76]"
85,16,0.0000024913165162824973,17 2  1 0 0 0 1 0 0 1 1 0 0 1 0 0 0 1 1,"[0, 2, 59, 73, 78]"
85,16,0.0000012853902480141202,17 2  1 0 1 1 0 0 0 0 1 1 0 1 1 1 1 1 1,"[0, 2, 8, 44, 73]"
85,24,0.00048369933249492117,25 2  1 1 0 0 1 1 1 0 0 0 1 1 1 1 1 1 0 0 0 0 0 1 1 1 1,"[0, 4, 7, 25, 52]"
85,24,0.0004453847010355194,25 2  1 0 0 0 0 1 0 1 0 1 1 0 1 1 1 0 0 1 0 0 1 1 1 0 1,"[0, 4, 10, 56, 74]"
85,24,0.0005094243504839531,25 2  1 1 1 1 0 1 0 1 1 0 0 0 0 1 1 0 0 0 0 0 0 1 0 0 1,"[0, 4, 14, 26, 35]"
85,16,0.00000305211967422285,17 2  1 1 1 0 1 0 1 1 1 1 0 0 0 0 0 0 1,"[0, 3, 12, 49, 67]"
85,24,0.0004974753127876029,25 2  1 0 1 1 1 0 0 1 0 0 1 1 1 0 1 1 0 1 0 1 0 0 0 0 1,"[0, 4, 15, 33, 79]"
85,16,0.000005032151675090069,17 2  1 1 0 0 0 1 0 0 1 1 0 0 1 0 0 0 1,"[0, 3, 23, 42, 49]"
85,16,0.000006934389579554091,17 2  1 0 0 1 0 1 1 0 0 1 1 1 0 0 1 0 1,"[0, 3, 24, 33, 59]"
85,16,0.000006050708568226882,17 2  1 0 0 0 1 1 0 1 1 0 1 1 1 0 0 0 1,"[0, 3, 23, 52, 80]"
85,16,0.0000015763533131123985,17 2  1 1 0 0 0 0 0 0 0 0 1 1 1 0 1 0 1,"[0, 2, 9, 28, 65]"
85,24,0.0004976857612103717,25 2  1 1 1 0 1 0 0 1 1 1 0 0 1 1 1 0 1 0 0 1 0 0 1 1 1,"[0, 4, 25, 61, 66]"
85,24,0.00040489108429832374,25 2  1 1 1 0 0 1 0 0 1 0 1 1 1 0 0 1 1 1 0 0 1 0 1 1 1,"[0, 4, 23, 28, 64]"
85,24,0.000566299515813914,25 2  1 1 1 1 0 0 0 0 0 1 1 1 1 1 1 0 0 0 1 1 1 0 0 1 1,"[0, 4, 37, 64, 82]"
85,24,0.0006008712633318312,25 2  1 0 0 1 0 0 0 0 0 0 1 1 0 0 0 0 1 1 0 1 0 1 1 1 1,"[0, 4, 54, 63, 75]"
85,16,0.000005895738000478144,17 2  1 0 1 0 0 1 1 1 0 0 1 1 0 1 0 0 1,"[0, 3, 29, 55, 64]"
85,24,0.0005033472592741732,25 2  1 0 0 1 0 0 0 0 0 0 1 1 0 0 0 0 1 1 0 1 0 1 1 1 1,"[0, 5, 7, 32, 79]"
85,16,0.0000013129057453149287,17 2  1 1 1 1 1 1 0 1 1 0 0 0 0 1 1 0 1,"[0, 2, 8, 56, 61]"
85,40,0.9090909090909091,41 2  1 0 0 0 0 0 0 0 0 0 0 0 0 0 0 1 0 0 0 0 1 0 0 0 0 1 0 0 0 0 0 0 0 0 0 0 0 0 0 0 1,"[0, 5, 10, 25, 70]"
85,24,0.00046226742170345545,25 2  1 1 1 1 0 0 0 0 0 1 1 1 1 1 1 0 0 0 1 1 1 0 0 1 1,"[0, 5, 11, 19, 54]"
85,24,0.0006811525100469995,25 2  1 1 1 1 0 1 0 1 1 0 0 0 0 1 1 0 0 0 0 0 0 1 0 0 1,"[0, 5, 11, 58, 83]"
85,16,0.0000026402943505753797,17 2  1 0 0 0 0 0 0 1 1 1 1 0 1 0 1 1 1,"[0, 3, 12, 50, 66]"
85,16,0.0000017565059443235041,17 2  1 1 1 1 1 0 0 0 1 0 0 0 1 1 1 1 1,"[0, 2, 15, 53, 65]"
85,16,0.0000072321065028932046,17 2  1 0 1 0 0 1 1 1 0 0 1 1 0 1 0 0 1,"[0, 3, 40, 55, 70]"
85,40,1,41 2  1 0 0 0 0 1 0 0 0 0 1 0 0 0 0 0 0 0 0 0 1 0 0 0 0 0 0 0 0 0 1 0 0 0 0 1 0 0 0 0 1,"[0, 5, 20, 25, 55]"
85,40,1,41 2  1 0 0 0 0 0 0 0 0 0 0 0 0 0 0 1 0 0 0 0 1 0 0 0 0 1 0 0 0 0 0 0 0 0 0 0 0 0 0 0 1,"[0, 5, 20, 65, 80]"
85,16,0.000001359843944308951,17 2  1 1 0 1 0 1 1 1 1 0 0 0 0 0 0 1 1,"[0, 2, 21, 27, 28]"
85,40,0.8695652173913043,41 2  1 0 0 0 0 0 0 0 0 0 0 0 0 0 0 1 0 0 0 0 1 0 0 0 0 1 0 0 0 0 0 0 0 0 0 0 0 0 0 0 1,"[0, 5, 35, 45, 55]"
85,40,0.9523809523809523,41 2  1 0 0 0 0 1 0 0 0 0 1 0 0 0 0 0 0 0 0 0 1 0 0 0 0 0 0 0 0 0 1 0 0 0 0 1 0 0 0 0 1,"[0, 5, 35, 65, 70]"
85,24,0.0005484861781483107,25 2  1 1 0 0 1 1 1 0 0 0 1 1 1 1 1 1 0 0 0 0 0 1 1 1 1,"[0, 5, 36, 71, 79]"
85,24,0.0003871092615890835,25 2  1 1 1 0 1 0 0 1 1 1 0 0 1 1 1 0 1 0 0 1 0 0 1 1 1,"[0, 5, 24, 28, 49]"
85,24,0.0004891889247627434,25 2  1 1 1 0 0 1 0 0 1 0 1 1 1 0 0 1 1 1 0 0 1 0 1 1 1,"[0, 5, 41, 62, 66]"
85,24,0.0006446829771459884,25 2  1 0 1 1 1 0 0 1 0 0 1 1 1 0 1 1 0 1 0 1 0 0 0 0 1,"[0, 6, 10, 21, 39]"
85,40,1,41 2  1 0 0 0 0 0 0 0 0 0 0 0 0 0 0 1 0 0 0 0 1 0 0 0 0 1 0 0 0 0 0 0 0 0 0 0 0 0 0 0 1,"[0, 10, 20, 50, 55]"
85,40,1,41 2  1 0 0 0 0 1 0 0 0 0 1 0 0 0 0 0 0 0 0 0 1 0 0 0 0 0 0 0 0 0 1 0 0 0 0 1 0 0 0 0 1,"[0, 10, 25, 40, 50]"
85,16,0.000003556927106647879,17 2  1 0 0 0 0 0 0 1 1 1 1 0 1 0 1 1 1,"[0, 3, 22, 55, 59]"
85,40,0.8695652173913043,41 2  1 0 0 0 0 0 0 0 0 0 0 0 0 0 0 1 0 0 0 0 1 0 0 0 0 1 0 0 0 0 0 0 0 0 0 0 0 0 0 0 1,"[0, 10, 40, 45, 75]"
85,40,0.9090909090909091,41 2  1 0 0 0 0 1 0 0 0 0 1 0 0 0 0 0 0 0 0 0 1 0 0 0 0 0 0 0 0 0 1 0 0 0 0 1 0 0 0 0 1,"[0, 10, 45, 55, 70]"
85,40,0.9090909090909091,41 2  1 0 0 0 0 1 0 0 0 0 1 0 0 0 0 0 0 0 0 0 1 0 0 0 0 0 0 0 0 0 1 0 0 0 0 1 0 0 0 0 1,"[0, 15, 20, 50, 80]"
85,68,1,69 2  1 0 0 0 0 0 0 0 0 0 0 0 0 0 0 0 0 1 0 0 0 0 0 0 0 0 0 0 0 0 0 0 0 0 1 0 0 0 0 0 0 0 0 0 0 0 0 0 0 0 0 1 0 0 0 0 0 0 0 0 0 0 0 0 0 0 0 0 1,"[0, 17, 34, 51, 68]"
85,24,0.0004023416282765696,25 2  1 0 0 0 0 1 0 1 0 1 1 0 1 1 1 0 0 1 0 0 1 1 1 0 1,"[0, 6, 52, 70, 81]"
85,16,0.000001431989280128249,17 2  1 1 0 0 0 0 0 0 1 1 1 1 0 1 0 1 1,"[0, 2, 14, 52, 56]"
85,16,0.000007129725715886847,17 2  1 0 1 0 0 1 1 1 0 0 1 1 0 1 0 0 1,"[0, 3, 52, 70, 77]"
85,16,0.000004584989660848315,17 2  1 1 1 0 1 0 1 1 1 1 0 0 0 0 0 0 1,"[0, 3, 29, 33, 66]"
85,16,0.000006208908666332627,17 2  1 0 0 0 1 1 0 1 1 0 1 1 1 0 0 0 1,"[0, 4, 14, 45, 71]"
85,16,0.000006446937833467859,17 2  1 0 0 0 1 1 1 0 1 1 0 1 1 0 0 0 1,"[0, 4, 18, 44, 75]"
85,16,0.000001513110878798154,17 2  1 1 0 1 0 1 1 1 1 0 0 0 0 0 0 1 1,"[0, 2, 18, 48, 56]"
85,16,0.000002585327439476192,17 2  1 1 1 0 1 0 1 1 1 1 0 0 0 0 0 0 1,"[0, 3, 22, 38, 76]"
85,16,0.000006479571207895747,17 2  1 0 0 0 1 1 1 0 1 1 0 1 1 0 0 0 1,"[0, 5, 7, 14, 27]"
85,16,0.000007839346700203391,17 2  1 0 0 0 1 1 0 1 1 0 1 1 1 0 0 0 1,"[0, 5, 8, 28, 57]"
85,16,0.000003922830855967577,17 2  1 0 0 0 1 0 0 1 1 0 0 1 0 0 0 1 1,"[0, 3, 39, 46, 65]"
85,16,0.0000012213479406547036,17 2  1 0 1 1 0 0 0 0 1 1 0 1 1 1 1 1 1,"[0, 2, 11, 43, 82]"
85,16,0.00000173352241440148,17 2  1 1 1 0 1 0 0 1 1 1 0 0 1 0 1 1 1,"[0, 2, 25, 53, 65]"
85,16,0.000001873949534164255,17 2  1 1 1 1 1 0 0 0 1 0 0 0 1 1 1 1 1,"[0, 3, 8, 33, 51]"
85,16,0.0000013554448864926733,17 2  1 0 1 0 1 1 1 0 0 0 0 0 0 0 0 1 1,"[0, 2, 22, 59, 78]"
85,16,0.0000012809999588158513,17 2  1 1 1 0 1 0 0 1 1 1 0 0 1 0 1 1 1,"[0, 2, 22, 34, 62]"
85,16,0.0000013678999835304841,17 2  1 1 0 0 1 1 1 0 1 0 0 1 0 0 1 0 1,"[0, 2, 25, 43, 49]"
85,16,0.0000015146866669933342,17 2  1 0 1 0 1 1 1 0 0 0 0 0 0 0 0 1 1,"[0, 3, 8, 57, 66]"
85,16,0.0000014038023390154572,17 2  1 0 1 0 0 1 0 0 1 0 1 1 1 0 0 1 1,"[0, 2, 38, 44, 62]"
85,16,0.0000013867793471112173,17 2  1 0 1 0 0 1 0 0 1 0 1 1 1 0 0 1 1,"[0, 2, 61, 72, 79]"
85,16,0.0000014550036484216485,17 2  1 0 1 1 1 1 1 0 1 0 1 1 1 1 1 0 1,"[0, 2, 25, 35, 53]"
85,16,0.0000013286019161893996,17 2  1 0 1 1 1 1 1 0 1 0 1 1 1 1 1 0 1,"[0, 2, 34, 52, 62]"
85,16,0.0000013123675616072907,17 2  1 1 1 1 1 0 0 0 1 0 0 0 1 1 1 1 1,"[0, 2, 22, 34, 72]"
85,16,0.0000017168260281813559,17 2  1 1 0 0 0 0 0 0 0 0 1 1 1 0 1 0 1,"[0, 3, 22, 31, 80]"
85,16,0.0000015330837166425897,17 2  1 1 1 0 1 0 0 1 1 1 0 0 1 0 1 1 1,"[0, 3, 8, 51, 78]"
85,16,0.0000014295477075451313,17 2  1 1 0 0 0 0 0 0 1 1 1 1 0 1 0 1 1,"[0, 2, 31, 39, 69]"
85,16,0.0000011849321187937107,17 2  1 0 1 0 0 1 0 0 1 0 1 1 1 0 0 1 1,"[0, 3, 4, 39, 76]"
85,16,0.0000013988834252388086,17 2  1 1 0 0 0 0 0 0 0 0 1 1 1 0 1 0 1,"[0, 3, 12, 39, 65]"
85,16,0.0000011601177728360628,17 2  1 1 0 0 1 1 1 0 1 0 0 1 0 0 1 0 1,"[0, 3, 12, 49, 84]"
85,16,0.0000014233470332857532,17 2  1 1 0 0 0 1 0 0 1 0 0 1 0 0 0 1 1,"[0, 3, 23, 33, 51]"
85,16,0.0000017804305401523585,17 2  1 1 0 0 0 0 0 0 0 0 1 1 1 0 1 0 1,"[0, 4, 18, 45, 56]"
85,16,0.000001302083502875456,17 2  1 0 1 0 1 1 1 0 0 0 0 0 0 0 0 1 1,"[0, 3, 23, 49, 76]"
85,16,0.0000014180248686111332,17 2  1 1 0 0 0 1 0 0 1 0 0 1 0 0 0 1 1,"[0, 3, 37, 55, 65]"
85,16,0.0000014775324203857512,17 2  1 1 0 0 0 1 0 0 1 0 0 1 0 0 0 1 1,"[0, 5, 15, 59, 76]"
85,16,0.0000014867777140941324,17 2  1 1 0 0 0 1 0 0 1 0 0 1 0 0 0 1 1,"[0, 5, 14, 31, 75]"
85,16,0.0000012771538065473419,17 2  1 0 1 0 1 1 1 0 0 0 0 0 0 0 0 1 1,"[0, 4, 33, 44, 71]"
85,16,0.000001363458587229206,17 2  1 0 1 1 1 1 1 0 1 0 1 1 1 1 1 0 1,"[0, 4, 19, 39, 68]"
85,16,0.0000012026244151036157,17 2  1 1 0 0 0 1 0 0 1 0 0 1 0 0 0 1 1,"[0, 5, 12, 50, 63]"
