21,5,0,6 2  1 1 0 0 0 1,"[0, 1, 2, 3, 15]"
21,3,0,4 2  1 0 1 1,"[0, 1, 2, 3, 8]"
21,5,0,6 2  1 0 0 0 1 1,"[0, 1, 2, 3, 9]"
21,6,0,7 2  1 1 1 0 1 0 1,"[0, 1, 2, 3, 11]"
21,6,0,7 2  1 0 1 0 1 1 1,"[0, 1, 2, 3, 13]"
21,6,0,7 2  1 1 1 0 1 0 1,"[0, 1, 2, 4, 6]"
21,3,0,4 2  1 1 0 1,"[0, 1, 2, 4, 14]"
21,5,0,6 2  1 0 0 0 1 1,"[0, 1, 2, 4, 7]"
21,3,0,4 2  1 0 1 1,"[0, 1, 2, 5, 9]"
21,3,0,4 2  1 0 1 1,"[0, 1, 2, 5, 16]"
21,3,0,4 2  1 0 1 1,"[0, 1, 2, 6, 7]"
21,3,0,4 2  1 1 0 1,"[0, 1, 2, 6, 8]"
21,3,0,4 2  1 0 1 1,"[0, 1, 2, 6, 14]"
21,5,0,6 2  1 0 0 0 1 1,"[0, 1, 2, 6, 15]"
21,3,0,4 2  1 1 0 1,"[0, 1, 2, 7, 11]"
21,5,0,6 2  1 1 0 0 0 1,"[0, 1, 2, 7, 13]"
21,3,0,4 2  1 1 0 1,"[0, 1, 2, 7, 18]"
21,3,0,4 2  1 0 1 1,"[0, 1, 2, 7, 20]"
21,3,0,4 2  1 0 1 1,"[0, 1, 2, 8, 10]"
21,3,0,4 2  1 1 0 1,"[0, 1, 2, 8, 13]"
21,5,0,6 2  1 1 0 0 0 1,"[0, 1, 2, 8, 17]"
21,5,0,6 2  1 0 0 0 1 1,"[0, 1, 2, 8, 20]"
21,3,0,4 2  1 1 0 1,"[0, 1, 2, 9, 10]"
21,5,0,6 2  1 1 0 0 0 1,"[0, 1, 2, 9, 12]"
21,3,0,4 2  1 1 0 1,"[0, 1, 2, 9, 17]"
21,3,0,4 2  1 0 1 1,"[0, 1, 2, 9, 19]"
21,3,0,4 2  1 0 1 1,"[0, 1, 2, 10, 15]"
21,5,0,6 2  1 0 0 0 1 1,"[0, 1, 2, 10, 16]"
21,6,0,7 2  1 1 1 0 1 0 1,"[0, 1, 2, 10, 20]"
21,5,0,6 2  1 0 0 0 1 1,"[0, 1, 2, 11, 14]"
21,3,0,4 2  1 0 1 1,"[0, 1, 2, 12, 16]"
21,3,0,4 2  1 0 1 1,"[0, 1, 2, 13, 14]"
21,3,0,4 2  1 1 0 1,"[0, 1, 2, 13, 15]"
21,6,0,7 2  1 0 1 0 1 1 1,"[0, 1, 2, 12, 20]"
21,3,0,4 2  1 1 0 1,"[0, 1, 2, 14, 18]"
21,3,0,4 2  1 0 1 1,"[0, 1, 2, 15, 17]"
21,5,0,6 2  1 1 0 0 0 1,"[0, 1, 2, 14, 20]"
21,3,0,4 2  1 1 0 1,"[0, 1, 2, 15, 20]"
21,3,0,4 2  1 1 0 1,"[0, 1, 2, 16, 17]"
21,5,0,6 2  1 1 0 0 0 1,"[0, 1, 2, 16, 19]"
21,6,0,7 2  1 0 1 0 1 1 1,"[0, 1, 2, 17, 19]"
21,3,0,4 2  1 0 1 1,"[0, 1, 3, 4, 7]"
21,3,0,4 2  1 1 0 1,"[0, 1, 3, 4, 11]"
21,3,0,4 2  1 0 1 1,"[0, 1, 3, 4, 14]"
21,3,0,4 2  1 1 0 1,"[0, 1, 3, 4, 18]"
21,3,0,4 2  1 0 1 1,"[0, 1, 3, 5, 10]"
21,5,0,6 2  1 0 0 0 1 1,"[0, 1, 3, 5, 12]"
21,3,0,4 2  1 1 0 1,"[0, 1, 3, 5, 19]"
21,3,0,4 2  1 0 1 1,"[0, 1, 3, 5, 17]"
21,6,0,7 2  1 1 1 0 1 0 1,"[0, 1, 3, 5, 20]"
21,8,0,9 2  1 1 0 1 0 0 1 0 1,"[0, 1, 3, 6, 8]"
21,3,0,4 2  1 1 0 1,"[0, 1, 3, 6, 13]"
21,5,0,6 2  1 0 0 0 1 1,"[0, 1, 3, 6, 20]"
21,3,0,4 2  1 0 1 1,"[0, 1, 3, 7, 11]"
21,3,0,4 2  1 1 0 1,"[0, 1, 3, 7, 14]"
21,3,0,4 2  1 0 1 1,"[0, 1, 3, 7, 18]"
21,5,0,6 2  1 1 0 0 0 1,"[0, 1, 3, 8, 9]"
21,3,0,4 2  1 0 1 1,"[0, 1, 3, 8, 16]"
21,5,0,6 2  1 0 0 0 1 1,"[0, 1, 3, 8, 15]"
21,3,0,4 2  1 0 1 1,"[0, 1, 3, 9, 15]"
21,3,0,4 2  1 1 0 1,"[0, 1, 3, 9, 16]"
21,3,0,4 2  1 0 1 1,"[0, 1, 3, 10, 12]"
21,3,0,4 2  1 1 0 1,"[0, 1, 3, 10, 17]"
21,3,0,4 2  1 0 1 1,"[0, 1, 3, 10, 19]"
21,3,0,4 2  1 0 1 1,"[0, 1, 3, 11, 14]"
21,5,0,6 2  1 0 0 0 1 1,"[0, 1, 3, 11, 18]"
21,5,0,6 2  1 1 0 0 0 1,"[0, 1, 3, 12, 17]"
21,3,0,4 2  1 1 0 1,"[0, 1, 3, 12, 19]"
21,3,0,4 2  1 1 0 1,"[0, 1, 3, 13, 20]"
21,5,0,6 2  1 1 0 0 0 1,"[0, 1, 3, 14, 18]"
21,6,0,7 2  1 1 1 0 1 0 1,"[0, 1, 3, 14, 17]"
21,3,0,4 2  1 0 1 1,"[0, 1, 3, 15, 16]"
21,3,0,4 2  1 0 1 1,"[0, 1, 3, 17, 19]"
21,3,0,4 2  1 1 0 1,"[0, 1, 4, 5, 8]"
21,3,0,4 2  1 0 1 1,"[0, 1, 4, 5, 11]"
21,3,0,4 2  1 1 0 1,"[0, 1, 4, 5, 15]"
21,3,0,4 2  1 0 1 1,"[0, 1, 4, 5, 18]"
21,3,0,4 2  1 0 1 1,"[0, 1, 4, 6, 8]"
21,3,0,4 2  1 0 1 1,"[0, 1, 4, 6, 15]"
21,3,0,4 2  1 1 0 1,"[0, 1, 4, 7, 9]"
21,3,0,4 2  1 0 1 1,"[0, 1, 4, 7, 10]"
21,3,0,4 2  1 1 0 1,"[0, 1, 4, 7, 16]"
21,5,0,6 2  1 1 0 0 0 1,"[0, 1, 4, 7, 17]"
21,3,0,4 2  1 1 0 1,"[0, 1, 4, 8, 12]"
21,5,0,6 2  1 1 0 0 0 1,"[0, 1, 4, 8, 13]"
21,5,0,6 2  1 0 0 0 1 1,"[0, 1, 4, 8, 19]"
21,3,0,4 2  1 0 1 1,"[0, 1, 4, 8, 20]"
21,3,0,4 2  1 1 0 1,"[0, 1, 4, 9, 14]"
21,6,0,7 2  1 0 1 0 1 1 1,"[0, 1, 4, 9, 17]"
21,5,0,6 2  1 0 0 0 1 1,"[0, 1, 4, 10, 11]"
21,5,0,6 2  1 1 0 0 0 1,"[0, 1, 4, 10, 14]"
21,3,0,4 2  1 1 0 1,"[0, 1, 4, 10, 18]"
21,3,0,4 2  1 0 1 1,"[0, 1, 4, 11, 12]"
21,3,0,4 2  1 1 0 1,"[0, 1, 4, 11, 17]"
21,5,0,6 2  1 1 0 0 0 1,"[0, 1, 4, 11, 19]"
21,3,0,4 2  1 1 0 1,"[0, 1, 4, 12, 15]"
21,3,0,4 2  1 0 1 1,"[0, 1, 4, 12, 18]"
21,3,0,4 2  1 0 1 1,"[0, 1, 4, 13, 15]"
21,8,0,9 2  1 0 1 0 0 1 0 1 1,"[0, 1, 4, 13, 14]"
21,3,0,4 2  1 0 1 1,"[0, 1, 4, 14, 17]"
21,11,0,12 2  1 0 1 0 0 0 0 1 1 0 0 1,"[0, 1, 4, 14, 16]"
21,3,0,4 2  1 1 0 1,"[0, 1, 4, 15, 19]"
21,3,0,4 2  1 0 1 1,"[0, 1, 4, 15, 20]"
21,3,0,4 2  1 1 0 1,"[0, 1, 4, 17, 18]"
21,3,0,4 2  1 1 0 1,"[0, 1, 5, 6, 7]"
21,3,0,4 2  1 0 1 1,"[0, 1, 4, 18, 19]"
21,3,0,4 2  1 0 1 1,"[0, 1, 5, 6, 13]"
21,3,0,4 2  1 1 0 1,"[0, 1, 5, 6, 14]"
21,3,0,4 2  1 0 1 1,"[0, 1, 5, 6, 20]"
21,3,0,4 2  1 0 1 1,"[0, 1, 5, 7, 14]"
21,5,0,6 2  1 0 0 0 1 1,"[0, 1, 5, 7, 13]"
21,6,0,7 2  1 0 1 0 1 1 1,"[0, 1, 5, 7, 15]"
21,3,0,4 2  1 1 0 1,"[0, 1, 5, 7, 20]"
21,5,0,6 2  1 0 0 0 1 1,"[0, 1, 5, 8, 11]"
21,3,0,4 2  1 0 1 1,"[0, 1, 5, 8, 15]"
21,3,0,4 2  1 1 0 1,"[0, 1, 5, 8, 18]"
21,6,0,7 2  1 0 1 0 1 1 1,"[0, 1, 5, 8, 19]"
21,3,0,4 2  1 0 1 1,"[0, 1, 5, 9, 16]"
21,6,0,7 2  1 1 1 0 1 0 1,"[0, 1, 5, 10, 11]"
21,3,0,4 2  1 1 0 1,"[0, 1, 5, 10, 12]"
21,3,0,4 2  1 0 1 1,"[0, 1, 5, 10, 17]"
21,5,0,6 2  1 0 0 0 1 1,"[0, 1, 5, 10, 19]"
21,3,0,4 2  1 1 0 1,"[0, 1, 5, 11, 15]"
21,3,0,4 2  1 0 1 1,"[0, 1, 5, 11, 18]"
21,6,0,7 2  1 0 1 0 1 1 1,"[0, 1, 5, 12, 14]"
21,3,0,4 2  1 1 0 1,"[0, 1, 5, 12, 17]"
21,3,0,4 2  1 0 1 1,"[0, 1, 5, 12, 19]"
21,3,0,4 2  1 1 0 1,"[0, 1, 5, 13, 14]"
21,3,0,4 2  1 0 1 1,"[0, 1, 5, 13, 20]"
21,6,0,7 2  1 1 1 0 1 0 1,"[0, 1, 5, 13, 18]"
21,5,0,6 2  1 0 0 0 1 1,"[0, 1, 5, 14, 20]"
21,5,0,6 2  1 0 0 0 1 1,"[0, 1, 5, 15, 18]"
21,3,0,4 2  1 1 0 1,"[0, 1, 5, 17, 19]"
21,3,0,4 2  1 0 1 1,"[0, 1, 6, 7, 9]"
21,3,0,4 2  1 1 0 1,"[0, 1, 6, 7, 12]"
21,3,0,4 2  1 0 1 1,"[0, 1, 6, 7, 16]"
21,3,0,4 2  1 1 0 1,"[0, 1, 6, 7, 19]"
21,5,0,6 2  1 0 0 0 1 1,"[0, 1, 6, 8, 9]"
21,3,0,4 2  1 0 1 1,"[0, 1, 6, 8, 11]"
21,3,0,4 2  1 1 0 1,"[0, 1, 6, 8, 16]"
21,11,0,12 2  1 0 0 1 1 0 0 0 0 1 0 1,"[0, 1, 6, 8, 18]"
21,3,0,4 2  1 1 0 1,"[0, 1, 6, 9, 15]"
21,5,0,6 2  1 1 0 0 0 1,"[0, 1, 6, 9, 14]"
21,6,0,7 2  1 0 1 0 1 1 1,"[0, 1, 6, 10, 11]"
21,3,0,4 2  1 1 0 1,"[0, 1, 6, 10, 13]"
21,3,0,4 2  1 1 0 1,"[0, 1, 6, 10, 20]"
21,5,0,6 2  1 1 0 0 0 1,"[0, 1, 6, 11, 15]"
21,3,0,4 2  1 0 1 1,"[0, 1, 6, 12, 13]"
21,5,0,6 2  1 0 0 0 1 1,"[0, 1, 6, 12, 14]"
21,5,0,6 2  1 1 0 0 0 1,"[0, 1, 6, 12, 20]"
21,3,0,4 2  1 1 0 1,"[0, 1, 6, 13, 17]"
21,3,0,4 2  1 0 1 1,"[0, 1, 6, 13, 19]"
21,3,0,4 2  1 0 1 1,"[0, 1, 6, 14, 16]"
21,3,0,4 2  1 1 0 1,"[0, 1, 6, 14, 19]"
21,3,0,4 2  1 1 0 1,"[0, 1, 6, 15, 16]"
21,3,0,4 2  1 0 1 1,"[0, 1, 6, 15, 18]"
21,3,0,4 2  1 1 0 1,"[0, 1, 6, 17, 20]"
21,3,0,4 2  1 0 1 1,"[0, 1, 6, 19, 20]"
21,3,0,4 2  1 1 0 1,"[0, 1, 7, 9, 11]"
21,3,0,4 2  1 0 1 1,"[0, 1, 7, 9, 13]"
21,3,0,4 2  1 1 0 1,"[0, 1, 7, 9, 18]"
21,3,0,4 2  1 0 1 1,"[0, 1, 7, 9, 20]"
21,5,0,6 2  1 1 0 0 0 1,"[0, 1, 7, 10, 11]"
21,5,0,6 2  1 0 0 0 1 1,"[0, 1, 7, 10, 14]"
21,3,0,4 2  1 0 1 1,"[0, 1, 7, 10, 18]"
21,3,0,4 2  1 0 1 1,"[0, 1, 7, 11, 17]"
21,5,0,6 2  1 0 0 0 1 1,"[0, 1, 7, 11, 16]"
21,3,0,4 2  1 1 0 1,"[0, 1, 7, 12, 13]"
21,3,0,4 2  1 0 1 1,"[0, 1, 7, 12, 14]"
21,3,0,4 2  1 1 0 1,"[0, 1, 7, 12, 20]"
21,3,0,4 2  1 0 1 1,"[0, 1, 7, 13, 16]"
21,3,0,4 2  1 1 0 1,"[0, 1, 7, 13, 19]"
21,3,0,4 2  1 1 0 1,"[0, 1, 7, 14, 17]"
21,5,0,6 2  1 1 0 0 0 1,"[0, 1, 7, 14, 19]"
21,6,0,7 2  1 1 1 0 1 0 1,"[0, 1, 7, 15, 17]"
21,3,0,4 2  1 1 0 1,"[0, 1, 7, 16, 18]"
21,3,0,4 2  1 0 1 1,"[0, 1, 7, 17, 18]"
21,5,0,6 2  1 1 0 0 0 1,"[0, 1, 7, 16, 20]"
21,5,0,6 2  1 0 0 0 1 1,"[0, 1, 7, 19, 20]"
21,3,0,4 2  1 0 1 1,"[0, 1, 8, 9, 10]"
21,3,0,4 2  1 1 0 1,"[0, 1, 8, 9, 13]"
21,8,0,9 2  1 0 1 0 0 1 0 1 1,"[0, 1, 8, 9, 12]"
21,3,0,4 2  1 0 1 1,"[0, 1, 8, 9, 17]"
21,3,0,4 2  1 1 0 1,"[0, 1, 8, 9, 20]"
21,8,0,9 2  1 1 0 1 0 0 1 0 1,"[0, 1, 8, 9, 18]"
21,3,0,4 2  1 1 0 1,"[0, 1, 8, 10, 15]"
21,5,0,6 2  1 1 0 0 0 1,"[0, 1, 8, 10, 16]"
21,6,0,7 2  1 1 1 0 1 0 1,"[0, 1, 8, 10, 17]"
21,3,0,4 2  1 1 0 1,"[0, 1, 8, 11, 12]"
21,3,0,4 2  1 0 1 1,"[0, 1, 8, 11, 13]"
21,3,0,4 2  1 1 0 1,"[0, 1, 8, 11, 19]"
21,5,0,6 2  1 1 0 0 0 1,"[0, 1, 8, 11, 20]"
21,5,0,6 2  1 1 0 0 0 1,"[0, 1, 8, 12, 15]"
21,5,0,6 2  1 0 0 0 1 1,"[0, 1, 8, 12, 18]"
21,3,0,4 2  1 0 1 1,"[0, 1, 8, 13, 18]"
21,5,0,6 2  1 0 0 0 1 1,"[0, 1, 8, 13, 16]"
21,3,0,4 2  1 1 0 1,"[0, 1, 8, 15, 17]"
21,3,0,4 2  1 0 1 1,"[0, 1, 8, 15, 19]"
21,3,0,4 2  1 0 1 1,"[0, 1, 8, 16, 17]"
21,3,0,4 2  1 1 0 1,"[0, 1, 8, 16, 20]"
21,3,0,4 2  1 1 0 1,"[0, 1, 8, 18, 19]"
21,3,0,4 2  1 0 1 1,"[0, 1, 8, 18, 20]"
21,3,0,4 2  1 0 1 1,"[0, 1, 9, 10, 15]"
21,3,0,4 2  1 1 0 1,"[0, 1, 9, 10, 16]"
21,3,0,4 2  1 1 0 1,"[0, 1, 9, 11, 14]"
21,3,0,4 2  1 0 1 1,"[0, 1, 9, 12, 16]"
21,3,0,4 2  1 1 0 1,"[0, 1, 9, 13, 15]"
21,3,0,4 2  1 0 1 1,"[0, 1, 9, 13, 14]"
21,3,0,4 2  1 0 1 1,"[0, 1, 9, 14, 20]"
21,5,0,6 2  1 0 0 0 1 1,"[0, 1, 9, 14, 18]"
21,5,0,6 2  1 1 0 0 0 1,"[0, 1, 9, 15, 17]"
21,5,0,6 2  1 0 0 0 1 1,"[0, 1, 9, 15, 20]"
21,3,0,4 2  1 1 0 1,"[0, 1, 9, 16, 17]"
21,3,0,4 2  1 0 1 1,"[0, 1, 9, 16, 19]"
21,6,0,7 2  1 1 1 0 1 0 1,"[0, 1, 9, 19, 20]"
21,3,0,4 2  1 0 1 1,"[0, 1, 10, 11, 14]"
21,3,0,4 2  1 1 0 1,"[0, 1, 10, 11, 18]"
21,3,0,4 2  1 1 0 1,"[0, 1, 10, 12, 19]"
21,3,0,4 2  1 0 1 1,"[0, 1, 10, 12, 17]"
21,8,0,9 2  1 1 0 1 0 0 1 0 1,"[0, 1, 10, 13, 14]"
21,5,0,6 2  1 0 0 0 1 1,"[0, 1, 10, 13, 20]"
21,3,0,4 2  1 0 1 1,"[0, 1, 10, 14, 18]"
21,3,0,4 2  1 0 1 1,"[0, 1, 10, 15, 16]"
21,5,0,6 2  1 1 0 0 0 1,"[0, 1, 10, 17, 19]"
21,5,0,6 2  1 0 0 0 1 1,"[0, 1, 11, 12, 15]"
21,6,0,7 2  1 1 1 0 1 0 1,"[0, 1, 11, 12, 16]"
21,5,0,6 2  1 1 0 0 0 1,"[0, 1, 11, 12, 18]"
21,6,0,7 2  1 0 1 0 1 1 1,"[0, 1, 11, 12, 17]"
21,3,0,4 2  1 0 1 1,"[0, 1, 11, 13, 15]"
21,3,0,4 2  1 1 0 1,"[0, 1, 11, 14, 16]"
21,5,0,6 2  1 1 0 0 0 1,"[0, 1, 11, 14, 17]"
21,3,0,4 2  1 1 0 1,"[0, 1, 11, 15, 19]"
21,3,0,4 2  1 0 1 1,"[0, 1, 11, 15, 20]"
21,3,0,4 2  1 1 0 1,"[0, 1, 11, 17, 18]"
21,3,0,4 2  1 0 1 1,"[0, 1, 11, 18, 19]"
21,3,0,4 2  1 1 0 1,"[0, 1, 12, 13, 14]"
21,6,0,7 2  1 0 1 0 1 1 1,"[0, 1, 11, 19, 20]"
21,3,0,4 2  1 0 1 1,"[0, 1, 12, 13, 20]"
21,3,0,4 2  1 1 0 1,"[0, 1, 12, 14, 20]"
21,3,0,4 2  1 1 0 1,"[0, 1, 12, 15, 18]"
21,3,0,4 2  1 1 0 1,"[0, 1, 12, 17, 19]"
21,5,0,6 2  1 1 0 0 0 1,"[0, 1, 13, 14, 16]"
21,5,0,6 2  1 0 0 0 1 1,"[0, 1, 13, 14, 19]"
21,3,0,4 2  1 1 0 1,"[0, 1, 13, 15, 16]"
21,3,0,4 2  1 0 1 1,"[0, 1, 13, 15, 18]"
21,5,0,6 2  1 1 0 0 0 1,"[0, 1, 13, 19, 20]"
21,3,0,4 2  1 0 1 1,"[0, 1, 14, 16, 20]"
21,3,0,4 2  1 1 0 1,"[0, 1, 14, 16, 18]"
21,8,0,9 2  1 0 1 0 0 1 0 1 1,"[0, 1, 14, 16, 19]"
21,3,0,4 2  1 0 1 1,"[0, 1, 14, 17, 18]"
21,3,0,4 2  1 1 0 1,"[0, 1, 14, 19, 20]"
21,3,0,4 2  1 0 1 1,"[0, 1, 15, 16, 17]"
21,3,0,4 2  1 1 0 1,"[0, 1, 15, 16, 20]"
21,3,0,4 2  1 1 0 1,"[0, 1, 15, 18, 19]"
21,5,0,6 2  1 1 0 0 0 1,"[0, 1, 15, 18, 20]"
21,6,0,7 2  1 0 1 0 1 1 1,"[0, 1, 16, 18, 20]"
21,3,0,4 2  1 0 1 1,"[0, 2, 3, 4, 11]"
21,3,0,4 2  1 1 0 1,"[0, 1, 13, 17, 20]"
21,5,0,6 2  1 1 0 0 0 1,"[0, 2, 3, 4, 18]"
21,6,0,7 2  1 0 1 0 1 1 1,"[0, 2, 3, 4, 19]"
21,3,0,4 2  1 1 0 1,"[0, 2, 3, 5, 7]"
21,3,0,4 2  1 0 1 1,"[0, 2, 3, 5, 12]"
21,3,0,4 2  1 1 0 1,"[0, 2, 3, 5, 14]"
21,3,0,4 2  1 0 1 1,"[0, 2, 3, 5, 19]"
21,5,0,6 2  1 0 0 0 1 1,"[0, 2, 3, 6, 10]"
21,5,0,6 2  1 1 0 0 0 1,"[0, 2, 3, 6, 13]"
21,3,0,4 2  1 1 0 1,"[0, 2, 3, 6, 17]"
21,3,0,4 2  1 0 1 1,"[0, 2, 3, 6, 20]"
21,5,0,6 2  1 0 0 0 1 1,"[0, 2, 3, 7, 12]"
21,6,0,7 2  1 0 1 0 1 1 1,"[0, 2, 3, 7, 10]"
21,3,0,4 2  1 0 1 1,"[0, 2, 3, 7, 14]"
21,3,0,4 2  1 1 0 1,"[0, 2, 3, 7, 19]"
21,3,0,4 2  1 1 0 1,"[0, 2, 3, 8, 9]"
21,3,0,4 2  1 0 1 1,"[0, 2, 3, 8, 15]"
21,3,0,4 2  1 1 0 1,"[0, 2, 3, 8, 16]"
21,3,0,4 2  1 1 0 1,"[0, 2, 3, 9, 15]"
21,5,0,6 2  1 1 0 0 0 1,"[0, 2, 3, 9, 16]"
21,3,0,4 2  1 1 0 1,"[0, 2, 3, 10, 13]"
21,3,0,4 2  1 0 1 1,"[0, 2, 3, 10, 17]"
21,3,0,4 2  1 1 0 1,"[0, 2, 3, 10, 20]"
21,3,0,4 2  1 0 1 1,"[0, 2, 3, 11, 18]"
21,3,0,4 2  1 1 0 1,"[0, 2, 3, 12, 14]"
21,5,0,6 2  1 1 0 0 0 1,"[0, 2, 3, 12, 19]"
21,3,0,4 2  1 1 0 1,"[0, 2, 3, 13, 17]"
21,3,0,4 2  1 0 1 1,"[0, 2, 3, 13, 20]"
21,3,0,4 2  1 1 0 1,"[0, 2, 3, 14, 19]"
21,5,0,6 2  1 0 0 0 1 1,"[0, 2, 3, 15, 16]"
21,8,0,9 2  1 0 1 0 0 1 0 1 1,"[0, 2, 3, 16, 18]"
21,3,0,4 2  1 1 0 1,"[0, 2, 3, 17, 20]"
21,3,0,4 2  1 0 1 1,"[0, 2, 4, 5, 7]"
21,6,0,7 2  1 0 1 0 1 1 1,"[0, 2, 4, 5, 6]"
21,3,0,4 2  1 1 0 1,"[0, 2, 4, 5, 9]"
21,3,0,4 2  1 1 0 1,"[0, 2, 4, 5, 16]"
21,5,0,6 2  1 1 0 0 0 1,"[0, 2, 4, 5, 14]"
21,5,0,6 2  1 1 0 0 0 1,"[0, 2, 4, 6, 9]"
21,3,0,4 2  1 1 0 1,"[0, 2, 4, 6, 11]"
21,3,0,4 2  1 0 1 1,"[0, 2, 4, 6, 16]"
21,5,0,6 2  1 0 0 0 1 1,"[0, 2, 4, 6, 18]"
21,3,0,4 2  1 0 1 1,"[0, 2, 4, 7, 12]"
21,5,0,6 2  1 1 0 0 0 1,"[0, 2, 4, 7, 19]"
21,6,0,7 2  1 1 1 0 1 0 1,"[0, 2, 4, 8, 12]"
21,5,0,6 2  1 0 0 0 1 1,"[0, 2, 4, 8, 14]"
21,3,0,4 2  1 0 1 1,"[0, 2, 4, 9, 13]"
21,5,0,6 2  1 0 0 0 1 1,"[0, 2, 4, 9, 12]"
21,3,0,4 2  1 0 1 1,"[0, 2, 4, 9, 20]"
21,3,0,4 2  1 0 1 1,"[0, 2, 4, 10, 11]"
21,5,0,6 2  1 1 0 0 0 1,"[0, 2, 4, 11, 17]"
21,5,0,6 2  1 0 0 0 1 1,"[0, 2, 4, 11, 20]"
21,6,0,7 2  1 0 1 0 1 1 1,"[0, 2, 4, 13, 17]"
21,5,0,6 2  1 1 0 0 0 1,"[0, 2, 4, 13, 16]"
21,5,0,6 2  1 0 0 0 1 1,"[0, 2, 4, 16, 19]"
21,6,0,7 2  1 1 1 0 1 0 1,"[0, 2, 4, 19, 20]"
21,8,0,9 2  1 0 1 0 0 1 0 1 1,"[0, 2, 5, 7, 8]"
21,5,0,6 2  1 1 0 0 0 1,"[0, 2, 5, 7, 11]"
21,5,0,6 2  1 0 0 0 1 1,"[0, 2, 5, 7, 17]"
21,8,0,9 2  1 1 0 1 0 0 1 0 1,"[0, 2, 5, 7, 20]"
21,5,0,6 2  1 1 0 0 0 1,"[0, 2, 5, 8, 16]"
21,6,0,7 2  1 1 1 0 1 0 1,"[0, 2, 5, 10, 15]"
21,5,0,6 2  1 0 0 0 1 1,"[0, 2, 5, 11, 16]"
21,5,0,6 2  1 1 0 0 0 1,"[0, 2, 5, 17, 19]"
21,5,0,6 2  1 0 0 0 1 1,"[0, 2, 5, 19, 20]"
21,5,0,6 2  1 1 0 0 0 1,"[0, 2, 6, 7, 15]"
21,5,0,6 2  1 0 0 0 1 1,"[0, 2, 6, 9, 16]"
21,6,0,7 2  1 1 1 0 1 0 1,"[0, 2, 6, 10, 19]"
21,8,0,9 2  1 1 0 1 0 0 1 0 1,"[0, 2, 6, 12, 16]"
21,6,0,7 2  1 1 1 0 1 0 1,"[0, 2, 6, 7, 13]"
21,5,0,6 2  1 1 0 0 0 1,"[0, 2, 6, 16, 18]"
21,5,0,6 2  1 0 0 0 1 1,"[0, 2, 5, 10, 14]"
21,5,0,6 2  1 1 0 0 0 1,"[0, 2, 7, 8, 20]"
21,5,0,6 2  1 0 0 0 1 1,"[0, 2, 6, 12, 19]"
21,11,0,12 2  1 0 1 0 0 0 0 1 1 0 0 1,"[0, 2, 7, 8, 11]"
21,5,0,6 2  1 0 0 0 1 1,"[0, 2, 7, 10, 19]"
21,8,0,9 2  1 0 1 0 0 1 0 1 1,"[0, 2, 7, 11, 17]"
21,5,0,6 2  1 1 0 0 0 1,"[0, 2, 7, 12, 18]"
21,5,0,6 2  1 1 0 0 0 1,"[0, 2, 7, 14, 17]"
21,5,0,6 2  1 0 0 0 1 1,"[0, 2, 7, 14, 20]"
21,5,0,6 2  1 0 0 0 1 1,"[0, 2, 7, 15, 18]"
21,5,0,6 2  1 1 0 0 0 1,"[0, 2, 8, 13, 14]"
21,6,0,7 2  1 0 1 0 1 1 1,"[0, 2, 8, 13, 18]"
21,5,0,6 2  1 0 0 0 1 1,"[0, 2, 8, 16, 17]"
21,5,0,6 2  1 0 0 0 1 1,"[0, 2, 9, 10, 15]"
21,6,0,7 2  1 0 1 0 1 1 1,"[0, 2, 9, 10, 14]"
21,5,0,6 2  1 1 0 0 0 1,"[0, 2, 9, 13, 18]"
21,6,0,7 2  1 1 1 0 1 0 1,"[0, 2, 9, 13, 14]"
21,5,0,6 2  1 1 0 0 0 1,"[0, 2, 9, 15, 19]"
21,5,0,6 2  1 0 0 0 1 1,"[0, 2, 9, 18, 19]"
21,6,0,7 2  1 0 1 0 1 1 1,"[0, 2, 10, 16, 17]"
21,5,0,6 2  1 0 0 0 1 1,"[0, 2, 10, 17, 20]"
21,5,0,6 2  1 1 0 0 0 1,"[0, 2, 11, 14, 19]"
21,6,0,7 2  1 0 1 0 1 1 1,"[0, 2, 11, 15, 19]"
21,5,0,6 2  1 1 0 0 0 1,"[0, 2, 11, 16, 20]"
21,11,0,12 2  1 0 0 1 1 0 0 0 0 1 0 1,"[0, 2, 12, 15, 16]"
21,5,0,6 2  1 0 0 0 1 1,"[0, 2, 12, 16, 18]"
21,6,0,7 2  1 1 1 0 1 0 1,"[0, 2, 13, 16, 20]"
21,5,0,6 2  1 1 0 0 0 1,"[0, 2, 13, 17, 20]"
21,5,0,6 2  1 0 0 0 1 1,"[0, 2, 14, 17, 19]"
21,8,0,9 2  1 1 0 1 0 0 1 0 1,"[0, 2, 15, 16, 18]"
21,6,0,7 2  1 1 1 0 1 0 1,"[0, 2, 17, 18, 19]"
21,5,0,6 2  1 0 0 0 1 1,"[0, 3, 4, 6, 14]"
21,5,0,6 2  1 1 0 0 0 1,"[0, 3, 4, 6, 17]"
21,5,0,6 2  1 0 0 0 1 1,"[0, 3, 4, 8, 18]"
21,6,0,7 2  1 1 1 0 1 0 1,"[0, 3, 4, 8, 16]"
21,11,0,12 2  1 0 0 1 1 0 0 0 0 1 0 1,"[0, 3, 4, 9, 11]"
21,5,0,6 2  1 0 0 0 1 1,"[0, 3, 4, 11, 15]"
21,8,0,9 2  1 1 0 1 0 0 1 0 1,"[0, 3, 4, 11, 12]"
21,5,0,6 2  1 0 0 0 1 1,"[0, 3, 4, 12, 17]"
21,5,0,6 2  1 1 0 0 0 1,"[0, 3, 4, 14, 15]"
21,5,0,6 2  1 1 0 0 0 1,"[0, 3, 5, 6, 7]"
21,8,0,9 2  1 0 1 0 0 1 0 1 1,"[0, 3, 5, 6, 19]"
21,5,0,6 2  1 0 0 0 1 1,"[0, 3, 5, 7, 9]"
21,5,0,6 2  1 1 0 0 0 1,"[0, 3, 5, 9, 19]"
21,5,0,6 2  1 1 0 0 0 1,"[0, 3, 5, 10, 15]"
21,5,0,6 2  1 0 0 0 1 1,"[0, 3, 5, 10, 18]"
21,6,0,7 2  1 0 1 0 1 1 1,"[0, 3, 5, 11, 16]"
21,5,0,6 2  1 1 0 0 0 1,"[0, 3, 5, 12, 16]"
21,5,0,6 2  1 0 0 0 1 1,"[0, 3, 5, 15, 19]"
21,8,0,9 2  1 1 0 1 0 0 1 0 1,"[0, 3, 5, 18, 19]"
21,5,0,6 2  1 0 0 0 1 1,"[0, 3, 6, 7, 11]"
21,5,0,6 2  1 0 0 0 1 1,"[0, 3, 6, 8, 13]"
21,5,0,6 2  1 1 0 0 0 1,"[0, 3, 6, 10, 11]"
21,5,0,6 2  1 1 0 0 0 1,"[0, 3, 6, 14, 19]"
21,5,0,6 2  1 0 0 0 1 1,"[0, 3, 6, 16, 17]"
21,5,0,6 2  1 1 0 0 0 1,"[0, 3, 6, 16, 20]"
21,6,0,7 2  1 1 1 0 1 0 1,"[0, 3, 7, 8, 10]"
21,5,0,6 2  1 1 0 0 0 1,"[0, 3, 7, 8, 18]"
21,5,0,6 2  1 1 0 0 0 1,"[0, 3, 7, 9, 14]"
21,5,0,6 2  1 1 0 0 0 1,"[0, 3, 7, 11, 15]"
21,5,0,6 2  1 1 0 0 0 1,"[0, 3, 7, 12, 20]"
21,5,0,6 2  1 0 0 0 1 1,"[0, 3, 7, 14, 15]"
21,5,0,6 2  1 0 0 0 1 1,"[0, 3, 7, 18, 20]"
21,5,0,6 2  1 0 0 0 1 1,"[0, 3, 8, 9, 16]"
21,5,0,6 2  1 1 0 0 0 1,"[0, 3, 8, 10, 12]"
21,5,0,6 2  1 0 0 0 1 1,"[0, 3, 8, 12, 19]"
21,6,0,7 2  1 1 1 0 1 0 1,"[0, 3, 8, 13, 19]"
21,5,0,6 2  1 1 0 0 0 1,"[0, 3, 8, 15, 16]"
21,6,0,7 2  1 0 1 0 1 1 1,"[0, 3, 8, 16, 20]"
21,5,0,6 2  1 1 0 0 0 1,"[0, 3, 9, 10, 17]"
21,5,0,6 2  1 0 0 0 1 1,"[0, 3, 9, 10, 20]"
21,5,0,6 2  1 0 0 0 1 1,"[0, 3, 9, 13, 17]"
21,5,0,6 2  1 1 0 0 0 1,"[0, 3, 9, 13, 20]"
21,5,0,6 2  1 0 0 0 1 1,"[0, 3, 9, 14, 19]"
21,5,0,6 2  1 0 0 0 1 1,"[0, 3, 10, 11, 12]"
21,5,0,6 2  1 0 0 0 1 1,"[0, 3, 10, 15, 17]"
21,5,0,6 2  1 1 0 0 0 1,"[0, 3, 10, 18, 20]"
21,5,0,6 2  1 1 0 0 0 1,"[0, 3, 11, 16, 18]"
21,5,0,6 2  1 1 0 0 0 1,"[0, 3, 12, 13, 14]"
21,8,0,9 2  1 0 1 0 0 1 0 1 1,"[0, 3, 12, 13, 20]"
21,5,0,6 2  1 0 0 0 1 1,"[0, 3, 12, 14, 16]"
21,5,0,6 2  1 0 0 0 1 1,"[0, 3, 13, 14, 18]"
21,11,0,12 2  1 0 1 0 0 0 0 1 1 0 0 1,"[0, 3, 13, 15, 20]"
21,5,0,6 2  1 1 0 0 0 1,"[0, 3, 13, 17, 18]"
21,6,0,7 2  1 0 1 0 1 1 1,"[0, 3, 14, 16, 17]"
21,5,0,6 2  1 1 0 0 0 1,"[0, 3, 15, 17, 19]"
21,5,0,6 2  1 0 0 0 1 1,"[0, 3, 17, 18, 19]"
21,5,0,6 2  1 1 0 0 0 1,"[0, 4, 5, 6, 12]"
21,5,0,6 2  1 1 0 0 0 1,"[0, 4, 5, 7, 16]"
21,6,0,7 2  1 1 1 0 1 0 1,"[0, 4, 5, 7, 18]"
21,5,0,6 2  1 1 0 0 0 1,"[0, 4, 5, 8, 11]"
21,6,0,7 2  1 0 1 0 1 1 1,"[0, 4, 5, 8, 13]"
21,6,0,7 2  1 1 1 0 1 0 1,"[0, 4, 5, 11, 19]"
21,6,0,7 2  1 1 1 0 1 0 1,"[0, 4, 5, 12, 14]"
21,5,0,6 2  1 1 0 0 0 1,"[0, 4, 5, 13, 19]"
21,5,0,6 2  1 1 0 0 0 1,"[0, 4, 5, 15, 18]"
21,6,0,7 2  1 0 1 0 1 1 1,"[0, 4, 5, 15, 16]"
21,5,0,6 2  1 1 0 0 0 1,"[0, 4, 6, 8, 15]"
21,6,0,7 2  1 0 1 0 1 1 1,"[0, 4, 6, 8, 17]"
21,5,0,6 2  1 0 0 0 1 1,"[0, 4, 6, 9, 11]"
21,8,0,9 2  1 0 1 0 0 1 0 1 1,"[0, 4, 6, 11, 15]"
21,5,0,6 2  1 1 0 0 0 1,"[0, 4, 6, 11, 18]"
21,5,0,6 2  1 0 0 0 1 1,"[0, 4, 6, 12, 20]"
21,6,0,7 2  1 0 1 0 1 1 1,"[0, 4, 6, 14, 20]"
21,5,0,6 2  1 1 0 0 0 1,"[0, 4, 7, 8, 10]"
21,5,0,6 2  1 0 0 0 1 1,"[0, 4, 7, 8, 16]"
21,5,0,6 2  1 0 0 0 1 1,"[0, 4, 7, 10, 20]"
21,5,0,6 2  1 1 0 0 0 1,"[0, 4, 7, 13, 14]"
21,5,0,6 2  1 0 0 0 1 1,"[0, 4, 7, 13, 17]"
21,5,0,6 2  1 0 0 0 1 1,"[0, 4, 7, 14, 19]"
21,6,0,7 2  1 0 1 0 1 1 1,"[0, 4, 7, 18, 20]"
21,6,0,7 2  1 0 1 0 1 1 1,"[0, 4, 8, 10, 12]"
21,5,0,6 2  1 0 0 0 1 1,"[0, 4, 8, 11, 17]"
21,5,0,6 2  1 1 0 0 0 1,"[0, 4, 8, 12, 18]"
21,5,0,6 2  1 0 0 0 1 1,"[0, 4, 8, 12, 15]"
21,5,0,6 2  1 1 0 0 0 1,"[0, 4, 8, 14, 17]"
21,6,0,7 2  1 1 1 0 1 0 1,"[0, 4, 8, 17, 19]"
21,6,0,7 2  1 1 1 0 1 0 1,"[0, 4, 9, 10, 20]"
21,8,0,9 2  1 1 0 1 0 0 1 0 1,"[0, 4, 9, 11, 15]"
21,5,0,6 2  1 1 0 0 0 1,"[0, 4, 9, 12, 14]"
21,5,0,6 2  1 0 0 0 1 1,"[0, 4, 9, 14, 15]"
21,5,0,6 2  1 1 0 0 0 1,"[0, 4, 9, 17, 18]"
21,5,0,6 2  1 0 0 0 1 1,"[0, 4, 9, 18, 20]"
21,5,0,6 2  1 1 0 0 0 1,"[0, 4, 10, 11, 16]"
21,5,0,6 2  1 0 0 0 1 1,"[0, 4, 10, 13, 14]"
21,5,0,6 2  1 1 0 0 0 1,"[0, 4, 10, 13, 17]"
21,8,0,9 2  1 0 1 0 0 1 0 1 1,"[0, 4, 10, 14, 16]"
21,8,0,9 2  1 1 0 1 0 0 1 0 1,"[0, 4, 10, 14, 19]"
21,5,0,6 2  1 0 0 0 1 1,"[0, 4, 10, 17, 19]"
21,5,0,6 2  1 0 0 0 1 1,"[0, 4, 11, 12, 18]"
21,5,0,6 2  1 0 0 0 1 1,"[0, 4, 11, 13, 16]"
21,6,0,7 2  1 0 1 0 1 1 1,"[0, 4, 11, 13, 20]"
21,5,0,6 2  1 1 0 0 0 1,"[0, 4, 11, 12, 15]"
21,6,0,7 2  1 1 1 0 1 0 1,"[0, 4, 12, 17, 20]"
21,6,0,7 2  1 1 1 0 1 0 1,"[0, 4, 13, 15, 17]"
21,5,0,6 2  1 0 0 0 1 1,"[0, 4, 13, 19, 20]"
21,5,0,6 2  1 1 0 0 0 1,"[0, 4, 14, 16, 19]"
21,5,0,6 2  1 0 0 0 1 1,"[0, 4, 14, 17, 20]"
21,5,0,6 2  1 0 0 0 1 1,"[0, 4, 15, 17, 18]"
21,5,0,6 2  1 0 0 0 1 1,"[0, 5, 6, 7, 15]"
21,11,0,12 2  1 0 1 0 0 0 0 1 1 0 0 1,"[0, 5, 6, 9, 19]"
21,5,0,6 2  1 0 0 0 1 1,"[0, 5, 6, 12, 16]"
21,5,0,6 2  1 1 0 0 0 1,"[0, 5, 6, 13, 15]"
21,5,0,6 2  1 0 0 0 1 1,"[0, 5, 6, 13, 18]"
21,6,0,7 2  1 1 1 0 1 0 1,"[0, 5, 6, 16, 17]"
21,5,0,6 2  1 1 0 0 0 1,"[0, 5, 6, 18, 19]"
21,5,0,6 2  1 1 0 0 0 1,"[0, 5, 7, 8, 14]"
21,5,0,6 2  1 0 0 0 1 1,"[0, 5, 7, 8, 20]"
21,5,0,6 2  1 1 0 0 0 1,"[0, 5, 7, 9, 18]"
21,5,0,6 2  1 1 0 0 0 1,"[0, 5, 7, 10, 13]"
21,5,0,6 2  1 0 0 0 1 1,"[0, 5, 7, 10, 16]"
21,5,0,6 2  1 0 0 0 1 1,"[0, 5, 7, 11, 14]"
21,8,0,9 2  1 1 0 1 0 0 1 0 1,"[0, 5, 7, 11, 17]"
21,11,0,12 2  1 0 0 1 1 0 0 0 0 1 0 1,"[0, 5, 7, 17, 20]"
21,6,0,7 2  1 1 1 0 1 0 1,"[0, 5, 8, 9, 13]"
21,5,0,6 2  1 1 0 0 0 1,"[0, 5, 8, 10, 17]"
21,6,0,7 2  1 0 1 0 1 1 1,"[0, 5, 8, 10, 16]"
21,5,0,6 2  1 0 0 0 1 1,"[0, 5, 8, 13, 14]"
21,5,0,6 2  1 1 0 0 0 1,"[0, 5, 8, 13, 20]"
21,5,0,6 2  1 0 0 0 1 1,"[0, 5, 8, 17, 19]"
21,5,0,6 2  1 1 0 0 0 1,"[0, 5, 9, 10, 12]"
21,6,0,7 2  1 0 1 0 1 1 1,"[0, 5, 9, 10, 20]"
21,5,0,6 2  1 0 0 0 1 1,"[0, 5, 9, 12, 13]"
21,5,0,6 2  1 1 0 0 0 1,"[0, 5, 9, 15, 16]"
21,8,0,9 2  1 0 1 0 0 1 0 1 1,"[0, 5, 9, 15, 19]"
21,6,0,7 2  1 0 1 0 1 1 1,"[0, 5, 10, 13, 15]"
21,6,0,7 2  1 1 1 0 1 0 1,"[0, 5, 10, 16, 18]"
21,6,0,7 2  1 1 1 0 1 0 1,"[0, 5, 11, 13, 16]"
21,6,0,7 2  1 0 1 0 1 1 1,"[0, 5, 13, 17, 18]"
21,6,0,7 2  1 0 1 0 1 1 1,"[0, 6, 7, 11, 13]"
21,6,0,7 2  1 1 1 0 1 0 1,"[0, 6, 8, 11, 16]"
21,8,0,9 2  1 0 1 0 0 1 0 1 1,"[0, 6, 10, 12, 17]"
21,8,0,9 2  1 1 0 1 0 0 1 0 1,"[0, 6, 10, 15, 17]"
21,6,0,7 2  1 0 1 0 1 1 1,"[0, 6, 11, 16, 19]"
21,6,0,7 2  1 1 1 0 1 0 1,"[0, 6, 14, 16, 20]"
21,8,0,9 2  1 0 1 0 0 1 0 1 1,"[0, 7, 8, 11, 20]"
21,6,0,7 2  1 0 1 0 1 1 1,"[0, 7, 8, 12, 19]"
21,8,0,9 2  1 1 0 1 0 0 1 0 1,"[0, 7, 8, 17, 20]"
21,6,0,7 2  1 0 1 0 1 1 1,"[0, 7, 9, 16, 17]"
21,6,0,7 2  1 1 1 0 1 0 1,"[0, 7, 9, 16, 20]"
21,6,0,7 2  1 1 1 0 1 0 1,"[0, 7, 11, 12, 19]"
21,6,0,7 2  1 0 1 0 1 1 1,"[0, 8, 9, 10, 11]"
21,6,0,7 2  1 1 1 0 1 0 1,"[0, 8, 10, 14, 15]"
21,6,0,7 2  1 0 1 0 1 1 1,"[0, 8, 12, 13, 16]"
21,6,0,7 2  1 1 1 0 1 0 1,"[0, 8, 13, 16, 17]"
21,6,0,7 2  1 0 1 0 1 1 1,"[0, 8, 14, 15, 19]"
21,6,0,7 2  1 1 1 0 1 0 1,"[0, 8, 18, 19, 20]"
21,8,0,9 2  1 0 1 0 0 1 0 1 1,"[0, 9, 10, 17, 18]"
21,6,0,7 2  1 1 1 0 1 0 1,"[0, 9, 11, 13, 17]"
21,8,0,9 2  1 1 0 1 0 0 1 0 1,"[0, 9, 12, 13, 20]"
21,6,0,7 2  1 0 1 0 1 1 1,"[0, 9, 13, 17, 19]"
21,6,0,7 2  1 1 1 0 1 0 1,"[0, 10, 11, 12, 13]"
21,6,0,7 2  1 1 1 0 1 0 1,"[0, 10, 11, 15, 20]"
21,6,0,7 2  1 0 1 0 1 1 1,"[0, 10, 11, 16, 20]"
21,11,0,12 2  1 0 1 0 0 0 0 1 1 0 0 1,"[0, 10, 12, 17, 18]"
21,11,0,12 2  1 0 0 1 1 0 0 0 0 1 0 1,"[0, 10, 13, 14, 19]"
21,6,0,7 2  1 0 1 0 1 1 1,"[0, 10, 18, 19, 20]"
21,6,0,7 2  1 0 1 0 1 1 1,"[0, 11, 13, 14, 18]"
21,6,0,7 2  1 1 1 0 1 0 1,"[0, 11, 14, 18, 19]"
21,8,0,9 2  1 1 0 1 0 0 1 0 1,"[0, 13, 14, 16, 19]"
21,8,0,9 2  1 0 1 0 0 1 0 1 1,"[0, 13, 15, 18, 20]"
21,6,0,7 2  1 1 1 0 1 0 1,"[0, 15, 16, 17, 19]"
21,6,0,7 2  1 0 1 0 1 1 1,"[0, 15, 17, 19, 20]"
