15,6,0,7 2  1 1 1 1 0 0 1,"[0, 1, 2, 3, 6]"
15,4,0,5 2  1 1 1 1 1,"[0, 1, 2, 3, 14]"
15,6,0,7 2  1 0 1 1 1 0 1,"[0, 1, 2, 3, 9]"
15,6,0,7 2  1 0 0 1 1 1 1,"[0, 1, 2, 3, 12]"
15,2,0,3 2  1 1 1,"[0, 1, 2, 4, 7]"
15,8,0,9 2  1 1 1 0 1 0 0 0 1,"[0, 1, 2, 4, 8]"
15,2,0,3 2  1 1 1,"[0, 1, 2, 4, 10]"
15,6,0,7 2  1 0 1 1 1 0 1,"[0, 1, 2, 4, 13]"
15,2,0,3 2  1 1 1,"[0, 1, 2, 5, 8]"
15,2,0,3 2  1 1 1,"[0, 1, 2, 5, 11]"
15,4,0,5 2  1 1 0 0 1,"[0, 1, 2, 6, 7]"
15,2,0,3 2  1 1 1,"[0, 1, 2, 6, 9]"
15,6,0,7 2  1 1 1 1 0 0 1,"[0, 1, 2, 5, 14]"
15,2,0,3 2  1 1 1,"[0, 1, 2, 6, 12]"
15,2,0,3 2  1 1 1,"[0, 1, 2, 7, 10]"
15,2,0,3 2  1 1 1,"[0, 1, 2, 7, 13]"
15,4,0,5 2  1 1 1 1 1,"[0, 1, 2, 8, 9]"
15,2,0,3 2  1 1 1,"[0, 1, 2, 8, 11]"
15,6,0,7 2  1 0 1 1 1 0 1,"[0, 1, 2, 8, 14]"
15,2,0,3 2  1 1 1,"[0, 1, 2, 9, 12]"
15,4,0,5 2  1 0 0 1 1,"[0, 1, 2, 10, 11]"
15,8,0,9 2  1 0 0 0 1 0 1 1 1,"[0, 1, 2, 9, 13]"
15,2,0,3 2  1 1 1,"[0, 1, 2, 10, 13]"
15,4,0,5 2  1 1 1 1 1,"[0, 1, 2, 13, 14]"
15,6,0,7 2  1 0 0 1 1 1 1,"[0, 1, 2, 11, 14]"
15,4,0,5 2  1 1 1 1 1,"[0, 1, 3, 4, 7]"
15,4,0,5 2  1 1 1 1 1,"[0, 1, 3, 4, 12]"
15,2,0,3 2  1 1 1,"[0, 1, 3, 5, 6]"
15,2,0,3 2  1 1 1,"[0, 1, 3, 5, 9]"
15,2,0,3 2  1 1 1,"[0, 1, 3, 5, 12]"
15,4,0,5 2  1 1 0 0 1,"[0, 1, 3, 5, 13]"
15,2,0,3 2  1 1 1,"[0, 1, 3, 6, 8]"
15,4,0,5 2  1 1 0 0 1,"[0, 1, 3, 6, 10]"
15,2,0,3 2  1 1 1,"[0, 1, 3, 6, 11]"
15,2,0,3 2  1 1 1,"[0, 1, 3, 6, 14]"
15,4,0,5 2  1 1 1 1 1,"[0, 1, 3, 7, 9]"
15,6,0,7 2  1 1 1 1 0 0 1,"[0, 1, 3, 8, 9]"
15,2,0,3 2  1 1 1,"[0, 1, 3, 8, 12]"
15,4,0,5 2  1 1 0 0 1,"[0, 1, 3, 8, 11]"
15,8,0,9 2  1 1 1 0 1 0 0 0 1,"[0, 1, 3, 7, 14]"
15,2,0,3 2  1 1 1,"[0, 1, 3, 9, 11]"
15,4,0,5 2  1 1 1 1 1,"[0, 1, 3, 9, 12]"
15,2,0,3 2  1 1 1,"[0, 1, 3, 9, 14]"
15,2,0,3 2  1 1 1,"[0, 1, 3, 11, 12]"
15,4,0,5 2  1 0 0 1 1,"[0, 1, 3, 11, 13]"
15,2,0,3 2  1 1 1,"[0, 1, 4, 5, 7]"
15,6,0,7 2  1 0 1 1 1 0 1,"[0, 1, 3, 12, 14]"
15,2,0,3 2  1 1 1,"[0, 1, 4, 5, 10]"
15,2,0,3 2  1 1 1,"[0, 1, 4, 5, 13]"
15,4,0,5 2  1 0 0 1 1,"[0, 1, 4, 6, 9]"
15,6,0,7 2  1 0 1 1 1 0 1,"[0, 1, 4, 7, 8]"
15,6,0,7 2  1 1 1 1 0 0 1,"[0, 1, 4, 7, 11]"
15,4,0,5 2  1 1 1 1 1,"[0, 1, 4, 7, 13]"
15,2,0,3 2  1 1 1,"[0, 1, 4, 7, 14]"
15,2,0,3 2  1 1 1,"[0, 1, 4, 8, 10]"
15,4,0,5 2  1 1 1 1 1,"[0, 1, 4, 8, 12]"
15,2,0,3 2  1 1 1,"[0, 1, 4, 8, 13]"
15,2,0,3 2  1 1 1,"[0, 1, 4, 10, 11]"
15,2,0,3 2  1 1 1,"[0, 1, 4, 10, 14]"
15,2,0,3 2  1 1 1,"[0, 1, 4, 11, 13]"
15,4,0,5 2  1 1 1 1 1,"[0, 1, 4, 12, 13]"
15,2,0,3 2  1 1 1,"[0, 1, 5, 6, 9]"
15,6,0,7 2  1 1 1 1 0 0 1,"[0, 1, 4, 13, 14]"
15,4,0,5 2  1 0 0 1 1,"[0, 1, 5, 6, 7]"
15,2,0,3 2  1 1 1,"[0, 1, 5, 6, 12]"
15,4,0,5 2  1 1 0 0 1,"[0, 1, 5, 6, 14]"
15,2,0,3 2  1 1 1,"[0, 1, 5, 7, 10]"
15,4,0,5 2  1 1 0 0 1,"[0, 1, 5, 7, 11]"
15,2,0,3 2  1 1 1,"[0, 1, 5, 7, 13]"
15,2,0,3 2  1 1 1,"[0, 1, 5, 8, 11]"
15,4,0,5 2  1 0 0 1 1,"[0, 1, 5, 8, 13]"
15,2,0,3 2  1 1 1,"[0, 1, 5, 8, 14]"
15,4,0,5 2  1 0 0 1 1,"[0, 1, 5, 9, 11]"
15,6,0,7 2  1 0 0 1 1 1 1,"[0, 1, 5, 9, 12]"
15,2,0,3 2  1 1 1,"[0, 1, 5, 10, 13]"
15,2,0,3 2  1 1 1,"[0, 1, 5, 11, 14]"
15,6,0,7 2  1 0 0 1 1 1 1,"[0, 1, 6, 8, 9]"
15,2,0,3 2  1 1 1,"[0, 1, 6, 8, 12]"
15,2,0,3 2  1 1 1,"[0, 1, 6, 9, 11]"
15,2,0,3 2  1 1 1,"[0, 1, 6, 9, 14]"
15,4,0,5 2  1 0 0 1 1,"[0, 1, 6, 10, 13]"
15,2,0,3 2  1 1 1,"[0, 1, 6, 11, 12]"
15,2,0,3 2  1 1 1,"[0, 1, 6, 12, 14]"
15,4,0,5 2  1 1 1 1 1,"[0, 1, 7, 8, 9]"
15,6,0,7 2  1 1 1 1 0 0 1,"[0, 1, 7, 8, 10]"
15,4,0,5 2  1 1 1 1 1,"[0, 1, 7, 8, 14]"
15,6,0,7 2  1 0 0 1 1 1 1,"[0, 1, 7, 8, 13]"
15,2,0,3 2  1 1 1,"[0, 1, 7, 10, 11]"
15,4,0,5 2  1 1 1 1 1,"[0, 1, 7, 9, 13]"
15,4,0,5 2  1 1 0 0 1,"[0, 1, 7, 10, 12]"
15,2,0,3 2  1 1 1,"[0, 1, 7, 10, 14]"
15,2,0,3 2  1 1 1,"[0, 1, 7, 11, 13]"
15,6,0,7 2  1 0 1 1 1 0 1,"[0, 1, 7, 13, 14]"
15,2,0,3 2  1 1 1,"[0, 1, 8, 10, 13]"
15,6,0,7 2  1 0 1 1 1 0 1,"[0, 1, 8, 9, 12]"
15,2,0,3 2  1 1 1,"[0, 1, 8, 11, 14]"
15,4,0,5 2  1 1 0 0 1,"[0, 1, 9, 10, 11]"
15,8,0,9 2  1 0 0 0 1 0 1 1 1,"[0, 1, 8, 12, 14]"
15,2,0,3 2  1 1 1,"[0, 1, 9, 11, 12]"
15,4,0,5 2  1 0 0 1 1,"[0, 1, 9, 10, 14]"
15,2,0,3 2  1 1 1,"[0, 1, 9, 12, 14]"
15,4,0,5 2  1 1 1 1 1,"[0, 1, 9, 12, 13]"
15,2,0,3 2  1 1 1,"[0, 1, 10, 11, 13]"
15,6,0,7 2  1 0 0 1 1 1 1,"[0, 1, 10, 13, 14]"
15,4,0,5 2  1 1 1 1 1,"[0, 1, 12, 13, 14]"
15,2,0,3 2  1 1 1,"[0, 2, 3, 4, 9]"
15,6,0,7 2  1 0 1 1 1 0 1,"[0, 2, 3, 4, 6]"
15,8,0,9 2  1 0 0 0 1 0 1 1 1,"[0, 2, 3, 4, 11]"
15,2,0,3 2  1 1 1,"[0, 2, 3, 4, 12]"
15,4,0,5 2  1 1 0 0 1,"[0, 2, 3, 5, 7]"
15,4,0,5 2  1 0 0 1 1,"[0, 2, 3, 5, 13]"
15,2,0,3 2  1 1 1,"[0, 2, 3, 6, 7]"
15,4,0,5 2  1 1 1 1 1,"[0, 2, 3, 6, 9]"
15,2,0,3 2  1 1 1,"[0, 2, 3, 6, 10]"
15,2,0,3 2  1 1 1,"[0, 2, 3, 6, 13]"
15,4,0,5 2  1 1 1 1 1,"[0, 2, 3, 6, 14]"
15,2,0,3 2  1 1 1,"[0, 2, 3, 7, 9]"
15,4,0,5 2  1 0 0 1 1,"[0, 2, 3, 7, 10]"
15,2,0,3 2  1 1 1,"[0, 2, 3, 7, 12]"
15,6,0,7 2  1 0 0 1 1 1 1,"[0, 2, 3, 9, 10]"
15,4,0,5 2  1 1 1 1 1,"[0, 2, 3, 9, 11]"
15,2,0,3 2  1 1 1,"[0, 2, 3, 9, 13]"
15,4,0,5 2  1 0 0 1 1,"[0, 2, 3, 8, 12]"
15,2,0,3 2  1 1 1,"[0, 2, 3, 10, 12]"
15,2,0,3 2  1 1 1,"[0, 2, 3, 12, 13]"
15,4,0,5 2  1 1 1 1 1,"[0, 2, 3, 11, 14]"
15,4,0,5 2  1 0 0 1 1,"[0, 2, 4, 5, 7]"
15,2,0,3 2  1 1 1,"[0, 2, 4, 5, 8]"
15,2,0,3 2  1 1 1,"[0, 2, 4, 5, 11]"
15,2,0,3 2  1 1 1,"[0, 2, 4, 5, 14]"
15,4,0,5 2  1 1 1 1 1,"[0, 2, 4, 6, 8]"
15,6,0,7 2  1 0 0 1 1 1 1,"[0, 2, 4, 6, 9]"
15,6,0,7 2  1 1 1 1 0 0 1,"[0, 2, 4, 6, 12]"
15,4,0,5 2  1 1 1 1 1,"[0, 2, 4, 6, 13]"
15,2,0,3 2  1 1 1,"[0, 2, 4, 7, 10]"
15,6,0,7 2  1 0 1 1 1 0 1,"[0, 2, 4, 8, 11]"
15,2,0,3 2  1 1 1,"[0, 2, 4, 8, 14]"
15,2,0,3 2  1 1 1,"[0, 2, 4, 9, 12]"
15,6,0,7 2  1 0 0 1 1 1 1,"[0, 2, 4, 7, 13]"
15,4,0,5 2  1 1 1 1 1,"[0, 2, 4, 11, 13]"
15,2,0,3 2  1 1 1,"[0, 2, 4, 11, 14]"
15,6,0,7 2  1 1 1 1 0 0 1,"[0, 2, 4, 10, 13]"
15,4,0,5 2  1 1 0 0 1,"[0, 2, 4, 12, 14]"
15,2,0,3 2  1 1 1,"[0, 2, 5, 7, 8]"
15,4,0,5 2  1 1 0 0 1,"[0, 2, 5, 6, 12]"
15,2,0,3 2  1 1 1,"[0, 2, 5, 7, 11]"
15,2,0,3 2  1 1 1,"[0, 2, 5, 7, 14]"
15,2,0,3 2  1 1 1,"[0, 2, 5, 8, 10]"
15,2,0,3 2  1 1 1,"[0, 2, 5, 8, 13]"
15,4,0,5 2  1 1 0 0 1,"[0, 2, 5, 9, 14]"
15,2,0,3 2  1 1 1,"[0, 2, 5, 10, 11]"
15,2,0,3 2  1 1 1,"[0, 2, 5, 10, 14]"
15,4,0,5 2  1 0 0 1 1,"[0, 2, 5, 11, 12]"
15,6,0,7 2  1 0 0 1 1 1 1,"[0, 2, 5, 11, 13]"
15,2,0,3 2  1 1 1,"[0, 2, 5, 13, 14]"
15,2,0,3 2  1 1 1,"[0, 2, 6, 7, 9]"
15,2,0,3 2  1 1 1,"[0, 2, 6, 7, 12]"
15,4,0,5 2  1 0 0 1 1,"[0, 2, 6, 7, 11]"
15,4,0,5 2  1 1 1 1 1,"[0, 2, 6, 8, 9]"
15,2,0,3 2  1 1 1,"[0, 2, 6, 9, 10]"
15,4,0,5 2  1 1 1 1 1,"[0, 2, 6, 8, 14]"
15,6,0,7 2  1 0 1 1 1 0 1,"[0, 2, 6, 9, 13]"
15,4,0,5 2  1 1 0 0 1,"[0, 2, 6, 10, 11]"
15,2,0,3 2  1 1 1,"[0, 2, 6, 10, 12]"
15,2,0,3 2  1 1 1,"[0, 2, 6, 12, 13]"
15,8,0,9 2  1 1 1 0 1 0 0 0 1,"[0, 2, 6, 13, 14]"
15,6,0,7 2  1 1 1 1 0 0 1,"[0, 2, 7, 8, 14]"
15,2,0,3 2  1 1 1,"[0, 2, 7, 8, 11]"
15,2,0,3 2  1 1 1,"[0, 2, 7, 9, 12]"
15,2,0,3 2  1 1 1,"[0, 2, 7, 10, 13]"
15,4,0,5 2  1 1 0 0 1,"[0, 2, 7, 10, 14]"
15,2,0,3 2  1 1 1,"[0, 2, 7, 11, 14]"
15,4,0,5 2  1 1 1 1 1,"[0, 2, 8, 9, 11]"
15,2,0,3 2  1 1 1,"[0, 2, 8, 10, 11]"
15,2,0,3 2  1 1 1,"[0, 2, 8, 10, 14]"
15,4,0,5 2  1 1 1 1 1,"[0, 2, 8, 11, 14]"
15,6,0,7 2  1 1 1 1 0 0 1,"[0, 2, 8, 11, 13]"
15,2,0,3 2  1 1 1,"[0, 2, 8, 13, 14]"
15,2,0,3 2  1 1 1,"[0, 2, 9, 10, 12]"
15,2,0,3 2  1 1 1,"[0, 2, 9, 12, 13]"
15,4,0,5 2  1 1 1 1 1,"[0, 2, 9, 11, 13]"
15,2,0,3 2  1 1 1,"[0, 2, 10, 11, 14]"
15,4,0,5 2  1 1 0 0 1,"[0, 2, 10, 12, 13]"
15,4,0,5 2  1 0 0 1 1,"[0, 2, 10, 12, 14]"
15,6,0,7 2  1 0 1 1 1 0 1,"[0, 2, 11, 13, 14]"
15,6,0,7 2  1 0 0 1 1 1 1,"[0, 3, 4, 5, 6]"
15,2,0,3 2  1 1 1,"[0, 3, 4, 5, 9]"
15,2,0,3 2  1 1 1,"[0, 3, 4, 5, 12]"
15,4,0,5 2  1 1 1 1 1,"[0, 3, 4, 6, 7]"
15,2,0,3 2  1 1 1,"[0, 3, 4, 6, 8]"
15,2,0,3 2  1 1 1,"[0, 3, 4, 6, 11]"
15,4,0,5 2  1 1 1 1 1,"[0, 3, 4, 6, 12]"
15,4,0,5 2  1 1 1 1 1,"[0, 3, 4, 7, 11]"
15,2,0,3 2  1 1 1,"[0, 3, 4, 8, 9]"
15,6,0,7 2  1 0 0 1 1 1 1,"[0, 3, 4, 8, 12]"
15,2,0,3 2  1 1 1,"[0, 3, 4, 9, 11]"
15,2,0,3 2  1 1 1,"[0, 3, 4, 9, 14]"
15,4,0,5 2  1 1 0 0 1,"[0, 3, 4, 10, 13]"
15,6,0,7 2  1 0 1 1 1 0 1,"[0, 3, 4, 11, 12]"
15,2,0,3 2  1 1 1,"[0, 3, 5, 6, 7]"
15,2,0,3 2  1 1 1,"[0, 3, 4, 12, 14]"
15,6,0,7 2  1 1 1 1 0 0 1,"[0, 3, 5, 7, 9]"
15,4,0,5 2  1 1 0 0 1,"[0, 3, 5, 8, 9]"
15,4,0,5 2  1 0 0 1 1,"[0, 3, 5, 6, 11]"
15,4,0,5 2  1 1 1 1 1,"[0, 3, 6, 7, 9]"
15,6,0,7 2  1 0 0 1 1 1 1,"[0, 3, 6, 7, 11]"
15,6,0,7 2  1 0 1 1 1 0 1,"[0, 3, 6, 7, 14]"
15,4,0,5 2  1 0 0 1 1,"[0, 3, 5, 8, 14]"
15,6,0,7 2  1 1 1 1 0 0 1,"[0, 3, 6, 10, 14]"
15,12,0,13 2  1 0 0 1 0 0 1 0 0 1 0 0 1,"[0, 3, 6, 9, 12]"
15,4,0,5 2  1 1 1 1 1,"[0, 3, 6, 12, 14]"
15,6,0,7 2  1 0 1 1 1 0 1,"[0, 3, 7, 9, 11]"
15,4,0,5 2  1 1 0 0 1,"[0, 3, 7, 8, 10]"
15,6,0,7 2  1 1 1 1 0 0 1,"[0, 3, 7, 11, 12]"
15,4,0,5 2  1 1 1 1 1,"[0, 3, 7, 11, 14]"
15,4,0,5 2  1 1 0 0 1,"[0, 3, 7, 12, 13]"
15,4,0,5 2  1 0 0 1 1,"[0, 3, 8, 10, 11]"
15,4,0,5 2  1 0 0 1 1,"[0, 3, 9, 10, 13]"
15,4,0,5 2  1 1 1 1 1,"[0, 3, 9, 11, 12]"
15,6,0,7 2  1 0 0 1 1 1 1,"[0, 3, 9, 11, 13]"
15,4,0,5 2  1 1 1 1 1,"[0, 3, 11, 12, 14]"
15,6,0,7 2  1 1 1 1 0 0 1,"[0, 3, 12, 13, 14]"
15,4,0,5 2  1 0 0 1 1,"[0, 4, 5, 6, 14]"
15,4,0,5 2  1 1 0 0 1,"[0, 4, 5, 7, 12]"
15,6,0,7 2  1 1 1 1 0 0 1,"[0, 4, 5, 8, 11]"
15,4,0,5 2  1 1 0 0 1,"[0, 4, 5, 9, 11]"
15,4,0,5 2  1 0 0 1 1,"[0, 4, 5, 9, 13]"
15,4,0,5 2  1 1 0 0 1,"[0, 4, 5, 13, 14]"
15,8,0,9 2  1 0 0 0 1 0 1 1 1,"[0, 4, 6, 7, 8]"
15,4,0,5 2  1 1 1 1 1,"[0, 4, 6, 7, 13]"
15,6,0,7 2  1 0 1 1 1 0 1,"[0, 4, 6, 8, 12]"
15,4,0,5 2  1 0 0 1 1,"[0, 4, 6, 10, 11]"
15,4,0,5 2  1 1 1 1 1,"[0, 4, 6, 12, 13]"
15,4,0,5 2  1 1 1 1 1,"[0, 4, 7, 8, 11]"
15,4,0,5 2  1 0 0 1 1,"[0, 4, 7, 9, 10]"
15,6,0,7 2  1 0 0 1 1 1 1,"[0, 4, 7, 10, 11]"
15,6,0,7 2  1 0 1 1 1 0 1,"[0, 4, 7, 11, 13]"
15,4,0,5 2  1 0 0 1 1,"[0, 4, 7, 12, 14]"
15,4,0,5 2  1 1 0 0 1,"[0, 4, 8, 9, 13]"
15,4,0,5 2  1 0 0 1 1,"[0, 4, 8, 10, 14]"
15,6,0,7 2  1 1 1 1 0 0 1,"[0, 4, 8, 9, 12]"
15,6,0,7 2  1 0 0 1 1 1 1,"[0, 4, 8, 11, 14]"
15,4,0,5 2  1 1 0 0 1,"[0, 4, 9, 10, 12]"
15,4,0,5 2  1 1 1 1 1,"[0, 4, 8, 11, 12]"
15,8,0,9 2  1 1 1 0 1 0 0 0 1,"[0, 4, 11, 12, 13]"
15,4,0,5 2  1 1 0 0 1,"[0, 5, 6, 8, 11]"
15,6,0,7 2  1 1 1 1 0 0 1,"[0, 5, 6, 12, 13]"
15,4,0,5 2  1 0 0 1 1,"[0, 5, 7, 8, 12]"
15,6,0,7 2  1 0 0 1 1 1 1,"[0, 5, 7, 8, 14]"
15,4,0,5 2  1 1 0 0 1,"[0, 5, 8, 12, 13]"
15,4,0,5 2  1 0 0 1 1,"[0, 5, 9, 12, 14]"
15,6,0,7 2  1 0 1 1 1 0 1,"[0, 6, 7, 8, 9]"
15,4,0,5 2  1 1 1 1 1,"[0, 6, 7, 8, 14]"
15,4,0,5 2  1 1 1 1 1,"[0, 6, 7, 9, 13]"
15,6,0,7 2  1 1 1 1 0 0 1,"[0, 6, 7, 9, 14]"
15,6,0,7 2  1 0 0 1 1 1 1,"[0, 6, 7, 12, 14]"
15,4,0,5 2  1 1 1 1 1,"[0, 6, 7, 13, 14]"
15,4,0,5 2  1 1 1 1 1,"[0, 6, 8, 9, 12]"
15,6,0,7 2  1 0 0 1 1 1 1,"[0, 6, 8, 10, 12]"
15,4,0,5 2  1 0 0 1 1,"[0, 6, 7, 10, 12]"
15,4,0,5 2  1 1 1 1 1,"[0, 6, 8, 12, 14]"
15,4,0,5 2  1 1 1 1 1,"[0, 6, 9, 12, 13]"
15,4,0,5 2  1 1 0 0 1,"[0, 6, 9, 11, 14]"
15,6,0,7 2  1 0 1 1 1 0 1,"[0, 6, 12, 13, 14]"
15,8,0,9 2  1 1 1 0 1 0 0 0 1,"[0, 7, 8, 9, 11]"
15,6,0,7 2  1 1 1 1 0 0 1,"[0, 6, 9, 11, 13]"
15,6,0,7 2  1 0 1 1 1 0 1,"[0, 7, 8, 11, 14]"
15,4,0,5 2  1 1 1 1 1,"[0, 7, 9, 11, 13]"
15,8,0,9 2  1 0 0 0 1 0 1 1 1,"[0, 7, 11, 13, 14]"
15,4,0,5 2  1 1 0 0 1,"[0, 8, 9, 10, 14]"
15,4,0,5 2  1 1 1 1 1,"[0, 8, 9, 11, 12]"
15,4,0,5 2  1 0 0 1 1,"[0, 8, 9, 13, 14]"
15,4,0,5 2  1 1 0 0 1,"[0, 8, 10, 11, 13]"
15,4,0,5 2  1 0 0 1 1,"[0, 8, 10, 12, 13]"
15,4,0,5 2  1 1 1 1 1,"[0, 8, 11, 12, 14]"
15,6,0,7 2  1 1 1 1 0 0 1,"[0, 9, 10, 11, 12]"
15,6,0,7 2  1 0 1 1 1 0 1,"[0, 9, 11, 12, 13]"
15,6,0,7 2  1 0 0 1 1 1 1,"[0, 9, 12, 13, 14]"
15,4,0,5 2  1 1 1 1 1,"[0, 11, 12, 13, 14]"
15,4,0,5 2  1 1 0 0 1,"[0, 4, 6, 10, 14]"
