68,16,0.028368794326241134,17 2  1 0 0 0 0 0 1 0 1 0 1 0 0 0 0 0 1,"[0, 2, 4, 10, 28]"
68,16,0.029850746268656716,17 2  1 0 0 0 0 0 1 0 1 0 1 0 0 0 0 0 1,"[0, 2, 4, 10, 62]"
68,16,0.02680965147453083,17 2  1 0 1 0 1 0 0 0 1 0 0 0 1 0 1 0 1,"[0, 2, 8, 10, 22]"
68,16,0.022988505747126436,17 2  1 0 1 0 1 0 0 0 1 0 0 0 1 0 1 0 1,"[0, 2, 8, 10, 56]"
68,16,0.02861230329041488,17 2  1 0 0 0 0 0 1 0 1 0 1 0 0 0 0 0 1,"[0, 2, 4, 44, 62]"
68,32,0.9090909090909091,33 2  1 0 0 0 0 0 0 0 0 0 0 0 1 0 0 0 1 0 0 0 1 0 0 0 0 0 0 0 0 0 0 0 1,"[0, 4, 8, 20, 56]"
68,16,0.029940119760479042,17 2  1 0 1 0 1 0 0 0 1 0 0 0 1 0 1 0 1,"[0, 2, 8, 22, 44]"
68,32,0.9523809523809523,33 2  1 0 0 0 1 0 0 0 1 0 0 0 0 0 0 0 1 0 0 0 0 0 0 0 1 0 0 0 1 0 0 0 1,"[0, 4, 16, 20, 44]"
68,32,0.9523809523809523,33 2  1 0 0 0 0 0 0 0 0 0 0 0 1 0 0 0 1 0 0 0 1 0 0 0 0 0 0 0 0 0 0 0 1,"[0, 4, 16, 52, 64]"
68,16,0.02262443438914027,17 2  1 0 0 0 0 0 1 0 1 0 1 0 0 0 0 0 1,"[0, 2, 8, 26, 32]"
68,16,0.021367521367521368,17 2  1 0 1 0 1 0 0 0 1 0 0 0 1 0 1 0 1,"[0, 2, 8, 44, 56]"
68,16,0.02403846153846154,17 2  1 0 1 0 1 0 0 0 1 0 0 0 1 0 1 0 1,"[0, 2, 10, 22, 42]"
68,32,0.8333333333333334,33 2  1 0 0 0 0 0 0 0 0 0 0 0 1 0 0 0 1 0 0 0 1 0 0 0 0 0 0 0 0 0 0 0 1,"[0, 4, 28, 36, 44]"
68,32,0.8695652173913043,33 2  1 0 0 0 1 0 0 0 1 0 0 0 0 0 0 0 1 0 0 0 0 0 0 0 1 0 0 0 1 0 0 0 1,"[0, 4, 28, 52, 56]"
68,16,0.018832391713747645,17 2  1 0 0 0 0 0 1 0 1 0 1 0 0 0 0 0 1,"[0, 2, 4, 28, 44]"
68,32,0.8,33 2  1 0 0 0 0 0 0 0 0 0 0 0 1 0 0 0 1 0 0 0 1 0 0 0 0 0 0 0 0 0 0 0 1,"[0, 8, 16, 40, 44]"
68,32,0.8,33 2  1 0 0 0 1 0 0 0 1 0 0 0 0 0 0 0 1 0 0 0 0 0 0 0 1 0 0 0 1 0 0 0 1,"[0, 8, 20, 32, 40]"
68,32,0.9523809523809523,33 2  1 0 0 0 0 0 0 0 0 0 0 0 1 0 0 0 1 0 0 0 1 0 0 0 0 0 0 0 0 0 0 0 1,"[0, 8, 32, 36, 60]"
68,32,0.8333333333333334,33 2  1 0 0 0 1 0 0 0 1 0 0 0 0 0 0 0 1 0 0 0 0 0 0 0 1 0 0 0 1 0 0 0 1,"[0, 8, 36, 44, 56]"
68,32,0.9523809523809523,33 2  1 0 0 0 1 0 0 0 1 0 0 0 0 0 0 0 1 0 0 0 0 0 0 0 1 0 0 0 1 0 0 0 1,"[0, 12, 16, 40, 64]"
68,8,0.0000034298922310711536,9 2  1 1 1 0 1 0 1 1 1,"[0, 1, 4, 5, 11]"
68,8,0.000003434138461372038,9 2  1 1 1 0 1 0 1 1 1,"[0, 1, 4, 11, 22]"
68,8,0.000002986962654752668,9 2  1 0 0 1 1 1 0 0 1,"[0, 1, 2, 14, 22]"
68,8,0.0000025556022378897676,9 2  1 1 1 0 1 0 1 1 1,"[0, 1, 4, 5, 62]"
68,8,0.0000028442822318684473,9 2  1 1 1 0 1 0 1 1 1,"[0, 1, 4, 5, 28]"
68,8,0.0000023168254116824993,9 2  1 0 0 1 1 1 0 0 1,"[0, 1, 2, 5, 65]"
68,8,0.000002851141204906529,9 2  1 0 0 1 1 1 0 0 1,"[0, 1, 2, 5, 31]"
68,8,0.000002609554989978004,9 2  1 1 1 0 1 0 1 1 1,"[0, 1, 4, 5, 45]"
68,8,0.0000022291193652181366,9 2  1 0 0 1 1 1 0 0 1,"[0, 1, 2, 5, 14]"
68,8,0.0000021751578484861172,9 2  1 0 0 1 1 1 0 0 1,"[0, 1, 2, 5, 48]"
