93,10,0.000000999999000001,11 2  1 0 0 0 1 1 1 0 0 0 1,"[0, 1, 2, 6, 89]"
93,12,0.0000010417094201574522,13 2  1 0 0 0 0 1 1 1 0 0 0 0 1,"[0, 1, 2, 7, 88]"
93,10,0.000000999999000001,11 2  1 1 1 0 0 1 0 1 0 1 1,"[0, 1, 2, 13, 26]"
93,12,0.000000999999000001,13 2  1 1 1 0 1 0 1 0 1 0 1 1 1,"[0, 1, 2, 6, 27]"
93,10,0.000000999999000001,11 2  1 1 0 1 0 1 0 0 1 1 1,"[0, 1, 2, 19, 38]"
93,10,0.000000999999000001,11 2  1 1 0 1 0 0 0 0 1 0 1,"[0, 1, 2, 13, 24]"
93,10,0.000000999999000001,11 2  1 0 1 0 1 1 0 0 0 0 1,"[0, 1, 2, 19, 36]"
93,10,0.000001019855412038669,11 2  1 1 0 1 0 1 0 0 1 1 1,"[0, 1, 2, 20, 81]"
93,10,0.000000999999000001,11 2  1 0 1 0 1 1 0 0 0 0 1,"[0, 1, 2, 5, 49]"
93,10,0.0000010487925565933708,11 2  1 0 0 0 1 1 1 0 0 0 1,"[0, 1, 2, 6, 58]"
93,10,0.000000999999000001,11 2  1 1 0 1 1 1 1 1 0 1 1,"[0, 1, 2, 26, 69]"
93,10,0.0000010554870603091585,11 2  1 1 0 1 1 1 1 1 0 1 1,"[0, 1, 2, 7, 57]"
93,10,0.000000999999000001,11 2  1 0 0 0 1 1 1 0 0 0 1,"[0, 1, 2, 27, 68]"
93,10,0.000000999999000001,11 2  1 1 0 1 1 1 1 1 0 1 1,"[0, 1, 2, 7, 26]"
93,12,0.000000999999000001,13 2  1 0 0 0 0 1 1 1 0 0 0 0 1,"[0, 1, 2, 26, 38]"
93,10,0.000000999999000001,11 2  1 0 1 0 1 1 0 0 0 0 1,"[0, 1, 2, 18, 50]"
93,10,0.000000999999000001,11 2  1 0 1 0 0 0 0 1 0 1 1,"[0, 1, 2, 9, 52]"
93,15,0.00011832919181161993,16 2  1 1 0 1 0 0 0 1 0 0 0 0 0 0 0 1,"[0, 1, 3, 7, 15]"
93,15,0.00009490682522433601,16 2  1 1 0 1 0 0 0 1 0 0 0 0 0 0 0 1,"[0, 1, 3, 7, 77]"
93,15,0.0000836414125361749,16 2  1 1 0 1 0 0 0 1 0 0 0 0 0 0 0 1,"[0, 1, 3, 7, 46]"
93,10,0.000000999999000001,11 2  1 0 0 0 1 1 1 0 0 0 1,"[0, 1, 2, 27, 37]"
93,10,0.000000999999000001,11 2  1 1 1 0 0 1 0 1 0 1 1,"[0, 1, 2, 14, 75]"
93,10,0.000000999999000001,11 2  1 1 0 1 0 0 0 0 1 0 1,"[0, 1, 2, 12, 44]"
93,10,0.000000999999000001,11 2  1 1 0 1 0 0 0 0 1 0 1,"[0, 1, 3, 8, 10]"
93,10,0.000000999999000001,11 2  1 1 0 1 0 0 0 0 0 1 1,"[0, 1, 3, 9, 10]"
93,10,0.000000999999000001,11 2  1 0 0 0 1 1 1 0 0 0 1,"[0, 1, 2, 37, 89]"
93,17,0.00010223224098183844,18 2  1 0 0 0 1 1 0 1 1 1 0 0 0 0 0 1 1 1,"[0, 1, 3, 15, 38]"
93,15,0.00012590573437667218,16 2  1 1 0 1 0 0 0 1 0 0 0 0 0 0 0 1,"[0, 1, 3, 15, 69]"
93,12,0.000000999999000001,13 2  1 1 1 0 1 0 1 0 1 0 1 1 1,"[0, 1, 2, 37, 58]"
93,10,0.000000999999000001,11 2  1 0 0 0 0 1 1 0 1 0 1,"[0, 1, 3, 5, 88]"
93,10,0.000000999999000001,11 2  1 1 0 1 1 1 1 1 0 1 1,"[0, 1, 2, 38, 57]"
93,10,0.000000999999000001,11 2  1 0 0 0 0 1 1 0 1 0 1,"[0, 1, 2, 46, 90]"
93,10,0.0000010373787803444315,11 2  1 1 1 0 0 1 0 1 0 1 1,"[0, 1, 2, 57, 76]"
93,10,0.000000999999000001,11 2  1 1 0 1 1 1 1 1 0 1 1,"[0, 1, 2, 38, 88]"
93,12,0.0000010393065206454862,13 2  1 1 1 0 1 0 1 0 1 0 1 1 1,"[0, 1, 2, 68, 89]"
93,10,0.0000010108085250175868,11 2  1 0 1 0 0 0 0 1 0 1 1,"[0, 1, 2, 71, 82]"
93,10,0.000000999999000001,11 2  1 0 0 0 0 1 1 0 1 0 1,"[0, 1, 2, 59, 76]"
93,10,0.000000999999000001,11 2  1 1 0 1 0 1 0 0 1 1 1,"[0, 1, 2, 69, 82]"
93,10,0.000000999999000001,11 2  1 1 0 1 0 0 0 0 1 0 1,"[0, 1, 2, 43, 86]"
93,10,0.000000999999000001,11 2  1 0 0 0 0 1 1 0 1 0 1,"[0, 1, 2, 45, 77]"
93,10,0.000000999999000001,11 2  1 0 1 0 0 0 0 1 0 1 1,"[0, 1, 2, 51, 83]"
93,12,0.000000999999000001,13 2  1 0 0 0 0 1 1 1 0 0 0 0 1,"[0, 1, 2, 57, 69]"
93,10,0.000000999999000001,11 2  1 1 0 1 0 0 0 0 0 1 1,"[0, 1, 3, 9, 72]"
93,12,0.000000999999000001,13 2  1 0 0 0 1 1 0 0 0 1 0 0 1,"[0, 1, 3, 9, 41]"
93,10,0.000000999999000001,11 2  1 1 0 1 0 0 0 0 0 1 1,"[0, 1, 3, 10, 40]"
93,10,0.000000999999000001,11 2  1 0 1 0 1 1 1 0 0 1 1,"[0, 1, 3, 21, 24]"
93,10,0.000000999999000001,11 2  1 1 1 0 1 1 0 1 1 1 1,"[0, 1, 3, 22, 24]"
93,10,0.000000999999000001,11 2  1 1 0 1 0 1 0 0 1 1 1,"[0, 1, 3, 11, 28]"
93,15,0.000000999999000001,16 2  1 1 0 0 1 0 0 0 1 0 1 0 1 1 1 1,"[0, 1, 3, 16, 26]"
93,15,0.00012507191635190235,16 2  1 1 0 1 0 0 0 1 0 0 0 0 0 0 0 1,"[0, 1, 3, 38, 46]"
93,12,0.000000999999000001,13 2  1 1 0 1 0 0 1 0 1 1 0 0 1,"[0, 1, 3, 21, 86]"
93,10,0.000000999999000001,11 2  1 1 0 1 0 0 0 0 0 1 1,"[0, 1, 3, 10, 71]"
93,12,0.0000010941057895264316,13 2  1 1 0 1 0 0 0 1 0 0 1 1 1,"[0, 1, 3, 27, 32]"
93,10,0.000000999999000001,11 2  1 1 1 0 1 1 0 1 1 1 1,"[0, 1, 3, 22, 86]"
93,17,0.00007755154269406304,18 2  1 0 0 0 1 1 0 1 1 1 0 0 0 0 0 1 1 1,"[0, 1, 3, 69, 77]"
93,10,0.000000999999000001,11 2  1 1 1 0 1 1 0 1 1 1 1,"[0, 1, 3, 24, 84]"
93,12,0.000000999999000001,13 2  1 1 0 1 0 0 1 0 1 1 0 0 1,"[0, 1, 3, 24, 83]"
93,10,0.000000999999000001,11 2  1 1 1 0 0 1 0 1 0 1 1,"[0, 1, 3, 23, 79]"
93,10,0.000000999999000001,11 2  1 0 1 0 1 1 1 0 0 1 1,"[0, 1, 3, 21, 55]"
93,10,0.0000010410018351821352,11 2  1 1 1 0 1 1 0 1 1 1 1,"[0, 1, 3, 22, 55]"
93,10,0.000000999999000001,11 2  1 0 1 0 1 1 0 0 0 0 1,"[0, 1, 3, 29, 58]"
93,10,0.000000999999000001,11 2  1 0 1 0 1 1 1 0 0 1 1,"[0, 1, 3, 24, 52]"
93,12,0.000000999999000001,13 2  1 1 1 0 1 0 1 0 1 0 1 1 1,"[0, 1, 3, 29, 78]"
93,12,0.000000999999000001,13 2  1 0 1 0 0 0 0 0 0 1 1 0 1,"[0, 1, 3, 24, 53]"
93,12,0.000001046356907004559,13 2  1 0 1 0 1 1 1 0 1 0 0 0 1,"[0, 1, 3, 32, 48]"
93,17,0.0000010097076830626534,18 2  1 1 0 0 1 0 0 0 1 0 1 0 0 0 1 0 0 1,"[0, 1, 3, 32, 57]"
93,12,0.0000010198643050144891,13 2  1 0 0 0 1 1 0 0 1 1 0 1 1,"[0, 1, 3, 32, 72]"
93,12,0.000000999999000001,13 2  1 0 0 0 1 0 1 1 1 0 1 0 1,"[0, 1, 3, 32, 90]"
93,10,0.000000999999000001,11 2  1 1 0 1 0 0 0 0 0 1 1,"[0, 1, 3, 40, 41]"
93,10,0.000000999999000001,11 2  1 0 1 0 1 1 1 0 0 1 1,"[0, 1, 3, 52, 55]"
93,12,0.000000999999000001,13 2  1 1 0 1 1 0 0 1 1 0 0 0 1,"[0, 1, 3, 32, 78]"
93,12,0.000000999999000001,13 2  1 0 1 0 0 0 0 0 0 1 1 0 1,"[0, 1, 3, 84, 86]"
93,10,0.000000999999000001,11 2  1 1 1 0 1 1 0 1 1 1 1,"[0, 1, 3, 53, 55]"
93,10,0.000000999999000001,11 2  1 1 1 1 0 1 1 0 1 1 1,"[0, 1, 4, 9, 23]"
93,12,0.000000999999000001,13 2  1 0 0 0 1 1 0 0 0 1 0 0 1,"[0, 1, 3, 71, 72]"
93,10,0.000000999999000001,11 2  1 1 1 1 0 1 1 0 1 1 1,"[0, 1, 4, 9, 85]"
93,10,0.000000999999000001,11 2  1 0 1 0 1 1 1 0 0 1 1,"[0, 1, 3, 52, 86]"
93,12,0.000000999999000001,13 2  1 1 1 0 1 0 1 0 1 0 1 1 1,"[0, 1, 3, 47, 60]"
93,12,0.0000010615462769687821,13 2  1 0 0 0 1 1 0 0 1 1 0 1 1,"[0, 1, 4, 7, 62]"
93,10,0.000000999999000001,11 2  1 1 1 1 1 0 1 1 1 0 1,"[0, 1, 4, 10, 90]"
93,10,0.000000999999000001,11 2  1 1 1 1 1 0 1 1 1 0 1,"[0, 1, 4, 10, 28]"
93,10,0.000000999999000001,11 2  1 1 1 0 1 1 0 1 0 0 1,"[0, 1, 4, 11, 24]"
93,10,0.000000999999000001,11 2  1 1 1 1 0 1 1 0 1 1 1,"[0, 1, 4, 9, 54]"
93,12,0.000001028240681735911,13 2  1 1 1 0 0 1 0 0 0 1 0 1 1,"[0, 1, 4, 10, 62]"
93,12,0.000000999999000001,13 2  1 0 1 1 1 0 0 0 1 0 0 1 1,"[0, 1, 4, 10, 59]"
93,10,0.000000999999000001,11 2  1 1 1 0 1 1 0 1 0 0 1,"[0, 1, 4, 11, 86]"
93,12,0.000000999999000001,13 2  1 0 1 0 0 0 0 0 1 1 1 1 1,"[0, 1, 4, 11, 55]"
93,12,0.000000999999000001,13 2  1 0 0 1 1 0 1 0 0 1 0 1 1,"[0, 1, 4, 13, 23]"
93,10,0.000000999999000001,11 2  1 0 0 1 0 1 1 0 1 1 1,"[0, 1, 4, 19, 22]"
93,10,0.000000999999000001,11 2  1 1 0 0 1 1 1 0 1 0 1,"[0, 1, 4, 13, 85]"
93,10,0.000000999999000001,11 2  1 0 1 1 1 0 1 1 1 1 1,"[0, 1, 4, 22, 90]"
93,10,0.000000999999000001,11 2  1 0 0 1 0 1 1 0 1 1 1,"[0, 1, 4, 19, 84]"
93,10,0.000000999999000001,11 2  1 0 1 1 1 0 1 1 1 1 1,"[0, 1, 4, 22, 28]"
93,10,0.000000999999000001,11 2  1 1 0 0 1 1 1 0 1 0 1,"[0, 1, 4, 13, 54]"
93,12,0.0000010083573666908707,13 2  1 0 0 0 1 0 1 1 1 0 1 0 1,"[0, 1, 4, 13, 62]"
93,10,0.000000999999000001,11 2  1 0 0 1 0 1 1 0 1 1 1,"[0, 1, 4, 22, 81]"
93,12,0.000000999999000001,13 2  1 1 1 1 1 0 0 0 0 0 1 0 1,"[0, 1, 4, 19, 53]"
93,12,0.000000999999000001,13 2  1 0 0 0 1 1 0 0 0 1 0 0 1,"[0, 1, 4, 20, 46]"
93,12,0.000000999999000001,13 2  1 1 0 0 1 0 0 0 1 1 1 0 1,"[0, 1, 4, 22, 59]"
93,12,0.000000999999000001,13 2  1 1 1 1 1 0 0 0 0 0 1 0 1,"[0, 1, 4, 22, 50]"
93,10,0.000000999999000001,11 2  1 1 1 1 0 1 1 0 1 1 1,"[0, 1, 4, 23, 71]"
93,12,0.000000999999000001,13 2  1 0 1 1 0 0 0 0 0 0 1 0 1,"[0, 1, 4, 23, 40]"
93,10,0.000000999999000001,11 2  1 1 0 0 1 1 1 0 1 0 1,"[0, 1, 4, 23, 75]"
93,10,0.000000999999000001,11 2  1 1 0 0 1 1 1 0 1 0 1,"[0, 1, 4, 23, 44]"
93,12,0.000000999999000001,13 2  1 0 0 1 0 0 1 0 0 1 1 1 1,"[0, 1, 4, 25, 26]"
93,10,0.000000999999000001,11 2  1 1 1 0 1 1 0 1 0 0 1,"[0, 1, 4, 24, 73]"
93,10,0.000000999999000001,11 2  1 1 1 0 1 1 0 1 0 0 1,"[0, 1, 4, 24, 42]"
93,10,0.000000999999000001,11 2  1 1 0 0 0 0 1 1 0 0 1,"[0, 1, 4, 25, 88]"
93,10,0.000000999999000001,11 2  1 1 0 0 0 0 1 1 0 0 1,"[0, 1, 4, 25, 57]"
93,10,0.000000999999000001,11 2  1 1 0 0 0 0 1 1 0 0 1,"[0, 1, 4, 26, 87]"
93,10,0.000000999999000001,11 2  1 1 0 0 0 0 1 1 0 0 1,"[0, 1, 4, 26, 56]"
93,10,0.0000010006052661254793,11 2  1 0 1 1 1 0 1 1 1 1 1,"[0, 1, 4, 28, 84]"
93,10,0.000000999999000001,11 2  1 1 1 1 1 0 1 1 1 0 1,"[0, 1, 4, 28, 72]"
93,12,0.000000999999000001,13 2  1 0 1 1 1 0 0 0 1 0 0 1 1,"[0, 1, 4, 28, 41]"
93,12,0.000000999999000001,13 2  1 1 0 0 1 0 0 0 1 1 1 0 1,"[0, 1, 4, 28, 53]"
93,10,0.000000999999000001,11 2  1 1 1 1 1 0 1 1 1 0 1,"[0, 1, 4, 41, 90]"
93,10,0.000000999999000001,11 2  1 1 1 1 0 1 1 0 1 1 1,"[0, 1, 4, 40, 54]"
93,10,0.000000999999000001,11 2  1 0 1 0 1 1 0 0 0 0 1,"[0, 1, 4, 48, 92]"
93,10,0.000001040247054514459,11 2  1 1 1 1 1 0 1 1 1 0 1,"[0, 1, 4, 41, 59]"
93,10,0.000000999999000001,11 2  1 0 1 0 0 0 0 1 0 1 1,"[0, 1, 4, 45, 89]"
93,10,0.000000999999000001,11 2  1 0 0 1 0 1 1 0 1 1 1,"[0, 1, 4, 50, 53]"
93,10,0.000000999999000001,11 2  1 1 0 0 1 1 1 0 1 0 1,"[0, 1, 4, 44, 54]"
93,10,0.000000999999000001,11 2  1 1 1 0 1 1 0 1 0 0 1,"[0, 1, 4, 42, 55]"
93,12,0.000000999999000001,13 2  1 0 0 1 1 0 1 0 0 1 0 1 1,"[0, 1, 4, 44, 85]"
93,10,0.000000999999000001,11 2  1 0 1 1 1 0 1 1 1 1 1,"[0, 1, 4, 53, 90]"
93,10,0.000000999999000001,11 2  1 0 0 1 0 1 1 0 1 1 1,"[0, 1, 4, 50, 84]"
93,10,0.000000999999000001,11 2  1 0 1 1 1 0 1 1 1 1 1,"[0, 1, 4, 53, 59]"
93,10,0.0000010080203644306105,11 2  1 1 0 0 0 0 1 1 0 0 1,"[0, 1, 4, 56, 57]"
93,12,0.000000999999000001,13 2  1 0 0 1 0 0 1 0 0 1 1 1 1,"[0, 1, 4, 56, 88]"
93,15,0.000081652982987601,16 2  1 0 1 0 0 0 0 0 0 0 1 1 0 0 0 1,"[0, 1, 5, 21, 23]"
93,10,0.0000010325800696144831,11 2  1 1 1 0 0 1 0 1 0 1 1,"[0, 1, 4, 60, 86]"
93,17,0.00009876591983170288,18 2  1 1 0 1 1 0 0 0 0 0 1 0 0 1 0 1 1 1,"[0, 1, 5, 21, 54]"
93,15,0.00009844263747514323,16 2  1 0 1 0 0 0 0 0 0 0 1 1 0 0 0 1,"[0, 1, 5, 21, 85]"
93,12,0.000001080630720926576,13 2  1 0 1 0 1 1 1 0 1 0 0 0 1,"[0, 1, 4, 62, 91]"
93,15,0.0001234080363313259,16 2  1 0 1 0 0 0 0 0 0 0 1 1 0 0 0 1,"[0, 1, 5, 23, 52]"
93,17,0.00009451125865368712,18 2  1 1 0 1 1 0 0 0 0 0 1 0 0 1 0 1 1 1,"[0, 1, 5, 23, 83]"
93,12,0.0000010311413450919193,13 2  1 1 0 1 1 0 0 1 1 0 0 0 1,"[0, 1, 4, 62, 76]"
93,10,0.0000010164425334647186,11 2  1 0 0 0 0 1 1 0 1 0 1,"[0, 1, 4, 68, 72]"
93,12,0.000000999999000001,13 2  1 1 0 1 0 0 0 1 0 0 1 1 1,"[0, 1, 4, 62, 79]"
93,10,0.000000999999000001,11 2  1 1 0 1 0 0 0 0 1 0 1,"[0, 1, 4, 69, 71]"
93,15,0.000001051738376292639,16 2  1 1 1 0 0 0 0 0 0 0 0 1 0 1 1 1,"[0, 1, 5, 11, 18]"
93,12,0.000000999999000001,13 2  1 0 0 0 1 1 0 0 0 1 0 0 1,"[0, 1, 5, 8, 89]"
93,12,0.000000999999000001,13 2  1 0 1 1 0 0 0 0 0 0 1 0 1,"[0, 1, 4, 71, 85]"
93,12,0.000000999999000001,13 2  1 0 1 0 0 0 0 0 1 1 1 1 1,"[0, 1, 4, 73, 86]"
93,10,0.000000999999000001,11 2  1 1 0 1 0 1 0 0 1 1 1,"[0, 1, 4, 74, 75]"
93,15,0.0001841061187668572,16 2  1 0 1 0 0 0 0 0 0 0 1 1 0 0 0 1,"[0, 1, 5, 52, 54]"
93,17,0.00008972915255301871,18 2  1 1 0 1 1 0 0 0 0 0 1 0 0 1 0 1 1 1,"[0, 1, 5, 52, 85]"
93,15,0.00010494611017242646,16 2  1 0 1 0 0 0 0 0 0 0 1 1 0 0 0 1,"[0, 1, 5, 54, 83]"
93,10,0.000000999999000001,11 2  1 0 1 0 0 0 0 1 0 1 1,"[0, 1, 5, 8, 82]"
93,12,0.000000999999000001,13 2  1 0 0 0 1 1 0 0 0 1 0 0 1,"[0, 1, 4, 77, 82]"
93,12,0.000000999999000001,13 2  1 0 1 1 0 0 0 0 0 0 1 0 1,"[0, 1, 5, 6, 48]"
93,12,0.000000999999000001,13 2  1 0 1 0 0 0 0 0 0 1 1 0 1,"[0, 1, 5, 6, 51]"
93,12,0.000000999999000001,13 2  1 0 1 1 0 0 0 0 0 0 1 0 1,"[0, 1, 5, 17, 68]"
93,15,0.0000010156681024150963,16 2  1 1 1 0 1 0 1 0 1 1 1 0 0 0 0 1,"[0, 1, 5, 19, 39]"
93,12,0.000000999999000001,13 2  1 0 0 1 1 0 1 0 0 1 0 1 1,"[0, 1, 5, 17, 53]"
93,12,0.000000999999000001,13 2  1 0 1 0 0 0 0 0 0 1 1 0 1,"[0, 1, 5, 20, 68]"
93,12,0.000000999999000001,13 2  1 0 0 1 0 0 0 1 1 0 0 0 1,"[0, 1, 5, 24, 27]"
93,10,0.000000999999000001,11 2  1 1 0 0 0 0 0 1 0 1 1,"[0, 1, 5, 24, 89]"
93,12,0.000000999999000001,13 2  1 0 0 1 1 0 1 0 0 1 0 1 1,"[0, 1, 5, 22, 79]"
93,15,0.000000999999000001,16 2  1 1 1 1 1 1 1 0 1 1 1 0 0 1 1 1,"[0, 1, 5, 22, 69]"
93,10,0.000000999999000001,11 2  1 0 0 1 1 0 0 0 0 1 1,"[0, 1, 6, 7, 90]"
93,12,0.000000999999000001,13 2  1 0 0 1 0 0 0 1 1 0 0 0 1,"[0, 1, 5, 86, 89]"
93,10,0.000000999999000001,11 2  1 1 0 0 0 0 0 1 0 1 1,"[0, 1, 5, 27, 86]"
93,10,0.000000999999000001,11 2  1 0 0 1 1 0 0 0 0 1 1,"[0, 1, 6, 7, 28]"
93,10,0.000000999999000001,11 2  1 0 0 1 1 0 0 0 0 1 1,"[0, 1, 6, 7, 59]"
93,10,0.000000999999000001,11 2  1 1 0 0 0 0 0 1 0 1 1,"[0, 1, 5, 55, 89]"
93,12,0.000000999999000001,13 2  1 0 0 1 1 0 1 0 0 1 0 1 1,"[0, 1, 5, 48, 84]"
93,10,0.000000999999000001,11 2  1 1 0 0 0 0 0 1 0 1 1,"[0, 1, 5, 24, 58]"
93,12,0.000000999999000001,13 2  1 0 1 1 0 0 0 0 0 0 1 0 1,"[0, 1, 5, 37, 79]"
93,12,0.000000999999000001,13 2  1 0 1 0 0 0 0 0 0 1 1 0 1,"[0, 1, 5, 37, 82]"
93,12,0.000000999999000001,13 2  1 0 0 1 0 0 0 1 1 0 0 0 1,"[0, 1, 5, 55, 58]"
93,12,0.000001046160361318681,13 2  1 1 0 0 0 0 1 0 0 0 0 1 1,"[0, 1, 6, 11, 12]"
93,10,0.000000999999000001,11 2  1 1 0 0 0 0 0 1 0 1 1,"[0, 1, 5, 27, 55]"
93,12,0.000000999999000001,13 2  1 0 1 0 0 0 0 0 1 1 1 1 1,"[0, 1, 6, 8, 57]"
93,10,0.0000010203606852579105,11 2  1 0 1 1 0 1 0 1 1 0 1,"[0, 1, 6, 11, 43]"
93,10,0.000000999999000001,11 2  1 0 1 1 0 1 0 1 1 0 1,"[0, 1, 6, 11, 74]"
93,12,0.000000999999000001,13 2  1 1 1 1 1 0 0 0 0 0 1 0 1,"[0, 1, 6, 24, 26]"
93,10,0.000000999999000001,11 2  1 0 1 1 0 1 0 1 1 0 1,"[0, 1, 6, 12, 73]"
93,10,0.000000999999000001,11 2  1 0 1 1 0 1 0 1 1 0 1,"[0, 1, 6, 12, 42]"
93,12,0.0000010441087391222793,13 2  1 0 0 0 1 0 1 1 1 0 1 0 1,"[0, 1, 6, 18, 32]"
93,12,0.0000010154665713482045,13 2  1 1 0 1 1 0 0 1 1 0 0 0 1,"[0, 1, 6, 32, 33]"
93,10,0.0000010080457168893524,11 2  1 0 0 1 1 0 0 0 0 1 1,"[0, 1, 6, 28, 38]"
93,12,0.0000010879071397278556,13 2  1 1 1 0 0 1 0 0 0 1 0 1 1,"[0, 1, 6, 32, 87]"
93,12,0.000000999999000001,13 2  1 0 1 0 0 0 0 0 1 1 1 1 1,"[0, 1, 6, 26, 39]"
93,10,0.0000010456902321500285,11 2  1 0 1 1 0 1 0 1 1 0 1,"[0, 1, 6, 42, 43]"
93,17,0.00007558607553316528,18 2  1 0 0 0 1 1 0 1 1 1 0 0 0 0 0 1 1 1,"[0, 1, 7, 34, 77]"
93,10,0.000000999999000001,11 2  1 0 0 1 1 0 0 0 0 1 1,"[0, 1, 6, 28, 69]"
93,17,0.000000999999000001,18 2  1 1 1 0 0 1 0 1 0 0 1 0 1 0 0 1 0 1,"[0, 1, 6, 32, 84]"
93,12,0.000000999999000001,13 2  1 1 1 1 0 0 1 0 0 1 0 0 1,"[0, 1, 6, 38, 90]"
93,17,0.00009661088997951849,18 2  1 0 0 0 1 1 0 1 1 1 0 0 0 0 0 1 1 1,"[0, 1, 7, 46, 65]"
93,12,0.000000999999000001,13 2  1 0 1 0 1 1 1 0 1 0 0 0 1,"[0, 1, 6, 32, 42]"
93,12,0.0000010913222853685547,13 2  1 1 0 1 0 0 0 1 0 0 1 1 1,"[0, 1, 6, 32, 60]"
93,12,0.000000999999000001,13 2  1 0 0 0 0 1 1 1 0 0 0 0 1,"[0, 1, 6, 30, 56]"
93,12,0.000000999999000001,13 2  1 0 0 1 0 0 1 0 0 1 1 1 1,"[0, 1, 6, 41, 69]"
93,12,0.000000999999000001,13 2  1 0 0 1 0 0 1 0 0 1 1 1 1,"[0, 1, 6, 38, 72]"
93,12,0.0000010833553660730908,13 2  1 1 0 0 0 0 1 0 0 0 0 1 1,"[0, 1, 6, 42, 74]"
93,12,0.000000999999000001,13 2  1 1 1 1 1 0 0 0 0 0 1 0 1,"[0, 1, 6, 57, 86]"
93,12,0.0000010509018498131995,13 2  1 0 0 0 0 1 1 1 0 0 0 0 1,"[0, 1, 6, 87, 92]"
93,12,0.000000999999000001,13 2  1 1 1 1 0 0 1 0 0 1 0 0 1,"[0, 1, 6, 59, 69]"
93,12,0.000000999999000001,13 2  1 0 1 1 1 0 0 0 1 0 0 1 1,"[0, 1, 7, 8, 49]"
93,12,0.000000999999000001,13 2  1 1 0 0 1 0 0 0 1 1 1 0 1,"[0, 1, 7, 8, 52]"
93,15,0.000000999999000001,16 2  1 1 0 0 1 0 0 0 1 0 1 0 1 1 1 1,"[0, 1, 6, 64, 83]"
93,12,0.000000999999000001,13 2  1 0 0 1 0 0 1 0 0 1 1 1 1,"[0, 1, 7, 10, 68]"
93,12,0.000000999999000001,13 2  1 0 0 1 0 0 0 1 1 0 0 0 1,"[0, 1, 7, 10, 71]"
93,17,0.00009146703985218927,18 2  1 1 1 0 1 0 0 1 0 0 0 0 0 1 1 0 1 1,"[0, 1, 9, 11, 27]"
93,15,0.00008417827274602152,16 2  1 0 0 0 1 1 0 0 0 0 0 0 0 1 0 1,"[0, 1, 9, 11, 89]"
93,15,0.00007365234619548805,16 2  1 0 0 0 1 1 0 0 0 0 0 0 0 1 0 1,"[0, 1, 9, 11, 58]"
93,12,0.000000999999000001,13 2  1 0 0 1 0 0 0 1 1 0 0 0 1,"[0, 1, 7, 40, 41]"
93,15,0.00009540164090822362,16 2  1 0 0 0 1 1 0 0 0 0 0 0 0 1 0 1,"[0, 1, 9, 27, 42]"
93,15,0.00007933391247089437,16 2  1 0 0 0 1 1 0 0 0 0 0 0 0 1 0 1,"[0, 1, 9, 27, 73]"
93,12,0.0000010198235858170074,13 2  1 1 0 1 1 0 0 1 1 0 0 0 1,"[0, 1, 7, 55, 62]"
93,17,0.000000999999000001,18 2  1 0 0 1 1 1 1 1 0 1 1 0 0 1 1 1 1 1,"[0, 1, 7, 22, 62]"
93,15,0.000001019527624304886,16 2  1 0 1 1 1 1 0 0 1 1 0 0 0 1 0 1,"[0, 1, 7, 57, 59]"
93,12,0.000001026165264531552,13 2  1 1 0 1 0 0 0 1 0 0 1 1 1,"[0, 1, 7, 62, 88]"
93,15,0.0000739582062176664,16 2  1 0 0 0 1 1 0 0 0 0 0 0 0 1 0 1,"[0, 1, 9, 42, 58]"
93,12,0.0000010084454279252455,13 2  1 0 0 0 1 0 1 1 1 0 1 0 1,"[0, 1, 7, 62, 82]"
93,17,0.0000010452209077001476,18 2  1 0 1 0 0 1 1 0 0 0 0 0 0 1 0 1 0 1,"[0, 1, 7, 62, 85]"
93,17,0.00008142990920565123,18 2  1 1 1 0 1 0 0 1 0 0 0 0 0 1 1 0 1 1,"[0, 1, 9, 42, 89]"
93,12,0.000000999999000001,13 2  1 1 1 1 0 0 1 0 0 1 0 0 1,"[0, 1, 7, 28, 68]"
93,12,0.000000999999000001,13 2  1 0 1 1 1 0 0 0 1 0 0 1 1,"[0, 1, 7, 70, 80]"
93,12,0.000000999999000001,13 2  1 1 1 1 0 0 1 0 0 1 0 0 1,"[0, 1, 7, 37, 59]"
93,12,0.000000999999000001,13 2  1 1 0 0 1 0 0 0 1 1 1 0 1,"[0, 1, 7, 70, 83]"
93,15,0.000000999999000001,16 2  1 1 1 1 0 1 0 1 0 0 0 1 0 0 1 1,"[0, 1, 8, 12, 41]"
93,12,0.000000999999000001,13 2  1 1 1 1 1 0 0 0 0 0 1 0 1,"[0, 1, 8, 21, 90]"
93,15,0.000000999999000001,16 2  1 0 1 0 0 0 1 1 0 0 1 1 1 1 0 1,"[0, 1, 8, 17, 45]"
93,12,0.000000999999000001,13 2  1 0 1 1 1 0 0 0 1 0 0 1 1,"[0, 1, 8, 18, 69]"
93,12,0.000000999999000001,13 2  1 1 0 0 1 0 0 0 1 1 1 0 1,"[0, 1, 8, 21, 69]"
93,15,0.0000010154759035438028,16 2  1 1 1 0 0 1 1 1 0 1 1 1 1 1 1 1,"[0, 1, 8, 65, 81]"
93,12,0.0000011050317787801522,13 2  1 1 0 1 1 0 0 1 1 0 0 0 1,"[0, 1, 9, 21, 32]"
93,12,0.000000999999000001,13 2  1 0 1 0 0 0 0 0 1 1 1 1 1,"[0, 1, 8, 26, 68]"
93,17,0.00008346095904988044,18 2  1 1 1 0 1 0 0 1 0 0 0 0 0 1 1 0 1 1,"[0, 1, 11, 40, 58]"
93,12,0.000000999999000001,13 2  1 1 1 0 0 1 0 0 0 1 0 1 1,"[0, 1, 9, 12, 32]"
93,17,0.00007042972697916336,18 2  1 1 1 0 1 0 0 1 0 0 0 0 0 1 1 0 1 1,"[0, 1, 11, 71, 89]"
93,12,0.000000999999000001,13 2  1 0 1 0 1 1 1 0 1 0 0 0 1,"[0, 1, 9, 30, 32]"
93,12,0.000001024460112082083,13 2  1 0 0 0 1 0 1 1 1 0 1 0 1,"[0, 1, 9, 32, 36]"
93,17,0.000000999999000001,18 2  1 0 1 0 1 0 0 0 0 0 0 1 1 0 0 1 0 1,"[0, 1, 9, 32, 87]"
93,15,0.000000999999000001,16 2  1 1 1 1 0 0 0 0 1 0 1 0 1 1 0 1,"[0, 1, 9, 67, 77]"
93,12,0.0000010477068604211918,13 2  1 0 0 0 1 1 0 0 1 1 0 1 1,"[0, 1, 9, 32, 48]"
93,12,0.000000999999000001,13 2  1 1 0 1 0 0 1 0 1 1 0 0 1,"[0, 1, 9, 50, 90]"
93,12,0.000000999999000001,13 2  1 1 0 1 0 0 1 0 1 1 0 0 1,"[0, 1, 9, 59, 81]"
93,17,0.0000011215089319494736,18 2  1 0 0 1 1 1 1 0 1 0 0 0 0 0 0 0 0 1,"[0, 1, 10, 25, 62]"
93,12,0.0000010188356216721008,13 2  1 1 0 1 0 0 1 0 1 1 0 0 1,"[0, 1, 10, 46, 89]"
93,17,0.00007932667518106314,18 2  1 0 0 0 1 1 0 1 1 1 0 0 0 0 0 1 1 1,"[0, 1, 15, 65, 69]"
93,12,0.000000999999000001,13 2  1 1 1 1 0 0 1 0 0 1 0 0 1,"[0, 1, 10, 49, 86]"
93,17,0.0000010366381079778839,18 2  1 0 1 1 0 0 1 0 1 1 0 1 1 1 1 0 0 1,"[0, 1, 10, 34, 62]"
93,12,0.000000999999000001,13 2  1 1 0 1 0 0 0 1 0 0 1 1 1,"[0, 1, 10, 61, 62]"
93,15,0.00009592832235753444,16 2  1 0 0 0 0 0 0 0 1 0 0 0 1 0 1 1,"[0, 1, 17, 25, 29]"
93,15,0.00009587635784891803,16 2  1 0 0 0 0 0 0 0 1 0 0 0 1 0 1 1,"[0, 1, 17, 25, 60]"
93,17,0.00012086637014117192,18 2  1 1 1 0 0 0 0 0 1 1 1 0 1 1 0 0 0 1,"[0, 1, 17, 25, 91]"
93,12,0.0000010463360502843993,13 2  1 0 1 0 1 1 1 0 1 0 0 0 1,"[0, 1, 10, 62, 64]"
93,17,0.00012036663677561853,18 2  1 1 1 0 0 0 0 0 1 1 1 0 1 1 0 0 0 1,"[0, 1, 17, 29, 56]"
93,15,0.00009081208708879152,16 2  1 0 0 0 0 0 0 0 1 0 0 0 1 0 1 1,"[0, 1, 17, 29, 87]"
93,17,0.000001040589872937733,18 2  1 0 1 0 0 1 0 1 0 0 1 0 1 0 0 1 1 1,"[0, 1, 10, 62, 88]"
93,15,0.00012535412540426704,16 2  1 0 0 0 0 0 0 0 1 0 0 0 1 0 1 1,"[0, 1, 17, 56, 60]"
93,15,0.00009882448277736327,16 2  1 0 0 0 0 0 0 0 1 0 0 0 1 0 1 1,"[0, 1, 17, 56, 91]"
93,17,0.00010473068504341087,18 2  1 1 1 0 0 0 0 0 1 1 1 0 1 1 0 0 0 1,"[0, 1, 17, 60, 87]"
93,15,0.000000999999000001,16 2  1 1 1 1 0 0 0 0 1 0 1 0 1 1 0 1,"[0, 1, 11, 19, 65]"
93,15,0.000000999999000001,16 2  1 1 1 1 0 1 0 1 0 0 0 1 0 0 1 1,"[0, 1, 11, 30, 88]"
93,15,0.000000999999000001,16 2  1 1 0 0 0 0 0 1 1 1 0 1 1 1 0 1,"[0, 1, 11, 67, 81]"
93,12,0.000000999999000001,13 2  1 1 0 0 0 0 1 0 0 0 0 1 1,"[0, 1, 11, 68, 74]"
93,12,0.000001015703641647973,13 2  1 1 0 0 0 0 1 0 0 0 0 1 1,"[0, 1, 11, 37, 43]"
93,17,0.00008611929244389329,18 2  1 1 0 1 1 0 0 0 0 0 1 0 0 1 0 1 1 1,"[0, 1, 21, 23, 36]"
93,15,0.0000010938955650246801,16 2  1 1 0 0 1 1 0 0 0 0 1 1 0 0 0 1,"[0, 1, 12, 50, 77]"
93,12,0.000000999999000001,13 2  1 1 0 0 0 0 1 0 0 0 0 1 1,"[0, 1, 12, 42, 68]"
93,15,0.000000999999000001,16 2  1 0 1 1 1 0 1 1 1 0 0 0 0 0 1 1,"[0, 1, 13, 27, 83]"
93,15,0.0000010174670605213826,16 2  1 1 1 1 1 1 1 0 1 1 1 0 0 1 1 1,"[0, 1, 13, 29, 86]"
93,17,0.00007882705344474224,18 2  1 1 0 1 1 0 0 0 0 0 1 0 0 1 0 1 1 1,"[0, 1, 23, 52, 67]"
93,17,0.00008002080540940644,18 2  1 1 1 0 0 0 0 0 1 1 1 0 1 1 0 0 0 1,"[0, 1, 25, 29, 79]"
93,17,0.0000010804276267721107,18 2  1 0 1 0 1 0 1 1 1 0 0 0 1 0 0 0 1 1,"[0, 1, 13, 55, 62]"
93,15,0.000000999999000001,16 2  1 0 1 1 0 1 0 1 0 0 0 0 1 1 1 1,"[0, 1, 14, 64, 72]"
93,12,0.000000999999000001,13 2  1 1 1 0 0 1 0 0 0 1 0 1 1,"[0, 1, 13, 58, 62]"
93,12,0.000000999999000001,13 2  1 1 1 0 0 1 0 0 0 1 0 1 1,"[0, 1, 15, 32, 90]"
93,15,0.000000999999000001,16 2  1 0 1 1 0 1 0 1 0 0 0 0 1 1 1 1,"[0, 1, 16, 36, 38]"
93,17,0.00010125351855976995,18 2  1 1 1 0 1 0 0 1 0 0 0 0 0 1 1 0 1 1,"[0, 1, 27, 42, 71]"
93,12,0.0000010108165456921425,13 2  1 0 0 0 1 1 0 0 1 1 0 1 1,"[0, 1, 16, 62, 91]"
93,12,0.0000010397783317370136,13 2  1 0 0 0 1 1 0 0 1 1 0 1 1,"[0, 1, 15, 32, 51]"
93,17,0.00008501557910487096,18 2  1 1 1 0 0 0 0 0 1 1 1 0 1 1 0 0 0 1,"[0, 1, 29, 48, 87]"
93,15,0.0000010390198717745575,16 2  1 0 1 1 0 1 0 1 0 0 0 0 1 1 1 1,"[0, 1, 17, 27, 85]"
93,15,0.000000999999000001,16 2  1 1 1 1 1 1 1 0 1 1 1 0 0 1 1 1,"[0, 1, 17, 23, 75]"
93,15,0.000000999999000001,16 2  1 0 1 1 1 1 0 0 1 1 0 0 0 1 0 1,"[0, 1, 18, 65, 68]"
93,15,0.000000999999000001,16 2  1 0 0 0 1 1 0 0 0 0 1 1 0 0 1 1,"[0, 1, 17, 44, 82]"
93,15,0.000000999999000001,16 2  1 1 1 0 0 1 1 1 0 1 1 1 1 1 1 1,"[0, 1, 19, 71, 77]"
93,17,0.0000010433847735938512,18 2  1 1 1 1 0 1 0 0 1 1 0 0 1 0 1 1 0 1,"[0, 1, 19, 62, 67]"
93,15,0.0000010338717047924089,16 2  1 0 1 0 1 1 1 1 1 1 1 0 0 1 0 1,"[0, 1, 19, 53, 68]"
93,15,0.000000999999000001,16 2  1 1 1 0 1 0 0 0 0 0 0 0 0 1 1 1,"[0, 1, 20, 45, 71]"
93,17,0.0000010677607940339078,18 2  1 1 0 0 1 1 0 1 1 0 0 1 0 1 1 0 1 1,"[0, 1, 22, 28, 62]"
93,15,0.000000999999000001,16 2  1 1 1 0 0 0 0 0 0 0 0 1 0 1 1 1,"[0, 1, 23, 49, 74]"
93,15,0.000000999999000001,16 2  1 1 1 1 0 0 0 0 1 0 1 0 1 1 0 1,"[0, 1, 22, 30, 80]"
93,15,0.000000999999000001,16 2  1 1 1 0 0 1 1 1 0 1 1 1 1 1 1 1,"[0, 1, 25, 72, 89]"
93,15,0.0000010080405853268303,16 2  1 1 1 0 1 0 1 0 1 1 1 0 0 0 0 1,"[0, 1, 23, 51, 56]"
93,15,0.0000010334484904986295,16 2  1 0 1 0 0 0 1 1 0 0 1 1 1 1 0 1,"[0, 1, 26, 29, 76]"
93,15,0.000000999999000001,16 2  1 1 0 0 1 1 0 0 0 0 1 1 0 0 0 1,"[0, 1, 25, 39, 65]"
93,17,0.000001080353331717845,18 2  1 1 0 0 1 0 0 0 1 0 1 0 0 0 1 0 0 1,"[0, 1, 28, 46, 62]"
93,15,0.000001012955446927339,16 2  1 0 1 1 0 1 0 1 0 0 0 0 1 1 1 1,"[0, 1, 29, 75, 83]"
93,17,0.0000010448150972438144,18 2  1 0 1 1 0 1 0 0 1 1 0 0 1 0 1 1 1 1,"[0, 1, 27, 32, 75]"
93,15,0.000000999999000001,16 2  1 0 0 0 1 1 0 0 0 0 1 1 0 0 1 1,"[0, 1, 29, 55, 69]"
93,15,0.000000999999000001,16 2  1 0 1 0 0 1 1 1 1 1 1 1 0 1 0 1,"[0, 1, 26, 41, 75]"
93,17,0.0000010280085557040057,18 2  1 1 0 1 0 1 1 1 1 0 0 0 0 1 0 0 0 1,"[0, 1, 28, 49, 62]"
93,17,0.0000010441549640823744,18 2  1 0 1 0 0 1 1 0 0 0 0 0 0 1 0 1 0 1,"[0, 1, 32, 36, 60]"
93,17,0.0000010439153255225502,18 2  1 1 0 1 0 0 1 1 1 1 1 0 1 1 1 0 1 1,"[0, 1, 32, 39, 42]"
93,17,0.0000011384304050171084,18 2  1 0 0 1 1 0 0 1 0 0 1 0 0 1 0 1 1 1,"[0, 1, 32, 42, 54]"
93,17,0.0000010466960959229982,18 2  1 1 0 0 0 1 0 0 0 1 1 1 0 1 0 1 0 1,"[0, 1, 32, 39, 81]"
93,17,0.0000011295071429466966,18 2  1 0 0 0 0 1 1 0 0 1 1 1 0 0 0 0 0 1,"[0, 1, 32, 51, 54]"
93,17,0.0000010459264199131003,18 2  1 0 0 0 1 0 0 0 0 1 1 1 1 0 1 0 1 1,"[0, 1, 32, 45, 66]"
93,17,0.0000010010551120881408,18 2  1 0 0 1 0 0 0 1 0 1 0 0 0 1 0 0 1 1,"[0, 1, 32, 48, 66]"
93,17,0.000001084536766962277,18 2  1 1 0 1 1 0 1 0 0 1 1 0 1 1 0 0 1 1,"[0, 1, 32, 66, 72]"
93,17,0.000001111699632544362,18 2  1 0 0 0 0 0 0 0 0 1 0 1 1 1 1 0 0 1,"[0, 1, 32, 69, 84]"
93,17,0.0000010382197770070034,18 2  1 0 0 1 1 1 1 0 1 1 0 1 0 0 1 1 0 1,"[0, 1, 32, 60, 84]"
93,17,0.000001130396108317494,18 2  1 1 1 1 1 0 0 1 1 0 1 1 1 1 1 0 0 1,"[0, 1, 32, 72, 87]"
93,17,0.000001074562321364088,18 2  1 0 1 0 1 0 0 0 0 0 0 1 1 0 0 1 0 1,"[0, 1, 34, 58, 62]"
93,15,0.000001026710911062194,16 2  1 0 1 0 0 0 1 1 0 0 1 1 1 1 0 1,"[0, 1, 35, 37, 87]"
93,15,0.0000010283670949678502,16 2  1 1 1 0 0 1 1 1 0 1 1 1 1 1 1 1,"[0, 1, 35, 43, 45]"
93,15,0.000000999999000001,16 2  1 1 1 1 0 1 0 1 0 0 0 1 0 0 1 1,"[0, 1, 35, 40, 48]"
93,17,0.0000010308059449052778,18 2  1 0 0 1 0 0 0 1 0 1 0 0 0 1 0 0 1 1,"[0, 1, 37, 62, 91]"
93,17,0.0000010503653879816037,18 2  1 1 1 0 1 0 0 1 0 0 1 0 0 1 1 0 0 1,"[0, 1, 40, 52, 62]"
93,17,0.0000010814547383074195,18 2  1 0 0 0 0 0 1 1 1 0 0 1 1 0 0 0 0 1,"[0, 1, 40, 43, 62]"
93,15,0.000000999999000001,16 2  1 1 0 0 0 0 0 1 1 1 0 1 1 1 0 1,"[0, 1, 38, 49, 53]"
93,15,0.000000999999000001,16 2  1 0 0 0 0 1 1 1 0 1 0 1 0 1 1 1,"[0, 1, 38, 43, 71]"
93,15,0.000000999999000001,16 2  1 0 1 1 1 0 1 1 1 0 0 0 0 0 1 1,"[0, 1, 41, 45, 56]"
93,15,0.0000010505432648121741,16 2  1 1 1 1 1 1 1 0 1 1 1 0 0 1 1 1,"[0, 1, 49, 51, 59]"
93,15,0.0000010113192923111214,16 2  1 1 0 0 1 0 0 0 1 0 1 0 1 1 1 1,"[0, 1, 46, 54, 59]"
93,15,0.000000999999000001,16 2  1 0 1 1 1 1 0 0 1 1 0 0 0 1 0 1,"[0, 1, 49, 77, 86]"
93,15,0.0000010172930148236377,16 2  1 1 0 0 1 0 0 0 1 0 1 0 1 1 1 1,"[0, 1, 53, 82, 86]"
93,17,0.000000999999000001,18 2  1 1 0 1 1 1 0 1 1 1 1 1 0 0 1 0 1 1,"[0, 1, 52, 55, 62]"
93,15,0.000001010845410956422,16 2  1 0 0 0 0 1 1 1 0 1 0 1 0 1 1 1,"[0, 1, 55, 75, 89]"
93,15,0.0000010041338685166025,16 2  1 1 1 0 1 0 0 0 0 0 0 0 0 1 1 1,"[0, 1, 76, 83, 89]"
93,15,0.0000010278715596367996,16 2  1 1 1 1 0 1 0 1 0 0 0 1 0 0 1 1,"[0, 1, 68, 78, 91]"
93,15,0.000000999999000001,16 2  1 1 1 1 0 0 0 0 1 0 1 0 1 1 0 1,"[0, 1, 56, 58, 78]"
93,17,0.0000011237138112181025,18 2  1 0 0 1 0 0 0 1 0 1 0 0 0 1 0 0 1 1,"[0, 2, 3, 39, 64]"
93,15,0.000001019914025327321,16 2  1 1 1 1 0 1 0 1 0 0 0 1 0 0 1 1,"[0, 2, 3, 70, 80]"
93,15,0.000000999999000001,16 2  1 1 1 1 1 1 1 0 1 1 1 0 0 1 1 1,"[0, 2, 5, 9, 25]"
93,15,0.000000999999000001,16 2  1 1 0 0 0 0 0 1 1 1 0 1 1 1 0 1,"[0, 2, 5, 13, 76]"
93,17,0.0000010517772590295473,18 2  1 1 0 0 1 0 0 0 1 0 1 0 0 0 1 0 0 1,"[0, 2, 6, 21, 64]"
93,15,0.000000999999000001,16 2  1 1 1 0 0 0 0 0 0 0 0 1 0 1 1 1,"[0, 2, 5, 46, 55]"
93,17,0.000001045221453943806,18 2  1 1 0 1 0 1 1 1 1 0 0 0 0 1 0 0 0 1,"[0, 2, 5, 31, 56]"
93,15,0.000000999999000001,16 2  1 0 1 1 1 1 0 0 1 1 0 0 0 1 0 1,"[0, 2, 5, 61, 79]"
93,15,0.000000999999000001,16 2  1 1 0 0 1 0 0 0 1 0 1 0 1 1 1 1,"[0, 2, 6, 32, 52]"
93,15,0.000000999999000001,16 2  1 1 1 0 0 0 0 0 0 0 0 1 0 1 1 1,"[0, 2, 10, 22, 36]"
93,17,0.000000999999000001,18 2  1 0 0 0 0 1 1 0 0 1 1 1 0 0 0 0 0 1,"[0, 2, 9, 15, 64]"
93,15,0.000000999999000001,16 2  1 1 0 0 1 1 0 0 0 0 1 1 0 0 0 1,"[0, 2, 7, 24, 61]"
93,15,0.0000010079992806917132,16 2  1 1 1 0 1 0 1 0 1 1 1 0 0 0 0 1,"[0, 2, 9, 19, 46]"
93,17,0.0000010721741536766515,18 2  1 1 1 0 1 0 0 1 0 0 1 0 0 1 1 0 0 1,"[0, 2, 11, 31, 80]"
93,15,0.000000999999000001,16 2  1 0 1 1 1 1 0 0 1 1 0 0 0 1 0 1,"[0, 2, 14, 21, 25]"
93,17,0.000000999999000001,18 2  1 1 0 1 1 1 0 1 1 1 1 1 0 0 1 0 1 1,"[0, 2, 11, 17, 31]"
93,15,0.0000010650476238707632,16 2  1 1 1 0 1 0 1 0 1 1 1 0 0 0 0 1,"[0, 2, 10, 38, 78]"
93,17,0.0000010408665005443731,18 2  1 1 1 0 0 1 0 1 0 0 1 0 1 0 0 1 0 1,"[0, 2, 12, 64, 75]"
93,17,0.0000011200023116847714,18 2  1 0 0 1 1 1 1 1 0 1 1 0 0 1 1 1 1 1,"[0, 2, 14, 31, 44]"
93,17,0.0000010421344330491675,18 2  1 0 0 1 1 0 0 1 0 0 1 0 0 1 0 1 1 1,"[0, 2, 15, 64, 84]"
93,15,0.0000010579732301033587,16 2  1 0 1 0 0 0 1 1 0 0 1 1 1 1 0 1,"[0, 2, 16, 34, 90]"
93,15,0.000001036393958424331,16 2  1 0 1 0 1 1 1 1 1 1 1 0 0 1 0 1,"[0, 2, 13, 38, 43]"
93,17,0.0000010591266452274721,18 2  1 0 1 0 0 1 1 0 0 0 0 0 0 1 0 1 0 1,"[0, 2, 14, 31, 77]"
93,17,0.0000011787189599832575,18 2  1 0 1 0 1 0 0 0 0 0 0 1 1 0 0 1 0 1,"[0, 2, 18, 64, 81]"
93,15,0.000000999999000001,16 2  1 1 1 0 0 1 1 1 0 1 1 1 1 1 1 1,"[0, 2, 16, 37, 69]"
93,15,0.0000010519059852714229,16 2  1 0 1 1 1 0 1 1 1 0 0 0 0 0 1 1,"[0, 2, 19, 82, 90]"
93,17,0.000000999999000001,18 2  1 0 1 0 1 0 1 1 1 0 0 0 1 0 0 0 1 1,"[0, 2, 17, 26, 31]"
93,15,0.000000999999000001,16 2  1 0 0 0 1 1 0 0 0 0 1 1 0 0 1 1,"[0, 2, 17, 45, 58]"
93,15,0.000001026502129324692,16 2  1 0 0 0 0 1 1 1 0 1 0 1 0 1 1 1,"[0, 2, 17, 57, 85]"
93,15,0.000000999999000001,16 2  1 1 1 1 0 0 0 0 1 0 1 0 1 1 0 1,"[0, 2, 18, 41, 61]"
93,17,0.0000011071016195844949,18 2  1 0 1 0 0 1 0 1 0 0 1 0 1 0 0 1 1 1,"[0, 2, 20, 31, 83]"
93,17,0.0000010288853385485474,18 2  1 0 1 0 0 1 1 0 0 0 0 0 0 1 0 1 0 1,"[0, 2, 27, 64, 72]"
93,17,0.0000010311823882710014,18 2  1 0 1 1 0 0 1 0 1 1 0 1 1 1 1 0 0 1,"[0, 2, 20, 31, 68]"
93,17,0.0000011082000542685567,18 2  1 0 1 0 1 0 0 0 0 0 0 1 1 0 0 1 0 1,"[0, 2, 23, 31, 68]"
93,15,0.000000999999000001,16 2  1 0 1 1 1 0 1 1 1 0 0 0 0 0 1 1,"[0, 2, 26, 54, 73]"
93,17,0.000000999999000001,18 2  1 0 0 1 1 1 1 0 1 0 0 0 0 0 0 0 0 1,"[0, 2, 20, 31, 50]"
93,15,0.0000010305542856836636,16 2  1 1 0 0 0 0 0 1 1 1 0 1 1 1 0 1,"[0, 2, 22, 41, 69]"
93,17,0.0000010346354565432415,18 2  1 0 0 1 1 1 1 0 1 1 0 1 0 0 1 1 0 1,"[0, 2, 27, 64, 75]"
93,17,0.0000010766493595282123,18 2  1 1 0 0 1 0 0 0 1 0 1 0 0 0 1 0 0 1,"[0, 2, 31, 56, 92]"
93,17,0.000001047748409622689,18 2  1 1 1 1 0 1 0 0 1 1 0 0 1 0 1 1 0 1,"[0, 2, 31, 38, 41]"
93,17,0.000000999999000001,18 2  1 0 0 1 0 0 0 1 0 1 0 0 0 1 0 0 1 1,"[0, 2, 31, 74, 89]"
93,15,0.0000010246737861342885,16 2  1 0 1 1 0 1 0 1 0 0 0 0 1 1 1 1,"[0, 2, 28, 35, 51]"
93,15,0.0016953462744765618,16 2  1 0 0 1 0 0 1 0 0 1 0 0 0 0 0 1,"[0, 3, 6, 9, 15]"
93,15,0.0010725010725010724,16 2  1 0 0 1 0 0 0 0 0 1 0 0 1 0 0 1,"[0, 3, 6, 9, 24]"
93,15,0.0008711939713377183,16 2  1 0 0 0 0 0 0 0 0 1 0 0 0 0 0 1,"[0, 3, 6, 9, 33]"
93,15,0.0009327923137913344,16 2  1 0 0 0 0 0 1 0 0 0 0 0 0 0 0 1,"[0, 3, 6, 9, 69]"
93,15,0.0008385041086701325,16 2  1 0 0 1 0 0 1 0 0 0 0 0 1 0 0 1,"[0, 3, 6, 9, 78]"
93,15,0.0011096931698385396,16 2  1 0 0 0 0 0 1 0 0 1 0 0 1 0 0 1,"[0, 3, 6, 9, 87]"
93,15,0.00110296145149727,16 2  1 0 0 1 0 0 1 0 0 0 0 0 1 0 0 1,"[0, 3, 6, 12, 15]"
93,15,0.0013259082471492973,16 2  1 0 0 0 0 0 1 0 0 1 0 0 1 0 0 1,"[0, 3, 6, 12, 39]"
93,15,0.0009874592673052237,16 2  1 0 0 1 0 0 0 0 0 1 0 0 1 0 0 1,"[0, 3, 6, 12, 57]"
93,15,0.0007864108210128972,16 2  1 0 0 0 0 0 0 0 0 1 0 0 0 0 0 1,"[0, 3, 6, 12, 63]"
93,15,0.0009819324430479183,16 2  1 0 0 0 0 0 1 0 0 0 0 0 0 0 0 1,"[0, 3, 6, 12, 78]"
93,15,0.0010118385105737124,16 2  1 0 0 1 0 0 1 0 0 1 0 0 0 0 0 1,"[0, 3, 6, 12, 90]"
93,15,0.0007783918424534911,16 2  1 0 0 1 0 0 0 0 0 1 0 0 1 0 0 1,"[0, 3, 6, 15, 36]"
93,15,0.0019569471624266144,16 2  1 0 0 0 0 0 0 0 0 1 0 0 0 0 0 1,"[0, 3, 6, 15, 69]"
93,15,0.0010051766597979595,16 2  1 0 0 0 0 0 1 0 0 1 0 0 1 0 0 1,"[0, 3, 6, 15, 75]"
93,15,0.0009194134142417137,16 2  1 0 0 0 0 0 1 0 0 0 0 0 0 0 0 1,"[0, 3, 6, 18, 24]"
93,15,0.0010678626728602703,16 2  1 0 0 0 0 0 0 0 0 1 0 0 0 0 0 1,"[0, 3, 6, 18, 39]"
93,15,0.001376083665886886,16 2  1 0 0 1 0 0 1 0 0 1 0 0 0 0 0 1,"[0, 3, 6, 18, 63]"
93,30,0.18181818181818182,31 2  1 0 0 0 0 0 0 0 0 0 0 0 1 0 0 1 0 0 1 0 0 0 0 0 0 0 0 0 0 0 1,"[0, 3, 6, 18, 81]"
93,15,0.001275103602167676,16 2  1 0 0 0 0 0 1 0 0 0 0 0 0 0 0 1,"[0, 3, 6, 21, 51]"
93,30,0.1111111111111111,31 2  1 0 0 1 0 0 0 0 0 1 0 0 1 0 0 1 0 0 1 0 0 1 0 0 0 0 0 1 0 0 1,"[0, 3, 6, 21, 78]"
93,15,0.0011359763716914687,16 2  1 0 0 0 0 0 0 0 0 1 0 0 0 0 0 1,"[0, 3, 6, 21, 87]"
93,15,0.0012819691045445804,16 2  1 0 0 1 0 0 0 0 0 1 0 0 1 0 0 1,"[0, 3, 6, 21, 90]"
93,15,0.0011186933661483387,16 2  1 0 0 0 0 0 1 0 0 1 0 0 1 0 0 1,"[0, 3, 6, 24, 45]"
93,15,0.0009861932938856016,16 2  1 0 0 1 0 0 1 0 0 0 0 0 1 0 0 1,"[0, 3, 6, 24, 51]"
93,15,0.0011093854004881295,16 2  1 0 0 1 0 0 1 0 0 1 0 0 0 0 0 1,"[0, 3, 6, 24, 84]"
93,15,0.0006490977541217707,16 2  1 0 0 1 0 0 1 0 0 0 0 0 1 0 0 1,"[0, 3, 6, 27, 39]"
93,15,0.0007764879450246534,16 2  1 0 0 0 0 0 1 0 0 0 0 0 0 0 0 1,"[0, 3, 6, 27, 42]"
93,15,0.0007303001533630323,16 2  1 0 0 1 0 0 0 0 0 1 0 0 1 0 0 1,"[0, 3, 6, 27, 66]"
93,15,0.0009737098344693282,16 2  1 0 0 1 0 0 1 0 0 1 0 0 0 0 0 1,"[0, 3, 6, 27, 69]"
93,15,0.0010674067353365,16 2  1 0 0 1 0 0 1 0 0 0 0 0 1 0 0 1,"[0, 3, 6, 30, 66]"
93,15,0.0007906075819267106,16 2  1 0 0 0 0 0 1 0 0 1 0 0 1 0 0 1,"[0, 3, 6, 30, 72]"
93,17,0.000000999999000001,18 2  1 1 0 0 1 1 0 1 1 0 0 1 0 1 1 0 1 1,"[0, 2, 31, 44, 56]"
93,17,0.000000999999000001,18 2  1 0 0 0 0 0 1 1 1 0 0 1 1 0 0 0 0 1,"[0, 2, 31, 80, 86]"
93,15,0.0000010191239630795848,16 2  1 1 0 0 1 1 0 0 0 0 1 1 0 0 0 1,"[0, 2, 37, 50, 78]"
93,15,0.00011956359288596623,16 2  1 0 0 1 1 0 1 1 1 0 0 1 0 1 0 1,"[0, 3, 9, 14, 21]"
93,17,0.00008677768425071808,18 2  1 1 1 1 0 0 0 0 1 0 1 1 1 0 1 0 1 1,"[0, 3, 9, 14, 52]"
93,15,0.00008729355075247041,16 2  1 0 0 1 1 0 1 1 1 0 0 1 0 1 0 1,"[0, 3, 9, 14, 83]"
93,45,0.9090909090909091,46 2  1 0 0 1 0 0 0 0 0 1 0 0 0 0 0 0 0 0 0 0 0 1 0 0 0 0 0 0 0 0 0 0 0 0 0 0 0 0 0 0 0 0 0 0 0 1,"[0, 3, 9, 21, 45]"
93,15,0.00014470104763558488,16 2  1 0 0 1 1 0 1 1 1 0 0 1 0 1 0 1,"[0, 3, 9, 21, 76]"
93,30,0.1652892561983471,31 2  1 0 0 1 0 0 0 0 0 1 0 0 0 0 0 0 0 0 0 0 0 0 0 0 0 0 0 1 0 0 1,"[0, 3, 9, 27, 30]"
93,17,0.0000010255396812838035,18 2  1 1 0 1 1 0 1 0 0 1 1 0 1 1 0 0 1 1,"[0, 2, 39, 51, 64]"
93,15,0.00011398869232172169,16 2  1 0 0 1 1 0 1 1 1 0 0 1 0 1 0 1,"[0, 3, 9, 45, 83]"
93,30,0.11560693641618497,31 2  1 0 0 0 0 0 0 0 0 0 0 0 1 0 0 1 0 0 1 0 0 0 0 0 0 0 0 0 0 0 1,"[0, 3, 9, 48, 87]"
93,30,0.08849557522123894,31 2  1 0 0 0 0 0 1 0 0 0 0 0 1 0 0 1 0 0 1 0 0 0 0 0 0 0 0 1 0 0 1,"[0, 3, 9, 63, 72]"
93,30,0.1360544217687075,31 2  1 0 0 1 0 0 1 0 0 0 0 0 1 0 0 1 0 0 0 0 0 1 0 0 1 0 0 1 0 0 1,"[0, 3, 9, 66, 72]"
93,15,0.0000808188566556349,16 2  1 0 0 1 1 0 1 1 1 0 0 1 0 1 0 1,"[0, 3, 9, 45, 52]"
93,15,0.000000999999000001,16 2  1 0 0 0 1 1 0 0 0 0 1 1 0 0 1 1,"[0, 2, 34, 71, 88]"
93,17,0.000064617641262241,18 2  1 1 1 1 0 0 0 0 1 0 1 1 1 0 1 0 1 1,"[0, 3, 9, 76, 83]"
93,17,0.0000010615590672165401,18 2  1 0 0 0 1 0 0 0 0 1 1 1 1 0 1 0 1 1,"[0, 2, 39, 64, 90]"
93,15,0.000000999999000001,16 2  1 1 1 0 1 0 0 0 0 0 0 0 0 1 1 1,"[0, 2, 40, 49, 90]"
93,17,0.0000010578065355413211,18 2  1 0 0 0 0 0 0 0 0 1 0 1 1 1 1 0 0 1,"[0, 2, 45, 64, 75]"
93,30,0.09090909090909091,31 2  1 0 0 1 0 0 1 0 0 1 0 0 0 0 0 1 0 0 1 0 0 0 0 0 1 0 0 1 0 0 1,"[0, 3, 12, 27, 69]"
93,30,0.11299435028248588,31 2  1 0 0 1 0 0 1 0 0 1 0 0 1 0 0 0 0 0 1 0 0 1 0 0 1 0 0 0 0 0 1,"[0, 3, 12, 30, 84]"
93,30,0.1694915254237288,31 2  1 0 0 1 0 0 1 0 0 0 0 0 1 0 0 1 0 0 0 0 0 1 0 0 0 0 0 0 0 0 1,"[0, 3, 12, 33, 72]"
93,30,0.0975609756097561,31 2  1 0 0 1 0 0 0 0 0 0 0 0 1 0 0 1 0 0 1 0 0 0 0 0 1 0 0 0 0 0 1,"[0, 3, 12, 39, 69]"
93,30,0.17857142857142858,31 2  1 0 0 1 0 0 0 0 0 1 0 0 0 0 0 0 0 0 0 0 0 0 0 0 0 0 0 1 0 0 1,"[0, 3, 12, 45, 60]"
93,30,0.10582010582010581,31 2  1 0 0 0 0 0 0 0 0 1 0 0 0 0 0 1 0 0 1 0 0 0 0 0 1 0 0 1 0 0 1,"[0, 3, 12, 57, 66]"
93,30,0.14705882352941177,31 2  1 0 0 0 0 0 1 0 0 1 0 0 1 0 0 0 0 0 1 0 0 1 0 0 1 0 0 1 0 0 1,"[0, 3, 12, 66, 84]"
93,30,0.13986013986013987,31 2  1 0 0 1 0 0 0 0 0 0 0 0 0 0 0 0 0 0 1 0 0 1 0 0 0 0 0 0 0 0 1,"[0, 3, 12, 75, 78]"
93,15,0.00010258198865443206,16 2  1 0 1 0 1 0 0 1 1 1 0 1 1 0 0 1,"[0, 3, 13, 20, 25]"
93,15,0.00007652251100967628,16 2  1 0 1 0 1 0 0 1 1 1 0 1 1 0 0 1,"[0, 3, 13, 20, 56]"
93,17,0.0000935668137225089,18 2  1 1 0 1 0 1 1 1 0 1 0 0 0 0 1 1 1 1,"[0, 3, 13, 20, 87]"
93,15,0.0000010139515165900972,16 2  1 0 0 0 0 1 1 1 0 1 0 1 0 1 1 1,"[0, 2, 49, 76, 86]"
93,15,0.00015802406706541406,16 2  1 0 1 0 1 0 0 1 1 1 0 1 1 0 0 1,"[0, 3, 13, 25, 51]"
93,15,0.00007208506037123806,16 2  1 0 1 0 1 0 0 1 1 1 0 1 1 0 0 1,"[0, 3, 13, 25, 82]"
93,17,0.0000011511145148288298,18 2  1 1 0 1 0 0 1 1 1 1 1 0 1 1 1 0 1 1,"[0, 2, 64, 78, 84]"
93,17,0.00009563886763580719,18 2  1 1 0 1 0 1 1 1 0 1 0 0 0 0 1 1 1 1,"[0, 3, 13, 51, 56]"
93,17,0.0000011062005027128185,18 2  1 1 0 0 0 1 0 0 0 1 1 1 0 1 0 1 0 1,"[0, 2, 64, 69, 78]"
93,15,0.000000999999000001,16 2  1 0 1 0 0 0 1 1 0 0 1 1 1 1 0 1,"[0, 2, 52, 58, 59]"
93,15,0.00008331909965380914,16 2  1 0 1 0 1 0 0 1 1 1 0 1 1 0 0 1,"[0, 3, 13, 51, 87]"
93,17,0.00009744024476989487,18 2  1 1 1 1 0 0 0 0 1 0 1 1 1 0 1 0 1 1,"[0, 3, 14, 21, 40]"
93,30,0.11976047904191617,31 2  1 0 0 1 0 0 1 0 0 1 0 0 0 0 0 1 0 0 1 0 0 0 0 0 1 0 0 1 0 0 1,"[0, 3, 15, 18, 51]"
93,30,0.0966183574879227,31 2  1 0 0 1 0 0 1 0 0 0 0 0 1 0 0 1 0 0 0 0 0 1 0 0 1 0 0 1 0 0 1,"[0, 3, 15, 18, 60]"
93,30,0.16806722689075632,31 2  1 0 0 1 0 0 0 0 0 1 0 0 0 0 0 0 0 0 0 0 0 0 0 0 0 0 0 1 0 0 1,"[0, 3, 15, 24, 81]"
93,30,0.10989010989010989,31 2  1 0 0 1 0 0 0 0 0 0 0 0 1 0 0 1 0 0 1 0 0 0 0 0 1 0 0 0 0 0 1,"[0, 3, 15, 51, 66]"
93,45,0.9523809523809523,46 2  1 0 0 0 0 0 1 0 0 0 0 0 0 0 0 0 0 0 0 0 0 0 0 0 0 0 0 0 0 0 1 0 0 1 0 0 0 0 0 0 0 0 0 0 0 1,"[0, 3, 15, 63, 69]"
93,30,0.072992700729927,31 2  1 0 0 1 0 0 0 0 0 0 0 0 0 0 0 0 0 0 0 0 0 1 0 0 0 0 0 1 0 0 1,"[0, 3, 15, 72, 81]"
93,30,0.16,31 2  1 0 0 0 0 0 0 0 0 0 0 0 1 0 0 1 0 0 1 0 0 0 0 0 0 0 0 0 0 0 1,"[0, 3, 15, 78, 90]"
93,15,0.000000999999000001,16 2  1 1 1 0 1 0 0 0 0 0 0 0 0 1 1 1,"[0, 2, 59, 73, 85]"
93,30,0.10256410256410256,31 2  1 0 0 1 0 0 0 0 0 0 0 0 0 0 0 0 0 0 1 0 0 1 0 0 0 0 0 0 0 0 1,"[0, 3, 18, 21, 30]"
93,30,0.11764705882352941,31 2  1 0 0 0 0 0 0 0 0 1 0 0 1 0 0 0 0 0 0 0 0 0 0 0 0 0 0 1 0 0 1,"[0, 3, 18, 21, 84]"
93,30,0.1834862385321101,31 2  1 0 0 1 0 0 1 0 0 0 0 0 1 0 0 1 0 0 0 0 0 1 0 0 0 0 0 0 0 0 1,"[0, 3, 18, 24, 78]"
93,30,0.18518518518518517,31 2  1 0 0 0 0 0 1 0 0 1 0 0 0 0 0 1 0 0 0 0 0 1 0 0 1 0 0 0 0 0 1,"[0, 3, 18, 33, 36]"
93,30,0.10810810810810811,31 2  1 0 0 0 0 0 0 0 0 1 0 0 0 0 0 1 0 0 1 0 0 0 0 0 1 0 0 1 0 0 1,"[0, 3, 18, 72, 78]"
93,30,0.13245033112582782,31 2  1 0 0 1 0 0 0 0 0 1 0 0 1 0 0 1 0 0 1 0 0 1 0 0 0 0 0 1 0 0 1,"[0, 3, 18, 75, 90]"
93,17,0.0000010139463761277682,18 2  1 0 1 1 0 1 0 0 1 1 0 0 1 0 1 1 1 1,"[0, 2, 54, 57, 64]"
93,17,0.0000010395190311765791,18 2  1 1 1 1 1 0 0 1 1 0 1 1 1 1 1 0 0 1,"[0, 2, 51, 64, 81]"
93,17,0.00010555537962992284,18 2  1 1 0 1 0 1 1 1 0 1 0 0 0 0 1 1 1 1,"[0, 3, 20, 25, 75]"
93,15,0.000000999999000001,16 2  1 0 1 0 0 1 1 1 1 1 1 1 0 1 0 1,"[0, 2, 52, 57, 82]"
93,15,0.0000010011830980669858,16 2  1 0 1 1 1 0 1 1 1 0 0 0 0 0 1 1,"[0, 3, 5, 22, 85]"
93,30,0.11363636363636363,31 2  1 0 0 1 0 0 1 0 0 1 0 0 1 0 0 0 0 0 1 0 0 1 0 0 1 0 0 0 0 0 1,"[0, 3, 21, 24, 54]"
93,30,0.10638297872340426,31 2  1 0 0 0 0 0 1 0 0 1 0 0 1 0 0 0 0 0 1 0 0 1 0 0 1 0 0 1 0 0 1,"[0, 3, 21, 24, 63]"
93,30,0.0966183574879227,31 2  1 0 0 1 0 0 0 0 0 0 0 0 0 0 0 0 0 0 0 0 0 1 0 0 0 0 0 1 0 0 1,"[0, 3, 21, 27, 30]"
93,17,0.00009896727647003518,18 2  1 1 1 1 0 0 0 0 1 0 1 1 1 0 1 0 1 1,"[0, 3, 21, 71, 76]"
93,15,0.000001060575119130426,16 2  1 0 0 0 1 1 0 0 0 0 1 1 0 0 1 1,"[0, 3, 7, 26, 37]"
93,15,0.0000010536170436043102,16 2  1 1 1 0 1 0 0 0 0 0 0 0 0 1 1 1,"[0, 3, 5, 43, 52]"
93,17,0.000000999999000001,18 2  1 0 0 0 1 0 0 0 0 1 1 1 1 0 1 0 1 1,"[0, 3, 5, 42, 67]"
93,30,0.14388489208633093,31 2  1 0 0 1 0 0 1 0 0 1 0 0 0 0 0 1 0 0 1 0 0 0 0 0 1 0 0 1 0 0 1,"[0, 3, 24, 30, 87]"
93,30,0.12658227848101267,31 2  1 0 0 1 0 0 0 0 0 0 0 0 1 0 0 1 0 0 1 0 0 0 0 0 1 0 0 0 0 0 1,"[0, 3, 24, 33, 87]"
93,30,0.09389671361502347,31 2  1 0 0 1 0 0 0 0 0 0 0 0 0 0 0 0 0 0 1 0 0 1 0 0 0 0 0 0 0 0 1,"[0, 3, 24, 42, 66]"
93,30,0.1282051282051282,31 2  1 0 0 0 0 0 0 0 0 1 0 0 0 0 0 1 0 0 1 0 0 0 0 0 1 0 0 1 0 0 1,"[0, 3, 24, 63, 84]"
93,17,0.0001026699315704906,18 2  1 1 0 1 0 1 1 1 0 1 0 0 0 0 1 1 1 1,"[0, 3, 25, 44, 51]"
93,45,0.8695652173913043,46 2  1 0 0 0 0 0 0 0 0 0 0 0 1 0 0 1 0 0 0 0 0 0 0 0 0 0 0 0 0 0 0 0 0 0 0 0 0 0 0 1 0 0 0 0 0 1,"[0, 3, 27, 33, 81]"
93,30,0.14084507042253522,31 2  1 0 0 0 0 0 0 0 0 0 0 0 1 0 0 1 0 0 1 0 0 0 0 0 0 0 0 0 0 0 1,"[0, 3, 27, 51, 54]"
93,30,0.1282051282051282,31 2  1 0 0 0 0 0 1 0 0 0 0 0 1 0 0 1 0 0 1 0 0 0 0 0 0 0 0 1 0 0 1,"[0, 3, 27, 57, 84]"
93,30,0.11695906432748537,31 2  1 0 0 1 0 0 1 0 0 0 0 0 1 0 0 1 0 0 0 0 0 1 0 0 1 0 0 1 0 0 1,"[0, 3, 27, 69, 84]"
93,17,0.000000999999000001,18 2  1 0 0 0 0 0 0 0 0 1 0 1 1 1 1 0 0 1,"[0, 3, 7, 38, 60]"
93,30,0.15384615384615385,31 2  1 0 0 1 0 0 1 0 0 0 0 0 1 0 0 1 0 0 0 0 0 1 0 0 0 0 0 0 0 0 1,"[0, 3, 30, 39, 84]"
93,30,0.13513513513513514,31 2  1 0 0 0 0 0 1 0 0 0 0 0 1 0 0 1 0 0 1 0 0 0 0 0 0 0 0 1 0 0 1,"[0, 3, 30, 45, 81]"
93,30,0.136986301369863,31 2  1 0 0 0 0 0 0 0 0 1 0 0 1 0 0 0 0 0 0 0 0 0 0 0 0 0 0 1 0 0 1,"[0, 3, 30, 54, 72]"
93,30,0.1,31 2  1 0 0 1 0 0 1 0 0 1 0 0 1 0 0 0 0 0 1 0 0 1 0 0 1 0 0 0 0 0 1,"[0, 3, 33, 72, 75]"
93,30,0.11173184357541899,31 2  1 0 0 1 0 0 0 0 0 0 0 0 0 0 0 0 0 0 0 0 0 1 0 0 0 0 0 1 0 0 1,"[0, 3, 36, 51, 84]"
93,17,0.0000011641156236889148,18 2  1 0 1 0 1 1 0 1 0 0 0 1 1 1 1 1 0 1,"[0, 3, 10, 41, 60]"
93,15,0.000000999999000001,16 2  1 1 0 0 1 1 0 0 0 0 1 1 0 0 0 1,"[0, 3, 8, 28, 58]"
93,30,0.1282051282051282,31 2  1 0 0 1 0 0 1 0 0 1 0 0 0 0 0 1 0 0 1 0 0 0 0 0 1 0 0 1 0 0 1,"[0, 3, 36, 78, 81]"
93,17,0.0000010478418387528586,18 2  1 0 1 1 0 1 0 0 1 1 0 0 1 0 1 1 1 1,"[0, 3, 10, 39, 41]"
93,30,0.17543859649122806,31 2  1 0 0 1 0 0 0 0 0 1 0 0 1 0 0 1 0 0 1 0 0 1 0 0 0 0 0 1 0 0 1,"[0, 3, 39, 48, 57]"
93,17,0.00011393414606357525,18 2  1 1 1 1 0 0 0 0 1 0 1 1 1 0 1 0 1 1,"[0, 3, 40, 45, 83]"
93,17,0.000001022867062621916,18 2  1 1 0 1 1 1 0 1 1 1 1 1 0 0 1 0 1 1,"[0, 3, 10, 41, 42]"
93,30,0.14492753623188406,31 2  1 0 0 0 0 0 0 0 0 0 0 0 1 0 0 1 0 0 1 0 0 0 0 0 0 0 0 0 0 0 1,"[0, 3, 42, 45, 69]"
93,15,0.0000010154325438006827,16 2  1 1 0 0 0 0 0 1 1 1 0 1 1 1 0 1,"[0, 3, 11, 74, 91]"
93,30,0.11695906432748537,31 2  1 0 0 0 0 0 1 0 0 1 0 0 1 0 0 0 0 0 1 0 0 1 0 0 1 0 0 1 0 0 1,"[0, 3, 42, 72, 75]"
93,17,0.00013822846400530798,18 2  1 1 0 1 0 1 1 1 0 1 0 0 0 0 1 1 1 1,"[0, 3, 44, 82, 87]"
93,30,0.09049773755656108,31 2  1 0 0 1 0 0 1 0 0 0 0 0 1 0 0 1 0 0 0 0 0 1 0 0 1 0 0 1 0 0 1,"[0, 3, 45, 78, 81]"
93,15,0.000000999999000001,16 2  1 1 1 0 0 0 0 0 0 0 0 1 0 1 1 1,"[0, 3, 13, 22, 29]"
93,17,0.000001115212864024995,18 2  1 1 0 0 0 1 0 0 0 1 1 1 0 1 0 1 0 1,"[0, 3, 11, 36, 73]"
93,45,0.9523809523809523,46 2  1 0 0 0 0 0 0 0 0 0 0 0 0 0 0 0 0 0 0 0 0 0 0 0 1 0 0 0 0 0 0 0 0 0 0 0 1 0 0 0 0 0 1 0 0 1,"[0, 3, 51, 75, 87]"
93,17,0.000001086451203836824,18 2  1 1 0 0 0 0 1 0 1 1 0 0 1 0 1 1 0 1,"[0, 3, 14, 39, 76]"
93,17,0.0000011602714919263959,18 2  1 0 1 1 0 1 0 0 1 1 0 1 0 0 0 0 1 1,"[0, 3, 20, 57, 82]"
93,17,0.0000010676474218236528,18 2  1 1 0 1 1 0 1 0 0 1 1 0 1 1 0 0 1 1,"[0, 3, 14, 60, 76]"
93,30,0.13245033112582782,31 2  1 0 0 0 0 0 1 0 0 1 0 0 0 0 0 1 0 0 0 0 0 1 0 0 1 0 0 0 0 0 1,"[0, 3, 60, 63, 78]"
93,30,0.1092896174863388,31 2  1 0 0 1 0 0 0 0 0 1 0 0 0 0 0 0 0 0 0 0 0 0 0 0 0 0 0 1 0 0 1,"[0, 3, 66, 69, 75]"
93,30,0.11834319526627218,31 2  1 0 0 1 0 0 0 0 0 0 0 0 0 0 0 0 0 0 0 0 0 1 0 0 0 0 0 1 0 0 1,"[0, 3, 66, 69, 87]"
93,30,0.13245033112582782,31 2  1 0 0 0 0 0 0 0 0 1 0 0 1 0 0 0 0 0 0 0 0 0 0 0 0 0 0 1 0 0 1,"[0, 3, 66, 75, 78]"
93,17,0.0000010807368809890385,18 2  1 1 1 0 0 1 0 1 0 0 1 0 1 0 0 1 0 1,"[0, 3, 16, 42, 47]"
93,17,0.0000010314195137970925,18 2  1 0 0 1 1 0 0 1 0 0 1 0 0 1 0 1 1 1,"[0, 3, 13, 36, 44]"
93,17,0.0000010781527017859815,18 2  1 1 1 1 1 0 0 1 1 0 1 1 1 1 1 0 0 1,"[0, 3, 19, 39, 50]"
93,17,0.000001082437697321627,18 2  1 1 0 0 1 1 0 1 1 0 0 1 0 1 1 0 1 1,"[0, 3, 20, 36, 82]"
93,17,0.0000010029405213144418,18 2  1 0 1 0 1 0 0 0 0 0 0 1 1 0 0 1 0 1,"[0, 3, 19, 50, 54]"
93,17,0.0000010384232705670502,18 2  1 0 0 0 0 0 1 1 1 0 0 1 1 0 0 0 0 1,"[0, 3, 22, 53, 54]"
93,17,0.000001064902336475594,18 2  1 0 1 0 1 0 1 1 1 0 0 0 1 0 0 0 1 1,"[0, 3, 23, 60, 85]"
93,17,0.0000010488159313881398,18 2  1 0 1 1 0 0 1 0 1 1 0 1 1 1 1 0 0 1,"[0, 3, 22, 53, 57]"
93,17,0.0000011001724630353054,18 2  1 1 0 1 0 1 1 1 1 0 0 0 0 1 0 0 0 1,"[0, 3, 29, 54, 91]"
93,17,0.0000010089158906169712,18 2  1 0 1 1 1 1 1 0 0 0 1 0 1 1 0 1 0 1,"[0, 3, 36, 55, 86]"
93,17,0.0000010869373821895744,18 2  1 0 0 1 1 1 1 0 1 0 0 0 0 0 0 0 0 1,"[0, 3, 36, 58, 89]"
93,17,0.0000011045326984479383,18 2  1 0 1 0 0 1 1 0 0 0 0 0 0 1 0 1 0 1,"[0, 3, 42, 46, 77]"
93,17,0.0000010783518599574633,18 2  1 0 0 0 0 1 1 0 0 1 1 1 0 0 0 0 0 1,"[0, 3, 42, 43, 74]"
93,17,0.0000011212297109279197,18 2  1 1 1 0 1 0 0 1 0 0 1 0 0 1 1 0 0 1,"[0, 3, 52, 60, 83]"
93,17,0.0000010509027333297006,18 2  1 0 0 1 1 1 1 0 1 1 0 1 0 0 1 1 0 1,"[0, 3, 39, 43, 74]"
93,17,0.0000010474955977688134,18 2  1 0 1 0 0 1 0 1 0 0 1 0 1 0 0 1 1 1,"[0, 3, 49, 54, 80]"
93,17,0.0000010300058736084942,18 2  1 0 0 1 1 1 1 1 0 1 1 0 0 1 1 1 1 1,"[0, 3, 46, 57, 77]"
93,17,0.0000011070900983688302,18 2  1 0 0 1 0 0 0 1 0 1 0 0 0 1 0 0 1 1,"[0, 4, 6, 35, 78]"
93,15,0.000000999999000001,16 2  1 0 0 0 0 1 1 1 0 1 0 1 0 1 1 1,"[0, 4, 5, 59, 79]"
93,17,0.0000010306839773476276,18 2  1 1 1 1 0 1 0 0 1 1 0 0 1 0 1 1 0 1,"[0, 3, 55, 57, 86]"
93,17,0.000000999999000001,18 2  1 1 0 1 0 0 1 1 1 1 1 0 1 1 1 0 1 1,"[0, 3, 54, 55, 86]"
93,17,0.000000999999000001,18 2  1 0 0 1 1 1 1 0 1 0 0 0 0 0 0 0 0 1,"[0, 4, 7, 40, 62]"
93,15,0.0000010478326707625398,16 2  1 0 1 0 0 1 1 1 1 1 1 1 0 1 0 1,"[0, 4, 11, 21, 71]"
93,17,0.0000010389124124631882,18 2  1 1 0 1 0 1 1 1 1 0 0 0 0 1 0 0 0 1,"[0, 4, 10, 19, 62]"
93,17,0.000001030069744477294,18 2  1 1 0 1 1 0 1 0 0 1 1 0 1 1 0 0 1 1,"[0, 4, 9, 35, 78]"
93,17,0.000001048729147397361,18 2  1 1 1 1 1 0 0 1 1 0 1 1 1 1 1 0 0 1,"[0, 4, 9, 35, 69]"
93,17,0.0000011248803970917792,18 2  1 1 0 0 1 0 0 0 1 0 1 0 0 0 1 0 0 1,"[0, 4, 12, 35, 42]"
93,17,0.0000010860531498120721,18 2  1 0 1 1 0 1 0 0 1 1 0 0 1 0 1 1 1 1,"[0, 4, 15, 21, 35]"
93,17,0.0000010361753152679966,18 2  1 0 0 0 0 1 1 0 0 1 1 1 0 0 0 0 0 1,"[0, 4, 18, 30, 35]"
93,15,0.0000010460206732387796,16 2  1 1 1 0 1 0 1 0 1 1 1 0 0 0 0 1,"[0, 4, 18, 38, 92]"
93,17,0.0000010430948373481359,18 2  1 1 1 0 1 0 0 1 0 0 1 0 0 1 1 0 0 1,"[0, 4, 22, 62, 67]"
93,17,0.0000010511649824988914,18 2  1 1 0 0 1 1 0 1 1 0 0 1 0 1 1 0 1 1,"[0, 4, 19, 62, 88]"
93,15,0.000000999999000001,16 2  1 0 1 0 1 1 1 1 1 1 1 0 0 1 0 1,"[0, 4, 26, 76, 86]"
93,17,0.000001088584428757701,18 2  1 0 0 1 1 0 0 1 0 0 1 0 0 1 0 1 1 1,"[0, 4, 30, 35, 75]"
93,17,0.000001030983582565882,18 2  1 0 0 1 1 1 1 1 0 1 1 0 0 1 1 1 1 1,"[0, 4, 28, 62, 88]"
93,17,0.000000999999000001,18 2  1 1 0 1 1 1 0 1 1 1 1 1 0 0 1 0 1 1,"[0, 4, 22, 34, 62]"
93,17,0.000000999999000001,18 2  1 1 1 0 0 1 0 1 0 0 1 0 1 0 0 1 0 1,"[0, 4, 24, 35, 57]"
93,17,0.0000010664563899054144,18 2  1 0 1 0 1 0 1 1 1 0 0 0 1 0 0 0 1 1,"[0, 4, 34, 52, 62]"
93,17,0.0000010188620920234203,18 2  1 0 0 1 1 1 1 0 1 1 0 1 0 0 1 1 0 1,"[0, 4, 35, 54, 57]"
93,17,0.0000010761420544100652,18 2  1 1 0 0 0 1 0 0 0 1 1 1 0 1 0 1 0 1,"[0, 4, 35, 45, 63]"
93,17,0.000000999999000001,18 2  1 0 0 0 0 0 0 0 0 1 0 1 1 1 1 0 0 1,"[0, 4, 35, 57, 90]"
93,17,0.0000010936313580856376,18 2  1 1 0 1 0 0 1 1 1 1 1 0 1 1 1 0 1 1,"[0, 4, 35, 63, 75]"
93,17,0.000001116437884354675,18 2  1 1 1 1 0 1 0 0 1 1 0 0 1 0 1 1 0 1,"[0, 4, 62, 76, 82]"
93,17,0.0000010379264554375617,18 2  1 0 0 0 0 0 1 1 1 0 0 1 1 0 0 0 0 1,"[0, 4, 62, 67, 79]"
93,17,0.000000999999000001,18 2  1 0 0 0 1 0 0 0 0 1 1 1 1 0 1 0 1 1,"[0, 4, 35, 78, 87]"
93,17,0.000001061622966726613,18 2  1 0 1 1 0 0 1 0 1 1 0 1 1 1 1 0 0 1,"[0, 4, 40, 43, 62]"
93,17,0.000000999999000001,18 2  1 0 1 0 0 1 0 1 0 0 1 0 1 0 0 1 1 1,"[0, 4, 40, 62, 73]"
93,17,0.0000010002705231629893,18 2  1 0 1 0 0 1 0 1 0 0 1 0 1 0 0 1 1 1,"[0, 5, 6, 15, 67]"
93,17,0.0000011058725314920703,18 2  1 1 0 0 1 1 0 1 1 0 0 1 0 1 1 0 1 1,"[0, 5, 9, 24, 67]"
93,17,0.0000010311504359807158,18 2  1 1 0 0 0 1 0 0 0 1 1 1 0 1 0 1 0 1,"[0, 5, 14, 29, 31]"
93,17,0.000001029522589784665,18 2  1 0 0 1 1 1 1 1 0 1 1 0 0 1 1 1 1 1,"[0, 5, 9, 33, 67]"
93,17,0.000000999999000001,18 2  1 0 0 1 1 0 0 1 0 0 1 0 0 1 0 1 1 1,"[0, 5, 11, 31, 77]"
93,17,0.0000010761684014142576,18 2  1 0 0 0 0 0 1 1 1 0 0 1 1 0 0 0 0 1,"[0, 5, 17, 31, 35]"
93,17,0.0000010240462967234564,18 2  1 1 0 0 0 0 1 0 1 1 0 0 1 0 1 1 0 1,"[0, 5, 14, 31, 74]"
93,17,0.0000011362727345448728,18 2  1 0 1 1 0 0 1 0 1 1 0 1 1 1 1 0 0 1,"[0, 5, 17, 31, 47]"
93,15,0.000000999999000001,16 2  1 0 1 0 1 1 1 1 1 1 1 0 0 1 0 1,"[0, 5, 14, 54, 82]"
93,30,0.11904761904761904,31 2  1 0 0 1 0 0 1 0 0 1 0 0 0 0 0 1 0 0 1 0 0 0 0 0 1 0 0 1 0 0 1,"[0, 6, 9, 30, 36]"
93,30,0.11764705882352941,31 2  1 0 0 1 0 0 0 0 0 0 0 0 1 0 0 1 0 0 1 0 0 0 0 0 1 0 0 0 0 0 1,"[0, 6, 9, 30, 39]"
93,45,0.9523809523809523,46 2  1 0 0 0 0 0 0 0 0 0 0 0 0 0 0 0 0 0 0 0 0 0 0 0 1 0 0 0 0 0 0 0 0 0 0 0 1 0 0 0 0 0 1 0 0 1,"[0, 6, 9, 57, 81]"
93,30,0.10582010582010581,31 2  1 0 0 1 0 0 0 0 0 0 0 0 0 0 0 0 0 0 0 0 0 1 0 0 0 0 0 1 0 0 1,"[0, 6, 9, 72, 75]"
93,15,0.000000999999000001,16 2  1 0 1 0 0 1 1 1 1 1 1 1 0 1 0 1,"[0, 5, 15, 37, 80]"
93,30,0.18518518518518517,31 2  1 0 0 1 0 0 0 0 0 1 0 0 1 0 0 1 0 0 1 0 0 1 0 0 0 0 0 1 0 0 1,"[0, 6, 12, 42, 63]"
93,30,0.16806722689075632,31 2  1 0 0 1 0 0 1 0 0 1 0 0 1 0 0 0 0 0 1 0 0 1 0 0 1 0 0 0 0 0 1,"[0, 6, 15, 42, 48]"
93,30,0.16393442622950818,31 2  1 0 0 0 0 0 0 0 0 1 0 0 1 0 0 0 0 0 0 0 0 0 0 0 0 0 0 1 0 0 1,"[0, 6, 15, 51, 60]"
93,15,0.000000999999000001,16 2  1 0 1 0 0 1 1 1 1 1 1 1 0 1 0 1,"[0, 5, 16, 44, 84]"
93,17,0.0000010922736982295718,18 2  1 1 1 0 1 0 0 1 0 0 1 0 0 1 1 0 0 1,"[0, 5, 21, 67, 87]"
93,30,0.13513513513513514,31 2  1 0 0 0 0 0 1 0 0 0 0 0 1 0 0 1 0 0 1 0 0 0 0 0 0 0 0 1 0 0 1,"[0, 6, 18, 33, 51]"
93,30,0.16260162601626016,31 2  1 0 0 1 0 0 1 0 0 0 0 0 1 0 0 1 0 0 0 0 0 1 0 0 1 0 0 1 0 0 1,"[0, 6, 18, 39, 51]"
93,45,0.9090909090909091,46 2  1 0 0 1 0 0 0 0 0 1 0 0 0 0 0 0 0 0 0 0 0 1 0 0 0 0 0 0 0 0 0 0 0 0 0 0 0 0 0 0 0 0 0 0 0 1,"[0, 6, 18, 42, 90]"
93,30,0.11299435028248588,31 2  1 0 0 1 0 0 0 0 0 1 0 0 0 0 0 0 0 0 0 0 0 0 0 0 0 0 0 1 0 0 1,"[0, 6, 18, 54, 60]"
93,17,0.000001094944618796126,18 2  1 0 1 1 0 1 0 0 1 1 0 1 0 0 0 0 1 1,"[0, 5, 24, 67, 84]"
93,30,0.125,31 2  1 0 0 0 0 0 0 0 0 1 0 0 0 0 0 1 0 0 1 0 0 0 0 0 1 0 0 1 0 0 1,"[0, 6, 21, 24, 39]"
93,15,0.000000999999000001,16 2  1 0 1 0 1 1 1 1 1 1 1 0 0 1 0 1,"[0, 5, 18, 61, 83]"
93,30,0.1652892561983471,31 2  1 0 0 0 0 0 1 0 0 0 0 0 1 0 0 1 0 0 1 0 0 0 0 0 0 0 0 1 0 0 1,"[0, 6, 21, 54, 75]"
93,30,0.12422360248447205,31 2  1 0 0 0 0 0 1 0 0 1 0 0 1 0 0 0 0 0 1 0 0 1 0 0 1 0 0 1 0 0 1,"[0, 6, 24, 39, 75]"
93,30,0.11049723756906077,31 2  1 0 0 1 0 0 0 0 0 0 0 0 1 0 0 1 0 0 1 0 0 0 0 0 1 0 0 0 0 0 1,"[0, 6, 24, 45, 78]"
93,30,0.145985401459854,31 2  1 0 0 1 0 0 1 0 0 0 0 0 1 0 0 1 0 0 0 0 0 1 0 0 0 0 0 0 0 0 1,"[0, 6, 24, 51, 66]"
93,30,0.14925373134328357,31 2  1 0 0 1 0 0 0 0 0 0 0 0 0 0 0 0 0 0 1 0 0 1 0 0 0 0 0 0 0 0 1,"[0, 6, 24, 57, 63]"
93,30,0.125,31 2  1 0 0 1 0 0 1 0 0 1 0 0 1 0 0 0 0 0 1 0 0 1 0 0 1 0 0 0 0 0 1,"[0, 6, 24, 60, 75]"
93,30,0.09523809523809523,31 2  1 0 0 0 0 0 1 0 0 1 0 0 0 0 0 1 0 0 0 0 0 1 0 0 1 0 0 0 0 0 1,"[0, 6, 27, 33, 63]"
93,17,0.000000999999000001,18 2  1 1 0 1 1 1 0 1 1 1 1 1 0 0 1 0 1 1,"[0, 5, 21, 48, 67]"
93,45,0.8695652173913043,46 2  1 0 0 0 0 0 1 0 0 0 0 0 0 0 0 0 0 0 0 0 0 0 0 0 0 0 0 0 0 0 1 0 0 1 0 0 0 0 0 0 0 0 0 0 0 1,"[0, 6, 30, 33, 45]"
93,30,0.10309278350515463,31 2  1 0 0 0 0 0 1 0 0 1 0 0 1 0 0 0 0 0 1 0 0 1 0 0 1 0 0 1 0 0 1,"[0, 6, 33, 42, 48]"
93,30,0.12658227848101267,31 2  1 0 0 0 0 0 0 0 0 1 0 0 0 0 0 1 0 0 1 0 0 0 0 0 1 0 0 1 0 0 1,"[0, 6, 33, 48, 75]"
93,30,0.09615384615384616,31 2  1 0 0 1 0 0 0 0 0 0 0 0 0 0 0 0 0 0 1 0 0 1 0 0 0 0 0 0 0 0 1,"[0, 6, 36, 42, 60]"
93,30,0.15748031496062992,31 2  1 0 0 0 0 0 0 0 0 1 0 0 1 0 0 0 0 0 0 0 0 0 0 0 0 0 0 1 0 0 1,"[0, 6, 36, 42, 75]"
93,30,0.10526315789473684,31 2  1 0 0 1 0 0 1 0 0 0 0 0 1 0 0 1 0 0 0 0 0 1 0 0 0 0 0 0 0 0 1,"[0, 6, 36, 48, 63]"
93,30,0.14285714285714285,31 2  1 0 0 1 0 0 0 0 0 1 0 0 1 0 0 1 0 0 1 0 0 1 0 0 0 0 0 1 0 0 1,"[0, 6, 36, 57, 87]"
93,30,0.11627906976744186,31 2  1 0 0 0 0 0 1 0 0 1 0 0 0 0 0 1 0 0 0 0 0 1 0 0 1 0 0 0 0 0 1,"[0, 6, 36, 66, 72]"
93,45,0.9523809523809523,46 2  1 0 0 0 0 0 0 0 0 0 0 0 1 0 0 1 0 0 0 0 0 0 0 0 0 0 0 0 0 0 0 0 0 0 0 0 0 0 0 1 0 0 0 0 0 1,"[0, 6, 54, 66, 69]"
93,17,0.0000010787645362847037,18 2  1 0 1 0 1 1 0 1 0 0 0 1 1 1 1 1 0 1,"[0, 5, 30, 48, 67]"
93,17,0.000001238516551937718,18 2  1 1 0 1 1 0 1 0 0 1 1 0 1 1 0 0 1 1,"[0, 5, 31, 74, 89]"
93,17,0.0000011164317768636931,18 2  1 1 0 1 0 0 1 1 1 1 1 0 1 1 1 0 1 1,"[0, 5, 31, 50, 77]"
93,17,0.000001099264037230754,18 2  1 0 1 1 1 1 1 0 0 0 1 0 1 1 0 1 0 1,"[0, 5, 31, 50, 68]"
93,17,0.0000010092122407150834,18 2  1 0 0 1 1 1 1 0 1 0 0 0 0 0 0 0 0 1,"[0, 5, 31, 47, 59]"
93,17,0.000000999999000001,18 2  1 1 1 1 0 1 0 0 1 1 0 0 1 0 1 1 0 1,"[0, 5, 31, 32, 50]"
93,17,0.000000999999000001,18 2  1 1 1 1 1 0 0 1 1 0 1 1 1 1 1 0 0 1,"[0, 5, 31, 65, 89]"
93,17,0.0000010037487002709018,18 2  1 1 1 0 0 1 0 1 0 0 1 0 1 0 0 1 0 1,"[0, 5, 31, 83, 92]"
93,30,0.19607843137254902,31 2  1 0 0 0 0 0 1 0 0 1 0 0 0 0 0 1 0 0 0 0 0 1 0 0 1 0 0 0 0 0 1,"[0, 9, 18, 48, 63]"
93,45,0.9090909090909091,46 2  1 0 0 0 0 0 0 0 0 1 0 0 1 0 0 0 0 0 1 0 0 1 0 0 1 0 0 0 0 0 0 0 0 1 0 0 0 0 0 1 0 0 0 0 0 1,"[0, 9, 27, 42, 63]"
93,45,0.8695652173913043,46 2  1 0 0 0 0 0 1 0 0 0 0 0 1 0 0 0 0 0 0 0 0 1 0 0 1 0 0 1 0 0 0 0 0 1 0 0 1 0 0 0 0 0 0 0 0 1,"[0, 9, 39, 60, 75]"
93,45,1,46 2  1 0 0 0 0 0 0 0 0 0 0 0 1 0 0 1 0 0 0 0 0 0 0 0 0 0 0 0 0 0 0 0 0 0 0 0 0 0 0 1 0 0 0 0 0 1,"[0, 12, 15, 39, 45]"
93,45,1,46 2  1 0 0 0 0 0 0 0 0 0 0 0 0 0 0 0 0 0 0 0 0 0 0 0 1 0 0 0 0 0 0 0 0 0 0 0 1 0 0 0 0 0 1 0 0 1,"[0, 12, 18, 21, 69]"
93,45,0.9090909090909091,46 2  1 0 0 1 0 0 0 0 0 1 0 0 0 0 0 0 0 0 0 0 0 1 0 0 0 0 0 0 0 0 0 0 0 0 0 0 0 0 0 0 0 0 0 0 0 1,"[0, 12, 36, 84, 87]"
93,45,0.9523809523809523,46 2  1 0 0 0 0 0 1 0 0 0 0 0 0 0 0 0 0 0 0 0 0 0 0 0 0 0 0 0 0 0 1 0 0 1 0 0 0 0 0 0 0 0 0 0 0 1,"[0, 12, 60, 66, 90]"
93,45,0.9090909090909091,46 2  1 0 0 0 0 0 1 0 0 0 0 0 1 0 0 0 0 0 0 0 0 1 0 0 1 0 0 1 0 0 0 0 0 1 0 0 1 0 0 0 0 0 0 0 0 1,"[0, 15, 33, 42, 72]"
93,45,1,46 2  1 0 0 0 0 0 0 0 0 1 0 0 1 0 0 0 0 0 1 0 0 1 0 0 1 0 0 0 0 0 0 0 0 1 0 0 0 0 0 1 0 0 0 0 0 1,"[0, 15, 36, 66, 75]"
93,45,0.9090909090909091,46 2  1 0 0 0 0 0 1 0 0 0 0 0 1 0 0 0 0 0 0 0 0 1 0 0 1 0 0 1 0 0 0 0 0 1 0 0 1 0 0 0 0 0 0 0 0 1,"[0, 18, 27, 57, 78]"
93,45,0.9090909090909091,46 2  1 0 0 0 0 0 0 0 0 1 0 0 1 0 0 0 0 0 1 0 0 1 0 0 1 0 0 0 0 0 0 0 0 1 0 0 0 0 0 1 0 0 0 0 0 1,"[0, 18, 33, 54, 84]"
93,45,0.8695652173913043,46 2  1 0 0 0 0 0 1 0 0 0 0 0 1 0 0 0 0 0 0 0 0 1 0 0 1 0 0 1 0 0 0 0 0 1 0 0 1 0 0 0 0 0 0 0 0 1,"[0, 21, 36, 54, 63]"
93,45,0.8,46 2  1 0 0 0 0 0 0 0 0 1 0 0 1 0 0 0 0 0 1 0 0 1 0 0 1 0 0 0 0 0 0 0 0 1 0 0 0 0 0 1 0 0 0 0 0 1,"[0, 21, 51, 60, 78]"
93,45,1,46 2  1 0 0 0 0 0 1 0 0 0 0 0 0 0 0 0 0 0 0 0 0 0 0 0 0 0 0 0 0 0 1 0 0 1 0 0 0 0 0 0 0 0 0 0 0 1,"[0, 24, 27, 39, 87]"
93,45,0.9523809523809523,46 2  1 0 0 0 0 0 0 0 0 0 0 0 1 0 0 1 0 0 0 0 0 0 0 0 0 0 0 0 0 0 0 0 0 0 0 0 0 0 0 1 0 0 0 0 0 1,"[0, 24, 30, 78, 90]"
93,45,0.9523809523809523,46 2  1 0 0 0 0 0 0 0 0 0 0 0 0 0 0 0 0 0 0 0 0 0 0 0 1 0 0 0 0 0 0 0 0 0 0 0 1 0 0 0 0 0 1 0 0 1,"[0, 24, 36, 42, 45]"
93,45,1,46 2  1 0 0 1 0 0 0 0 0 1 0 0 0 0 0 0 0 0 0 0 0 1 0 0 0 0 0 0 0 0 0 0 0 0 0 0 0 0 0 0 0 0 0 0 0 1,"[0, 24, 72, 75, 81]"
93,45,0.9090909090909091,46 2  1 0 0 0 0 0 0 0 0 1 0 0 1 0 0 0 0 0 1 0 0 1 0 0 1 0 0 0 0 0 0 0 0 1 0 0 0 0 0 1 0 0 0 0 0 1,"[0, 30, 39, 57, 72]"
93,45,0.8695652173913043,46 2  1 0 0 0 0 0 1 0 0 0 0 0 1 0 0 0 0 0 0 0 0 1 0 0 1 0 0 1 0 0 0 0 0 1 0 0 1 0 0 0 0 0 0 0 0 1,"[0, 30, 51, 66, 84]"
93,45,0.8695652173913043,46 2  1 0 0 1 0 0 0 0 0 1 0 0 0 0 0 0 0 0 0 0 0 1 0 0 0 0 0 0 0 0 0 0 0 0 0 0 0 0 0 0 0 0 0 0 0 1,"[0, 48, 51, 57, 69]"
93,45,0.8695652173913043,46 2  1 0 0 0 0 0 1 0 0 0 0 0 0 0 0 0 0 0 0 0 0 0 0 0 0 0 0 0 0 0 1 0 0 1 0 0 0 0 0 0 0 0 0 0 0 1,"[0, 48, 54, 78, 81]"
93,45,1,46 2  1 0 0 0 0 0 0 0 0 0 0 0 1 0 0 1 0 0 0 0 0 0 0 0 0 0 0 0 0 0 0 0 0 0 0 0 0 0 0 1 0 0 0 0 0 1,"[0, 48, 60, 63, 87]"
93,45,0.8695652173913043,46 2  1 0 0 0 0 0 0 0 0 0 0 0 0 0 0 0 0 0 0 0 0 0 0 0 1 0 0 0 0 0 0 0 0 0 0 0 1 0 0 0 0 0 1 0 0 1,"[0, 48, 72, 84, 90]"
93,17,0.0000011051515201414417,18 2  1 0 1 1 0 1 0 0 1 1 0 0 1 0 1 1 1 1,"[0, 5, 48, 66, 67]"
93,17,0.0000010854339057314763,18 2  1 0 0 0 0 1 1 0 0 1 1 1 0 0 0 0 0 1,"[0, 5, 63, 67, 81]"
93,17,0.0000010332247896251005,18 2  1 0 0 0 0 0 0 0 0 1 0 1 1 1 1 0 0 1,"[0, 5, 39, 51, 67]"
93,17,0.000001007877977422727,18 2  1 0 0 1 1 1 1 0 1 1 0 1 0 0 1 1 0 1,"[0, 5, 51, 67, 81]"
93,17,0.000000999999000001,18 2  1 0 1 0 1 0 1 1 1 0 0 0 1 0 0 0 1 1,"[0, 5, 67, 69, 84]"
93,17,0.0000010631035970003895,18 2  1 0 1 1 1 1 1 0 0 0 1 0 1 1 0 1 0 1,"[0, 6, 17, 72, 79]"
93,17,0.0000011042063858905392,18 2  1 0 1 0 1 1 0 1 0 0 0 1 1 1 1 1 0 1,"[0, 6, 20, 27, 82]"
93,17,0.0000010375435119810338,18 2  1 1 0 1 0 1 1 1 1 0 0 0 0 1 0 0 0 1,"[0, 6, 15, 58, 89]"
93,17,0.000000999999000001,18 2  1 0 0 0 1 0 0 0 0 1 1 1 1 0 1 0 1 1,"[0, 6, 10, 41, 84]"
93,17,0.0000011026385589396146,18 2  1 0 1 1 1 1 1 0 0 0 1 0 1 1 0 1 0 1,"[0, 7, 21, 27, 38]"
93,17,0.0000010171815699109148,18 2  1 1 0 0 0 0 1 0 1 1 0 0 1 0 1 1 0 1,"[0, 6, 28, 59, 78]"
93,17,0.0000011333152758432715,18 2  1 0 1 1 1 1 1 0 0 0 1 0 1 1 0 1 0 1,"[0, 7, 10, 43, 62]"
93,17,0.0000010729457742325742,18 2  1 0 1 1 0 1 0 0 1 1 0 1 0 0 0 0 1 1,"[0, 7, 34, 52, 62]"
93,17,0.000001030794735009732,18 2  1 0 1 1 0 1 0 0 1 1 0 1 0 0 0 0 1 1,"[0, 6, 21, 40, 71]"
93,17,0.000001062427383088366,18 2  1 1 0 0 0 0 1 0 1 1 0 0 1 0 1 1 0 1,"[0, 7, 37, 49, 62]"
93,17,0.0000010224573033332774,18 2  1 0 1 0 1 1 0 1 0 0 0 1 1 1 1 1 0 1,"[0, 7, 62, 73, 79]"
93,17,0.000000999999000001,18 2  1 1 0 0 0 0 1 0 1 1 0 0 1 0 1 1 0 1,"[0, 7, 38, 48, 66]"
93,17,0.0000010793391443873527,18 2  1 0 1 1 0 1 0 0 1 1 0 1 0 0 0 0 1 1,"[0, 7, 38, 51, 63]"
93,17,0.000001030175063829647,18 2  1 0 1 0 1 1 0 1 0 0 0 1 1 1 1 1 0 1,"[0, 7, 38, 57, 90]"
