90,12,0.023612750885478158,13 2  1 0 0 0 0 0 1 0 0 0 0 0 1,"[0, 1, 6, 12, 73]"
90,12,0.021953896816684963,13 2  1 0 0 0 0 0 1 0 0 0 0 0 1,"[0, 1, 6, 12, 55]"
90,12,0.014771048744460856,13 2  1 0 0 0 0 0 1 0 0 0 0 0 1,"[0, 1, 6, 12, 19]"
90,12,0.011389521640091117,13 2  1 0 0 0 0 0 1 0 0 0 0 0 1,"[0, 1, 6, 12, 37]"
90,12,0.016992353440951572,13 2  1 0 0 0 0 0 1 0 0 0 0 0 1,"[0, 1, 6, 19, 30]"
90,16,0.01105583195135434,17 2  1 0 0 1 1 0 1 0 0 1 1 0 1 0 0 1 1,"[0, 1, 6, 19, 84]"
90,16,0.012330456226880395,17 2  1 1 0 0 1 0 1 1 0 0 1 0 1 1 0 0 1,"[0, 1, 6, 19, 66]"
90,16,0.015873015873015872,17 2  1 1 1 1 1 0 1 1 1 1 1 0 1 1 1 1 1,"[0, 1, 7, 13, 54]"
90,16,0.015197568389057751,17 2  1 1 0 0 1 0 1 1 0 0 1 0 1 1 0 0 1,"[0, 1, 6, 48, 55]"
90,10,0.0030450669914738123,11 2  1 0 0 0 0 1 0 0 0 0 1,"[0, 1, 5, 10, 16]"
90,16,0.0196078431372549,17 2  1 1 1 1 1 0 1 1 1 1 1 0 1 1 1 1 1,"[0, 1, 7, 18, 49]"
90,12,0.004299226139294927,13 2  1 1 1 0 0 1 1 1 0 0 1 1 1,"[0, 1, 6, 11, 45]"
90,16,0.011990407673860911,17 2  1 1 0 0 1 0 1 1 0 0 1 0 1 1 0 0 1,"[0, 1, 7, 31, 54]"
90,20,0.30303030303030304,21 2  1 0 0 0 0 0 0 0 0 0 1 0 0 0 0 0 0 0 0 0 1,"[0, 1, 10, 20, 31]"
90,20,0.3225806451612903,21 2  1 0 0 0 0 0 0 0 0 0 1 0 0 0 0 0 0 0 0 0 1,"[0, 1, 10, 20, 61]"
90,20,0.43478260869565216,21 2  1 0 0 0 0 0 0 0 0 0 1 0 0 0 0 0 0 0 0 0 1,"[0, 1, 10, 31, 50]"
90,20,0.35714285714285715,21 2  1 0 0 0 0 0 0 0 0 0 1 0 0 0 0 0 0 0 0 0 1,"[0, 1, 10, 31, 80]"
90,20,0.3389830508474576,21 2  1 0 0 0 0 0 0 0 0 0 1 0 0 0 0 0 0 0 0 0 1,"[0, 1, 10, 50, 61]"
90,16,0.01603849238171612,17 2  1 1 0 0 1 0 1 1 0 0 1 0 1 1 0 0 1,"[0, 1, 7, 72, 85]"
90,16,0.011254924029262802,17 2  1 1 1 1 1 0 1 1 1 1 1 0 1 1 1 1 1,"[0, 1, 12, 19, 78]"
90,16,0.010245901639344262,17 2  1 1 1 1 1 0 1 1 1 1 1 0 1 1 1 1 1,"[0, 1, 12, 24, 73]"
90,16,0.011554015020219527,17 2  1 0 0 1 1 0 1 0 0 1 1 0 1 0 0 1 1,"[0, 1, 7, 67, 72]"
90,16,0.019083969465648856,17 2  1 0 0 1 1 0 1 0 0 1 1 0 1 0 0 1 1,"[0, 1, 13, 43, 72]"
90,30,0.8,31 2  1 0 0 0 0 0 0 0 0 0 0 0 0 0 0 1 0 0 0 0 0 0 0 0 0 0 0 0 0 0 1,"[0, 1, 15, 30, 46]"
90,30,0.8333333333333334,31 2  1 0 0 0 0 0 0 0 0 0 0 0 0 0 0 1 0 0 0 0 0 0 0 0 0 0 0 0 0 0 1,"[0, 1, 15, 46, 75]"
90,16,0.01451378809869376,17 2  1 1 0 0 1 0 1 1 0 0 1 0 1 1 0 0 1,"[0, 1, 12, 19, 42]"
90,30,0.9090909090909091,31 2  1 0 0 0 0 0 0 0 0 0 0 0 0 0 0 1 0 0 0 0 0 0 0 0 0 0 0 0 0 0 1,"[0, 1, 16, 31, 45]"
90,16,0.015037593984962405,17 2  1 1 1 1 1 0 1 1 1 1 1 0 1 1 1 1 1,"[0, 1, 13, 72, 79]"
90,30,0.8695652173913043,31 2  1 0 0 0 0 0 0 0 0 0 0 0 0 0 0 1 0 0 0 0 0 0 0 0 0 0 0 0 0 0 1,"[0, 1, 16, 45, 76]"
90,10,0.002865740077374982,11 2  1 0 0 0 0 1 0 0 0 0 1,"[0, 1, 5, 10, 46]"
90,10,0.0029312619082515023,11 2  1 0 0 0 0 1 0 0 0 0 1,"[0, 1, 5, 10, 76]"
90,16,0.011019283746556474,17 2  1 0 0 1 1 0 1 0 0 1 1 0 1 0 0 1 1,"[0, 1, 13, 25, 36]"
90,10,0.002365464222353637,11 2  1 0 0 0 0 1 0 0 0 0 1,"[0, 1, 5, 10, 31]"
90,16,0.013927576601671309,17 2  1 0 0 1 1 0 1 0 0 1 1 0 1 0 0 1 1,"[0, 1, 18, 31, 79]"
90,12,0.002609262883235486,13 2  1 1 1 0 0 1 1 1 0 0 1 1 1,"[0, 1, 6, 11, 75]"
90,30,0.9090909090909091,31 2  1 0 0 0 0 0 0 0 0 0 0 0 0 0 0 1 0 0 0 0 0 0 0 0 0 0 0 0 0 0 1,"[0, 1, 30, 46, 60]"
90,12,0.0021466137168616507,13 2  1 1 1 0 0 1 1 1 0 0 1 1 1,"[0, 1, 6, 15, 41]"
90,12,0.003314550878355983,13 2  1 1 1 0 0 1 1 1 0 0 1 1 1,"[0, 1, 6, 15, 71]"
90,10,0.00253324889170361,11 2  1 0 0 0 0 1 0 0 0 0 1,"[0, 1, 5, 10, 61]"
90,12,0.0018682858477347033,13 2  1 1 1 0 0 1 1 1 0 0 1 1 1,"[0, 1, 6, 11, 15]"
90,12,0.0010044698910150168,13 2  1 0 0 0 0 0 0 0 0 1 0 0 1,"[0, 1, 6, 27, 46]"
90,12,0.0005541087161301047,13 2  1 0 0 0 0 0 0 0 0 1 0 0 1,"[0, 1, 3, 46, 81]"
90,12,0.0004643603436266543,13 2  1 0 0 0 0 0 0 0 0 1 0 0 1,"[0, 1, 3, 36, 46]"
90,12,0.0005052929435840429,13 2  1 0 0 0 0 0 0 0 0 1 0 0 1,"[0, 1, 4, 37, 45]"
90,12,0.00037221074572422905,13 2  1 0 0 1 0 0 0 0 0 0 0 0 1,"[0, 1, 3, 46, 57]"
90,12,0.00062672348959639,13 2  1 0 0 1 0 0 0 0 0 0 0 0 1,"[0, 1, 6, 24, 46]"
90,12,0.0004457420490761996,13 2  1 0 0 0 0 0 0 0 0 1 0 0 1,"[0, 1, 4, 45, 82]"
90,16,0.005082592121982211,17 2  1 0 1 0 1 0 0 0 1 0 0 0 0 0 0 0 1,"[0, 2, 4, 8, 16]"
90,16,0.008616975441619991,17 2  1 0 1 0 1 0 0 0 1 0 0 0 0 0 0 0 1,"[0, 2, 4, 8, 46]"
90,16,0.0136986301369863,17 2  1 0 1 0 1 0 0 0 1 0 0 0 0 0 0 0 1,"[0, 2, 4, 8, 76]"
90,12,0.00044637875237138713,13 2  1 0 0 1 0 0 0 0 0 0 0 0 1,"[0, 1, 4, 45, 58]"
90,12,0.00043320048518454343,13 2  1 0 0 1 0 0 0 0 0 0 0 0 1,"[0, 1, 3, 12, 46]"
90,12,0.00029072725422644747,13 2  1 0 1 0 1 0 1 0 0 0 0 0 1,"[0, 2, 4, 6, 12]"
90,16,0.005025125628140704,17 2  1 0 1 0 1 0 0 0 1 0 0 0 0 0 0 0 1,"[0, 2, 4, 16, 38]"
90,16,0.005558643690939411,17 2  1 0 1 0 1 0 0 0 1 0 0 0 0 0 0 0 1,"[0, 2, 4, 16, 68]"
90,16,0.004829751267809708,17 2  1 0 0 0 0 0 0 0 1 0 0 0 1 0 1 0 1,"[0, 2, 4, 18, 26]"
90,16,0.008424599831508003,17 2  1 0 0 0 0 0 0 0 1 0 0 0 1 0 1 0 1,"[0, 2, 4, 18, 56]"
90,12,0.0003626407499410709,13 2  1 0 0 1 0 0 0 0 0 0 0 0 1,"[0, 1, 4, 13, 45]"
90,16,0.0050025012506253125,17 2  1 0 0 0 0 0 0 0 1 0 0 0 1 0 1 0 1,"[0, 2, 4, 18, 86]"
90,16,0.006150061500615006,17 2  1 0 0 0 0 0 0 0 1 0 0 0 1 0 1 0 1,"[0, 2, 4, 26, 48]"
90,16,0.010482180293501049,17 2  1 0 0 0 0 0 0 0 1 0 0 0 1 0 1 0 1,"[0, 2, 4, 26, 78]"
90,20,0.01466275659824047,21 2  1 0 1 0 0 0 1 0 0 0 0 0 1 0 0 0 0 0 0 0 1,"[0, 2, 6, 12, 20]"
90,20,0.0163265306122449,21 2  1 0 0 0 0 0 0 0 1 0 0 0 0 0 1 0 0 0 1 0 1,"[0, 2, 6, 20, 30]"
90,20,0.011428571428571429,21 2  1 0 1 0 0 0 1 0 0 0 0 0 1 0 0 0 0 0 0 0 1,"[0, 2, 6, 38, 66]"
90,20,0.011117287381878822,21 2  1 0 1 0 1 0 0 0 0 0 1 0 0 0 0 0 1 0 1 0 1,"[0, 2, 6, 38, 84]"
90,20,0.01984126984126984,21 2  1 0 1 0 1 0 0 0 0 0 1 0 0 0 0 0 1 0 1 0 1,"[0, 2, 6, 48, 74]"
90,20,0.013689253935660506,21 2  1 0 1 0 1 0 0 0 0 0 1 0 0 0 0 0 1 0 1 0 1,"[0, 2, 8, 14, 36]"
90,20,0.016680567139282735,21 2  1 0 0 0 0 0 0 0 1 0 0 0 0 0 1 0 0 0 1 0 1,"[0, 2, 8, 32, 36]"
90,20,0.020387359836901122,21 2  1 0 0 0 0 0 0 0 1 0 0 0 0 0 1 0 0 0 1 0 1,"[0, 2, 8, 54, 68]"
90,20,0.018066847335140017,21 2  1 0 1 0 1 0 0 0 0 0 1 0 0 0 0 0 1 0 1 0 1,"[0, 2, 8, 54, 86]"
90,12,0.0002445735249159278,13 2  1 0 1 0 1 0 1 0 0 0 0 0 1,"[0, 2, 4, 6, 72]"
90,20,0.01733102253032929,21 2  1 0 1 0 0 0 1 0 0 0 0 0 1 0 0 0 0 0 0 0 1,"[0, 2, 12, 38, 42]"
90,20,0.012322858903265557,21 2  1 0 0 0 0 0 0 0 1 0 0 0 0 0 1 0 0 0 1 0 1,"[0, 2, 12, 38, 78]"
90,20,0.016722408026755852,21 2  1 0 1 0 1 0 0 0 0 0 1 0 0 0 0 0 1 0 1 0 1,"[0, 2, 14, 18, 26]"
90,20,0.01554001554001554,21 2  1 0 1 0 0 0 1 0 0 0 0 0 1 0 0 0 0 0 0 0 1,"[0, 2, 14, 18, 62]"
90,20,0.01755926251097454,21 2  1 0 0 0 0 0 0 0 1 0 0 0 0 0 1 0 0 0 1 0 1,"[0, 2, 14, 44, 54]"
90,20,0.017064846416382253,21 2  1 0 1 0 0 0 1 0 0 0 0 0 1 0 0 0 0 0 0 0 1,"[0, 2, 14, 54, 80]"
90,18,0.013003901170351105,19 2  1 0 0 1 0 0 1 0 0 1 0 0 0 0 0 0 0 0 1,"[0, 3, 6, 9, 18]"
90,12,0.004209640075773522,13 2  1 0 0 1 0 0 1 0 0 1 0 0 1,"[0, 3, 6, 9, 12]"
90,18,0.013236267372600927,19 2  1 0 0 0 0 0 1 0 0 1 0 0 1 0 0 0 0 0 1,"[0, 3, 6, 9, 27]"
90,18,0.011990407673860911,19 2  1 0 0 0 0 0 0 0 0 1 0 0 1 0 0 1 0 0 1,"[0, 3, 6, 9, 36]"
90,12,0.006839945280437756,13 2  1 0 0 1 0 0 1 0 0 1 0 0 1,"[0, 3, 6, 9, 42]"
90,12,0.00779423226812159,13 2  1 0 0 1 0 0 1 0 0 1 0 0 1,"[0, 3, 6, 9, 57]"
90,18,0.011198208286674132,19 2  1 0 0 1 0 0 1 0 0 1 0 0 0 0 0 0 0 0 1,"[0, 3, 6, 9, 63]"
90,18,0.016542597187758478,19 2  1 0 0 0 0 0 1 0 0 1 0 0 1 0 0 0 0 0 1,"[0, 3, 6, 9, 72]"
90,18,0.019436345966958212,19 2  1 0 0 0 0 0 0 0 0 1 0 0 1 0 0 1 0 0 1,"[0, 3, 6, 9, 81]"
90,24,0.1694915254237288,25 2  1 0 0 1 0 0 1 0 0 0 0 0 1 0 0 0 0 0 0 0 0 0 0 0 1,"[0, 3, 6, 12, 24]"
90,24,0.05128205128205128,25 2  1 0 0 1 0 0 0 0 0 0 0 0 1 0 0 0 0 0 0 0 0 1 0 0 1,"[0, 3, 6, 12, 39]"
90,12,0.005344735435595938,13 2  1 0 0 1 0 0 1 0 0 1 0 0 1,"[0, 3, 6, 9, 87]"
90,24,0.13157894736842105,25 2  1 0 0 1 0 0 1 0 0 0 0 0 1 0 0 0 0 0 0 0 0 0 0 0 1,"[0, 3, 6, 12, 69]"
90,18,0.010940919037199124,19 2  1 0 0 0 0 0 1 0 0 1 0 0 1 0 0 0 0 0 1,"[0, 3, 6, 12, 84]"
90,18,0.019588638589618023,19 2  1 0 0 1 0 0 1 0 0 1 0 0 0 0 0 0 0 0 1,"[0, 3, 6, 15, 42]"
90,12,0.005599104143337066,13 2  1 0 0 1 0 0 1 0 0 1 0 0 1,"[0, 3, 6, 12, 54]"
90,18,0.017196904557179708,19 2  1 0 0 1 0 0 1 0 0 1 0 0 0 0 0 0 0 0 1,"[0, 3, 6, 18, 54]"
90,18,0.012903225806451613,19 2  1 0 0 1 0 0 1 0 0 1 0 0 0 0 0 0 0 0 1,"[0, 3, 6, 15, 87]"
90,18,0.02063983488132095,19 2  1 0 0 0 0 0 1 0 0 1 0 0 1 0 0 0 0 0 1,"[0, 3, 6, 24, 42]"
90,24,0.17857142857142858,25 2  1 0 0 1 0 0 1 0 0 0 0 0 1 0 0 0 0 0 0 0 0 0 0 0 1,"[0, 3, 6, 24, 57]"
90,24,0.13793103448275862,25 2  1 0 0 0 0 0 0 0 0 0 0 0 1 0 0 0 0 0 1 0 0 1 0 0 1,"[0, 3, 6, 27, 39]"
90,24,0.1652892561983471,25 2  1 0 0 0 0 0 0 0 0 0 0 0 1 0 0 0 0 0 1 0 0 1 0 0 1,"[0, 3, 6, 27, 84]"
90,18,0.014347202295552367,19 2  1 0 0 0 0 0 1 0 0 1 0 0 1 0 0 0 0 0 1,"[0, 3, 6, 24, 87]"
90,18,0.012338062924120914,19 2  1 0 0 0 0 0 0 0 0 1 0 0 1 0 0 1 0 0 1,"[0, 3, 6, 33, 87]"
90,18,0.01589825119236884,19 2  1 0 0 0 0 0 0 0 0 1 0 0 1 0 0 1 0 0 1,"[0, 3, 6, 33, 42]"
90,24,0.145985401459854,25 2  1 0 0 0 0 0 0 0 0 0 0 0 1 0 0 0 0 0 1 0 0 1 0 0 1,"[0, 3, 6, 39, 72]"
90,24,0.12903225806451613,25 2  1 0 0 1 0 0 1 0 0 0 0 0 1 0 0 0 0 0 0 0 0 0 0 0 1,"[0, 3, 6, 57, 69]"
90,18,0.016,19 2  1 0 0 0 0 0 0 0 0 1 0 0 1 0 0 1 0 0 1,"[0, 3, 6, 36, 54]"
90,24,0.23255813953488372,25 2  1 0 0 0 0 0 0 0 0 0 0 0 1 0 0 0 0 0 1 0 0 1 0 0 1,"[0, 3, 6, 72, 84]"
90,24,0.04329004329004329,25 2  1 0 0 1 0 0 0 0 0 0 0 0 1 0 0 0 0 0 0 0 0 1 0 0 1,"[0, 3, 6, 57, 84]"
90,24,0.17094017094017094,25 2  1 0 0 1 0 0 1 0 0 0 0 0 1 0 0 0 0 0 0 0 0 0 0 0 1,"[0, 3, 9, 21, 42]"
90,24,0.05249343832020997,25 2  1 0 0 0 0 0 1 0 0 1 0 0 0 0 0 1 0 0 1 0 0 1 0 0 1,"[0, 3, 9, 18, 51]"
90,24,0.06734006734006734,25 2  1 0 0 1 0 0 0 0 0 0 0 0 1 0 0 0 0 0 0 0 0 1 0 0 1,"[0, 3, 9, 36, 87]"
90,24,0.06269592476489028,25 2  1 0 0 1 0 0 1 0 0 1 0 0 0 0 0 1 0 0 1 0 0 0 0 0 1,"[0, 3, 9, 36, 51]"
90,24,0.05434782608695652,25 2  1 0 0 1 0 0 0 0 0 0 0 0 1 0 0 0 0 0 0 0 0 1 0 0 1,"[0, 3, 9, 51, 72]"
90,24,0.03305785123966942,25 2  1 0 0 0 0 0 1 0 0 1 0 0 0 0 0 1 0 0 1 0 0 1 0 0 1,"[0, 3, 9, 69, 72]"
90,24,0.06944444444444445,25 2  1 0 0 0 0 0 1 0 0 1 0 0 0 0 0 1 0 0 1 0 0 1 0 0 1,"[0, 3, 12, 21, 78]"
90,24,0.040983606557377046,25 2  1 0 0 1 0 0 0 0 0 0 0 0 1 0 0 0 0 0 0 0 0 1 0 0 1,"[0, 3, 12, 21, 24]"
90,24,0.0468384074941452,25 2  1 0 0 0 0 0 1 0 0 1 0 0 0 0 0 1 0 0 1 0 0 1 0 0 1,"[0, 3, 12, 39, 42]"
90,24,0.04640371229698376,25 2  1 0 0 1 0 0 1 0 0 1 0 0 0 0 0 1 0 0 1 0 0 0 0 0 1,"[0, 3, 15, 27, 36]"
90,24,0.04073319755600815,25 2  1 0 0 1 0 0 1 0 0 1 0 0 0 0 0 1 0 0 1 0 0 0 0 0 1,"[0, 3, 15, 72, 81]"
90,36,0.9090909090909091,37 2  1 0 0 1 0 0 1 0 0 0 0 0 0 0 0 1 0 0 1 0 0 1 0 0 0 0 0 0 0 0 1 0 0 1 0 0 1,"[0, 3, 18, 33, 45]"
90,24,0.06557377049180328,25 2  1 0 0 1 0 0 1 0 0 1 0 0 0 0 0 1 0 0 1 0 0 0 0 0 1,"[0, 3, 18, 27, 69]"
90,24,0.05128205128205128,25 2  1 0 0 0 0 0 1 0 0 1 0 0 0 0 0 1 0 0 1 0 0 1 0 0 1,"[0, 3, 21, 24, 30]"
90,24,0.0423728813559322,25 2  1 0 0 1 0 0 1 0 0 1 0 0 0 0 0 1 0 0 1 0 0 0 0 0 1,"[0, 3, 21, 24, 84]"
90,24,0.12738853503184713,25 2  1 0 0 0 0 0 0 0 0 0 0 0 1 0 0 0 0 0 1 0 0 1 0 0 1,"[0, 3, 24, 36, 42]"
90,12,0.00015118643555300218,13 2  1 0 0 0 1 0 1 0 1 0 0 0 1,"[0, 2, 4, 6, 18]"
90,36,0.9523809523809523,37 2  1 0 0 1 0 0 1 0 0 0 0 0 0 0 0 1 0 0 1 0 0 1 0 0 0 0 0 0 0 0 1 0 0 1 0 0 1,"[0, 3, 48, 60, 75]"
90,36,0.8333333333333334,37 2  1 0 0 0 0 0 1 0 0 0 0 0 1 0 0 0 0 0 1 0 0 0 0 0 0 0 0 0 0 0 0 0 0 0 0 0 1,"[0, 6, 12, 18, 36]"
90,24,0.5,25 2  1 0 0 0 0 0 1 0 0 0 0 0 1 0 0 0 0 0 1 0 0 0 0 0 1,"[0, 6, 12, 18, 24]"
90,36,0.9090909090909091,37 2  1 0 0 0 0 0 0 0 0 0 0 0 1 0 0 0 0 0 1 0 0 0 0 0 1 0 0 0 0 0 0 0 0 0 0 0 1,"[0, 6, 12, 18, 54]"
90,36,0.8,37 2  1 0 0 0 0 0 0 0 0 0 0 0 0 0 0 0 0 0 1 0 0 0 0 0 1 0 0 0 0 0 1 0 0 0 0 0 1,"[0, 6, 12, 18, 72]"
90,48,0.9523809523809523,49 2  1 0 0 0 0 0 1 0 0 0 0 0 1 0 0 0 0 0 0 0 0 0 0 0 1 0 0 0 0 0 0 0 0 0 0 0 0 0 0 0 0 0 0 0 0 0 0 0 1,"[0, 6, 12, 24, 48]"
90,36,0.8695652173913043,37 2  1 0 0 0 0 0 0 0 0 0 0 0 1 0 0 0 0 0 1 0 0 0 0 0 1 0 0 0 0 0 0 0 0 0 0 0 1,"[0, 6, 12, 24, 78]"
90,36,0.7692307692307693,37 2  1 0 0 0 0 0 1 0 0 0 0 0 1 0 0 0 0 0 1 0 0 0 0 0 0 0 0 0 0 0 0 0 0 0 0 0 1,"[0, 6, 12, 30, 84]"
90,24,0.46511627906976744,25 2  1 0 0 0 0 0 1 0 0 0 0 0 1 0 0 0 0 0 1 0 0 0 0 0 1,"[0, 6, 12, 18, 84]"
90,24,0.22727272727272727,25 2  1 0 0 0 0 0 1 0 0 0 0 0 0 0 0 0 0 0 0 0 0 0 0 0 1,"[0, 6, 12, 36, 42]"
90,36,0.7142857142857143,37 2  1 0 0 0 0 0 0 0 0 0 0 0 1 0 0 0 0 0 1 0 0 0 0 0 1 0 0 0 0 0 0 0 0 0 0 0 1,"[0, 6, 12, 48, 84]"
90,48,1,49 2  1 0 0 0 0 0 0 0 0 0 0 0 0 0 0 0 0 0 0 0 0 0 0 0 1 0 0 0 0 0 0 0 0 0 0 0 1 0 0 0 0 0 1 0 0 0 0 0 1,"[0, 6, 12, 54, 78]"
90,36,0.8695652173913043,37 2  1 0 0 0 0 0 0 0 0 0 0 0 0 0 0 0 0 0 1 0 0 0 0 0 1 0 0 0 0 0 1 0 0 0 0 0 1,"[0, 6, 12, 66, 84]"
90,24,0.5,25 2  1 0 0 0 0 0 1 0 0 0 0 0 1 0 0 0 0 0 1 0 0 0 0 0 1,"[0, 6, 12, 48, 54]"
90,24,0.47619047619047616,25 2  1 0 0 0 0 0 1 0 0 0 0 0 1 0 0 0 0 0 1 0 0 0 0 0 1,"[0, 6, 12, 78, 84]"
90,24,0.1652892561983471,25 2  1 0 0 0 0 0 0 0 0 0 0 0 0 0 0 0 0 0 1 0 0 0 0 0 1,"[0, 6, 12, 60, 66]"
90,36,0.8695652173913043,37 2  1 0 0 1 0 0 1 0 0 0 0 0 0 0 0 1 0 0 1 0 0 1 0 0 0 0 0 0 0 0 1 0 0 1 0 0 1,"[0, 6, 15, 30, 51]"
90,24,0.625,25 2  1 0 0 0 0 0 1 0 0 0 0 0 1 0 0 0 0 0 1 0 0 0 0 0 1,"[0, 6, 18, 24, 42]"
90,24,0.23255813953488372,25 2  1 0 0 0 0 0 1 0 0 0 0 0 0 0 0 0 0 0 0 0 0 0 0 0 1,"[0, 6, 18, 30, 78]"
90,24,0.23529411764705882,25 2  1 0 0 0 0 0 1 0 0 0 0 0 0 0 0 0 0 0 0 0 0 0 0 0 1,"[0, 6, 18, 36, 60]"
90,48,1,49 2  1 0 0 0 0 0 1 0 0 0 0 0 1 0 0 0 0 0 0 0 0 0 0 0 1 0 0 0 0 0 0 0 0 0 0 0 0 0 0 0 0 0 0 0 0 0 0 0 1,"[0, 6, 18, 42, 84]"
90,36,0.9090909090909091,37 2  1 0 0 0 0 0 1 0 0 0 0 0 1 0 0 0 0 0 1 0 0 0 0 0 0 0 0 0 0 0 0 0 0 0 0 0 1,"[0, 6, 18, 48, 54]"
90,24,0.22988505747126436,25 2  1 0 0 0 0 0 1 0 0 0 0 0 0 0 0 0 0 0 0 0 0 0 0 0 1,"[0, 6, 18, 48, 66]"
90,36,0.7692307692307693,37 2  1 0 0 0 0 0 0 0 0 0 0 0 1 0 0 0 0 0 1 0 0 0 0 0 1 0 0 0 0 0 0 0 0 0 0 0 1,"[0, 6, 18, 72, 84]"
90,24,0.18181818181818182,25 2  1 0 0 0 0 0 0 0 0 0 0 0 0 0 0 0 0 0 1 0 0 0 0 0 1,"[0, 6, 18, 66, 78]"
90,36,0.8,37 2  1 0 0 0 0 0 0 0 0 0 0 0 1 0 0 0 0 0 1 0 0 0 0 0 1 0 0 0 0 0 0 0 0 0 0 0 1,"[0, 6, 24, 42, 48]"
90,36,0.8333333333333334,37 2  1 0 0 0 0 0 1 0 0 0 0 0 1 0 0 0 0 0 1 0 0 0 0 0 0 0 0 0 0 0 0 0 0 0 0 0 1,"[0, 6, 24, 42, 66]"
90,24,0.18018018018018017,25 2  1 0 0 0 0 0 0 0 0 0 0 0 0 0 0 0 0 0 1 0 0 0 0 0 1,"[0, 6, 24, 36, 54]"
90,36,0.7407407407407407,37 2  1 0 0 0 0 0 1 0 0 0 0 0 1 0 0 0 0 0 1 0 0 0 0 0 0 0 0 0 0 0 0 0 0 0 0 0 1,"[0, 6, 24, 78, 84]"
90,12,0.0001305627909102185,13 2  1 0 1 0 1 0 1 0 0 0 0 0 1,"[0, 2, 4, 6, 42]"
90,24,0.3125,25 2  1 0 0 0 0 0 1 0 0 0 0 0 0 0 0 0 0 0 0 0 0 0 0 0 1,"[0, 6, 30, 36, 84]"
90,36,0.8,37 2  1 0 0 0 0 0 0 0 0 0 0 0 0 0 0 0 0 0 1 0 0 0 0 0 1 0 0 0 0 0 1 0 0 0 0 0 1,"[0, 6, 30, 54, 72]"
90,24,0.23255813953488372,25 2  1 0 0 0 0 0 0 0 0 0 0 0 0 0 0 0 0 0 1 0 0 0 0 0 1,"[0, 6, 30, 36, 42]"
90,24,0.3125,25 2  1 0 0 0 0 0 0 0 0 0 0 0 0 0 0 0 0 0 1 0 0 0 0 0 1,"[0, 6, 30, 48, 78]"
90,36,0.9523809523809523,37 2  1 0 0 0 0 0 0 0 0 0 0 0 0 0 0 0 0 0 1 0 0 0 0 0 1 0 0 0 0 0 1 0 0 0 0 0 1,"[0, 6, 36, 48, 54]"
90,36,0.7142857142857143,37 2  1 0 0 0 0 0 0 0 0 0 0 0 0 0 0 0 0 0 1 0 0 0 0 0 1 0 0 0 0 0 1 0 0 0 0 0 1,"[0, 6, 42, 48, 78]"
90,36,0.9090909090909091,37 2  1 0 0 1 0 0 1 0 0 0 0 0 0 0 0 1 0 0 1 0 0 1 0 0 0 0 0 0 0 0 1 0 0 1 0 0 1,"[0, 6, 45, 66, 81]"
90,48,1,49 2  1 0 0 0 0 0 0 0 0 0 0 0 0 0 0 0 0 0 0 0 0 0 0 0 1 0 0 0 0 0 0 0 0 0 0 0 1 0 0 0 0 0 1 0 0 0 0 0 1,"[0, 6, 48, 72, 84]"
90,36,0.8695652173913043,37 2  1 0 0 1 0 0 1 0 0 0 0 0 0 0 0 1 0 0 1 0 0 1 0 0 0 0 0 0 0 0 1 0 0 1 0 0 1,"[0, 9, 15, 54, 75]"
90,36,1,37 2  1 0 0 0 0 0 0 0 0 1 0 0 0 0 0 0 0 0 1 0 0 0 0 0 0 0 0 1 0 0 0 0 0 0 0 0 1,"[0, 9, 18, 27, 36]"
90,36,1,37 2  1 0 0 0 0 0 0 0 0 1 0 0 0 0 0 0 0 0 1 0 0 0 0 0 0 0 0 1 0 0 0 0 0 0 0 0 1,"[0, 9, 18, 27, 81]"
90,36,0.9523809523809523,37 2  1 0 0 0 0 0 0 0 0 1 0 0 0 0 0 0 0 0 1 0 0 0 0 0 0 0 0 1 0 0 0 0 0 0 0 0 1,"[0, 9, 18, 36, 72]"
90,36,1,37 2  1 0 0 0 0 0 0 0 0 1 0 0 0 0 0 0 0 0 1 0 0 0 0 0 0 0 0 1 0 0 0 0 0 0 0 0 1,"[0, 9, 18, 72, 81]"
90,36,0.9523809523809523,37 2  1 0 0 0 0 0 0 0 0 1 0 0 0 0 0 0 0 0 1 0 0 0 0 0 0 0 0 1 0 0 0 0 0 0 0 0 1,"[0, 9, 27, 36, 63]"
90,48,1,49 2  1 0 0 0 0 0 0 0 0 0 0 0 0 0 0 0 0 0 0 0 0 0 0 0 1 0 0 0 0 0 0 0 0 0 0 0 1 0 0 0 0 0 1 0 0 0 0 0 1,"[0, 12, 18, 24, 66]"
90,48,1,49 2  1 0 0 0 0 0 1 0 0 0 0 0 1 0 0 0 0 0 0 0 0 0 0 0 1 0 0 0 0 0 0 0 0 0 0 0 0 0 0 0 0 0 0 0 0 0 0 0 1,"[0, 12, 36, 78, 84]"
90,12,0.0001544377693008602,13 2  1 0 0 0 1 0 1 0 1 0 0 0 1,"[0, 2, 4, 8, 56]"
90,12,0.00020888382925835796,13 2  1 0 0 0 0 0 1 0 1 0 1 0 1,"[0, 2, 4, 22, 58]"
90,72,1,73 2  1 0 0 0 0 0 0 0 0 0 0 0 0 0 0 0 0 0 1 0 0 0 0 0 0 0 0 0 0 0 0 0 0 0 0 0 1 0 0 0 0 0 0 0 0 0 0 0 0 0 0 0 0 0 1 0 0 0 0 0 0 0 0 0 0 0 0 0 0 0 0 0 1,"[0, 18, 36, 54, 72]"
90,12,0.00014404448093571296,13 2  1 0 0 0 0 0 1 0 1 0 1 0 1,"[0, 2, 4, 6, 54]"
90,48,1,49 2  1 0 0 0 0 0 0 0 0 0 0 0 0 0 0 0 0 0 0 0 0 0 0 0 1 0 0 0 0 0 0 0 0 0 0 0 1 0 0 0 0 0 1 0 0 0 0 0 1,"[0, 24, 36, 42, 48]"
90,48,1,49 2  1 0 0 0 0 0 1 0 0 0 0 0 1 0 0 0 0 0 0 0 0 0 0 0 1 0 0 0 0 0 0 0 0 0 0 0 0 0 0 0 0 0 0 0 0 0 0 0 1,"[0, 24, 66, 72, 78]"
90,12,0.00010805087034976067,13 2  1 0 0 0 0 0 1 0 1 0 1 0 1,"[0, 2, 4, 6, 24]"
90,12,0.00014253338844624354,13 2  1 0 1 0 1 0 1 0 0 0 0 0 1,"[0, 2, 4, 10, 28]"
90,48,1,49 2  1 0 0 0 0 0 1 0 0 0 0 0 1 0 0 0 0 0 0 0 0 0 0 0 1 0 0 0 0 0 0 0 0 0 0 0 0 0 0 0 0 0 0 0 0 0 0 0 1,"[0, 42, 48, 54, 66]"
90,48,1,49 2  1 0 0 0 0 0 0 0 0 0 0 0 0 0 0 0 0 0 0 0 0 0 0 0 1 0 0 0 0 0 0 0 0 0 0 0 1 0 0 0 0 0 1 0 0 0 0 0 1,"[0, 42, 66, 78, 84]"
90,12,0.0001183312921185443,13 2  1 0 0 0 1 0 1 0 1 0 0 0 1,"[0, 2, 4, 6, 78]"
90,12,0.0001297000038910001,13 2  1 0 0 0 0 0 1 0 1 0 1 0 1,"[0, 2, 4, 6, 84]"
90,12,0.00012852148879292618,13 2  1 0 1 0 1 0 1 0 0 0 0 0 1,"[0, 2, 4, 10, 58]"
90,12,0.0001407182258246088,13 2  1 0 0 0 1 0 1 0 1 0 0 0 1,"[0, 2, 4, 8, 26]"
90,12,0.00012559658377292137,13 2  1 0 0 0 0 0 1 0 1 0 1 0 1,"[0, 2, 4, 22, 28]"
90,12,0.00010029738173684976,13 2  1 0 0 0 1 0 1 0 1 0 0 0 1,"[0, 2, 4, 6, 48]"
90,10,0.0000075067579588524565,11 2  1 0 0 0 1 0 0 1 0 1 1,"[0, 1, 3, 10, 15]"
90,10,0.00000719211025505021,11 2  1 1 0 1 0 0 1 0 0 0 1,"[0, 1, 3, 6, 10]"
90,10,0.000006971786921276325,11 2  1 0 0 0 1 0 0 1 0 1 1,"[0, 1, 4, 16, 18]"
90,14,0.000008139014365360355,15 2  1 0 1 1 0 1 1 0 0 0 0 1 0 0 1,"[0, 1, 22, 54, 61]"
90,10,0.000007312750621675212,11 2  1 1 0 1 0 0 1 0 0 0 1,"[0, 1, 3, 10, 51]"
90,14,0.000008450770879319612,15 2  1 0 1 1 0 1 1 0 0 0 0 1 0 0 1,"[0, 1, 19, 60, 75]"
90,10,0.000006931923657338377,11 2  1 1 0 1 0 0 1 0 0 0 1,"[0, 1, 3, 19, 33]"
90,14,0.000007336423434884107,15 2  1 0 0 1 0 0 0 0 1 1 0 1 1 0 1,"[0, 1, 3, 55, 60]"
90,14,0.000006295550273588876,15 2  1 0 1 1 0 1 1 0 0 0 0 1 0 0 1,"[0, 1, 15, 19, 30]"
90,14,0.000006569898629749093,15 2  1 0 1 1 0 1 1 0 0 0 0 1 0 0 1,"[0, 1, 31, 36, 88]"
90,10,0.000006242713582740146,11 2  1 1 0 1 0 0 1 0 0 0 1,"[0, 1, 3, 19, 78]"
90,10,0.000006605021996374504,11 2  1 1 1 0 0 1 0 0 1 1 1,"[0, 1, 3, 24, 37]"
90,14,0.000006606887548131176,15 2  1 0 1 1 0 1 1 0 0 0 0 1 0 0 1,"[0, 1, 30, 73, 87]"
90,14,0.000006508355263778757,15 2  1 0 0 1 0 0 0 0 1 1 0 1 1 0 1,"[0, 1, 4, 18, 61]"
90,14,0.000005874972938405903,15 2  1 0 0 1 0 0 0 0 1 1 0 1 1 0 1,"[0, 1, 18, 31, 34]"
90,10,0.000004535170016721172,11 2  1 1 1 0 0 1 0 0 1 1 1,"[0, 1, 3, 19, 87]"
90,14,0.000005269590955906434,15 2  1 0 0 1 0 0 0 0 1 1 0 1 1 0 1,"[0, 1, 16, 31, 72]"
90,10,0.000005466412041193788,11 2  1 1 1 0 0 1 0 0 1 1 1,"[0, 1, 3, 37, 69]"
90,10,0.000004973467792692931,11 2  1 1 1 0 0 1 0 0 1 1 1,"[0, 1, 3, 24, 82]"
90,14,0.000005505525620789305,15 2  1 0 0 1 0 0 0 0 1 1 0 1 1 0 1,"[0, 1, 30, 33, 55]"
90,10,0.000004631616292821898,11 2  1 1 0 1 0 0 1 0 0 0 1,"[0, 1, 3, 6, 55]"
90,10,0.00000463629967650219,11 2  1 0 0 0 1 0 0 1 0 1 1,"[0, 1, 3, 10, 60]"
90,10,0.000004724192210373948,11 2  1 0 0 0 1 0 0 1 0 1 1,"[0, 1, 3, 15, 55]"
90,10,0.000004229688138748998,11 2  1 1 1 0 0 1 0 0 1 1 1,"[0, 1, 3, 19, 42]"
90,10,0.000004327367048138497,11 2  1 0 0 0 1 0 0 1 0 1 1,"[0, 1, 4, 16, 63]"
