12,4,0.37735849056603776,5 2  1 0 1 0 1,"[0, 1, 2, 7, 10]"
12,6,0.6451612903225806,7 2  1 1 0 1 0 1 1,"[0, 1, 3, 5, 6]"
12,4,0.2222222222222222,5 2  1 0 1 0 1,"[0, 1, 2, 4, 7]"
12,4,0.25316455696202533,5 2  1 0 1 0 1,"[0, 1, 3, 6, 11]"
12,4,0.30303030303030304,5 2  1 0 1 0 1,"[0, 1, 4, 7, 8]"
12,4,0.2777777777777778,5 2  1 0 1 0 1,"[0, 1, 5, 6, 9]"
12,6,0.46511627906976744,7 2  1 1 0 1 0 1 1,"[0, 1, 7, 8, 10]"
12,6,0.5714285714285714,7 2  1 1 0 1 0 1 1,"[0, 2, 3, 9, 10]"
12,6,0.6451612903225806,7 2  1 1 0 1 0 1 1,"[0, 2, 4, 5, 11]"
12,6,0.5882352941176471,7 2  1 1 0 1 0 1 1,"[0, 6, 7, 9, 11]"
12,2,0.015527950310559006,3 2  1 1 1,"[0, 1, 2, 3, 9]"
12,2,0.013157894736842105,3 2  1 1 1,"[0, 1, 2, 3, 6]"
12,2,0.013333333333333334,3 2  1 1 1,"[0, 1, 2, 5, 8]"
12,2,0.012121212121212121,3 2  1 1 1,"[0, 1, 2, 4, 10]"
12,2,0.0091324200913242,3 2  1 1 1,"[0, 1, 2, 6, 9]"
