45,6,0.00010414551210951942,7 2  1 1 1 1 0 0 1,"[0, 1, 2, 3, 6]"
45,6,0.00008152783156349999,7 2  1 1 1 1 0 0 1,"[0, 1, 2, 3, 36]"
45,6,0.00007950515988487653,7 2  1 0 0 1 1 1 1,"[0, 1, 2, 3, 12]"
45,8,0.003367003367003367,9 2  1 1 1 0 1 0 0 0 1,"[0, 1, 2, 4, 8]"
45,8,0.0026072220049537216,9 2  1 1 1 0 1 0 0 0 1,"[0, 1, 2, 4, 23]"
45,6,0.00008415418730197468,7 2  1 0 0 1 1 1 1,"[0, 1, 2, 3, 27]"
45,6,0.00007598784194528876,7 2  1 1 1 1 0 0 1,"[0, 1, 2, 3, 21]"
45,8,0.0025028156676260792,9 2  1 1 1 0 1 0 0 0 1,"[0, 1, 2, 4, 38]"
45,6,0.00006811826693505264,7 2  1 0 1 1 1 0 1,"[0, 1, 2, 3, 24]"
45,8,0.003952569169960474,9 2  1 1 1 0 1 0 0 0 1,"[0, 1, 2, 8, 19]"
45,8,0.0031660598385309484,9 2  1 1 1 0 1 0 0 0 1,"[0, 1, 2, 8, 34]"
45,8,0.002586652871184687,9 2  1 0 0 0 1 0 1 1 1,"[0, 1, 2, 9, 13]"
45,6,0.000060548814454212985,7 2  1 0 1 1 1 0 1,"[0, 1, 2, 3, 39]"
45,8,0.003543586109142452,9 2  1 0 0 0 1 0 1 1 1,"[0, 1, 2, 9, 28]"
45,8,0.0036409976333515383,9 2  1 0 0 0 1 0 1 1 1,"[0, 1, 2, 9, 43]"
45,6,0.00006728388416406503,7 2  1 0 1 1 1 0 1,"[0, 1, 2, 3, 9]"
45,8,0.003026176426085641,9 2  1 0 0 0 1 0 1 1 1,"[0, 1, 2, 13, 24]"
45,8,0.002609262883235486,9 2  1 0 0 0 1 0 1 1 1,"[0, 1, 2, 13, 39]"
45,10,0.005583472920156337,11 2  1 1 0 1 0 0 1 0 0 0 1,"[0, 1, 3, 6, 10]"
45,6,0.005148005148005148,7 2  1 0 0 1 0 0 1,"[0, 1, 3, 6, 19]"
45,6,0.012165450121654502,7 2  1 0 0 1 0 0 1,"[0, 1, 3, 6, 28]"
45,6,0.005357621216180016,7 2  1 0 0 1 0 0 1,"[0, 1, 3, 6, 37]"
45,10,0.011019283746556474,11 2  1 0 0 0 1 0 0 1 0 1 1,"[0, 1, 3, 10, 15]"
45,6,0.008291873963515755,7 2  1 0 0 1 0 0 1,"[0, 1, 3, 10, 24]"
45,6,0.007309941520467836,7 2  1 0 0 1 0 0 1,"[0, 1, 3, 10, 33]"
45,10,0.006596306068601583,11 2  1 1 0 1 0 0 1 0 0 0 1,"[0, 1, 3, 19, 33]"
45,10,0.00904977375565611,11 2  1 1 1 0 0 1 0 0 1 1 1,"[0, 1, 3, 19, 42]"
45,10,0.007547169811320755,11 2  1 1 1 0 0 1 0 0 1 1 1,"[0, 1, 3, 24, 37]"
45,10,0.007044734061289186,11 2  1 1 1 0 0 1 0 0 1 1 1,"[0, 1, 4, 7, 18]"
45,10,0.006642311524410495,11 2  1 0 0 0 1 0 0 1 0 1 1,"[0, 1, 4, 16, 18]"
45,10,0.008695652173913044,11 2  1 0 0 0 1 0 0 1 0 1 1,"[0, 1, 4, 27, 34]"
45,10,0.008669267446900737,11 2  1 1 1 0 0 1 0 0 1 1 1,"[0, 1, 4, 27, 43]"
45,10,0.1941747572815534,11 2  1 0 0 0 0 1 0 0 0 0 1,"[0, 1, 5, 10, 16]"
45,10,0.1724137931034483,11 2  1 0 0 0 0 1 0 0 0 0 1,"[0, 1, 5, 10, 31]"
45,10,0.14814814814814814,11 2  1 0 0 0 0 1 0 0 0 0 1,"[0, 1, 5, 16, 25]"
45,10,0.20202020202020202,11 2  1 0 0 0 0 1 0 0 0 0 1,"[0, 1, 5, 16, 40]"
45,10,0.1652892561983471,11 2  1 0 0 0 0 1 0 0 0 0 1,"[0, 1, 5, 25, 31]"
45,10,0.007194244604316547,11 2  1 1 0 1 0 0 1 0 0 0 1,"[0, 1, 6, 19, 21]"
45,10,0.008932559178204555,11 2  1 0 0 0 1 0 0 1 0 1 1,"[0, 1, 6, 19, 39]"
45,10,0.007958615200955034,11 2  1 1 1 0 0 1 0 0 1 1 1,"[0, 1, 7, 9, 13]"
45,10,0.010598834128245893,11 2  1 1 0 1 0 0 1 0 0 0 1,"[0, 1, 7, 9, 31]"
45,10,0.009229349330872173,11 2  1 0 0 0 1 0 0 1 0 1 1,"[0, 1, 7, 22, 27]"
45,10,0.012338062924120914,11 2  1 1 0 1 0 0 1 0 0 0 1,"[0, 1, 7, 27, 40]"
45,12,0.26666666666666666,13 2  1 0 0 1 0 0 1 0 0 1 0 0 1,"[0, 3, 6, 9, 12]"
45,18,0.40816326530612246,19 2  1 0 0 1 0 0 1 0 0 1 0 0 0 0 0 0 0 0 1,"[0, 3, 6, 9, 18]"
45,18,0.6060606060606061,19 2  1 0 0 0 0 0 1 0 0 1 0 0 1 0 0 0 0 0 1,"[0, 3, 6, 9, 27]"
45,18,0.6896551724137931,19 2  1 0 0 0 0 0 0 0 0 1 0 0 1 0 0 1 0 0 1,"[0, 3, 6, 9, 36]"
45,12,0.23529411764705882,13 2  1 0 0 1 0 0 1 0 0 1 0 0 1,"[0, 3, 6, 9, 42]"
45,24,0.9523809523809523,25 2  1 0 0 1 0 0 1 0 0 0 0 0 1 0 0 0 0 0 0 0 0 0 0 0 1,"[0, 3, 6, 12, 24]"
45,18,0.5,19 2  1 0 0 0 0 0 1 0 0 1 0 0 1 0 0 0 0 0 1,"[0, 3, 6, 12, 39]"
45,18,0.6666666666666666,19 2  1 0 0 1 0 0 1 0 0 1 0 0 0 0 0 0 0 0 1,"[0, 3, 6, 15, 42]"
45,12,0.19047619047619047,13 2  1 0 0 1 0 0 0 0 0 0 0 0 1,"[0, 3, 6, 18, 21]"
45,12,0.30303030303030304,13 2  1 0 0 1 0 0 1 0 0 1 0 0 1,"[0, 3, 6, 24, 27]"
45,18,0.6666666666666666,19 2  1 0 0 0 0 0 1 0 0 1 0 0 1 0 0 0 0 0 1,"[0, 3, 6, 24, 42]"
45,24,0.9523809523809523,25 2  1 0 0 0 0 0 0 0 0 0 0 0 1 0 0 0 0 0 1 0 0 1 0 0 1,"[0, 3, 6, 27, 39]"
45,12,0.09900990099009901,13 2  1 0 0 0 0 0 0 0 0 1 0 0 1,"[0, 3, 6, 30, 33]"
45,18,0.46511627906976744,19 2  1 0 0 0 0 0 0 0 0 1 0 0 1 0 0 1 0 0 1,"[0, 3, 6, 33, 42]"
45,12,0.3448275862068966,13 2  1 0 0 1 0 0 1 0 0 1 0 0 1,"[0, 3, 6, 39, 42]"
45,12,0.3389830508474576,13 2  1 0 0 1 0 0 1 0 0 1 0 0 1,"[0, 3, 9, 12, 21]"
45,12,0.11363636363636363,13 2  1 0 0 1 0 0 0 0 0 0 0 0 1,"[0, 3, 9, 15, 39]"
45,12,0.08547008547008547,13 2  1 0 0 1 0 0 0 0 0 0 0 0 1,"[0, 3, 9, 18, 30]"
45,24,0.9523809523809523,25 2  1 0 0 1 0 0 1 0 0 0 0 0 1 0 0 0 0 0 0 0 0 0 0 0 1,"[0, 3, 9, 21, 42]"
45,18,0.6060606060606061,19 2  1 0 0 1 0 0 1 0 0 1 0 0 0 0 0 0 0 0 1,"[0, 3, 9, 24, 27]"
45,12,0.16260162601626016,13 2  1 0 0 1 0 0 0 0 0 0 0 0 1,"[0, 3, 9, 24, 33]"
45,12,0.11834319526627218,13 2  1 0 0 0 0 0 0 0 0 1 0 0 1,"[0, 3, 9, 33, 39]"
45,18,0.6060606060606061,19 2  1 0 0 0 0 0 1 0 0 1 0 0 1 0 0 0 0 0 1,"[0, 3, 9, 36, 42]"
45,12,0.11627906976744186,13 2  1 0 0 0 0 0 0 0 0 1 0 0 1,"[0, 3, 12, 18, 27]"
45,18,0.5714285714285714,19 2  1 0 0 0 0 0 1 0 0 1 0 0 1 0 0 0 0 0 1,"[0, 3, 12, 21, 24]"
45,18,0.6060606060606061,19 2  1 0 0 1 0 0 1 0 0 1 0 0 0 0 0 0 0 0 1,"[0, 3, 12, 21, 33]"
45,18,0.5405405405405406,19 2  1 0 0 1 0 0 1 0 0 1 0 0 0 0 0 0 0 0 1,"[0, 3, 12, 39, 42]"
45,12,0.10695187165775401,13 2  1 0 0 0 0 0 0 0 0 1 0 0 1,"[0, 3, 15, 18, 21]"
45,12,0.08264462809917356,13 2  1 0 0 1 0 0 0 0 0 0 0 0 1,"[0, 3, 15, 18, 42]"
45,12,0.14184397163120568,13 2  1 0 0 0 0 0 0 0 0 1 0 0 1,"[0, 3, 15, 24, 39]"
45,18,0.5128205128205128,19 2  1 0 0 0 0 0 0 0 0 1 0 0 1 0 0 1 0 0 1,"[0, 3, 15, 27, 36]"
45,18,0.5882352941176471,19 2  1 0 0 0 0 0 0 0 0 1 0 0 1 0 0 1 0 0 1,"[0, 3, 18, 24, 27]"
45,18,0.5882352941176471,19 2  1 0 0 0 0 0 0 0 0 1 0 0 1 0 0 1 0 0 1,"[0, 3, 21, 24, 39]"
45,24,1,25 2  1 0 0 0 0 0 0 0 0 0 0 0 1 0 0 0 0 0 1 0 0 1 0 0 1,"[0, 3, 24, 36, 42]"
45,24,0.9523809523809523,25 2  1 0 0 0 0 0 0 0 0 0 0 0 1 0 0 0 0 0 1 0 0 1 0 0 1,"[0, 6, 9, 12, 33]"
45,24,1,25 2  1 0 0 1 0 0 1 0 0 0 0 0 1 0 0 0 0 0 0 0 0 0 0 0 1,"[0, 6, 18, 39, 42]"
45,36,1,37 2  1 0 0 0 0 0 0 0 0 1 0 0 0 0 0 0 0 0 1 0 0 0 0 0 0 0 0 1 0 0 0 0 0 0 0 0 1,"[0, 9, 18, 27, 36]"
45,24,0.9090909090909091,25 2  1 0 0 0 0 0 0 0 0 0 0 0 1 0 0 0 0 0 1 0 0 1 0 0 1,"[0, 12, 18, 21, 24]"
45,24,0.9090909090909091,25 2  1 0 0 1 0 0 1 0 0 0 0 0 1 0 0 0 0 0 0 0 0 0 0 0 1,"[0, 12, 33, 36, 39]"
45,24,1,25 2  1 0 0 1 0 0 1 0 0 0 0 0 1 0 0 0 0 0 0 0 0 0 0 0 1,"[0, 21, 24, 27, 33]"
45,24,0.9523809523809523,25 2  1 0 0 0 0 0 0 0 0 0 0 0 1 0 0 0 0 0 1 0 0 1 0 0 1,"[0, 21, 33, 39, 42]"
45,6,0.00007011000259407009,7 2  1 0 0 1 1 1 1,"[0, 1, 2, 3, 42]"
45,6,0.00010753035044141209,7 2  1 1 1 1 0 0 1,"[0, 1, 2, 5, 14]"
45,6,0.00009814698492462312,7 2  1 0 0 1 1 1 1,"[0, 1, 2, 11, 14]"
45,6,0.00007893500886045474,7 2  1 0 1 1 1 0 1,"[0, 1, 2, 4, 13]"
45,6,0.00007188529981561421,7 2  1 1 1 1 0 0 1,"[0, 1, 2, 5, 29]"
45,6,0.000056845474105465406,7 2  1 0 1 1 1 0 1,"[0, 1, 2, 4, 28]"
45,6,0.00006506265533708962,7 2  1 0 0 1 1 1 1,"[0, 1, 2, 11, 29]"
