4,0.031446540880503145,102
4,0.02242152466367713,74
4,0.008952551477170993,68
4,0.013262599469496022,177
4,0.030211480362537766,156
4,0.01733102253032929,127
4,0.016835016835016835,251
4,0.01597444089456869,150
4,0.01366120218579235,150
4,0.03389830508474576,148
4,0.017825311942959002,117
4,0.02159827213822894,160
4,0.012610340479192938,126
4,0.017391304347826087,132
4,0.056179775280898875,161
4,0.0364963503649635,114
4,0.016891891891891893,247
4,0.03861003861003861,97
4,0.03424657534246575,194
4,0.017761989342806393,153
4,0.03861003861003861,162
4,0.015060240963855422,108
4,0.014245014245014245,110
4,0.02666666666666667,193
4,0.017361111111111112,199
4,0.01107419712070875,128
4,0.05405405405405406,202
4,0.019083969465648856,226
4,0.022321428571428572,110
4,0.02680965147453083,153
4,0.022675736961451247,187
4,0.022988505747126436,128
4,0.020703933747412008,163
4,0.013869625520110958,126
4,0.03424657534246575,142
4,0.02252252252252252,122
4,0.017793594306049824,164
4,0.02358490566037736,119
4,0.014534883720930232,89
4,0.02570694087403599,171
4,0.029411764705882353,110
4,0.028169014084507043,181
4,0.015772870662460567,169
4,0.025510204081632654,131
4,0.026525198938992044,232
4,0.03571428571428571,127
4,0.02288329519450801,109
4,0.03184713375796178,151
4,0.029154518950437316,110
4,0.010976948408342482,156
4,0.025906735751295335,116
4,0.02481389578163772,100
4,0.031545741324921134,192
4,0.02506265664160401,208
4,0.029498525073746312,117
4,0.020964360587002098,143
4,0.016260162601626018,214
4,0.02564102564102564,100
4,0.032679738562091505,245
4,0.010660980810234541,191
4,0.03597122302158273,127
4,0.02092050209205021,169
4,0.01697792869269949,121
4,0.021505376344086023,164
4,0.014367816091954023,110
4,0.030864197530864196,142
4,0.018214936247723135,123
4,0.017699115044247787,150
4,0.016339869281045753,81
4,0.01182033096926714,151
4,0.018867924528301886,135
4,0.021645021645021644,172
4,0.011574074074074073,154
4,0.020876826722338204,141
4,0.029069767441860465,146
4,0.022321428571428572,72
4,0.012626262626262626,114
4,0.026954177897574125,123
4,0.03125,162
4,0.011135857461024499,72
4,0.02032520325203252,221
4,0.01310615989515072,212
4,0.016722408026755852,191
4,0.018975332068311195,188
4,0.02044989775051125,145
4,0.015503875968992248,150
4,0.025252525252525252,80
4,0.03134796238244514,128
4,0.01124859392575928,129
4,0.01818181818181818,149
4,0.01594896331738437,117
4,0.02717391304347826,89
4,0.026595744680851064,186
4,0.017361111111111112,165
4,0.011198208286674132,121
4,0.011641443538998836,121
4,0.03289473684210526,170
4,0.028735632183908046,72
4,0.015432098765432098,114
4,0.02012072434607646,143
4,0.01615508885298869,129
4,0.0196078431372549,128
4,0.02159827213822894,114
4,0.0205761316872428,108
4,0.01718213058419244,218
4,0.01721170395869191,124
4,0.054945054945054944,125
4,0.014144271570014143,106
4,0.012345679012345678,119
4,0.017543859649122806,127
4,0.023310023310023312,123
4,0.031545741324921134,87
4,0.029585798816568046,147
4,0.018518518518518517,133
4,0.014326647564469915,136
4,0.021645021645021644,171
4,0.030120481927710843,104
4,0.013774104683195593,118
4,0.01949317738791423,200
4,0.020366598778004074,176
4,0.01639344262295082,228
4,0.038910505836575876,143
4,0.020202020202020204,217
4,0.018214936247723135,124
4,0.012254901960784314,126
4,0.02570694087403599,232
4,0.03745318352059925,104
4,0.043859649122807015,225
4,0.036101083032490974,230
4,0.014064697609001406,108
4,0.02159827213822894,122
4,0.013736263736263736,132
4,0.038314176245210725,220
4,0.01592356687898089,116
4,0.018018018018018018,146
4,0.025252525252525252,128
4,0.02100840336134454,138
4,0.023809523809523808,194
4,0.011961722488038277,223
4,0.014577259475218658,215
4,0.01440922190201729,67
4,0.02188183807439825,125
4,0.01597444089456869,108
4,0.034482758620689655,118
4,0.037037037037037035,126
4,0.03164556962025317,122
4,0.0176678445229682,156
4,0.02040816326530612,128
4,0.025906735751295335,173
4,0.0176678445229682,123
4,0.017889087656529516,99
4,0.017889087656529516,112
4,0.020618556701030927,117
4,0.015037593984962405,126
4,0.016181229773462782,78
4,0.015015015015015015,162
4,0.022573363431151242,163
4,0.020080321285140562,170
4,0.01451378809869376,166
4,0.018691588785046728,244
4,0.0273972602739726,171
4,0.02012072434607646,74
4,0.019230769230769232,82
4,0.033112582781456956,124
4,0.01841620626151013,120
4,0.018518518518518517,122
4,0.016474464579901153,118
4,0.018315018315018316,112
4,0.03003003003003003,133
4,0.021739130434782608,172
4,0.015220700152207,150
4,0.026246719160104987,131
4,0.019801980198019802,112
4,0.023148148148148147,74
4,0.017605633802816902,78
4,0.01757469244288225,136
4,0.01652892561983471,158
4,0.03861003861003861,238
4,0.022172949002217297,129
4,0.01092896174863388,212
4,0.01592356687898089,144
4,0.01451378809869376,125
4,0.01610305958132045,160
4,0.021505376344086023,104
4,0.025510204081632654,158
4,0.019083969465648856,158
4,0.029239766081871343,216
4,0.0125,168
4,0.01584786053882726,186
4,0.018656716417910446,127
4,0.01763668430335097,192
4,0.02159827213822894,143
4,0.016260162601626018,74
4,0.017035775127768313,238
4,0.02053388090349076,100
4,0.01272264631043257,116
4,0.013513513513513514,191
4,0.03257328990228013,112
4,0.01680672268907563,134
4,0.01564945226917058,200
4,0.021691973969631236,74
4,0.022222222222222223,154
4,0.013831258644536652,126
4,0.02967359050445104,126
4,0.028089887640449437,121
4,0.023148148148148147,130
4,0.021052631578947368,88
4,0.026595744680851064,170
4,0.02849002849002849,190
4,0.02044989775051125,218
4,0.021367521367521368,123
4,0.044444444444444446,74
4,0.01680672268907563,174
4,0.015479876160990712,132
4,0.01838235294117647,79
4,0.017605633802816902,115
4,0.014749262536873156,185
4,0.017699115044247787,177
4,0.014144271570014143,153
4,0.018315018315018316,110
4,0.011834319526627219,116
4,0.02262443438914027,196
4,0.01858736059479554,194
4,0.015174506828528073,128
4,0.017152658662092625,203
4,0.01818181818181818,109
4,0.01615508885298869,81
4,0.014577259475218658,78
4,0.01579778830963665,145
4,0.017094017094017096,106
4,0.011587485515643106,127
4,0.01451378809869376,86
4,0.010706638115631691,108
4,0.01733102253032929,122
4,0.022675736961451247,125
4,0.024509803921568627,148
4,0.011834319526627219,209
4,0.02247191011235955,179
4,0.017761989342806393,125
4,0.021321961620469083,124
4,0.028328611898016998,138
4,0.013157894736842105,133
4,0.029069767441860465,76
4,0.02493765586034913,116
4,0.021551724137931036,140
4,0.01984126984126984,74
4,0.010810810810810811,162
4,0.02570694087403599,106
4,0.02570694087403599,131
4,0.017985611510791366,140
4,0.017241379310344827,130
4,0.01358695652173913,185
4,0.017921146953405017,114
4,0.01953125,108
4,0.017825311942959002,80
4,0.020491803278688523,88
4,0.03496503496503497,219
4,0.02364066193853428,126
4,0.02100840336134454,150
4,0.02,246
4,0.01564945226917058,175
4,0.031545741324921134,110
4,0.013123359580052493,76
4,0.012578616352201259,128
4,0.030303030303030304,128
4,0.012690355329949238,124
4,0.0176678445229682,148
4,0.019801980198019802,119
4,0.017889087656529516,64
4,0.02079002079002079,108
4,0.023529411764705882,103
4,0.01996007984031936,157
4,0.020242914979757085,225
4,0.011534025374855825,234
4,0.03484320557491289,101
4,0.019417475728155338,200
4,0.01652892561983471,187
4,0.018214936247723135,237
4,0.017605633802816902,100
4,0.022573363431151242,135
4,0.01592356687898089,108
4,0.014619883040935672,196
4,0.014104372355430184,182
4,0.016891891891891893,167
4,0.029585798816568046,89
4,0.018726591760299626,166
4,0.0364963503649635,101
4,0.014771048744460856,127
4,0.012578616352201259,136
4,0.02358490566037736,120
4,0.014749262536873156,202
4,0.024213075060532687,131
4,0.020964360587002098,191
4,0.017271157167530225,79
4,0.010141987829614604,122
4,0.010940919037199124,84
4,0.032362459546925564,78
4,0.021551724137931036,230
4,0.020703933747412008,125
4,0.020964360587002098,183
4,0.019801980198019802,195
4,0.02074688796680498,110
4,0.016339869281045753,182
4,0.01858736059479554,125
4,0.017123287671232876,139
4,0.01529051987767584,109
4,0.014492753623188406,240
4,0.022727272727272728,123
4,0.013736263736263736,179
4,0.02004008016032064,151
4,0.02159827213822894,89
4,0.011299435028248588,223
4,0.019342359767891684,114
4,0.02976190476190476,151
4,0.030395136778115502,207
4,0.04184100418410042,132
4,0.02145922746781116,156
4,0.02881844380403458,64
4,0.012422360248447204,236
4,0.01730103806228374,191
4,0.031446540880503145,128
4,0.019455252918287938,184
4,0.011737089201877934,134
4,0.016863406408094434,115
4,0.024630541871921183,180
4,0.023923444976076555,253
4,0.027624309392265192,204
4,0.020703933747412008,124
4,0.01430615164520744,150
4,0.01890359168241966,114
4,0.028409090909090908,172
4,0.018691588785046728,187
4,0.02092050209205021,183
4,0.02702702702702703,207
4,0.015748031496062992,122
4,0.020833333333333332,130
4,0.038314176245210725,130
4,0.013227513227513227,230
4,0.016025641025641024,123
4,0.018484288354898338,152
4,0.011123470522803115,72
4,0.02159827213822894,210
4,0.016181229773462782,167
4,0.02710027100271003,135
4,0.01288659793814433,128
4,0.04081632653061224,162
4,0.016181229773462782,115
4,0.02320185614849188,149
4,0.01597444089456869,127
4,0.02849002849002849,123
4,0.022026431718061675,115
4,0.016835016835016835,171
4,0.016233766233766232,109
4,0.01904761904761905,147
4,0.02127659574468085,118
4,0.019011406844106463,137
4,0.013157894736842105,116
4,0.022779043280182234,139
4,0.03436426116838488,182
4,0.01675041876046901,100
4,0.02145922746781116,110
4,0.013458950201884253,142
4,0.03731343283582089,136
4,0.03773584905660377,111
4,0.018726591760299626,204
4,0.027247956403269755,201
4,0.01763668430335097,111
4,0.022321428571428572,210
4,0.02012072434607646,102
4,0.02237136465324385,129
4,0.01615508885298869,130
4,0.020366598778004074,136
4,0.013192612137203167,117
4,0.02358490566037736,97
4,0.016286644951140065,183
4,0.016051364365971106,148
4,0.017064846416382253,159
4,0.01818181818181818,145
4,0.02159827213822894,134
4,0.026737967914438502,244
4,0.014450867052023121,114
4,0.01557632398753894,189
4,0.018148820326678767,80
4,0.01594896331738437,218
4,0.019762845849802372,104
4,0.01984126984126984,167
4,0.032679738562091505,179
4,0.016366612111292964,135
4,0.024271844660194174,146
4,0.01335113484646195,148
4,0.018050541516245487,124
4,0.017482517482517484,219
4,0.04149377593360996,193
4,0.015037593984962405,123
4,0.023310023310023312,224
4,0.017605633802816902,159
4,0.02881844380403458,195
4,0.024096385542168676,108
4,0.018018018018018018,149
4,0.021834061135371178,165
4,0.017857142857142856,206
4,0.019267822736030827,160
4,0.01841620626151013,110
4,0.02207505518763797,174
4,0.02680965147453083,203
4,0.03115264797507788,127
4,0.016722408026755852,151
4,0.02,76
4,0.024752475247524754,150
4,0.027247956403269755,129
4,0.014970059880239521,171
4,0.01890359168241966,130
4,0.021929824561403508,127
4,0.024752475247524754,133
4,0.022675736961451247,72
4,0.01669449081803005,129
4,0.02092050209205021,187
4,0.009328358208955223,72
4,0.023255813953488372,163
4,0.019342359767891684,120
4,0.019646365422396856,122
4,0.01631321370309951,222
4,0.023923444976076555,132
4,0.024154589371980676,120
4,0.013368983957219251,197
4,0.01272264631043257,123
4,0.022026431718061675,131
4,0.01937984496124031,85
4,0.024630541871921183,120
4,0.02079002079002079,148
4,0.014970059880239521,184
4,0.023923444976076555,71
4,0.02109704641350211,88
4,0.012610340479192938,222
4,0.032467532467532464,154
4,0.029411764705882353,228
4,0.010319917440660475,210
4,0.02702702702702703,129
4,0.015384615384615385,177
4,0.017152658662092625,204
4,0.022935779816513763,126
4,0.013262599469496022,80
4,0.014204545454545454,78
4,0.024271844660194174,193
4,0.01310615989515072,139
4,0.027247956403269755,122
4,0.016611295681063124,175
4,0.01430615164520744,116
4,0.01430615164520744,76
4,0.021052631578947368,114
4,0.02358490566037736,139
4,0.03367003367003367,130
4,0.01447178002894356,148
4,0.02320185614849188,130
4,0.02145922746781116,187
4,0.030395136778115502,74
4,0.01694915254237288,126
4,0.019569471624266144,166
4,0.01579778830963665,242
4,0.023255813953488372,231
4,0.013736263736263736,129
4,0.016611295681063124,136
4,0.02610966057441253,87
4,0.02865329512893983,86
4,0.019193857965451054,108
4,0.02262443438914027,162
4,0.01733102253032929,138
4,0.01845018450184502,116
4,0.012391573729863693,210
4,0.01937984496124031,149
4,0.02207505518763797,83
4,0.020161290322580645,188
4,0.014064697609001406,195
4,0.02512562814070352,223
4,0.033444816053511704,82
4,0.020080321285140562,120
4,0.015082956259426848,208
4,0.016891891891891893,116
4,0.011848341232227487,124
4,0.027932960893854747,102
4,0.01876172607879925,212
4,0.019305019305019305,125
4,0.0273972602739726,111
4,0.02040816326530612,207
4,0.034129692832764506,101
4,0.013192612137203167,139
4,0.020242914979757085,129
4,0.016366612111292964,64
4,0.014749262536873156,158
4,0.028735632183908046,153
4,0.01937984496124031,122
4,0.01855287569573284,146
4,0.01984126984126984,66
4,0.025252525252525252,232
4,0.017605633802816902,195
4,0.019157088122605363,140
4,0.017857142857142856,126
4,0.009523809523809525,88
4,0.033783783783783786,76
4,0.031545741324921134,148
4,0.017094017094017096,78
4,0.01557632398753894,116
4,0.020366598778004074,181
4,0.05319148936170213,163
4,0.01953125,132
4,0.01834862385321101,118
4,0.01567398119122257,204
4,0.024875621890547265,112
4,0.02976190476190476,122
4,0.019267822736030827,215
4,0.029585798816568046,118
4,0.01589825119236884,128
4,0.032362459546925564,128
4,0.028735632183908046,126
4,0.019305019305019305,94
4,0.01733102253032929,181
4,0.029498525073746312,144
4,0.02197802197802198,197
4,0.01949317738791423,164
4,0.01658374792703151,102
4,0.028089887640449437,138
4,0.0423728813559322,146
4,0.02631578947368421,123
4,0.011286681715575621,113
4,0.021834061135371178,133
4,0.01845018450184502,74
4,0.017513134851138354,171
4,0.03058103975535168,124
4,0.027700831024930747,126
4,0.028985507246376812,164
4,0.022727272727272728,130
4,0.022222222222222223,211
4,0.022026431718061675,132
4,0.020703933747412008,186
4,0.014619883040935672,96
4,0.032679738562091505,117
4,0.03759398496240601,123
4,0.018281535648994516,102
4,0.01855287569573284,135
4,0.0199203187250996,119
4,0.013623978201634877,150
4,0.02262443438914027,113
4,0.016556291390728478,126
4,0.013550135501355014,152
4,0.024509803921568627,82
4,0.019193857965451054,242
4,0.017271157167530225,181
4,0.020080321285140562,128
4,0.014771048744460856,128
4,0.012531328320802004,134
4,0.013422818791946308,132
4,0.019569471624266144,246
4,0.01288659793814433,97
4,0.0165016501650165,165
4,0.023255813953488372,114
4,0.021739130434782608,126
4,0.022675736961451247,191
4,0.025906735751295335,107
4,0.02531645569620253,189
4,0.024213075060532687,120
4,0.023980815347721823,218
4,0.01733102253032929,152
4,0.027777777777777776,193
4,0.03067484662576687,100
4,0.03436426116838488,131
4,0.022026431718061675,82
4,0.01953125,168
4,0.01483679525222552,160
4,0.017699115044247787,131
4,0.04184100418410042,140
4,0.020366598778004074,108
4,0.018518518518518517,86
4,0.028409090909090908,177
4,0.016233766233766232,215
4,0.02079002079002079,74
4,0.030395136778115502,79
4,0.02364066193853428,105
4,0.023529411764705882,168
4,0.017421602787456445,153
4,0.016286644951140065,119
4,0.02493765586034913,224
4,0.02577319587628866,124
4,0.024630541871921183,125
4,0.023752969121140142,124
4,0.016638935108153077,109
4,0.016181229773462782,172
4,0.019342359767891684,123
4,0.02577319587628866,123
4,0.017094017094017096,155
4,0.019157088122605363,71
4,0.03048780487804878,80
4,0.01893939393939394,87
4,0.013333333333333334,155
4,0.01718213058419244,197
4,0.015408320493066256,142
4,0.014084507042253521,116
4,0.015174506828528073,95
4,0.014577259475218658,127
4,0.013717421124828532,134
4,0.01310615989515072,136
4,0.019569471624266144,125
4,0.016051364365971106,124
4,0.04608294930875576,142
4,0.01972386587771203,148
4,0.009624639076034648,218
4,0.02403846153846154,236
4,0.0196078431372549,197
4,0.017035775127768313,241
4,0.014534883720930232,136
4,0.019305019305019305,109
4,0.01607717041800643,198
4,0.018691588785046728,125
4,0.024213075060532687,108
4,0.014814814814814815,121
4,0.013315579227696404,214
4,0.0273972602739726,182
4,0.03278688524590164,185
4,0.021645021645021644,209
4,0.018796992481203006,87
4,0.03424657534246575,196
4,0.01968503937007874,156
4,0.018656716417910446,145
4,0.014005602240896359,84
4,0.02145922746781116,108
4,0.03861003861003861,123
4,0.021505376344086023,124
4,0.012254901960784314,197
4,0.012919896640826873,126
4,0.014104372355430184,136
4,0.024630541871921183,116
4,0.017452006980802792,147
4,0.028735632183908046,242
4,0.01876172607879925,127
4,0.02857142857142857,74
4,0.039525691699604744,127
4,0.019305019305019305,217
4,0.015822784810126583,144
4,0.018691588785046728,122
4,0.020242914979757085,131
4,0.013642564802182811,219
4,0.01349527665317139,100
4,0.02493765586034913,126
4,0.021141649048625793,199
4,0.018018018018018018,108
4,0.01529051987767584,156
4,0.02262443438914027,122
4,0.017482517482517484,191
4,0.023148148148148147,123
4,0.01937984496124031,158
4,0.031055900621118012,121
4,0.06329113924050633,125
4,0.027932960893854747,69
4,0.016474464579901153,220
4,0.019083969465648856,87
4,0.019342359767891684,194
4,0.02717391304347826,124
4,0.028328611898016998,202
4,0.029850746268656716,156
4,0.026041666666666668,108
4,0.019193857965451054,193
4,0.029940119760479042,124
4,0.01287001287001287,126
4,0.012903225806451613,81
4,0.03003003003003003,225
4,0.016051364365971106,134
4,0.015503875968992248,64
4,0.022727272727272728,150
4,0.0211864406779661,137
4,0.02881844380403458,146
4,0.01818181818181818,167
4,0.029585798816568046,180
4,0.01730103806228374,80
4,0.023752969121140142,129
4,0.0273224043715847,164
4,0.022727272727272728,131
4,0.026954177897574125,123
4,0.03787878787878788,109
4,0.02666666666666667,155
4,0.02242152466367713,124
4,0.035211267605633804,157
4,0.013986013986013986,89
4,0.01358695652173913,195
4,0.017953321364452424,108
4,0.03003003003003003,199
4,0.02881844380403458,190
4,0.016891891891891893,72
4,0.022727272727272728,98
4,0.017985611510791366,233
4,0.02074688796680498,108
4,0.04830917874396135,191
4,0.02252252252252252,127
4,0.044444444444444446,131
4,0.026595744680851064,194
4,0.01564945226917058,72
4,0.02506265664160401,81
4,0.02207505518763797,101
4,0.010822510822510822,193
4,0.017421602787456445,164
4,0.0205761316872428,127
4,0.052083333333333336,125
4,0.02493765586034913,145
4,0.028985507246376812,119
4,0.023752969121140142,205
4,0.026525198938992044,81
4,0.017761989342806393,127
4,0.011441647597254004,147
4,0.01855287569573284,72
4,0.03937007874015748,124
4,0.027472527472527472,159
4,0.026455026455026454,150
4,0.011641443538998836,137
4,0.018050541516245487,213
4,0.010976948408342482,119
4,0.01893939393939394,123
4,0.0106951871657754,113
4,0.016,183
4,0.015313935681470138,149
4,0.015082956259426848,189
4,0.025839793281653745,126
4,0.021739130434782608,193
4,0.03125,140
4,0.020161290322580645,128
4,0.03436426116838488,222
4,0.02207505518763797,230
4,0.02336448598130841,113
4,0.017123287671232876,239
4,0.02857142857142857,188
4,0.021834061135371178,180
4,0.025974025974025976,116
4,0.01692047377326565,146
4,0.029498525073746312,156
4,0.016286644951140065,87
4,0.023529411764705882,122
4,0.026954177897574125,194
4,0.01639344262295082,184
4,0.031055900621118012,162
4,0.01904761904761905,149
4,0.03484320557491289,234
4,0.01240694789081886,124
4,0.025974025974025976,188
4,0.010764262648008612,127
4,0.02386634844868735,112
4,0.013157894736842105,118
4,0.02824858757062147,137
4,0.020833333333333332,217
4,0.03424657534246575,120
4,0.018083182640144666,110
4,0.013927576601671309,160
4,0.012345679012345678,148
4,0.03003003003003003,93
4,0.016286644951140065,123
4,0.02444987775061125,187
4,0.018050541516245487,120
4,0.014705882352941176,106
4,0.01680672268907563,214
4,0.01524390243902439,127
4,0.030864197530864196,126
4,0.027777777777777776,89
4,0.022222222222222223,219
4,0.043668122270742356,142
4,0.013623978201634877,222
4,0.014947683109118086,124
4,0.01141552511415525,223
4,0.023310023310023312,150
4,0.03125,130
4,0.01358695652173913,227
4,0.02074688796680498,234
4,0.029498525073746312,161
4,0.016722408026755852,180
4,0.034013605442176874,126
4,0.029498525073746312,129
4,0.03731343283582089,126
4,0.010683760683760684,109
4,0.011848341232227487,216
4,0.012033694344163659,151
4,0.013262599469496022,153
4,0.016025641025641024,112
4,0.02012072434607646,131
4,0.033003300330033,191
4,0.022172949002217297,121
4,0.02288329519450801,128
4,0.013850415512465374,175
4,0.026737967914438502,197
4,0.015337423312883436,170
4,0.013531799729364006,105
4,0.02932551319648094,149
4,0.027247956403269755,155
4,0.019120458891013385,125
4,0.013812154696132596,184
4,0.019011406844106463,122
4,0.01890359168241966,168
4,0.030395136778115502,122
4,0.02288329519450801,154
4,0.016339869281045753,96
4,0.02717391304347826,186
4,0.017513134851138354,117
4,0.02053388090349076,204
4,0.020080321285140562,242
4,0.015174506828528073,162
4,0.016420361247947456,153
4,0.022026431718061675,98
4,0.021413276231263382,138
4,0.01607717041800643,121
4,0.027932960893854747,192
4,0.018832391713747645,127
4,0.022321428571428572,128
4,0.01488095238095238,156
4,0.026595744680851064,113
4,0.02053388090349076,185
4,0.013642564802182811,170
4,0.02092050209205021,218
4,0.010040160642570281,74
4,0.017985611510791366,169
4,0.021929824561403508,108
4,0.017094017094017096,74
4,0.019267822736030827,128
4,0.03125,215
4,0.013831258644536652,190
4,0.018796992481203006,141
4,0.02044989775051125,124
4,0.020242914979757085,148
4,0.01890359168241966,142
4,0.0390625,110
4,0.026881720430107527,219
4,0.01968503937007874,126
4,0.022321428571428572,125
4,0.01564945226917058,155
4,0.0228310502283105,109
4,0.014992503748125937,225
4,0.022573363431151242,86
4,0.02053388090349076,156
4,0.025380710659898477,152
4,0.025,83
4,0.025510204081632654,185
4,0.024390243902439025,124
4,0.02145922746781116,228
4,0.026737967914438502,146
4,0.020202020202020204,129
4,0.0199203187250996,111
4,0.0205761316872428,204
4,0.010090817356205853,124
4,0.01773049645390071,133
4,0.031055900621118012,110
4,0.03508771929824561,167
4,0.014903129657228018,125
4,0.021645021645021644,158
4,0.014326647564469915,127
4,0.01718213058419244,133
4,0.021551724137931036,164
4,0.037037037037037035,185
4,0.023752969121140142,135
4,0.03663003663003663,153
4,0.018018018018018018,175
4,0.02178649237472767,124
4,0.012048192771084338,76
4,0.03424657534246575,221
4,0.026246719160104987,119
4,0.018214936247723135,199
4,0.021739130434782608,178
4,0.03597122302158273,126
4,0.03164556962025317,119
4,0.02032520325203252,126
4,0.020833333333333332,237
4,0.021321961620469083,66
4,0.03663003663003663,126
4,0.022675736961451247,150
4,0.017361111111111112,132
4,0.016835016835016835,87
4,0.028089887640449437,175
4,0.019342359767891684,136
4,0.020876826722338204,149
4,0.022727272727272728,194
4,0.016,197
4,0.017035775127768313,82
4,0.013227513227513227,110
4,0.02145922746781116,163
4,0.02188183807439825,120
4,0.007704160246533128,207
4,0.0273224043715847,215
4,0.01773049645390071,199
4,0.012437810945273632,228
4,0.01996007984031936,110
4,0.019120458891013385,83
4,0.018115942028985508,160
4,0.013831258644536652,134
4,0.01763668430335097,149
4,0.01953125,118
4,0.019230769230769232,146
4,0.0353356890459364,132
4,0.01615508885298869,142
4,0.017761989342806393,196
4,0.01201923076923077,150
4,0.012315270935960592,193
4,0.031446540880503145,107
4,0.011428571428571429,197
4,0.033444816053511704,207
4,0.01488095238095238,130
4,0.01834862385321101,207
4,0.017543859649122806,174
4,0.01893939393939394,122
4,0.01297016861219196,132
4,0.01838235294117647,156
4,0.02028397565922921,150
4,0.021551724137931036,105
4,0.023094688221709007,204
4,0.022573363431151242,175
4,0.02386634844868735,134
4,0.02044989775051125,126
4,0.026246719160104987,127
4,0.012004801920768308,210
4,0.02262443438914027,124
4,0.022321428571428572,150
4,0.0205761316872428,191
4,0.023529411764705882,110
4,0.012165450121654502,133
4,0.04048582995951417,216
4,0.017699115044247787,147
4,0.027700831024930747,156
4,0.024390243902439025,129
4,0.019880715705765408,125
4,0.02631578947368421,110
4,0.02320185614849188,129
4,0.017513134851138354,156
4,0.019230769230769232,111
4,0.018975332068311195,78
4,0.02159827213822894,64
4,0.017889087656529516,179
4,0.013440860215053764,196
4,0.014705882352941176,126
4,0.023255813953488372,68
4,0.030211480362537766,118
4,0.017094017094017096,113
4,0.021052631578947368,150
4,0.013736263736263736,87
4,0.01841620626151013,164
4,0.015105740181268883,183
4,0.028985507246376812,117
4,0.017452006980802792,208
4,0.01876172607879925,201
4,0.022172949002217297,219
4,0.016638935108153077,126
4,0.02617801047120419,131
4,0.020618556701030927,202
4,0.011467889908256881,121
4,0.012224938875305624,119
4,0.027548209366391185,112
4,0.02207505518763797,228
4,0.03289473684210526,148
4,0.016051364365971106,132
4,0.01824817518248175,110
4,0.030303030303030304,159
4,0.0117096018735363,126
4,0.02,149
4,0.024875621890547265,123
4,0.022172949002217297,118
4,0.03333333333333333,121
4,0.015600624024960999,128
4,0.01303780964797914,231
4,0.0196078431372549,220
4,0.023148148148148147,159
4,0.017241379310344827,136
4,0.016260162601626018,258
4,0.012531328320802004,156
4,0.014992503748125937,124
4,0.019230769230769232,217
4,0.02967359050445104,215
4,0.016556291390728478,224
4,0.017271157167530225,186
4,0.015128593040847202,180
4,0.012468827930174564,242
4,0.039525691699604744,113
4,0.01904761904761905,175
4,0.033444816053511704,118
4,0.014492753623188406,114
4,0.02857142857142857,197
4,0.02493765586034913,106
4,0.020876826722338204,110
4,0.017094017094017096,202
4,0.018484288354898338,120
4,0.013333333333333334,157
4,0.014903129657228018,153
4,0.016891891891891893,148
4,0.0136986301369863,196
4,0.017391304347826087,135
4,0.02617801047120419,150
4,0.03802281368821293,141
4,0.019569471624266144,126
4,0.021645021645021644,126
4,0.02159827213822894,128
4,0.024154589371980676,178
4,0.01858736059479554,146
4,0.01904761904761905,178
4,0.02493765586034913,146
4,0.02159827213822894,109
4,0.017271157167530225,190
4,0.012531328320802004,142
4,0.04081632653061224,258
4,0.029239766081871343,192
4,0.015723270440251572,113
4,0.02481389578163772,125
4,0.02544529262086514,129
4,0.02617801047120419,208
4,0.020491803278688523,128
4,0.02032520325203252,128
4,0.016722408026755852,141
4,0.02386634844868735,143
4,0.02717391304347826,198
4,0.01721170395869191,129
4,0.021413276231263382,100
4,0.015723270440251572,82
4,0.0186219739292365,126
4,0.024691358024691357,134
4,0.023094688221709007,177
4,0.022727272727272728,129
4,0.027624309392265192,178
4,0.02053388090349076,126
4,0.017094017094017096,230
4,0.01972386587771203,81
4,0.025510204081632654,162
4,0.015552099533437015,162
4,0.014388489208633094,159
4,0.026385224274406333,112
4,0.022271714922048998,79
4,0.017699115044247787,112
4,0.019646365422396856,145
4,0.017035775127768313,134
4,0.02178649237472767,112
4,0.020876826722338204,169
4,0.01890359168241966,223
4,0.023980815347721823,205
4,0.020703933747412008,185
4,0.02044989775051125,175
4,0.017271157167530225,212
4,0.026881720430107527,74
4,0.03115264797507788,126
4,0.01006036217303823,136
4,0.013755158184319119,131
4,0.01564945226917058,140
4,0.02040816326530612,155
4,0.04048582995951417,226
4,0.024271844660194174,123
4,0.03164556962025317,143
4,0.026595744680851064,192
4,0.01652892561983471,104
4,0.019011406844106463,140
4,0.028901734104046242,78
4,0.021834061135371178,148
4,0.01763668430335097,129
4,0.01303780964797914,200
4,0.026595744680851064,226
4,0.032467532467532464,80
4,0.01818181818181818,174
4,0.01949317738791423,222
4,0.014124293785310734,165
4,0.023980815347721823,76
4,0.04608294930875576,216
4,0.02824858757062147,156
4,0.02881844380403458,131
4,0.018281535648994516,215
4,0.026881720430107527,200
4,0.018518518518518517,98
4,0.03424657534246575,125
4,0.018214936247723135,123
4,0.03048780487804878,104
4,0.013386880856760375,149
4,0.018115942028985508,76
4,0.015060240963855422,132
4,0.01597444089456869,138
4,0.02207505518763797,114
4,0.023752969121140142,148
4,0.02242152466367713,88
4,0.01020408163265306,132
4,0.01890359168241966,203
4,0.023148148148148147,158
4,0.01669449081803005,147
4,0.02074688796680498,102
4,0.018148820326678767,168
4,0.011481056257175661,130
4,0.01524390243902439,148
4,0.014450867052023121,164
4,0.028409090909090908,127
4,0.021691973969631236,128
4,0.014084507042253521,141
4,0.02304147465437788,162
4,0.02544529262086514,156
4,0.01652892561983471,110
4,0.016556291390728478,87
4,0.017825311942959002,183
4,0.0228310502283105,127
4,0.01310615989515072,156
4,0.017035775127768313,205
4,0.021739130434782608,125
4,0.034722222222222224,133
4,0.02304147465437788,121
4,0.019083969465648856,166
4,0.02066115702479339,148
4,0.017543859649122806,173
4,0.02197802197802198,83
4,0.02079002079002079,188
4,0.022779043280182234,127
4,0.025839793281653745,166
4,0.009380863039399626,127
4,0.01697792869269949,142
4,0.03003003003003003,147
4,0.03225806451612903,144
4,0.03759398496240601,148
4,0.01763668430335097,100
4,0.01594896331738437,218
4,0.02570694087403599,123
4,0.018484288354898338,128
4,0.034013605442176874,190
4,0.02493765586034913,127
4,0.009861932938856016,76
4,0.03745318352059925,130
4,0.01721170395869191,132
4,0.02032520325203252,145
4,0.015600624024960999,219
4,0.02127659574468085,163
4,0.031746031746031744,130
4,0.01440922190201729,145
4,0.028169014084507043,239
4,0.010976948408342482,179
4,0.020242914979757085,118
4,0.014619883040935672,101
4,0.021551724137931036,197
4,0.0234192037470726,221
4,0.02092050209205021,76
4,0.03194888178913738,133
4,0.03134796238244514,156
4,0.018832391713747645,234
4,0.029069767441860465,186
4,0.02710027100271003,195
4,0.01876172607879925,190
4,0.021505376344086023,196
4,0.02053388090349076,133
4,0.013812154696132596,187
4,0.03125,76
4,0.02109704641350211,182
4,0.02717391304347826,78
4,0.017825311942959002,154
4,0.03194888178913738,130
4,0.015128593040847202,142
4,0.017699115044247787,176
4,0.019646365422396856,121
4,0.010626992561105207,148
4,0.015313935681470138,81
4,0.015151515151515152,102
4,0.016,74
4,0.025252525252525252,216
4,0.01278772378516624,240
4,0.031746031746031744,72
4,0.03125,219
4,0.021739130434782608,185
4,0.028169014084507043,124
4,0.026881720430107527,156
4,0.026881720430107527,231
4,0.016025641025641024,228
4,0.01451378809869376,120
4,0.020703933747412008,108
4,0.0125,229
4,0.01567398119122257,64
4,0.015748031496062992,126
4,0.02109704641350211,119
4,0.015267175572519083,76
4,0.0211864406779661,127
4,0.015197568389057751,128
4,0.01949317738791423,201
4,0.04048582995951417,130
4,0.02564102564102564,122
4,0.017825311942959002,113
4,0.02242152466367713,156
4,0.01488095238095238,138
4,0.02004008016032064,179
4,0.02481389578163772,210
4,0.011587485515643106,121
4,0.015337423312883436,131
4,0.020161290322580645,232
4,0.030959752321981424,125
4,0.014619883040935672,76
4,0.01594896331738437,147
4,0.03164556962025317,231
4,0.011904761904761904,193
4,0.03937007874015748,185
4,0.03597122302158273,151
4,0.015503875968992248,219
4,0.02079002079002079,113
4,0.01277139208173691,76
4,0.017452006980802792,146
4,0.016611295681063124,108
4,0.02881844380403458,229
4,0.028735632183908046,70
4,0.01834862385321101,210
4,0.019801980198019802,214
4,0.020964360587002098,125
4,0.014326647564469915,124
4,0.021551724137931036,174
4,0.03225806451612903,193
4,0.015151515151515152,136
4,0.02849002849002849,205
4,0.0211864406779661,99
4,0.0205761316872428,74
4,0.02079002079002079,154
4,0.012091898428053204,205
4,0.02044989775051125,201
4,0.015015015015015015,131
4,0.01972386587771203,128
4,0.023809523809523808,120
4,0.019083969465648856,204
4,0.023094688221709007,126
4,0.02252252252252252,216
4,0.01607717041800643,159
4,0.034482758620689655,134
4,0.017985611510791366,121
4,0.01288659793814433,144
4,0.03003003003003003,148
4,0.03225806451612903,123
4,0.01893939393939394,226
4,0.020703933747412008,138
4,0.015479876160990712,123
4,0.02127659574468085,176
4,0.02320185614849188,237
4,0.016722408026755852,212
4,0.02,127
4,0.011467889908256881,128
4,0.020080321285140562,149
4,0.011441647597254004,108
4,0.01567398119122257,118
4,0.043478260869565216,157
4,0.02976190476190476,178
4,0.022172949002217297,145
4,0.017513134851138354,131
4,0.01589825119236884,157
4,0.02092050209205021,134
4,0.040160642570281124,189
4,0.022727272727272728,193
4,0.014727540500736377,99
4,0.024271844660194174,137
4,0.01893939393939394,111
4,0.021141649048625793,126
4,0.01858736059479554,126
4,0.01841620626151013,118
4,0.010660980810234541,126
4,0.01876172607879925,127
4,0.02849002849002849,124
4,0.019267822736030827,195
4,0.0205761316872428,178
4,0.020242914979757085,228
4,0.02242152466367713,123
4,0.021505376344086023,122
4,0.02012072434607646,220
4,0.01763668430335097,121
4,0.022988505747126436,89
4,0.038314176245210725,189
4,0.015873015873015872,150
4,0.029069767441860465,193
4,0.014792899408284023,99
4,0.020964360587002098,110
4,0.01855287569573284,191
4,0.02028397565922921,138
4,0.017889087656529516,124
4,0.023809523809523808,81
4,0.024752475247524754,239
4,0.013986013986013986,129
4,0.019342359767891684,113
4,0.014534883720930232,194
4,0.02066115702479339,127
4,0.024154589371980676,205
4,0.011467889908256881,137
4,0.020703933747412008,152
4,0.031446540880503145,193
4,0.019880715705765408,72
4,0.023094688221709007,150
4,0.027700831024930747,118
4,0.017889087656529516,72
4,0.022321428571428572,79
4,0.021052631578947368,170
4,0.01968503937007874,101
4,0.023923444976076555,193
4,0.017793594306049824,249
4,0.013368983957219251,125
4,0.026595744680851064,224
4,0.01718213058419244,98
4,0.022172949002217297,165
4,0.01597444089456869,119
4,0.01430615164520744,162
4,0.017064846416382253,140
4,0.017094017094017096,100
4,0.013477088948787063,194
4,0.02444987775061125,138
4,0.020703933747412008,128
4,0.019120458891013385,107
4,0.02570694087403599,153
4,0.02092050209205021,195
4,0.022026431718061675,123
4,0.03067484662576687,133
4,0.03496503496503497,74
4,0.04926108374384237,153
4,0.01607717041800643,173
4,0.016556291390728478,131
4,0.030959752321981424,119
4,0.020876826722338204,134
4,0.013568521031207599,70
4,0.013531799729364006,136
4,0.014684287812041116,129
4,0.01824817518248175,226
4,0.017985611510791366,128
4,0.018726591760299626,126
4,0.01579778830963665,76
4,0.026385224274406333,142
4,0.02857142857142857,169
4,0.029940119760479042,123
4,0.022123893805309734,181
4,0.018832391713747645,138
4,0.02364066193853428,119
4,0.01692047377326565,92
4,0.01694915254237288,195
4,0.013477088948787063,223
4,0.014925373134328358,223
4,0.04149377593360996,121
4,0.025974025974025976,107
4,0.015552099533437015,111
4,0.01447178002894356,174
4,0.023752969121140142,135
4,0.020703933747412008,199
4,0.02564102564102564,214
4,0.015527950310559006,119
4,0.033444816053511704,163
4,0.025906735751295335,160
4,0.024509803921568627,212
4,0.014992503748125937,170
4,0.012224938875305624,150
4,0.01160092807424594,76
4,0.026881720430107527,126
4,0.02881844380403458,156
4,0.02386634844868735,110
4,0.01564945226917058,133
4,0.012836970474967908,150
4,0.015432098765432098,123
4,0.0353356890459364,198
4,0.02092050209205021,186
4,0.02028397565922921,175
4,0.0117096018735363,81
4,0.01607717041800643,115
4,0.01845018450184502,126
4,0.023310023310023312,103
4,0.014104372355430184,176
4,0.022675736961451247,147
4,0.012360939431396786,203
4,0.017953321364452424,159
4,0.020161290322580645,185
4,0.02386634844868735,194
4,0.013831258644536652,119
4,0.012048192771084338,174
4,0.017391304347826087,172
4,0.0273972602739726,216
4,0.02666666666666667,212
4,0.01607717041800643,121
4,0.025252525252525252,215
4,0.014947683109118086,156
4,0.012437810945273632,175
4,0.026954177897574125,234
4,0.020080321285140562,175
4,0.03484320557491289,100
4,0.031055900621118012,164
4,0.021739130434782608,122
4,0.020703933747412008,72
4,0.013386880856760375,164
4,0.01615508885298869,86
4,0.012853470437017995,122
4,0.03937007874015748,177
4,0.02012072434607646,131
4,0.026385224274406333,120
4,0.036231884057971016,247
4,0.02512562814070352,155
4,0.02386634844868735,131
4,0.01610305958132045,215
4,0.013755158184319119,117
4,0.031746031746031744,114
4,0.02053388090349076,112
4,0.019305019305019305,227
4,0.02159827213822894,110
4,0.02544529262086514,184
4,0.02044989775051125,134
4,0.02364066193853428,117
4,0.013386880856760375,148
4,0.02506265664160401,250
4,0.019230769230769232,128
4,0.01890359168241966,235
4,0.013812154696132596,93
4,0.02364066193853428,190
4,0.016420361247947456,152
4,0.016366612111292964,111
4,0.020366598778004074,116
4,0.014992503748125937,216
4,0.01841620626151013,148
4,0.016366612111292964,164
4,0.023752969121140142,111
4,0.011750881316098707,141
4,0.02570694087403599,124
4,0.018148820326678767,116
4,0.017035775127768313,127
4,0.021834061135371178,220
4,0.03367003367003367,112
4,0.031545741324921134,126
4,0.0353356890459364,215
4,0.013736263736263736,124
4,0.02207505518763797,135
4,0.023809523809523808,223
4,0.017241379310344827,123
4,0.0199203187250996,146
4,0.026881720430107527,121
4,0.01088139281828074,163
4,0.022727272727272728,74
4,0.022222222222222223,164
4,0.014771048744460856,152
4,0.014858841010401188,214
4,0.01607717041800643,175
4,0.023923444976076555,159
4,0.016,113
4,0.023696682464454975,115
4,0.026385224274406333,242
4,0.01855287569573284,76
4,0.0165016501650165,148
4,0.014285714285714285,169
4,0.025974025974025976,134
4,0.028409090909090908,82
4,0.011428571428571429,116
4,0.024213075060532687,184
4,0.02242152466367713,149
4,0.02012072434607646,134
4,0.019011406844106463,147
4,0.01652892561983471,118
4,0.02092050209205021,111
4,0.014388489208633094,183
4,0.012121212121212121,116
4,0.024691358024691357,103
4,0.01026694045174538,124
4,0.019083969465648856,160
4,0.02242152466367713,121
4,0.013157894736842105,224
4,0.011428571428571429,113
4,0.02564102564102564,123
4,0.03508771929824561,211
4,0.018115942028985508,70
4,0.01179245283018868,117
4,0.030864197530864196,200
4,0.01394700139470014,72
4,0.013908205841446454,187
4,0.023094688221709007,121
4,0.016420361247947456,145
4,0.011614401858304297,125
4,0.011933174224343675,126
4,0.020366598778004074,111
4,0.013123359580052493,78
4,0.016051364365971106,127
4,0.018832391713747645,74
4,0.0091324200913242,200
4,0.019157088122605363,117
4,0.012391573729863693,122
4,0.019880715705765408,109
4,0.034482758620689655,135
4,0.02109704641350211,122
4,0.029154518950437316,113
4,0.015267175572519083,207
4,0.026881720430107527,126
4,0.02506265664160401,105
4,0.014367816091954023,74
4,0.01584786053882726,117
4,0.014534883720930232,177
4,0.02288329519450801,134
4,0.014598540145985401,128
4,0.0234192037470726,81
4,0.02207505518763797,122
4,0.01288659793814433,117
4,0.020833333333333332,86
4,0.0176678445229682,214
4,0.018050541516245487,153
4,0.027624309392265192,160
4,0.01394700139470014,118
4,0.01557632398753894,127
4,0.017064846416382253,129
4,0.013812154696132596,198
4,0.03676470588235294,155
4,0.021551724137931036,86
4,0.05263157894736842,223
4,0.010460251046025104,72
4,0.022988505747126436,104
4,0.01451378809869376,100
4,0.0273224043715847,188
4,0.015723270440251572,74
4,0.036101083032490974,131
4,0.03115264797507788,108
4,0.01557632398753894,111
4,0.020202020202020204,104
4,0.017421602787456445,183
4,0.01594896331738437,238
4,0.04524886877828054,240
4,0.02197802197802198,110
4,0.02197802197802198,148
4,0.023923444976076555,198
4,0.016286644951140065,125
4,0.012062726176115802,222
4,0.02932551319648094,166
4,0.013869625520110958,110
4,0.016474464579901153,131
4,0.0176678445229682,78
4,0.024630541871921183,110
4,0.017793594306049824,238
4,0.022988505747126436,114
4,0.022935779816513763,214
4,0.02336448598130841,206
4,0.020833333333333332,212
4,0.030120481927710843,147
4,0.029585798816568046,106
4,0.013089005235602094,232
4,0.01631321370309951,126
4,0.02127659574468085,135
4,0.019762845849802372,174
4,0.02028397565922921,129
4,0.01763668430335097,160
4,0.02188183807439825,126
4,0.01949317738791423,128
4,0.021834061135371178,209
4,0.018484288354898338,153
4,0.021505376344086023,113
4,0.014925373134328358,119
4,0.012195121951219513,82
4,0.01953125,182
4,0.023529411764705882,221
4,0.01855287569573284,133
4,0.02617801047120419,200
4,0.018867924528301886,79
4,0.035842293906810034,194
4,0.02012072434607646,179
4,0.012531328320802004,189
4,0.0196078431372549,149
4,0.028409090909090908,150
4,0.012853470437017995,142
4,0.017699115044247787,79
4,0.015105740181268883,111
4,0.011235955056179775,151
4,0.03205128205128205,118
4,0.03484320557491289,143
4,0.019762845849802372,129
4,0.018115942028985508,157
4,0.02028397565922921,118
4,0.03875968992248062,209
4,0.032467532467532464,125
4,0.031545741324921134,235
4,0.016233766233766232,213
4,0.01639344262295082,215
4,0.02028397565922921,121
4,0.0136986301369863,124
4,0.01631321370309951,211
4,0.03937007874015748,87
4,0.015060240963855422,115
4,0.022675736961451247,189
4,0.03048780487804878,82
4,0.023696682464454975,131
4,0.02531645569620253,233
4,0.03058103975535168,146
4,0.03436426116838488,207
4,0.024330900243309004,130
4,0.024752475247524754,152
4,0.016,215
4,0.021413276231263382,93
4,0.023752969121140142,141
4,0.028735632183908046,226
4,0.014684287812041116,135
4,0.02004008016032064,76
4,0.016366612111292964,122
4,0.020242914979757085,125
4,0.011876484560570071,149
4,0.020618556701030927,125
4,0.027700831024930747,149
4,0.011904761904761904,137
4,0.01141552511415525,191
4,0.01855287569573284,115
4,0.01996007984031936,109
4,0.028901734104046242,178
4,0.024630541871921183,115
4,0.014619883040935672,136
4,0.020833333333333332,108
4,0.014044943820224719,127
4,0.017482517482517484,197
4,0.015360983102918587,151
4,0.016722408026755852,150
4,0.03424657534246575,113
4,0.033783783783783786,162
4,0.021929824561403508,79
4,0.01669449081803005,248
4,0.022573363431151242,123
4,0.03058103975535168,183
4,0.026525198938992044,120
4,0.018656716417910446,126
4,0.034482758620689655,158
4,0.01567398119122257,214
4,0.01592356687898089,143
4,0.01890359168241966,156
4,0.01092896174863388,121
4,0.01095290251916758,191
4,0.014025245441795231,178
4,0.03322259136212625,207
4,0.03745318352059925,183
4,0.017035775127768313,123
4,0.033112582781456956,74
4,0.02610966057441253,229
4,0.014641288433382138,204
4,0.020964360587002098,200
4,0.010917030567685589,126
4,0.014005602240896359,100
4,0.04132231404958678,241
4,0.053763440860215055,123
4,0.03496503496503497,191
4,0.017391304347826087,124
4,0.01122334455667789,182
4,0.017761989342806393,240
4,0.01937984496124031,126
4,0.01256281407035176,234
4,0.02237136465324385,80
4,0.028169014084507043,130
4,0.014084507042253521,106
4,0.011025358324145534,208
4,0.02631578947368421,142
4,0.016051364365971106,119
4,0.024213075060532687,164
4,0.011614401858304297,162
4,0.018083182640144666,118
4,0.016233766233766232,127
4,0.01483679525222552,116
4,0.014005602240896359,158
4,0.033783783783783786,202
4,0.028409090909090908,121
4,0.023529411764705882,186
4,0.026525198938992044,176
4,0.0186219739292365,171
4,0.023529411764705882,151
4,0.023809523809523808,168
4,0.029585798816568046,146
4,0.01953125,136
4,0.01658374792703151,156
4,0.02320185614849188,99
4,0.024330900243309004,191
4,0.0205761316872428,212
4,0.021551724137931036,209
4,0.007751937984496124,209
4,0.012804097311139564,192
4,0.023980815347721823,145
4,0.02053388090349076,124
4,0.01953125,110
4,0.014265335235378032,112
4,0.022222222222222223,74
4,0.01358695652173913,219
4,0.01256281407035176,119
4,0.011834319526627219,196
4,0.018656716417910446,120
4,0.018281535648994516,238
4,0.013888888888888888,109
4,0.01845018450184502,160
4,0.019230769230769232,158
4,0.012376237623762377,147
4,0.018315018315018316,151
4,0.02680965147453083,212
4,0.016,122
4,0.014705882352941176,181
4,0.022172949002217297,109
4,0.03184713375796178,156
4,0.019342359767891684,128
4,0.01834862385321101,177
4,0.020366598778004074,192
4,0.019646365422396856,128
4,0.015527950310559006,183
4,0.01567398119122257,126
4,0.019305019305019305,128
4,0.013157894736842105,113
4,0.030864197530864196,163
4,0.01904761904761905,107
4,0.017452006980802792,132
4,0.023310023310023312,155
4,0.04219409282700422,130
4,0.017006802721088437,211
4,0.01697792869269949,166
4,0.019762845849802372,202
4,0.014641288433382138,160
4,0.014577259475218658,131
4,0.03058103975535168,127
4,0.023474178403755867,213
4,0.011160714285714286,102
4,0.029411764705882353,76
4,0.017793594306049824,127
4,0.026595744680851064,119
4,0.02557544757033248,124
4,0.02,152
4,0.02197802197802198,198
4,0.01443001443001443,215
4,0.027932960893854747,110
4,0.016025641025641024,139
4,0.028735632183908046,102
4,0.017761989342806393,125
4,0.02044989775051125,125
4,0.02386634844868735,172
4,0.018975332068311195,78
4,0.01694915254237288,114
4,0.02066115702479339,220
4,0.02386634844868735,122
4,0.03597122302158273,152
4,0.016835016835016835,136
4,0.015723270440251572,165
4,0.021739130434782608,110
4,0.022123893805309734,74
4,0.016556291390728478,216
4,0.016286644951140065,162
4,0.022727272727272728,217
4,0.01644736842105263,143
4,0.013192612137203167,121
4,0.018018018018018018,130
4,0.015479876160990712,133
4,0.03215434083601286,219
4,0.019646365422396856,207
4,0.016339869281045753,160
4,0.029498525073746312,115
4,0.011737089201877934,139
4,0.028089887640449437,203
4,0.021052631578947368,236
4,0.013071895424836602,108
4,0.011299435028248588,83
4,0.014749262536873156,123
4,0.021321961620469083,195
4,0.015552099533437015,126
4,0.02617801047120419,112
4,0.02247191011235955,125
4,0.02109704641350211,160
4,0.018484288354898338,218
4,0.013210039630118891,130
4,0.028011204481792718,224
4,0.029498525073746312,128
4,0.018148820326678767,156
4,0.022172949002217297,122
4,0.023310023310023312,125
4,0.04201680672268908,124
4,0.03389830508474576,125
4,0.023923444976076555,78
4,0.013440860215053764,116
4,0.01904761904761905,175
4,0.02564102564102564,110
4,0.013717421124828532,224
4,0.016339869281045753,224
4,0.012642225031605562,192
4,0.013140604467805518,207
4,0.029411764705882353,140
4,0.018518518518518517,209
4,0.03076923076923077,228
4,0.015503875968992248,177
4,0.017543859649122806,120
4,0.02881844380403458,144
4,0.023474178403755867,235
4,0.022271714922048998,72
4,0.028409090909090908,173
4,0.020202020202020204,198
4,0.01440922190201729,76
4,0.016474464579901153,233
4,0.02386634844868735,130
4,0.01287001287001287,72
4,0.02100840336134454,145
4,0.019267822736030827,143
4,0.017035775127768313,222
4,0.018083182640144666,137
4,0.03546099290780142,201
4,0.02577319587628866,130
4,0.017391304347826087,138
4,0.02849002849002849,216
4,0.02032520325203252,129
4,0.025906735751295335,201
4,0.012836970474967908,103
4,0.032679738562091505,123
4,0.026881720430107527,220
4,0.023474178403755867,127
4,0.027932960893854747,119
4,0.016233766233766232,130
4,0.02457002457002457,144
4,0.038461538461538464,115
4,0.01107419712070875,127
4,0.02252252252252252,160
4,0.01818181818181818,111
4,0.01303780964797914,137
4,0.02881844380403458,123
4,0.026246719160104987,123
4,0.019193857965451054,110
4,0.01730103806228374,76
4,0.023809523809523808,74
4,0.017513134851138354,128
4,0.0273972602739726,161
4,0.03225806451612903,110
4,0.01430615164520744,126
4,0.013210039630118891,145
4,0.016286644951140065,98
4,0.016366612111292964,152
4,0.01890359168241966,158
4,0.025510204081632654,85
4,0.019267822736030827,116
4,0.027548209366391185,110
4,0.04878048780487805,133
4,0.024390243902439025,150
4,0.034722222222222224,150
4,0.01730103806228374,74
4,0.012903225806451613,118
4,0.02481389578163772,169
4,0.02710027100271003,125
4,0.02237136465324385,136
4,0.015479876160990712,222
4,0.0353356890459364,148
4,0.017094017094017096,80
4,0.01763668430335097,129
4,0.0228310502283105,158
4,0.01697792869269949,164
4,0.02079002079002079,129
4,0.01937984496124031,171
4,0.026954177897574125,161
4,0.025974025974025976,122
4,0.014749262536873156,148
4,0.027548209366391185,117
4,0.02004008016032064,117
4,0.02564102564102564,125
4,0.01059322033898305,108
4,0.012987012987012988,224
4,0.04149377593360996,112
4,0.01620745542949757,245
4,0.01584786053882726,153
4,0.02109704641350211,126
4,0.03460207612456748,122
4,0.029498525073746312,122
4,0.023255813953488372,121
4,0.025974025974025976,192
4,0.08064516129032258,131
4,0.011764705882352941,133
4,0.014204545454545454,131
4,0.01893939393939394,218
4,0.025974025974025976,84
4,0.0199203187250996,112
4,0.016181229773462782,113
4,0.022573363431151242,122
4,0.025380710659898477,216
4,0.04184100418410042,229
4,0.028011204481792718,114
4,0.02040816326530612,151
4,0.026385224274406333,164
4,0.01567398119122257,146
4,0.009569377990430622,74
4,0.020202020202020204,126
4,0.02044989775051125,130
4,0.018518518518518517,126
4,0.021367521367521368,226
4,0.0392156862745098,188
4,0.016722408026755852,157
4,0.02207505518763797,211
4,0.01584786053882726,120
4,0.017006802721088437,130
4,0.017482517482517484,125
4,0.015360983102918587,112
4,0.025974025974025976,226
4,0.019157088122605363,80
4,0.0165016501650165,85
4,0.015267175572519083,112
4,0.0273224043715847,161
4,0.01610305958132045,178
4,0.03067484662576687,219
4,0.014326647564469915,193
4,0.01949317738791423,151
4,0.015337423312883436,111
4,0.02040816326530612,124
4,0.02506265664160401,122
4,0.021645021645021644,213
4,0.020964360587002098,131
4,0.016835016835016835,230
4,0.016260162601626018,114
4,0.01430615164520744,183
4,0.03424657534246575,124
4,0.01855287569573284,143
4,0.02079002079002079,152
4,0.02100840336134454,113
4,0.016129032258064516,184
4,0.027700831024930747,214
4,0.021739130434782608,156
4,0.020833333333333332,127
4,0.01430615164520744,158
4,0.012437810945273632,76
4,0.016556291390728478,127
4,0.017889087656529516,231
4,0.01615508885298869,167
4,0.010460251046025104,165
4,0.020366598778004074,122
4,0.01680672268907563,122
4,0.014771048744460856,126
4,0.02702702702702703,214
4,0.013966480446927373,134
4,0.015503875968992248,174
4,0.020618556701030927,128
4,0.022675736961451247,224
4,0.020876826722338204,133
4,0.02197802197802198,182
4,0.022779043280182234,159
4,0.015479876160990712,134
4,0.023148148148148147,202
4,0.03067484662576687,153
4,0.015015015015015015,114
4,0.018315018315018316,123
4,0.025,140
4,0.00946969696969697,217
4,0.023980815347721823,76
4,0.019083969465648856,172
4,0.015220700152207,183
4,0.033112582781456956,103
4,0.022779043280182234,206
4,0.013568521031207599,197
4,0.020366598778004074,71
4,0.022271714922048998,124
4,0.022172949002217297,154
4,0.011723329425556858,172
4,0.043668122270742356,239
4,0.02824858757062147,226
4,0.0099601593625498,105
4,0.017513134851138354,193
4,0.01524390243902439,123
4,0.012594458438287154,128
4,0.019646365422396856,128
4,0.034722222222222224,125
4,0.017761989342806393,125
4,0.015748031496062992,112
4,0.018796992481203006,208
4,0.01763668430335097,108
4,0.013736263736263736,89
4,0.019342359767891684,135
4,0.01692047377326565,111
4,0.01855287569573284,202
4,0.015873015873015872,157
4,0.021834061135371178,110
4,0.027855153203342618,180
4,0.015698587127158554,159
4,0.014285714285714285,94
4,0.00855431993156544,183
4,0.02358490566037736,122
4,0.02079002079002079,108
4,0.01483679525222552,208
4,0.022222222222222223,124
4,0.02849002849002849,200
4,0.024154589371980676,126
4,0.019455252918287938,93
4,0.01443001443001443,181
4,0.018796992481203006,178
4,0.02481389578163772,171
4,0.019762845849802372,199
4,0.024154589371980676,208
4,0.02702702702702703,150
4,0.01349527665317139,153
4,0.01524390243902439,74
4,0.02178649237472767,152
4,0.01937984496124031,208
4,0.01773049645390071,219
4,0.02242152466367713,216
4,0.03257328990228013,210
4,0.018484288354898338,110
4,0.019157088122605363,129
4,0.028328611898016998,160
4,0.015174506828528073,181
4,0.0228310502283105,129
4,0.011764705882352941,72
4,0.021691973969631236,131
4,0.021321961620469083,130
4,0.031446540880503145,217
4,0.012594458438287154,122
4,0.02040816326530612,113
4,0.026954177897574125,74
4,0.02403846153846154,217
4,0.016891891891891893,221
4,0.017064846416382253,149
4,0.0234192037470726,136
4,0.04784688995215311,126
4,0.02079002079002079,110
4,0.03424657534246575,150
4,0.029585798816568046,175
4,0.026595744680851064,129
4,0.02247191011235955,221
4,0.01584786053882726,220
4,0.015105740181268883,121
4,0.02403846153846154,226
4,0.018832391713747645,133
4,0.03759398496240601,201
4,0.01838235294117647,128
4,0.03333333333333333,167
4,0.016722408026755852,203
4,0.02531645569620253,132
4,0.02178649237472767,129
4,0.021367521367521368,161
4,0.014970059880239521,213
4,0.014005602240896359,202
4,0.015822784810126583,208
4,0.019157088122605363,121
4,0.021141649048625793,157
4,0.00983284169124877,140
4,0.026954177897574125,211
4,0.021691973969631236,177
