16,0.7692307692307693,158
8,0.010893246187363835,153
8,0.017543859649122806,160
8,0.0078064012490242,325
8,0.015723270440251572,303
8,0.012674271229404309,337
8,0.012077294685990338,328
16,0.7142857142857143,152
8,0.00942507068803016,260
8,0.007855459544383346,349
8,0.012033694344163659,156
8,0.012422360248447204,258
8,0.021551724137931036,214
8,0.015105740181268883,337
8,0.013755158184319119,371
16,0.8333333333333334,145
8,0.014124293785310734,334
16,0.7142857142857143,152
8,0.008136696501220505,383
8,0.011061946902654867,301
8,0.016891891891891893,167
8,0.018691588785046728,154
8,0.01838235294117647,159
8,0.009000900090009001,356
8,0.009940357852882704,267
8,0.028985507246376812,259
8,0.01652892561983471,164
8,0.01845018450184502,339
8,0.017152658662092625,359
8,0.02004008016032064,341
8,0.018975332068311195,236
8,0.015015015015015015,255
8,0.009017132551848512,375
8,0.008984725965858042,304
8,0.006246096189881324,231
8,0.012642225031605562,165
16,0.7142857142857143,154
8,0.00927643784786642,337
8,0.013774104683195593,360
8,0.00724112961622013,364
8,0.017482517482517484,388
8,0.009487666034155597,354
8,0.009900990099009901,251
16,0.47619047619047616,157
8,0.01053740779768177,339
8,0.017006802721088437,162
8,0.013568521031207599,335
8,0.005777007510109763,268
8,0.018281535648994516,356
8,0.02188183807439825,254
8,0.016474464579901153,302
8,0.013227513227513227,247
8,0.019305019305019305,276
8,0.00856898029134533,193
8,0.014925373134328358,262
8,0.007575757575757576,341
8,0.01757469244288225,253
8,0.014144271570014143,345
8,0.008771929824561403,349
8,0.010131712259371834,342
16,0.7692307692307693,154
8,0.009633911368015413,326
8,0.01675041876046901,172
16,0.43478260869565216,151
8,0.010121457489878543,347
8,0.02,164
8,0.013003901170351105,364
8,0.013071895424836602,263
8,0.00825082508250825,155
8,0.014124293785310734,354
8,0.012106537530266344,370
8,0.00931098696461825,317
8,0.011990407673860911,373
8,0.0196078431372549,332
8,0.021645021645021644,329
8,0.005211047420531527,363
8,0.01893939393939394,382
8,0.01984126984126984,231
8,0.01288659793814433,275
8,0.011737089201877934,356
8,0.014903129657228018,260
8,0.010615711252653927,256
8,0.01221001221001221,346
8,0.01282051282051282,248
8,0.01124859392575928,272
16,0.5555555555555556,151
8,0.012121212121212121,165
8,0.016420361247947456,179
8,0.012135922330097087,302
8,0.012376237623762377,256
8,0.01092896174863388,374
8,0.007905138339920948,336
8,0.00847457627118644,260
16,0.7142857142857143,148
8,0.015479876160990712,354
8,0.010101010101010102,364
16,0.7692307692307693,160
8,0.009727626459143969,244
8,0.0129366106080207,362
8,0.011778563015312132,166
8,0.0074682598954443615,336
8,0.008319467554076539,259
8,0.014347202295552367,370
8,0.008613264427217916,152
8,0.01652892561983471,349
8,0.015060240963855422,160
8,0.01529051987767584,252
8,0.011976047904191617,345
8,0.008045052292839904,354
8,0.012285012285012284,150
8,0.016420361247947456,328
8,0.01594896331738437,179
8,0.01483679525222552,161
8,0.008097165991902834,251
8,0.010362694300518135,349
8,0.010548523206751054,161
8,0.01049317943336831,250
8,0.014084507042253521,359
8,0.010298661174047374,329
8,0.00831255195344971,150
8,0.014814814814814815,256
8,0.008960573476702509,251
8,0.0102880658436214,334
8,0.00975609756097561,372
8,0.01730103806228374,154
8,0.019120458891013385,158
8,0.007524454477050414,341
8,0.010309278350515464,340
8,0.007818608287724784,376
8,0.015313935681470138,357
8,0.007173601147776184,188
8,0.013927576601671309,250
8,0.013927576601671309,340
8,0.015360983102918587,260
8,0.017152658662092625,169
8,0.016181229773462782,359
8,0.015082956259426848,287
8,0.013262599469496022,351
8,0.012853470437017995,348
8,0.02066115702479339,349
8,0.01141552511415525,359
8,0.009066183136899365,261
8,0.012738853503184714,349
8,0.010183299389002037,317
8,0.01455604075691412,358
8,0.017953321364452424,365
8,0.020202020202020204,377
8,0.011961722488038277,264
8,0.016366612111292964,158
8,0.010787486515641856,345
8,0.021505376344086023,159
8,0.014925373134328358,353
8,0.017543859649122806,250
8,0.008305647840531562,235
8,0.012150668286755772,320
8,0.011904761904761904,338
8,0.01718213058419244,266
8,0.01949317738791423,167
8,0.017857142857142856,190
8,0.011363636363636364,153
8,0.010638297872340425,300
8,0.009267840593141797,344
8,0.006535947712418301,369
8,0.012453300124533,381
8,0.020491803278688523,349
8,0.014084507042253521,334
8,0.013386880856760375,250
8,0.013315579227696404,364
8,0.011135857461024499,263
8,0.015822784810126583,257
8,0.013831258644536652,328
8,0.007022471910112359,315
8,0.010940919037199124,371
8,0.02004008016032064,371
8,0.016,345
8,0.011350737797956867,335
8,0.009970089730807577,369
8,0.023148148148148147,254
8,0.009541984732824428,354
8,0.008635578583765112,183
8,0.01718213058419244,176
8,0.019342359767891684,271
8,0.013966480446927373,381
8,0.009442870632672332,156
8,0.016666666666666666,256
8,0.011454753722794959,357
8,0.021834061135371178,250
8,0.016778523489932886,337
8,0.009267840593141797,363
8,0.01529051987767584,231
8,0.005288207297726071,250
8,0.016025641025641024,309
8,0.010090817356205853,256
16,0.5555555555555556,150
8,0.01430615164520744,152
8,0.01692047377326565,239
8,0.019762845849802372,362
8,0.007598784194528876,362
8,0.00796812749003984,344
8,0.015128593040847202,330
8,0.01358695652173913,350
8,0.014684287812041116,386
8,0.011086474501108648,346
8,0.013642564802182811,171
8,0.01579778830963665,356
8,0.015151515151515152,349
8,0.009596928982725527,158
8,0.011363636363636364,254
8,0.013642564802182811,235
8,0.01288659793814433,348
8,0.01680672268907563,317
16,0.47619047619047616,150
8,0.011363636363636364,257
8,0.012610340479192938,355
8,0.01592356687898089,261
8,0.013020833333333334,347
8,0.017605633802816902,342
8,0.018018018018018018,260
8,0.01694915254237288,342
8,0.021551724137931036,359
8,0.01697792869269949,333
8,0.008340283569641367,254
8,0.007473841554559043,300
8,0.012004801920768308,271
8,0.013020833333333334,165
8,0.010964912280701754,322
8,0.0061312078479460455,324
8,0.01288659793814433,358
8,0.00864304235090752,166
8,0.01692047377326565,342
8,0.009107468123861567,348
8,0.02127659574468085,334
8,0.009560229445506692,245
8,0.012755102040816327,176
8,0.01443001443001443,340
8,0.009487666034155597,356
8,0.011376564277588168,251
8,0.009794319294809012,188
8,0.011737089201877934,259
8,0.009737098344693282,156
8,0.009099181073703366,324
8,0.009233610341643583,249
8,0.0364963503649635,371
8,0.015105740181268883,370
8,0.008944543828264758,367
8,0.01855287569573284,323
8,0.008613264427217916,321
8,0.01141552511415525,346
8,0.013831258644536652,371
8,0.01592356687898089,170
