435,6,0.00008469838903664053
231,6,0.00006851614582976479
142,6,0.00005900018290056699
138,6,0.000055920280048762487
249,6,0.00006344050549394778
576,6,0.00006900549283722984
255,6,0.00005556049426615699
555,6,0.007267441860465116
608,6,0.009643201542912247
307,6,0.00683526999316473
407,6,0.00005231110460128476
392,6,0.0001456558153084262
347,6,0.00011488178664154585
366,6,0.012135922330097087
577,6,0.00007326114668346789
250,6,0.00007415482043410232
567,6,0.00009452421237700036
573,6,0.00009031465626241827
619,6,0.00594883997620464
344,6,0.00007021633653285774
350,6,0.00006896694414367194
340,6,0.000059803604961307066
344,6,0.00006896123688874483
577,6,0.00003664869658910581
666,6,0.009652509652509652
509,6,0.006385696040868455
430,6,0.00003718301479883989
360,6,0.0000619402153041884
536,6,0.00007337618502538816
354,6,0.008244023083264633
351,6,0.00009614737469593393
238,6,0.00006835690507276593
442,6,0.00014838776691249574
403,6,0.00007303161538630073
247,6,0.00005363569562815445
389,6,0.009737098344693282
434,6,0.00007813110399249941
161,6,0.000093207937587965
356,6,0.00008983595953788382
149,6,0.0000721849667588228
316,6,0.0001241280007944192
680,6,0.00005795925464398528
525,6,0.00011634942057988551
508,6,0.008285004142502071
740,6,0.00007507112989557605
257,6,0.00012154360376785171
440,6,0.00008536502082906508
454,6,0.00006740270419649237
503,6,0.00009645433851614645
382,6,0.00008961778016758524
231,6,0.00007638310711203111
567,6,0.000064885768604372
252,6,0.00006224828350358239
579,6,0.0000512434216257488
548,6,0.00006169716563221086
599,6,0.00009542257889061709
227,6,0.00009583317361137731
667,6,0.0000782938210516426
249,6,0.00006473748948015796
377,6,0.0000440193156757185
575,6,0.00008803669369393162
253,6,0.00004712846276380157
254,6,0.00009588371223380285
504,6,0.00009645154756508068
163,6,0.00006639048226046314
375,6,0.00010426767597777013
375,6,0.00010991064264752756
134,6,0.00007206635870309381
428,6,0.00011579166763159723
427,6,0.009149130832570906
450,6,0.000046015939921588836
507,6,0.0000352812088753409
509,6,0.00006576178451178451
536,6,0.00007434833682770516
515,6,0.00007263113551517264
310,6,0.008658008658008658
324,6,0.000053381447811627545
562,6,0.00019121921370659323
352,6,0.008583690987124463
559,6,0.00554016620498615
131,6,0.000053197431628001
589,6,0.00008860849223789608
459,6,0.00005439660565180733
340,6,0.0064516129032258064
567,6,0.00008115433932252357
325,6,0.00006397993589210423
144,6,0.00006851943211094666
398,6,0.00004190658184774501
143,6,0.00004315367021965218
551,6,0.00012673949963245545
136,6,0.00007613826709304096
439,6,0.0000629750681705113
561,6,0.0071581961345740875
509,6,0.00011229898481717726
598,6,0.00003495391326535963
281,6,0.00006572634180326791
586,6,0.00004049993115011705
328,6,0.005931198102016607
524,6,0.00009096449655699381
464,6,0.00723589001447178
295,6,0.00008246402506906362
504,6,0.004918839153959666
357,6,0.006150061500615006
543,6,0.004105090311986864
467,6,0.004140786749482402
619,6,0.004539264639128461
498,6,0.00006127000465652036
650,6,0.00008820286659316427
416,6,0.000026875796195462292
291,6,0.000055799212115124936
432,6,0.00017072421210776112
282,6,0.00009343785915177111
587,6,0.00008567438592883886
402,6,0.00005907197920666332
482,6,0.00006673785371062466
419,6,0.006770480704129994
452,6,0.00009917388156655063
142,6,0.00008362043014349266
368,6,0.0000856677803478112
694,6,0.00012637591780510307
530,6,0.00005241722010514894
560,6,0.00006484705821320415
434,6,0.00011004126547455296
165,6,0.00006815471119441132
536,6,0.00009385793662712119
386,6,0.00015082956259426848
644,6,0.008539709649871904
455,6,0.0001062642792625259
457,6,0.0000660549973908276
388,6,0.00005048745639145954
475,6,0.00012666886226027918
513,6,0.00008272735545462818
659,6,0.00007848369501236118
534,6,0.00008792522838578073
402,6,0.00010978997178397725
396,6,0.00006866198391936337
251,6,0.00006963739806825858
698,6,0.00006691380164072642
342,6,0.0000824313964702876
549,6,0.00006393780130688866
350,6,0.000049122427826872916
364,6,0.0000727320333694569
488,6,0.00004034861200774693
540,6,0.00007672948253636978
512,6,0.00009956589270779401
148,6,0.000060040226952057876
517,6,0.00009698850686193686
416,6,0.0000716563362115295
636,6,0.009354536950420954
582,6,0.00005388569765812758
355,6,0.00009155413138017853
215,6,0.00009279622876126314
549,6,0.00008410358197155617
538,6,0.00012968150223052183
398,6,0.00006390878937580285
508,6,0.004468275245755138
507,6,0.017857142857142856
522,6,0.006724949562878279
439,6,0.000052476910159529805
388,6,0.00007562237212256874
584,6,0.00005283234184638468
324,6,0.004111842105263158
214,6,0.00010811862775837649
226,6,0.00004520550422219409
495,6,0.0001006491872578129
141,6,0.00007836499279042066
334,6,0.02531645569620253
281,6,0.000132890365448505
356,6,0.0000845644507961743
517,6,0.00015141191611779846
461,6,0.00007054524419236278
362,6,0.000046692970373310296
662,6,0.0002837281883955171
385,6,0.00006712085109239186
493,6,0.00008105107027938304
585,6,0.0077279752704791345
513,6,0.00630119722747322
271,6,0.00005270619983028604
351,6,0.0000532637353857626
613,6,0.00008801344845492391
373,6,0.00009224751854175123
387,6,0.009813542688910697
327,6,0.00009732360097323601
595,6,0.009541984732824428
232,6,0.00007265804942200522
556,6,0.00006997410957945561
367,6,0.00005045459590914136
378,6,0.00003396496853145666
339,6,0.02197802197802198
635,6,0.00009657170449058426
422,6,0.00013029146200049511
302,6,0.00004500105752485184
518,6,0.0001028732498688366
430,6,0.00013860398070632588
561,6,0.00007266544104289441
507,6,0.005927682276229994
714,6,0.010570824524312896
542,6,0.006958942240779402
394,6,0.000053328782610550565
530,6,0.00012554770184931765
422,6,0.00009066922958355622
565,6,0.00015158175561989358
471,6,0.000080907458049483
642,6,0.007541478129713424
338,6,0.000055705961652015996
623,6,0.00398247710075667
337,6,0.00009008035167369294
565,6,0.00006144997357651136
578,6,0.00005559539892478498
385,6,0.00006319674410374377
731,6,0.0001045445516606902
258,6,0.00007464970625340589
448,6,0.00007497094875735653
558,6,0.00004643495623505375
294,6,0.00008812436109838204
272,6,0.00007656967840735069
700,6,0.00009173554477153263
291,6,0.00009045353401957415
442,6,0.00009998100360931423
507,6,0.00015751504268657658
564,6,0.00011998032322699077
464,6,0.00012688584080902413
366,6,0.009587727708533078
477,6,0.007027406886858749
436,6,0.0000679089476829467
433,6,0.005659309564233163
419,6,0.00007392512862972381
565,6,0.00007077942300614366
297,6,0.00007177977963607651
553,6,0.00007622183603158633
401,6,0.00018774759213713085
513,6,0.0000541826279658216
442,6,0.000059946647483739474
435,6,0.00008608444884431627
653,6,0.0001081572173311125
536,6,0.00008268494555196336
271,6,0.000069096085015823
358,6,0.000050907165692642894
486,6,0.0001119306925151946
668,6,0.00008702992959278695
597,6,0.006666666666666667
672,6,0.012578616352201259
581,6,0.00012040794210786144
354,6,0.000048813585797199074
549,6,0.00008630734043930436
446,6,0.00009194049611091701
550,6,0.00006754292352790198
504,6,0.00012569130216189038
376,6,0.011376564277588168
274,6,0.00005037808754704054
738,6,0.00008567805613626238
468,6,0.0000614197796258307
274,6,0.00009054034477763291
353,6,0.0001198911388459279
368,6,0.006983240223463687
518,6,0.01152073732718894
386,6,0.00011928334565927905
373,6,0.0060790273556231
249,6,0.00010554089709762533
739,6,0.000050288151105836445
314,6,0.004649000464900047
499,6,0.00012246197555658967
719,6,0.006325110689437065
539,6,0.0000500540583830537
534,6,0.00011043988205020596
665,6,0.00023716352424997035
244,6,0.00009372071227741331
443,6,0.00008818575447322239
547,6,0.008718395815170008
430,6,0.00007763010806111042
336,6,0.00006492831913567421
342,6,0.00005145541645441308
588,6,0.00007084460943366819
507,6,0.00792393026941363
489,6,0.0000563764594455939
351,6,0.008375209380234505
472,6,0.00006214499670631517
614,6,0.0000588200694076819
333,6,0.00008562010360032535
294,6,0.007674597083653108
369,6,0.00007030914932960227
549,6,0.00005894453908317664
420,6,0.00007916340117636814
556,6,0.00007192330099182232
494,6,0.00007939028262940616
390,6,0.0001106586402266289
448,6,0.005668934240362812
449,6,0.00007077842107498265
480,6,0.00006198129404545708
305,6,0.00007375610331754953
557,6,0.00007469375560203167
513,6,0.0001358381895486097
361,6,0.00008903609523300747
334,6,0.006013229104028864
333,6,0.00007062496027345985
672,6,0.00865051903114187
317,6,0.0000640274549726923
373,6,0.00008835483300936562
267,6,0.00012887428313680004
382,6,0.000206487848190134
509,6,0.00724112961622013
559,6,0.0000648167953280054
547,6,0.00005092738773057375
148,6,0.0001712798026856673
557,6,0.006261740763932373
196,6,0.010741138560687433
433,6,0.000047252279922506264
602,6,0.00016081565701236674
238,6,0.00010559216083797938
670,6,0.00007532956685499058
679,6,0.00855431993156544
512,6,0.00009858530093163109
440,6,0.00007189537784615827
703,6,0.015432098765432098
503,6,0.006882312456985547
652,6,0.00008947344875408222
145,6,0.00008113590263691683
437,6,0.006887052341597796
230,6,0.00007511906371598984
267,6,0.000067585377227783
362,6,0.00008817098116667843
543,6,0.00006887004910434502
679,6,0.00006792463082963145
276,6,0.00007613652802204914
423,6,0.008880994671403197
382,6,0.00005136713633351654
348,6,0.00009028204109638511
548,6,0.000050469110380991315
315,6,0.006825938566552901
400,6,0.00006293226600210194
359,6,0.00008931282710822928
254,6,0.00010633546713170711
386,6,0.00004676502911123062
314,6,0.007974481658692184
445,6,0.0001435564679366629
473,6,0.000055308510873653236
307,6,0.014450867052023121
651,6,0.00010938405836733354
350,6,0.00005846277967132225
458,6,0.005099439061703213
402,6,0.005656108597285068
329,6,0.000049909912607743023
566,6,0.00006181042741910561
421,6,0.00011203854125819282
686,6,0.00006354976264163654
481,6,0.00011199336999249645
242,6,0.00006854056573382957
332,6,0.00011096931698385396
353,6,0.0000539307421409426
233,6,0.00006522604084454678
397,6,0.00008621953217281844
250,6,0.00017114203077133713
601,6,0.00010983941477559808
537,6,0.00007630908230697618
280,6,0.00005241419795794285
592,6,0.00008494949752372215
369,6,0.00007073286319556929
275,6,0.000053424225749408325
430,6,0.00008507235403710856
507,6,0.011778563015312132
294,6,0.00008096969304389367
518,6,0.00005240430973043223
438,6,0.00005832230069811794
480,6,0.00006041529473601537
373,6,0.00009945894334818587
371,6,0.00005568207760967977
477,6,0.005871990604815032
388,6,0.0000699584446838578
506,6,0.010427528675703858
545,6,0.006711409395973154
234,6,0.0000906758067879909
498,6,0.00010297176514199806
649,6,0.000081352402336441
768,6,0.00008150490659537704
498,6,0.00004938686210694231
707,6,0.00007029926396670627
376,6,0.008149959250203748
315,6,0.00006542147787118511
574,6,0.0001653849334325643
355,6,0.00010900370612600828
353,6,0.00006646549776011273
142,6,0.00008711408460519897
151,6,0.00006257430698955009
466,6,0.01447178002894356
334,6,0.00006300125372494912
305,6,0.006844626967830253
493,6,0.008920606601248885
664,6,0.005241090146750524
682,6,0.00004642525533890436
364,6,0.00009361279874184398
354,6,0.00007434115154443743
250,6,0.00006832421205102452
462,6,0.00006129779695717735
359,6,0.00006661736981300504
344,6,0.00003806840893084873
611,6,0.005497526113249038
539,6,0.000059201723954201544
585,6,0.005995203836930456
449,6,0.0072306579898770785
515,6,0.004555808656036446
517,6,0.00006737091732241027
566,6,0.00012963947262662536
241,6,0.00007066888095827003
526,6,0.00007051738606153347
287,6,0.00008289193378592329
408,6,0.000049213809394916214
339,6,0.00831255195344971
513,6,0.00008307648852298311
590,6,0.00005956671173881188
528,6,0.0000739021830704879
457,6,0.00007916778821033298
534,6,0.00851063829787234
582,6,0.0000665335994677312
300,6,0.0001028520884116552
618,6,0.00009238558045860202
353,6,0.00007850772516015576
398,6,0.00007496589051981349
142,6,0.00011078859320644346
446,6,0.00006531422674486956
312,6,0.02100840336134454
263,6,0.00008101823720519489
135,6,0.00011023170704821535
421,6,0.00008993938085730218
548,6,0.006426735218508998
609,6,0.00008477953083007638
492,6,0.0057670126874279125
374,6,0.00004661613477656887
525,6,0.0000545547784530447
498,6,0.00015147384046775123
418,6,0.00006905075921309755
529,6,0.0000752683316021617
160,6,0.00010756273596575203
244,6,0.00006969223907225691
618,6,0.00009466648995588541
361,6,0.00010960225342233036
376,6,0.004640371229698376
395,6,0.00008053799379857447
486,6,0.00009357513147305972
144,6,0.00010199294208840748
468,6,0.00007219069895034724
383,6,0.000055931852630754686
604,6,0.009074410163339383
278,6,0.00010769363315240803
649,6,0.00009847753727374786
553,6,0.00010600856549209176
380,6,0.00005442710034180219
275,6,0.00012088244182532487
367,6,0.0000806750891459735
403,6,0.0001177717583323519
506,6,0.00008294281093186248
491,6,0.00006920798383301498
375,6,0.0000987147341612209
505,6,0.00009787417296323846
387,6,0.00005869302374719741
495,6,0.007369196757553427
301,6,0.00009734065335046528
352,6,0.006075334143377886
242,6,0.00009598218570633291
359,6,0.00008796080466544108
312,6,0.006071645415907711
309,6,0.00006368574903993733
447,6,0.006418485237483954
516,6,0.00009223220379627751
313,6,0.008382229673093043
322,6,0.006305170239596469
478,6,0.00006409434687860531
374,6,0.00006545145138593448
370,6,0.00007018627437218378
492,6,0.00005572241322627201
218,6,0.00010814785975385548
258,6,0.0000908554036251306
390,6,0.00007126009221055932
240,6,0.00007738680245470938
301,6,0.00015135920566688866
587,6,0.00010244012374766949
363,6,0.00011399648890814163
361,6,0.012453300124533
549,6,0.006775067750677507
485,6,0.00006032818532818533
335,6,0.0065919578114700065
506,6,0.00008973921783297737
225,6,0.00005990678504247391
138,6,0.00009975957941361319
546,6,0.00012290749981563875
333,6,0.00006866386975837184
343,6,0.00006170668345088456
543,6,0.00005433306166802499
274,6,0.000053085600530856004
448,6,0.00009556118304744613
330,6,0.009057971014492754
135,6,0.000058945928899420564
511,6,0.000053893829156561574
359,6,0.005350454788657036
280,6,0.006345177664974619
241,6,0.00006618265087989834
674,6,0.00010690499353224789
729,6,0.00005784191803800214
473,6,0.00007546030787805614
292,6,0.000059916117435590176
491,6,0.00012834004979593933
452,6,0.0001045139578390694
457,6,0.0000846811753747142
539,6,0.006013229104028864
475,6,0.00009633911368015414
388,6,0.006868131868131868
355,6,0.005589714924538848
513,6,0.005200208008320333
301,6,0.00007396176176916534
365,6,0.00008013655268577656
510,6,0.008680555555555556
482,6,0.005793742757821553
382,6,0.0000715021164626473
280,6,0.00007711467723651843
321,6,0.010245901639344262
473,6,0.00009290312990644655
388,6,0.00006438113632705618
193,6,0.005246589716684155
580,6,0.00006421246620818966
577,6,0.00010813382642358182
458,6,0.00007610350076103501
621,6,0.00005725016030044884
368,6,0.0000803032249775151
223,6,0.00004423467379139813
470,6,0.006493506493506494
477,6,0.009442870632672332
346,6,0.00007459457846603709
447,6,0.00007366808109382367
509,6,0.00010996261271167803
550,6,0.00007094563436038964
710,6,0.005803830528148578
587,6,0.00006137379093631855
551,6,0.006285355122564425
546,6,0.00536480686695279
434,6,0.00006598438809377702
550,6,0.00007944641736380898
738,6,0.011013215859030838
577,6,0.00006762696963549064
327,6,0.00005501942185591514
676,6,0.00009114357847917825
373,6,0.007905138339920948
383,6,0.00004342237815680689
342,6,0.00005998368443783291
445,6,0.00006321592029736769
459,6,0.00011203226529240422
421,6,0.00005144191693159254
707,6,0.00847457627118644
270,6,0.00010418511611431191
568,6,0.00006179858604835121
576,6,0.00008238318064983853
382,6,0.0000525188017310197
361,6,0.00004825695865343783
377,6,0.00008171804007452685
342,6,0.00005617409475446303
551,6,0.00984251968503937
431,6,0.00005962460349638675
330,6,0.000057925681350826886
281,6,0.00007775928834699305
354,6,0.000091879674378434
239,6,0.0000562306355748739
687,6,0.000037402333157542365
569,6,0.00006419968670552888
525,6,0.010090817356205853
536,6,0.000055716203943592916
482,6,0.00008230926884676484
535,6,0.004389815627743635
682,6,0.00784313725490196
633,6,0.000052981255231898956
305,6,0.017123287671232876
561,6,0.00005721282024876134
634,6,0.00023143326621768612
251,6,0.00007305615826886127
344,6,0.00007557893463933732
234,6,0.00782472613458529
594,6,0.00017643841417153342
448,6,0.00008060875733539692
304,6,0.012195121951219513
322,6,0.00009633818556661305
557,6,0.00006470649135521276
690,6,0.00007934681700243594
500,6,0.005305039787798408
277,6,0.0000980478669686541
511,6,0.0078064012490242
464,6,0.00578368999421631
226,6,0.00008171737229617645
534,6,0.00008108590240500787
141,6,0.0001226452119309262
145,6,0.000058534643728890944
366,6,0.00008346966712296751
345,6,0.000040326808455725196
553,6,0.007446016381236039
366,6,0.00007453897643077565
417,6,0.00005541179273773044
417,6,0.00010248106662294141
573,6,0.00009722330248113868
601,6,0.00727802037845706
646,6,0.00007370771940945375
441,6,0.00693000693000693
613,6,0.00010322793760903451
418,6,0.015082956259426848
460,6,0.00016466326362588507
497,6,0.00007279185895849408
554,6,0.000123974114204954
372,6,0.00004801989944633056
539,6,0.011402508551881414
582,6,0.00010509721492380452
518,6,0.00011501127110456825
338,6,0.006609385327164574
467,6,0.013774104683195593
573,6,0.01639344262295082
388,6,0.00007400226446929277
558,6,0.005293806246691371
309,6,0.008438818565400843
601,6,0.00008829944106453806
245,6,0.0000654283265396921
357,6,0.010706638115631691
594,6,0.00008221115112053799
513,6,0.0053533190578158455
674,6,0.007564296520423601
546,6,0.000049616957091255506
574,6,0.00012930755802676667
664,6,0.00013078562927505526
438,6,0.00005184033177812338
389,6,0.01152073732718894
330,6,0.00006268138425568991
672,6,0.00006581372084452166
542,6,0.01652892561983471
286,6,0.007072135785007072
531,6,0.009124087591240875
687,6,0.006501950585175552
559,6,0.0102880658436214
440,6,0.0001710688381004516
499,6,0.00006644783180724813
656,6,0.00576036866359447
261,6,0.006035003017501509
588,6,0.0035650623885918
138,6,0.00006263544915880592
323,6,0.008285004142502071
557,6,0.00005513317418223719
404,6,0.00006430868167202572
212,6,0.00007151490012944196
728,6,0.005282620179609086
248,6,0.00006060275500124236
404,6,0.00013624535062740985
490,6,0.00011141564721349466
385,6,0.00008269793751343842
312,6,0.00014874312063067083
307,6,0.00008262346010526229
329,6,0.0000698431323247985
341,6,0.00005047853652626903
540,6,0.004262574595055414
367,6,0.010810810810810811
327,6,0.00008778475178861432
310,6,0.00013284976020618282
258,6,0.00009140433622171035
563,6,0.00005047598857223619
503,6,0.0001131874724105536
554,6,0.00005356903709655819
433,6,0.00008599191675982457
147,6,0.00009057642839027571
461,6,0.00004938271604938271
382,6,0.004278990158322636
527,6,0.0001302117242636527
320,6,0.00012998999077071065
541,6,0.00009705816695945881
456,6,0.008718395815170008
494,6,0.000043413141157828474
302,6,0.00012332433065719535
543,6,0.005128205128205128
350,6,0.00005638313467675549
555,6,0.000039823502238080824
437,6,0.00006606547088164371
283,6,0.0052659294365455505
280,6,0.015151515151515152
256,6,0.00009634468273695975
397,6,0.0001444272736463554
515,6,0.004549590536851683
550,6,0.00012290598920885416
638,6,0.00007709505820676895
480,6,0.00831255195344971
582,6,0.00009869817112288909
318,6,0.006430868167202572
469,6,0.008771929824561403
608,6,0.00006653227147828054
447,6,0.00008289468230613006
314,6,0.00008194706219782021
237,6,0.0001501118333158203
416,6,0.0001930017563159825
524,6,0.011389521640091117
437,6,0.00011293564926704764
477,6,0.00006108959399855829
580,6,0.00536480686695279
369,6,0.0000633280137801758
735,6,0.01141552511415525
497,6,0.004918839153959666
350,6,0.011235955056179775
343,6,0.000055408108422586564
471,6,0.006949270326615705
431,6,0.00005123055800323777
290,6,0.000041026650912432715
353,6,0.0060901339829476245
661,6,0.007473841554559043
252,6,0.00008968288133161142
313,6,0.006882312456985547
470,6,0.00008075522284403743
494,6,0.00016418474067020212
521,6,0.0000945000945000945
528,6,0.0001441503776739895
475,6,0.00007366645303395286
451,6,0.00008052632002770106
347,6,0.006983240223463687
231,6,0.0000521167206074725
273,6,0.00011919803561637304
466,6,0.00004309898975968003
386,6,0.000053894410071787354
312,6,0.006657789613848202
484,6,0.00008612967684145249
639,6,0.00801924619085806
231,6,0.00004374319246567253
499,6,0.008403361344537815
608,6,0.005189413596263622
569,6,0.00004571470367729076
512,6,0.000052623546932310335
443,6,0.00007737482687382487
290,6,0.010764262648008612
267,6,0.006934812760055479
540,6,0.018115942028985508
670,6,0.004342162396873643
679,6,0.00009787800485474904
573,6,0.00006283183060538469
511,6,0.005055611729019211
295,6,0.00006840226001067075
525,6,0.00007513543161548691
606,6,0.0001023761504519907
530,6,0.00006426198325332716
577,6,0.0001167392395605935
640,6,0.00011162458419842386
241,6,0.00007599015167634275
299,6,0.00013389748808312357
365,6,0.008605851979345954
319,6,0.008045052292839904
560,6,0.0001525390118522812
375,6,0.0000926569376882094
490,6,0.006207324643078833
370,6,0.00006838916168565606
627,6,0.00008932958149091072
499,6,0.005350454788657036
501,6,0.000060362415945335794
145,6,0.00006377266321018832
637,6,0.00006041821488342306
338,6,0.0000548666739822232
266,6,0.00011582385508119252
250,6,0.00006628838097258312
347,6,0.00007717061651605535
482,6,0.0001008074678172159
331,6,0.00007467925261003988
240,6,0.00006501358783985853
392,6,0.0000730988808561341
392,6,0.00007259106549165929
533,6,0.00012876144367330648
397,6,0.00007185869705810494
544,6,0.007911392405063292
515,6,0.007374631268436578
605,6,0.00008486370888353304
330,6,0.00009526440635985178
516,6,0.00005670123551992198
301,6,0.0076103500761035
533,6,0.00006896361479683319
645,6,0.00010224008015622284
465,6,0.00007789921399693077
332,6,0.005750431282346176
412,6,0.00007553497647085483
594,6,0.000057649514014596854
668,6,0.010395010395010396
599,6,0.007593014426727411
364,6,0.0000899847026005579
533,6,0.00697350069735007
408,6,0.00007011737648824132
495,6,0.01017293997965412
506,6,0.00007385033491126882
139,6,0.000059991601175835386
542,6,0.00010272530226920193
539,6,0.00007797210158205394
546,6,0.005817335660267597
538,6,0.005136106831022085
467,6,0.00007240343192267313
578,6,0.006839945280437756
346,6,0.00006938469651133746
366,6,0.0001601152830037627
633,6,0.008920606601248885
246,6,0.00006599222611576357
678,6,0.005437737901033171
549,6,0.00007899393326592517
145,6,0.00007991752511408226
600,6,0.009149130832570906
439,6,0.00008603334652511314
570,6,0.0000770267668014635
504,6,0.00007993477322504836
577,6,0.0000746458056521804
238,6,0.00006805406214696955
541,6,0.00007002703043374743
540,6,0.00007188917564682285
359,6,0.008517887563884156
370,6,0.019230769230769232
600,6,0.00008522751485089446
653,6,0.005422993492407809
210,6,0.00019692404639530534
453,6,0.00009634468273695975
526,6,0.00007525303834142303
347,6,0.00008117014886605303
527,6,0.007656967840735069
335,6,0.00005356817621787249
593,6,0.00005234368865973985
500,6,0.000053797281085413944
406,6,0.00022508834717626668
536,6,0.000053856096510124945
641,6,0.0001544043850845364
256,6,0.0000807187194782342
625,6,0.0001630549984509775
536,6,0.00011719894520949311
236,6,0.008136696501220505
338,6,0.00013102382013049972
566,6,0.0001127548259065488
416,6,0.00007919349346257711
263,6,0.0000894358387292956
275,6,0.00005277100549873877
381,6,0.00010307578131442237
227,6,0.00008727069624561465
244,6,0.006234413965087282
377,6,0.00008077152965122853
443,6,0.000054244643341470026
651,6,0.00008284866862189524
696,6,0.000044618755047496665
300,6,0.00008517162081594413
217,6,0.00009952427397042139
519,6,0.00009062732232513459
246,6,0.00007668594039968712
504,6,0.00010378934913699157
238,6,0.00004834888555818788
261,6,0.00005824722451975163
584,6,0.00014152679102154037
642,6,0.00008638040201439097
390,6,0.00010786439288526464
554,6,0.00011622501162250116
172,6,0.00007272727272727273
442,6,0.00009401765651589368
644,6,0.00009635396592923764
423,6,0.00006979828296223913
266,6,0.009250693802035153
719,6,0.00008595200440074262
256,6,0.006514657980456026
417,6,0.00006570906653700078
279,6,0.007656967840735069
263,6,0.00922509225092251
642,6,0.00017333125335829304
334,6,0.00010048231511254019
675,6,0.00010534299679757289
569,6,0.00007921921541289056
848,6,0.00006268295587746736
310,6,0.007132667617689016
244,6,0.00006259780907668232
322,6,0.00005014391303039724
241,6,0.009624639076034648
246,6,0.008726003490401396
244,6,0.005128205128205128
761,6,0.0000580410001625148
498,6,0.008257638315441783
571,6,0.0000997984072174208
550,6,0.00008682816705739342
733,6,0.011389521640091117
649,6,0.02127659574468085
540,6,0.00006598003444157798
628,6,0.00008642295393656556
479,6,0.00007744673600731097
487,6,0.012106537530266344
547,6,0.00009415309292910272
513,6,0.00009457516834379966
226,6,0.000058109128944157125
563,6,0.00014031346027024372
301,6,0.006418485237483954
562,6,0.00005141890467449262
496,6,0.0001524831887284427
384,6,0.00007734251131134228
379,6,0.00010891703789223749
138,6,0.00005421229534858506
622,6,0.00009887382710922592
346,6,0.00006960201567437392
595,6,0.00715307582260372
590,6,0.00008513609003992882
689,6,0.008319467554076539
355,6,0.00007717121205105648
235,6,0.00014716920042973406
228,6,0.00007322895765901669
635,6,0.00007948936034911727
503,6,0.006915629322268326
577,6,0.0000654338921387722
328,6,0.007251631617113851
348,6,0.00004603182640477626
558,6,0.00006050338818973863
219,6,0.00006964952359725859
445,6,0.00010241389551734379
356,6,0.00014009526478005044
505,6,0.00006664178706616196
371,6,0.00014646220542788933
740,6,0.00009076798794601121
659,6,0.00006872710528305259
532,6,0.00006865208496382035
420,6,0.00007680373573370609
665,6,0.00010280239323971462
398,6,0.00009484786402610214
488,6,0.00007743534148985597
215,6,0.005970149253731343
642,6,0.0001290489095367144
694,6,0.00007393988687197309
560,6,0.00006908081073239476
469,6,0.000057225916473052316
523,6,0.00008843687817820032
333,6,0.00006393902774314414
560,6,0.00005915934569763659
448,6,0.00006373080109616978
235,6,0.00010040160642570282
514,6,0.00007800372857822604
534,6,0.00007363336475023562
336,6,0.00007113033210752061
627,6,0.000057331231188189764
677,6,0.000050376057267501905
497,6,0.00531632110579479
424,6,0.00004783453079108747
571,6,0.00016863122038414193
575,6,0.00009865824782951855
507,6,0.00010430900499640134
495,6,0.00005090353779587681
556,6,0.00004274618597155669
573,6,0.0000750846579518407
427,6,0.00006939721578370275
684,6,0.00006502331085694221
588,6,0.010111223458038422
668,6,0.00005544835540177878
533,6,0.00010158265780865891
362,6,0.00006321592029736769
375,6,0.00005164835732399531
271,6,0.006587615283267457
321,6,0.00005490734385724091
564,6,0.004533091568449683
523,6,0.015337423312883436
516,6,0.0000611676912254947
586,6,0.00006665289173570795
430,6,0.00008782175696206978
506,6,0.007473841554559043
248,6,0.00552791597567717
373,6,0.000051481641646588825
490,6,0.006830601092896175
508,6,0.007251631617113851
591,6,0.00015172895140121688
520,6,0.00011815582390056006
483,6,0.00008872878272982973
555,6,0.0001216559812163165
353,6,0.00005843340053174394
431,6,0.000056964152458857644
683,6,0.00010058439533690743
579,6,0.00007713192644699494
525,6,0.00007397762916494052
350,6,0.00006309307490409852
561,6,0.00006613669131360696
605,6,0.00008910670527957229
437,6,0.00015090695077415265
592,6,0.005170630816959669
456,6,0.00012039489525644112
223,6,0.00005251990504401168
367,6,0.00005664374483125828
524,6,0.00006992322429971891
242,6,0.00005726294572045375
339,6,0.0000800736677743524
518,6,0.000113323436419886
496,6,0.00007640353289936127
503,6,0.007272727272727273
483,6,0.005246589716684155
233,6,0.00006621376451736787
400,6,0.00007213341796987709
192,6,0.006381620931716656
587,6,0.00006967281645393233
543,6,0.00006313848795949035
360,6,0.00007946535707758203
663,6,0.005367686527106817
384,6,0.011494252873563218
359,6,0.00006412311638345624
712,6,0.00008386658503652389
569,6,0.008741258741258742
476,6,0.00010819817577875637
360,6,0.00006670135136937874
314,6,0.00008788890841975742
237,6,0.00007943947506394877
372,6,0.00011680741960729346
239,6,0.00007047911703762176
347,6,0.000071213405211397
398,6,0.00007676953784738216
593,6,0.00007856632176051414
583,6,0.00006715691212518049
141,6,0.00007171029042667623
577,6,0.00007407187935172291
555,6,0.00004986834756243517
224,6,0.00007831589499404799
488,6,0.009487666034155597
387,6,0.0001457683449462115
582,6,0.00010648493238206793
564,6,0.00006877153408661087
223,6,0.010070493454179255
487,6,0.00009819999410800036
573,6,0.00009982231627702689
437,6,0.00004451170657883023
556,6,0.012610340479192938
252,6,0.00005107095798902996
457,6,0.012484394506866416
391,6,0.005633802816901409
555,6,0.007621951219512195
312,6,0.00004811138748430366
658,6,0.00012132977432661975
472,6,0.000051618498004945055
530,6,0.00006192755714365335
606,6,0.00007798912831551281
703,6,0.006523157208088715
596,6,0.0000760057460344002
401,6,0.00008880284879538936
271,6,0.00006175240988779587
242,6,0.0000843810648890389
386,6,0.006944444444444444
743,6,0.01303780964797914
591,6,0.0000667240493491069
558,6,0.000055937171369118206
339,6,0.00009539163033835411
525,6,0.00004874505846969763
561,6,0.0000628026301741517
301,6,0.007757951900698216
269,6,0.00006480545402701091
504,6,0.010070493454179255
570,6,0.006333122229259025
375,6,0.00010148884130189886
408,6,0.00007204455235117397
666,6,0.016638935108153077
692,6,0.00008266990732703389
527,6,0.008896797153024912
482,6,0.00009203865623561896
547,6,0.006443298969072165
674,6,0.005268703898840885
361,6,0.00010769943242399112
480,6,0.0000834640937468701
284,6,0.004017677782241864
558,6,0.0059382422802850355
361,6,0.000039119345298637085
539,6,0.00006790848652356085
571,6,0.00008813678829543451
366,6,0.00018262171737463018
457,6,0.00013467650703011366
314,6,0.007215007215007215
375,6,0.00008545620796622771
512,6,0.00007961466502129693
415,6,0.005753739930955121
303,6,0.005506607929515419
234,6,0.00006889329805996472
732,6,0.00007495521425947997
628,6,0.00005493056776234839
231,6,0.00005929791271347249
670,6,0.013020833333333334
485,6,0.000054087968672248546
635,6,0.005162622612287042
712,6,0.007535795026375283
699,6,0.005973715651135006
577,6,0.0000686714141504316
329,6,0.00007988943302469383
236,6,0.000051074870652890074
247,6,0.0073964497041420114
391,6,0.0000771896781962316
481,6,0.00006658055581447993
356,6,0.00004639015044325789
555,6,0.0070028011204481795
225,6,0.00006726261342158189
518,6,0.0001154294552884005
330,6,0.000048881111360947904
250,6,0.00006708662896398119
320,6,0.008628127696289905
393,6,0.00015247388884653503
447,6,0.000043727125247604846
543,6,0.00008540147232138282
560,6,0.008710801393728223
468,6,0.00006932793499812815
348,6,0.00005403068943159715
393,6,0.00006700391972930416
555,6,0.00011499275545640625
504,6,0.008620689655172414
534,6,0.008045052292839904
604,6,0.00006492283920560414
592,6,0.00006270536005417744
671,6,0.012594458438287154
618,6,0.00007373489356368115
416,6,0.005189413596263622
526,6,0.005698005698005698
496,6,0.00019105846388995032
364,6,0.01
525,6,0.00006471696037380516
554,6,0.000049678086002702485
371,6,0.000046441857116982395
348,6,0.00011187434273823641
697,6,0.00006357844944877485
522,6,0.006793478260869565
511,6,0.007336757153338224
454,6,0.007309941520467836
596,6,0.007047216349541931
692,6,0.004952947003467063
635,6,0.00012224789428002102
563,6,0.00004205515112518557
433,6,0.006954102920723227
668,6,0.00007623520084163662
561,6,0.005837711617046118
338,6,0.00008104121756325268
620,6,0.010917030567685589
448,6,0.00546448087431694
699,6,0.007189072609633357
327,6,0.007283321194464676
445,6,0.00005377702967954268
538,6,0.0000912059247368709
494,6,0.00011746740279572419
699,6,0.00005773772063026496
494,6,0.00023912003825920613
616,6,0.00011147402097941075
669,6,0.007530120481927711
355,6,0.00007717061651605535
611,6,0.009082652134423252
402,6,0.00009302325581395348
556,6,0.00003723576569766792
543,6,0.00010268732735693088
409,6,0.000137166684955558
387,6,0.0000884869614462309
566,6,0.00009513480602013052
568,6,0.007892659826361484
400,6,0.00018038168765106965
660,6,0.006622516556291391
313,6,0.009560229445506692
448,6,0.0001478633742422002
548,6,0.00011593261996127851
532,6,0.00009199208868037349
523,6,0.00011209380009191691
547,6,0.0000809657595802735
600,6,0.000043393925718277956
419,6,0.00005037631104349491
598,6,0.00008695425336730346
447,6,0.00008263848143526515
472,6,0.000058544924447775
546,6,0.00011095331084679567
354,6,0.00004986362299111929
447,6,0.00010973696050566792
538,6,0.011764705882352941
474,6,0.00007320751401923894
338,6,0.00006012795228245707
718,6,0.00441696113074205
469,6,0.01001001001001001
449,6,0.00008969253399347038
241,6,0.00008965473959780884
675,6,0.00007433120498316398
257,6,0.00007304761974331066
490,6,0.00006240171729525996
417,6,0.00007751817801274399
364,6,0.006397952655150352
571,6,0.00007789982083041208
436,6,0.0000631935492024974
307,6,0.024875621890547265
510,6,0.00012811479085260395
541,6,0.0129366106080207
623,6,0.00008054707573841532
394,6,0.00008450728030219803
377,6,0.005837711617046118
301,6,0.004723665564478035
425,6,0.00008259548037531386
547,6,0.00006693754058088397
309,6,0.008665511265164644
601,6,0.006531678641410843
363,6,0.000053491096407003054
558,6,0.00014272257585704908
518,6,0.00013475817645235624
326,6,0.00007821237789092502
605,6,0.00009243852837862822
352,6,0.00012163822359538261
519,6,0.00014386833170282557
533,6,0.00013747216188721782
487,6,0.00005857270043578089
566,6,0.015174506828528073
537,6,0.01023541453428864
573,6,0.00008799486110011176
401,6,0.00018081874728771878
336,6,0.00013683447134001998
146,6,0.00006338702214108684
465,6,0.00005085409451742007
650,6,0.00006357723680613394
282,6,0.00008050298263550665
526,6,0.00983284169124877
447,6,0.0000855234462527902
549,6,0.005871990604815032
509,6,0.00949667616334283
419,6,0.00008565677330934944
388,6,0.000055784582257155766
418,6,0.011547344110854504
450,6,0.00012526775983665085
729,6,0.012195121951219513
554,6,0.00009486855961065943
296,6,0.007462686567164179
261,6,0.006153846153846154
489,6,0.00006557291051920631
367,6,0.00010412870307700318
372,6,0.00011892586161786742
424,6,0.00010607040953785123
538,6,0.010121457489878543
571,6,0.00003890944604621664
694,6,0.004025764895330112
530,6,0.00009811039381512078
253,6,0.00007453786523553965
363,6,0.0001085894233901618
593,6,0.005580357142857143
530,6,0.006105006105006105
355,6,0.00010113064056147732
549,6,0.00006021412141575442
357,6,0.0000861779229397013
613,6,0.00004486900494007744
556,6,0.00008947264821144176
675,6,0.007849293563579277
610,6,0.00010566021787136925
605,6,0.00005768476430005307
478,6,0.00005669673483504085
604,6,0.00011184056009752497
415,6,0.00005255413075467732
578,6,0.011049723756906077
615,6,0.0001309208975936739
502,6,0.00008307786888650732
435,6,0.00011140075306909075
504,6,0.00011607391586962578
251,6,0.00013301233024301352
308,6,0.005184033177812338
580,6,0.00819672131147541
549,6,0.005571030640668524
679,6,0.00008209102252577658
606,6,0.000054664822639982945
592,6,0.00007074086912231804
224,6,0.00006633411165357673
393,6,0.00009153150514407059
685,6,0.00007003782042302843
441,6,0.000055395524041657433
240,6,0.00007640294915383733
139,6,0.00010998075336816057
725,6,0.00558659217877095
361,6,0.00008958967926894822
612,6,0.00007800677098772173
574,6,0.010845986984815618
678,6,0.00009270418095856123
254,6,0.008944543828264758
387,6,0.00007954120632193508
503,6,0.00006549946617935063
600,6,0.005668934240362812
611,6,0.00005111768825366642
502,6,0.0001129662682722939
410,6,0.0000956846234810066
692,6,0.009285051067780872
545,6,0.004480286738351254
509,6,0.005931198102016607
496,6,0.008025682182985553
602,6,0.00007072435888368672
741,6,0.00008057887866432451
623,6,0.00006935149417794206
560,6,0.00003373830545986997
310,6,0.01088139281828074
341,6,0.006321112515802781
699,6,0.008583690987124463
330,6,0.00008592172530824419
482,6,0.00007718848656534392
392,6,0.0001213695338196206
484,6,0.0076045627376425855
524,6,0.0057273768613974796
487,6,0.000053033517182859566
495,6,0.00008431561019207097
610,6,0.00010798669603904799
360,6,0.00013194178728345054
310,6,0.00005543667468650561
392,6,0.00008235400693420739
263,6,0.00010405502429684818
322,6,0.007194244604316547
545,6,0.00007753681060083275
515,6,0.00007373326254940128
367,6,0.012330456226880395
579,6,0.00005814731039615763
476,6,0.007037297677691766
670,6,0.0000835638302317225
341,6,0.00009945795414988313
495,6,0.005803830528148578
221,6,0.00014525383106979447
448,6,0.00006001500375093773
253,6,0.00008559005785887912
388,6,0.00004226757062911052
368,6,0.00010986596352450011
545,6,0.00008077935925812236
635,6,0.009363295880149813
634,6,0.0053475935828877
704,6,0.0000784707617941555
436,6,0.00007934178058823996
349,6,0.00011303777722514864
359,6,0.0000680304504296123
353,6,0.00006627080903403669
556,6,0.007830853563038372
353,6,0.00006132824717736742
237,6,0.00011212647866793743
585,6,0.007710100231303007
463,6,0.010362694300518135
481,6,0.00007799886121662623
712,6,0.00008257570127414307
602,6,0.00007019859181624817
511,6,0.000111781801922647
607,6,0.000050518828367332505
429,6,0.00011190438889013227
550,6,0.00009891783884305696
517,6,0.00009358038555118848
338,6,0.00006586877622400654
396,6,0.00006706728189719927
360,6,0.000049853430913115444
341,6,0.00009442068190616472
367,6,0.00675219446320054
374,6,0.00007994371962138655
302,6,0.010131712259371834
548,6,0.00012710033300287246
477,6,0.0000754979087079288
619,6,0.00015010507355148604
415,6,0.00007610060499980975
697,6,0.008375209380234505
499,6,0.00011614671653232364
431,6,0.00008950628334109055
240,6,0.00006516865648297795
343,6,0.00777000777000777
505,6,0.00006880513011050104
723,6,0.00639386189258312
684,6,0.007326007326007326
539,6,0.00007395629183152757
698,6,0.00508130081300813
618,6,0.006872852233676976
712,6,0.00877963125548727
719,6,0.007961783439490446
507,6,0.00004957612413861484
459,6,0.00006382639221318016
274,6,0.00008078196946441554
461,6,0.00007306042828023058
482,6,0.00007984669434685404
646,6,0.000048050125891329834
727,6,0.007692307692307693
527,6,0.00011008245175636552
305,6,0.006476683937823834
358,6,0.00011318234808099328
276,6,0.00009170357735655268
547,6,0.005659309564233163
352,6,0.00009609748128501552
345,6,0.00006848611444029723
676,6,0.000047724723793161046
365,6,0.006958942240779402
605,6,0.00010171284429797794
513,6,0.0056785917092561046
332,6,0.006680026720106881
611,6,0.00599880023995201
684,6,0.008116883116883116
481,6,0.00007044485928639358
151,6,0.00006065237696665332
211,6,0.00007584606283087844
428,6,0.00007699533408275459
359,6,0.00007115867673324747
412,6,0.007067137809187279
309,6,0.006273525721455458
486,6,0.010845986984815618
318,6,0.008532423208191127
220,6,0.00005365296191176234
432,6,0.00004347750473904802
405,6,0.00011158597141167412
353,6,0.00010501223392525229
543,6,0.009606147934678195
381,6,0.010030090270812437
444,6,0.008051529790660225
387,6,0.00006562454883122678
320,6,0.00007263377325188667
222,6,0.00009490997788597515
234,6,0.00005089887411690454
391,6,0.00007229560225851461
243,6,0.00011538550296540742
558,6,0.0074850299401197605
241,6,0.00007847753580537571
484,6,0.005592841163310962
245,6,0.00007747673760953274
296,6,0.005154639175257732
270,6,0.009900990099009901
244,6,0.006858710562414266
470,6,0.01107419712070875
257,6,0.00014705233592635618
304,6,0.007942811755361398
362,6,0.00749063670411985
559,6,0.00008038068291428204
555,6,0.00008247082594532185
574,6,0.0000941203045733056
421,6,0.00016458467058378182
368,6,0.00531632110579479
441,6,0.00006703850691837391
720,6,0.003288391976323578
485,6,0.00013768415255404102
470,6,0.005906674542232723
148,6,0.00005111559792470672
378,6,0.00005718075981793646
148,6,0.00012533055935028638
309,6,0.00945179584120983
727,6,0.004786979415988511
584,6,0.00006418073294397022
497,6,0.00007402143660804169
336,6,0.00006407381303261357
384,6,0.00005356042955464503
327,6,0.000057964965974564975
521,6,0.0038595137012736396
466,6,0.00008141068433821254
364,6,0.00013070357735691225
575,6,0.019193857965451054
530,6,0.00009328271191500079
659,6,0.00011527244642713052
494,6,0.00628140703517588
378,6,0.0001071134009575938
500,6,0.004935834155972359
487,6,0.004293688278231
378,6,0.00014746869976847414
332,6,0.00007959565407728738
375,6,0.0088261253309797
499,6,0.00007307644526939632
369,6,0.00007457065942834133
394,6,0.00013962970203021586
354,6,0.00011586277213268605
152,6,0.00006119314392015518
320,6,0.007974481658692184
673,6,0.00005594280407711156
653,6,0.00012479720454261825
253,6,0.00008282602393672091
371,6,0.00005959191456903127
542,6,0.005627462014631401
155,6,0.000053401972668870387
381,6,0.00014076774729374005
630,6,0.005988023952095809
170,6,0.00010383676859976117
507,6,0.008620689655172414
508,6,0.006489292667099286
447,6,0.00006729158115028229
505,6,0.00005333589345621923
329,6,0.00009094712334248868
381,6,0.00009702238306377281
453,6,0.00949667616334283
317,6,0.00475963826749167
366,6,0.0001008338963225878
592,6,0.000058000266801227284
243,6,0.00005193294418247159
419,6,0.00005688670443943841
460,6,0.000059129961742914754
383,6,0.0000862344023524745
611,6,0.009746588693957114
561,6,0.01088139281828074
505,6,0.008944543828264758
523,6,0.008291873963515755
355,6,0.000039927810518582405
382,6,0.00009311160356803665
321,6,0.007616146230007616
298,6,0.000059244162968843495
181,6,0.01394700139470014
547,6,0.00006852271870738743
367,6,0.00007935878104912309
376,6,0.000058507588434219917
290,6,0.0001168784113886324
554,6,0.0000647198923060992
542,6,0.005580357142857143
384,6,0.00006024677077308656
667,6,0.00006791909477430484
485,6,0.0001319243809448424
397,6,0.00006615550513035942
627,6,0.015698587127158554
575,6,0.000043522729745609644
423,6,0.00008730498249535102
377,6,0.000040611445929920886
237,6,0.00006388266032950677
210,6,0.009478672985781991
198,6,0.006891798759476223
273,6,0.00009127085539045672
534,6,0.00006250664133064139
381,6,0.00009674267416099916
222,6,0.00006815703380588877
330,6,0.007331378299120235
255,6,0.00011667658417632165
610,6,0.008431703204047217
298,6,0.0062932662051604785
627,6,0.00008811737233995682
233,6,0.00009683073020053644
578,6,0.00007525756903000519
575,6,0.008032128514056224
353,6,0.00014219087703332955
251,6,0.00009196332502597964
331,6,0.00008856533021583371
159,6,0.00016008196196452585
412,6,0.00006450198021079247
226,6,0.0001960861210243539
560,6,0.00011184931660067557
386,6,0.00006409352527207701
605,6,0.00005611798244629509
473,6,0.004578754578754579
342,6,0.00012726208353483164
341,6,0.006622516556291391
140,6,0.00006713436944043503
294,6,0.0048756704046806435
401,6,0.00007116525996669466
234,6,0.00558659217877095
554,6,0.005988023952095809
324,6,0.000034339951786707694
625,6,0.000122591085176286
373,6,0.00006605936094174225
256,6,0.0000797149393767886
437,6,0.00008655835331388655
371,6,0.00749063670411985
398,6,0.00005473483708175743
637,6,0.016891891891891893
299,6,0.0063371356147021544
362,6,0.00016560404073859403
303,6,0.003332222592469177
379,6,0.007530120481927711
499,6,0.00007689941556444171
150,6,0.00007160195043712991
314,6,0.0057273768613974796
368,6,0.00017672215742409783
470,6,0.00013114582103841262
331,6,0.005506607929515419
507,6,0.008347245409015025
356,6,0.007072135785007072
197,6,0.014347202295552367
330,6,0.00009599139917063431
601,6,0.00013595823363062867
407,6,0.00007861573415303339
351,6,0.00006313769067582585
184,6,0.00006744134289201966
248,6,0.00006330756715350185
388,6,0.000041123324738558464
583,6,0.00006032381825640036
445,6,0.00004816909278330652
402,6,0.00009662675981486313
686,6,0.00006414327040878506
226,6,0.00008570228739405055
376,6,0.00010318639590556381
341,6,0.00007881587036365643
262,6,0.010482180293501049
358,6,0.00006377957777919511
302,6,0.00008512956720128035
287,6,0.00005189009677503049
638,6,0.000055167543830613574
500,6,0.004918839153959666
519,6,0.0000909338910611985
247,6,0.00007800981363455523
321,6,0.00009762002381928581
366,6,0.00008946384318777566
444,6,0.000146827785690164
321,6,0.00006844017986079267
399,6,0.00013565207954637943
487,6,0.0063532401524777635
275,6,0.008438818565400843
358,6,0.0000833222237035062
512,6,0.00007460125628515584
248,6,0.0000835233489521996
491,6,0.005506607929515419
356,6,0.00005528343818758776
501,6,0.00009815083820815829
266,6,0.00009268699601445917
336,6,0.00013038829634651994
424,6,0.000083414662629397
137,6,0.00007385033491126882
543,6,0.000060429898296481166
579,6,0.009157509157509158
367,6,0.00007005744710662743
566,6,0.008532423208191127
662,6,0.0000788127645153409
482,6,0.00006327512022272843
368,6,0.00013321432853317702
554,6,0.006765899864682003
320,6,0.00946969696969697
355,6,0.00006307556452630251
573,6,0.01152073732718894
630,6,0.000059156545967594045
564,6,0.0000407378438274019
249,6,0.00005298827369503129
671,6,0.00007003978259651483
512,6,0.005422993492407809
511,6,0.00007028048943332842
524,6,0.0000913091911831845
436,6,0.000083248004129101
352,6,0.00009884939306472659
329,6,0.00015771875591445334
246,6,0.00009411587546587359
342,6,0.004329004329004329
349,6,0.000035514390431002645
495,6,0.007874015748031496
498,6,0.00007380182733324477
641,6,0.00006088354196093712
395,6,0.00004643711254034224
251,6,0.00007086167800453515
363,6,0.00005990857950767129
539,6,0.00006630991930082822
619,6,0.00010217218055867749
373,6,0.00005425347222222222
139,6,0.0001198394151836539
577,6,0.0000574227520428144
416,6,0.009000900090009001
275,6,0.00931098696461825
505,6,0.00006953667712034713
358,6,0.00007489290314849765
433,6,0.00005293862296053955
610,6,0.006038647342995169
557,6,0.007757951900698216
243,6,0.00009547906621473243
337,6,0.012285012285012284
588,6,0.00006151764018332257
695,6,0.007204610951008645
524,6,0.0001218561123025931
544,6,0.000055890276209745026
581,6,0.00005322263026238757
530,6,0.00008543284551178545
416,6,0.007052186177715092
539,6,0.006734006734006734
530,6,0.005455537370430988
561,6,0.006215040397762586
300,6,0.010638297872340425
399,6,0.004512635379061372
235,6,0.00007424125438023401
518,6,0.004887585532746823
512,6,0.00005751621957391985
342,6,0.00006429627724554748
253,6,0.00007906513385727162
743,6,0.007037297677691766
657,6,0.00006177720668182267
359,6,0.00012226433549333658
553,6,0.009345794392523364
405,6,0.000055960335314329206
228,6,0.00005827947338667848
251,6,0.00004772563487025786
321,6,0.000052503084556217675
557,6,0.00008649097466679352
473,6,0.006993006993006993
745,6,0.0001319975184466532
197,6,0.006906077348066298
252,6,0.0129366106080207
329,6,0.00004733951903048665
518,6,0.00006701200184953124
253,6,0.00011603754975109946
451,6,0.00007991880249666339
440,6,0.00011283879849247366
514,6,0.00014373805177444625
233,6,0.00011059010882066707
314,6,0.00009616771649757177
395,6,0.00011189186769905564
372,6,0.00009315410483562958
320,6,0.00005702945000798412
348,6,0.00007536874156812204
583,6,0.005277044854881266
303,6,0.0001199184554502938
447,6,0.0001510026576467746
586,6,0.0056401579244218835
441,6,0.00007748994567954807
570,6,0.0001368550704803613
481,6,0.00009271535458987363
448,6,0.000048361044211666615
328,6,0.00007511342126611184
693,6,0.003894080996884735
525,6,0.00010839285907844391
251,6,0.00006308511443639758
304,6,0.004766444232602479
669,6,0.005861664712778429
672,6,0.00004207638547018257
499,6,0.012077294685990338
358,6,0.00005539675153449002
235,6,0.0000658713795443018
462,6,0.00011368416265929993
557,6,0.00009875762902684232
247,6,0.00006919936336585703
332,6,0.00005071508266558474
389,6,0.00005757483288904754
635,6,0.00006432481458372196
535,6,0.0001066109446795808
245,6,0.00012004513697150129
546,6,0.00006146205947068874
447,6,0.00004496180494669778
281,6,0.000057119682871520696
371,6,0.00010756042206709619
279,6,0.00008983757366681041
451,6,0.00594883997620464
359,6,0.00006508975877735398
279,6,0.00011184431271669836
577,6,0.00004719073551480373
230,6,0.00007593533347001694
453,6,0.00009002115497141828
625,6,0.00007020894181082902
496,6,0.00007132311510837548
625,6,0.00005494747021847114
403,6,0.00009878494517435543
558,6,0.00005153337559070132
586,6,0.0062266500622665
316,6,0.0035739814152966403
379,6,0.00007639944686800467
493,6,0.00796812749003984
231,6,0.00010603554311405183
449,6,0.000052686761397463656
390,6,0.00007596244416760354
418,6,0.01001001001001001
519,6,0.000059758575355563525
385,6,0.006997900629811057
513,6,0.0000728947982271985
153,6,0.00007368382271672254
387,6,0.00006970098278385725
456,6,0.0057110222729868645
433,6,0.00004164046787229701
502,6,0.00009883180802909608
575,6,0.0001518141794443601
345,6,0.00007458790184232118
151,6,0.00014454209065679926
344,6,0.006199628022318661
612,6,0.00007491590689451091
280,6,0.005479452054794521
400,6,0.00005297031014116588
642,6,0.00011957574525583231
307,6,0.007052186177715092
276,6,0.00007552413751434959
694,6,0.007457121551081283
246,6,0.00009133254178463786
543,6,0.00877963125548727
650,6,0.00013400514579759863
492,6,0.009000900090009001
573,6,0.004948045522018802
537,6,0.005208333333333333
486,6,0.008928571428571428
502,6,0.007541478129713424
521,6,0.000048614014448085095
539,6,0.000046768747252336096
420,6,0.0000925240562546262
584,6,0.00004978269852095603
346,6,0.00004493776120073698
474,6,0.009852216748768473
238,6,0.00016011271935442552
298,6,0.00008445803280349994
378,6,0.00580046403712297
226,6,0.00007915149596327371
284,6,0.00013233639912657976
555,6,0.0000546033340795789
541,6,0.00012412183799617705
299,6,0.00016045440688028498
424,6,0.0058927519151443725
569,6,0.00006043245464544279
691,6,0.00008598082627574051
410,6,0.00006737681833188473
445,6,0.00006571122544864339
483,6,0.000055244040549125765
460,6,0.00004094534615195637
667,6,0.009216589861751152
630,6,0.006234413965087282
319,6,0.00012034852934097145
519,6,0.00429553264604811
684,6,0.0000681598211486293
459,6,0.00008179758369937752
325,6,0.00007920352930926602
380,6,0.007246376811594203
561,6,0.006770480704129994
285,6,0.006157635467980296
277,6,0.0000766447973511558
508,6,0.005750431282346176
358,6,0.008680555555555556
536,6,0.00006399139955589968
609,6,0.00007260107885203175
610,6,0.0001531557747384865
377,6,0.013089005235602094
415,6,0.00007238613660711701
429,6,0.00007211573132563137
461,6,0.009871668311944718
237,6,0.0002927314774157665
230,6,0.000047460394300955855
240,6,0.00008835717504439947
555,6,0.00012551618531209599
448,6,0.00009944410743941368
351,6,0.00007987220447284345
358,6,0.00006853539853334247
356,6,0.000063619302096256
287,6,0.00006652784522962085
371,6,0.0063411540900443885
346,6,0.000051921888710623735
421,6,0.00006160480517480364
405,6,0.0001058884570992916
431,6,0.00005393248731238236
480,6,0.00009626955475330927
521,6,0.00005848808305307794
506,6,0.004601932811780948
171,6,0.00010591313005073239
248,6,0.0000587602757032136
290,6,0.00009780620678188238
546,6,0.00007587368548839891
352,6,0.00006272030507156387
363,6,0.0000610534156333376
366,6,0.00008669868738187304
449,6,0.014925373134328358
310,6,0.007462686567164179
367,6,0.00015991556458190076
520,6,0.010515247108307046
353,6,0.00009099346666909315
589,6,0.006321112515802781
405,6,0.0001098357954857488
445,6,0.00009656051447442112
269,6,0.00012125768470576823
304,6,0.007541478129713424
232,6,0.00010637053110806183
563,6,0.000058967827153505045
538,6,0.007309941520467836
710,6,0.010649627263045794
357,6,0.00014034496793117484
618,6,0.005327650506126798
387,6,0.00008482627578718784
599,6,0.007541478129713424
568,6,0.0077279752704791345
388,6,0.000033104580680828807
461,6,0.0001408153207068929
492,6,0.0066711140760507
538,6,0.0000790076637433831
664,6,0.00006695188168263469
544,6,0.00008880442601259247
248,6,0.00004670365596218872
461,6,0.00003986477867074882
474,6,0.00012102435009923996
406,6,0.00004341464897085575
278,6,0.00009866895578644092
344,6,0.00010646565950152779
369,6,0.00009827140596900519
368,6,0.0000852747552614524
473,6,0.00008219425790914247
235,6,0.00007627765064836003
518,6,0.00779423226812159
511,6,0.00005993515016751875
301,6,0.005165289256198347
573,6,0.00016009990233905956
437,6,0.00006247930373063923
591,6,0.00011273957158962796
648,6,0.003929273084479371
511,6,0.00778816199376947
622,6,0.006925207756232687
334,6,0.009363295880149813
504,6,0.007309941520467836
679,6,0.00006803924503653707
513,6,0.010834236186348862
572,6,0.00005409850255344932
396,6,0.00011429485787434424
494,6,0.00009283154787322924
510,6,0.00012656305371336
223,6,0.00004464504953368246
588,6,0.010764262648008612
642,6,0.004351610095735422
405,6,0.008396305625524769
562,6,0.00006582281813813576
302,6,0.00007100658941149738
426,6,0.008136696501220505
552,6,0.00006752696013883543
489,6,0.0001341813595255347
396,6,0.0000893327735146193
524,6,0.010548523206751054
315,6,0.007722007722007722
257,6,0.00016707321148127108
378,6,0.0000862567172418552
566,6,0.00005575534554375401
621,6,0.00007196729805976164
527,6,0.00018274185885018822
463,6,0.00004712713014628261
482,6,0.00006261740763932373
323,6,0.006127450980392157
554,6,0.005189413596263622
301,6,0.00006814495795456095
359,6,0.005583472920156337
139,6,0.00003336759072647919
275,6,0.000052708144462482345
267,6,0.00005566626958061032
450,6,0.00006697654481400613
257,6,0.00008556735434297106
448,6,0.0000583274033806563
574,6,0.00855431993156544
314,6,0.007042253521126761
255,6,0.00006231577897839512
321,6,0.011123470522803115
358,6,0.00006780580417683754
388,6,0.00006975008544385467
334,6,0.008382229673093043
321,6,0.00005961500628938316
569,6,0.00006957296116437307
329,6,0.009082652134423252
332,6,0.004608294930875576
575,6,0.007288629737609329
142,6,0.00008484066922319884
636,6,0.006644518272425249
529,6,0.013054830287206266
281,6,0.011428571428571429
144,6,0.00007184424168402903
400,6,0.00005197748335421096
539,6,0.00008873744365172328
597,6,0.00009366804046459348
414,6,0.00008745539774714896
473,6,0.00004387947186667661
381,6,0.005411255411255411
232,6,0.0000783748197379146
450,6,0.007886435331230283
408,6,0.000057313487583032914
512,6,0.00008294556282711656
512,6,0.00008130081300813008
563,6,0.00010058844238796962
413,6,0.00006892653809569761
170,6,0.00018553908380800416
363,6,0.00015170823472298076
341,6,0.00009327140112298767
515,6,0.00007230657989877079
438,6,0.00400962309542903
338,6,0.00008645358739160882
345,6,0.00007193778820076397
350,6,0.0001375818612074184
524,6,0.0000875848478213269
549,6,0.00007118603045338383
445,6,0.00009110040175277173
619,6,0.00865051903114187
311,6,0.0052056220718375845
366,6,0.00004141953013685013
458,6,0.00007680196613033293
582,6,0.00006097114845255225
586,6,0.00008186186628682761
669,6,0.010683760683760684
352,6,0.00006849971915115148
345,6,0.0000806360572193462
357,6,0.00010307046927984663
642,6,0.007763975155279503
341,6,0.00012212994626282364
425,6,0.00012718924487745316
369,6,0.006108735491753207
546,6,0.008944543828264758
243,6,0.00005835463277429595
388,6,0.00010902390894323124
492,6,0.00006715104957090479
359,6,0.00008655760408551892
629,6,0.00008388135820695209
570,6,0.00008140405717820977
296,6,0.010245901639344262
517,6,0.013422818791946308
601,6,0.005780346820809248
655,6,0.009532888465204958
476,6,0.013297872340425532
640,6,0.011111111111111112
370,6,0.00006492494676154365
504,6,0.00006218634760924586
592,6,0.00007076239403331494
505,6,0.009891196834817012
539,6,0.00506842372022301
544,6,0.00008883519295003908
649,6,0.0051387461459403904
585,6,0.000054321846073616966
627,6,0.00475963826749167
369,6,0.0063411540900443885
389,6,0.00007659255060852782
345,6,0.00009069389902141282
414,6,0.00012094969702100897
367,6,0.00004366678747811202
542,6,0.007861635220125786
454,6,0.00007092148282636294
422,6,0.006949270326615705
353,6,0.00006476264490641798
620,6,0.00005175260186205861
370,6,0.00007413447994662318
296,6,0.00008044469829215906
527,6,0.004728132387706856
411,6,0.00005568331783480987
334,6,0.014727540500736377
555,6,0.00004402222241787654
504,6,0.0000752122866791519
296,6,0.00006855560202101915
471,6,0.000054449326734074936
244,6,0.00004009607018416125
331,6,0.00007375283948432015
377,6,0.00010187552847930399
236,6,0.0000867084601444563
403,6,0.00019709482231901768
552,6,0.00007905263324321333
373,6,0.00008455730025451747
599,6,0.00546448087431694
391,6,0.0001647392178181938
364,6,0.0000745167588190584
422,6,0.0058445353594389245
225,6,0.000053398550763332286
471,6,0.00006720384943649572
355,6,0.000048716562169640814
402,6,0.000092103081769116
521,6,0.005449591280653951
382,6,0.00011775234327163111
383,6,0.00005639299147901899
439,6,0.004752851711026616
325,6,0.000051524613307777126
144,6,0.00010381844230809162
475,6,0.00010036532980047372
477,6,0.00008157272208173587
540,6,0.00009125419769309389
266,6,0.00005361614060296712
489,6,0.0165016501650165
467,6,0.00005795791096505717
526,6,0.0000646165974192131
318,6,0.0041946308724832215
284,6,0.00004721903493736395
426,6,0.00011847498992962585
374,6,0.00006984605928533513
554,6,0.00009716001282512169
323,6,0.00006654688227856525
359,6,0.00006700077720901563
358,6,0.000043657446214026265
392,6,0.00009420187461730488
528,6,0.00651890482398957
536,6,0.00782472613458529
492,6,0.00007594629078315815
466,6,0.000078970851858579
520,6,0.00004530934958428672
265,6,0.000052476910159529805
253,6,0.0000918518246364964
594,6,0.0001704593880507969
682,6,0.006887052341597796
508,6,0.005339028296849973
227,6,0.00004641426588876357
378,6,0.0000939725975905426
685,6,0.007530120481927711
643,6,0.007309941520467836
314,6,0.009267840593141797
435,6,0.00007686040613038599
140,6,0.00020927945085072097
363,6,0.01594896331738437
141,6,0.00007961973614019443
514,6,0.0073964497041420114
357,6,0.000050595509142608505
496,6,0.00684931506849315
556,6,0.000060799883264224136
295,6,0.00011918524963350536
337,6,0.0000748598249777292
139,6,0.000054655261935342825
330,6,0.00006529205134566918
226,6,0.00006509102980518255
629,6,0.008968609865470852
621,6,0.005917159763313609
556,6,0.00007471049682480388
449,6,0.00010304179375154563
496,6,0.000044842043900360976
559,6,0.00007503282686175201
586,6,0.00005105739872764962
424,6,0.00010463863048960415
477,6,0.0065919578114700065
403,6,0.00007460181282405162
250,6,0.010121457489878543
367,6,0.0000598490606689928
454,6,0.00014747957407899005
301,6,0.0057405281285878304
402,6,0.0001541782300339192
376,6,0.0001974684544144073
525,6,0.00008975935516879247
560,6,0.00008158470123682407
329,6,0.000051960468475583776
458,6,0.00005834918486188748
304,6,0.008561643835616438
369,6,0.00008402867058240272
353,6,0.00011213402258379214
411,6,0.00008216116734586565
657,6,0.006574621959237344
626,6,0.00006683866483083134
444,6,0.00007531765219814568
568,6,0.000093125477268071
529,6,0.005885815185403178
219,6,0.00007542672670634112
603,6,0.0057110222729868645
376,6,0.00010458719434392453
677,6,0.006313131313131313
225,6,0.00008029677688737574
329,6,0.008143322475570033
383,6,0.00007257842098387307
508,6,0.0000697423021933954
345,6,0.00014404448093571296
592,6,0.006169031462060457
394,6,0.00017878533245132568
589,6,0.000059749291970890146
501,6,0.00655307994757536
418,6,0.000055726139460236614
354,6,0.000058291703341863356
573,6,0.00006863936192849151
402,6,0.000051798710212115715
491,6,0.00005041949015811552
270,6,0.00006774516976939544
713,6,0.00007394590117869766
532,6,0.000059420177904012645
540,6,0.00009127835333850577
512,6,0.010615711252653927
340,6,0.00007181895876873577
547,6,0.0065832784726793945
323,6,0.0001663699735471742
416,6,0.00007597456371606786
354,6,0.000058696124294912804
468,6,0.0000756584173772253
658,6,0.00008319190709127816
509,6,0.005246589716684155
441,6,0.00006846688941228023
485,6,0.00010641694157709908
268,6,0.00008825034858887692
537,6,0.00006547159187628488
302,6,0.005885815185403178
607,6,0.00006645533868963363
568,6,0.018281535648994516
550,6,0.005685048322910745
342,6,0.00006679535905845262
475,6,0.0068073519400953025
375,6,0.0064516129032258064
570,6,0.00010185166323766067
214,6,0.000040972691700981296
318,6,0.004434589800443459
442,6,0.00008468189247093294
560,6,0.00007656733331291538
503,6,0.00014141671262709826
431,6,0.00008324523212932979
270,6,0.00009482268158543523
304,6,0.009891196834817012
563,6,0.00010806254660197322
499,6,0.004438526409232135
326,6,0.00008893948557401544
558,6,0.00010342117238241013
556,6,0.00011788838327871171
223,6,0.006053268765133172
230,6,0.005035246727089627
227,6,0.008223684210526315
149,6,0.008795074758135445
209,6,0.005841121495327103
245,6,0.009319664492078284
250,6,0.007733952049497293
243,6,0.00007026320596956198
245,6,0.0070126227208976155
676,6,0.00005653039073806078
550,6,0.00007941613259317498
380,6,0.00005737662591013673
393,6,0.00011250112501125012
526,6,0.00016240093542938807
709,6,0.005449591280653951
597,6,0.00008913609298677221
371,6,0.00010984303430397962
378,6,0.00018468243854691857
486,6,0.00715307582260372
549,6,0.00011859441894664437
371,6,0.00004367117353177515
250,6,0.00006812174718657184
493,6,0.00005511038610336504
233,6,0.00010796804145972792
638,6,0.00008317114959162966
460,6,0.006222775357809583
405,6,0.00017477934108188413
372,6,0.0001024516684254203
330,6,0.00004679851367920555
517,6,0.00946073793755913
560,6,0.010330578512396695
372,6,0.00007148269403977298
547,6,0.000047873231682504725
230,6,0.00007432181345224824
343,6,0.00005573669983000307
527,6,0.00006470481662654968
580,6,0.008680555555555556
354,6,0.00011798574732172354
580,6,0.0000906306077688557
539,6,0.0088261253309797
500,6,0.00003865197376304021
686,6,0.0001254217305690384
572,6,0.00009050183266211141
537,6,0.012836970474967908
738,6,0.0072254335260115606
268,6,0.0000538184166621818
498,6,0.00006304732963035351
460,6,0.00006190877123470853
486,6,0.00008714065372918428
345,6,0.00008933596576645792
231,6,0.0001624642578632701
349,6,0.00012750548273575762
664,6,0.007547169811320755
327,6,0.005344735435595938
616,6,0.00007345649539060492
340,6,0.00011857191979795345
657,6,0.00004849966292734266
504,6,0.000045542317921812945
514,6,0.00007693728072874992
487,6,0.00007482509633731153
523,6,0.00006241418050181001
420,6,0.00004905808477237049
273,6,0.00008304337355400726
416,6,0.000090590377490103
514,6,0.00007502776027130038
531,6,0.003619254433586681
600,6,0.00008948706017109926
319,6,0.0042643923240938165
524,6,0.0072306579898770785
569,6,0.006238303181534623
238,6,0.00009960655411126052
575,6,0.00011683880917885685
636,6,0.00009986119294181088
564,6,0.00006919553273640653
552,6,0.006915629322268326
329,6,0.006506180871828237
408,6,0.00016552180749813787
672,6,0.00008317945134833891
522,6,0.007587253414264037
466,6,0.007473841554559043
595,6,0.008849557522123894
661,6,0.006734006734006734
409,6,0.00007989836927428311
546,6,0.005291005291005291
508,6,0.00019397136982581372
398,6,0.00008174476016087368
438,6,0.00009793743756488356
557,6,0.00859106529209622
553,6,0.008703220191470844
487,6,0.00006224867099087434
503,6,0.00006156990955380286
381,6,0.0001214697843911327
441,6,0.00005405084022031123
732,6,0.006472491909385114
478,6,0.00008408448809363649
619,6,0.00007087624299211148
726,6,0.0053705692803437165
562,6,0.007757951900698216
224,6,0.0000759555204472261
532,6,0.00005174617466403796
461,6,0.00007596590650116228
390,6,0.00008767392314503897
547,6,0.007380073800738007
495,6,0.00010351859711597188
442,6,0.01006036217303823
381,6,0.00011879306248515087
364,6,0.0001544377693008602
306,6,0.006858710562414266
564,6,0.00004840833397877779
634,6,0.011627906976744186
532,6,0.00007124841472277242
373,6,0.000076697115421489
529,6,0.00016981388398315447
446,6,0.00028460027890827335
336,6,0.005402485143165856
480,6,0.00007749234763067146
513,6,0.006188118811881188
415,6,0.00723589001447178
558,6,0.00007296181178771032
311,6,0.007757951900698216
564,6,0.00005751324242406814
421,6,0.00012646062016288129
455,6,0.00010390474013424492
468,6,0.005235602094240838
563,6,0.00013288683357252963
646,6,0.00008773161145423919
474,6,0.00007677189534455227
680,6,0.008097165991902834
695,6,0.00646830530401035
530,6,0.00006523923226471471
412,6,0.00011668066834686829
736,6,0.00007010017314742768
462,6,0.008613264427217916
533,6,0.011454753722794959
495,6,0.00007278709048163218
189,6,0.005817335660267597
562,6,0.00006706323392326625
287,6,0.0048567265662943174
544,6,0.00009380775039633775
236,6,0.00010821573889706519
744,6,0.006082725060827251
461,6,0.00019062142584826535
444,6,0.00007872837921885702
459,6,0.00009494512171964605
582,6,0.00007997376860389792
357,6,0.00008596234849136078
463,6,0.00012367054167697255
698,6,0.00005777975512939776
237,6,0.00006160480517480364
508,6,0.009478672985781991
230,6,0.0000657328223701941
507,6,0.00007778106186705661
606,6,0.00005158734252963693
356,6,0.0001146644345323411
750,6,0.006729475100942127
361,6,0.000051917575656887126
350,6,0.000049476293434001095
682,6,0.00006015363237709109
378,6,0.00006864077536619854
525,6,0.000051580956310930006
541,6,0.00010150738466223418
476,6,0.00008234858154568287
573,6,0.00006055614766011045
397,6,0.00005777741827384185
622,6,0.00012265724659012855
562,6,0.00012414186932826834
332,6,0.00009668748670547058
148,6,0.00007574839413404436
558,6,0.00008690815546130849
502,6,0.0000837668266613056
275,6,0.0056657223796034
272,6,0.02188183807439825
267,6,0.004284490145672665
700,6,0.00007394098030951694
708,6,0.00008173273395995096
605,6,0.00006806656910458428
348,6,0.0001001221490218066
350,6,0.000034779463422438316
548,6,0.00006306442661823319
252,6,0.0001611188090097638
486,6,0.00006866292682591888
379,6,0.0000679292448985137
656,6,0.000059444196760291276
598,6,0.00006172687094145823
369,6,0.00006568575932737782
336,6,0.00004742460673144868
414,6,0.0000365688206921015
451,6,0.00007005450240286943
248,6,0.00007800616248683646
237,6,0.00006326751402957123
461,6,0.00008692326414241507
722,6,0.00005300653040454584
632,6,0.00007835946621531614
145,6,0.00006683285770616266
477,6,0.0000651563426441747
411,6,0.0000815594160345812
357,6,0.00010646792653713069
616,6,0.00003903855838411599
253,6,0.00007585987164509717
508,6,0.007189072609633357
698,6,0.007656967840735069
671,6,0.013123359580052493
339,6,0.00008031934973454455
431,6,0.000058545609957437345
451,6,0.000060217384758979915
517,6,0.00009491628383765519
429,6,0.00009019328420805787
351,6,0.000058622832420771245
721,6,0.005512679162072767
498,6,0.0050735667174023336
367,6,0.00007461517224912514
281,6,0.00008295588406085643
494,6,0.00011295733601418744
528,6,0.00008752888453189553
249,6,0.0000811773969655889
177,6,0.00612369871402327
410,6,0.00008905829756158381
251,6,0.00011881846914284356
517,6,0.0001357883873771115
400,6,0.00007469877718101755
487,6,0.000042221349647662834
653,6,0.00009952724558347848
652,6,0.00008018153098615265
392,6,0.00005144244619120128
458,6,0.00007038090143858563
604,6,0.005162622612287042
433,6,0.00008739348918505571
642,6,0.008006405124099279
345,6,0.00007266544104289441
568,6,0.00007535113629513532
560,6,0.0001513912859175826
267,6,0.00007636852394916911
351,6,0.00012569604183164273
533,6,0.00004792806955321453
508,6,0.00864304235090752
536,6,0.000113388969521045
561,6,0.007220216606498195
654,6,0.0000800486695911114
585,6,0.00008958566629339306
245,6,0.00008486082824168364
327,6,0.00008961537082840448
258,6,0.00013270519540840023
410,6,0.0001422333480307793
569,6,0.00008150357800707452
373,6,0.00008729202674627699
463,6,0.00006273328942003074
584,6,0.0000704960099258382
363,6,0.00006826357933251872
155,6,0.00006917638594889249
684,6,0.0060901339829476245
278,6,0.00009073998457420262
370,6,0.00004456546443898765
713,6,0.00005918385464445299
409,6,0.00012032680760946731
241,6,0.0000622568093385214
352,6,0.0000649363299285051
434,6,0.00005616620703987239
530,6,0.00007504239895540981
359,6,0.00008021626304516977
368,6,0.00006443423519784532
307,6,0.007457121551081283
422,6,0.00007601094557616297
367,6,0.00010835527527657684
339,6,0.00006117068456113092
353,6,0.00006912426469063436
273,6,0.0045351473922902496
146,6,0.0088261253309797
442,6,0.00008278556881964337
551,6,0.005208333333333333
231,6,0.00008690135826822973
229,6,0.00009246331517970246
533,6,0.0001578731331502005
564,6,0.00007581846027870866
148,6,0.00009656890674340676
391,6,0.00012181900132782711
217,6,0.00005708544549481664
644,6,0.006756756756756757
444,6,0.00006686637423772334
496,6,0.008130081300813009
338,6,0.00008744851468697805
353,6,0.003935458480913027
527,6,0.007082152974504249
541,6,0.00007558521855465945
448,6,0.00007277914440837834
244,6,0.00008996365468350786
542,6,0.00009664170089393573
308,6,0.008741258741258742
431,6,0.00010961787209786684
376,6,0.0001031193606599639
453,6,0.00011180679785330948
444,6,0.00009803633226473731
311,6,0.003485535029627048
678,6,0.006825938566552901
417,6,0.00013538578178519693
337,6,0.00010443318886742206
358,6,0.00006009651500309497
461,6,0.00010102132560183455
507,6,0.0058823529411764705
362,6,0.0000919667080516853
362,6,0.006724949562878279
542,6,0.00006798050319168462
335,6,0.00831255195344971
599,6,0.00007812988311769485
676,6,0.00007480886335413019
650,6,0.007621951219512195
642,6,0.005649717514124294
702,6,0.00006722372728678314
360,6,0.00007589153581701033
405,6,0.00005288235263010381
288,6,0.00007582190949896882
366,6,0.0001735779625418757
321,6,0.0067613252197430695
429,6,0.005780346820809248
380,6,0.000065455307116301
447,6,0.00008348848276380273
414,6,0.00004345823229294325
388,6,0.000038245451659661376
390,6,0.00009358651605476683
469,6,0.00007356240666769655
593,6,0.00004046469657547273
136,6,0.00008356452852893004
367,6,0.000055258082876072695
222,6,0.00005383464151512215
578,6,0.0000663891599779588
379,6,0.00014598327031722165
270,6,0.00007794961336991769
617,6,0.00010895501247534892
498,6,0.00006729158115028229
225,6,0.00013239596986667725
236,6,0.0000643260559122078
679,6,0.0001010049997474875
686,6,0.00007948683300611254
600,6,0.00006946663517512539
366,6,0.00008495527104979229
473,6,0.0000539540203838289
246,6,0.00014435013568912754
383,6,0.00007769343723535673
137,6,0.00007207674732054692
337,6,0.00006373039493725743
524,6,0.00007159118569321745
258,6,0.00468384074941452
256,6,0.009970089730807577
421,6,0.00009087274181236596
435,6,0.00975609756097561
635,6,0.00010138286224096679
254,6,0.011682242990654205
549,6,0.00008074674590613998
552,6,0.00005240376049385304
457,6,0.0001251846473548484
392,6,0.00007980336450984773
531,6,0.000059672635919346465
621,6,0.00016161354968000517
582,6,0.00007485870419583037
377,6,0.00008233637703473772
402,6,0.007429420505200594
575,6,0.00010983458910880214
376,6,0.0000781188969611749
577,6,0.00004958251522183217
491,6,0.00005787405448263489
369,6,0.00007308766134101242
567,6,0.00007285549840446458
618,6,0.00005059013391208447
493,6,0.00715307582260372
514,6,0.01023541453428864
570,6,0.007127583749109052
551,6,0.00008545474743849395
425,6,0.00010981287885443204
518,6,0.00013433276913570296
579,6,0.00003996706713667937
414,6,0.00009164894787007845
498,6,0.009746588693957114
302,6,0.00005468694458571905
599,6,0.00012377463115159916
268,6,0.00008506728822498597
676,6,0.00007896648662307716
398,6,0.00009100837277029486
576,6,0.00007784584964852599
585,6,0.00006354087902452043
411,6,0.00008205330182486543
570,6,0.004777830864787387
392,6,0.012239902080783354
282,6,0.00007581328703668605
573,6,0.00006266881411803044
243,6,0.00009963732015463712
569,6,0.00011313497001923294
731,6,0.0072254335260115606
651,6,0.00725689404934688
450,6,0.00004800491570336803
384,6,0.00011202222520948156
604,6,0.0002294630564479119
641,6,0.00005271092275741379
314,6,0.0055309734513274336
620,6,0.006426735218508998
473,6,0.00007766990291262136
236,6,0.00017117132537957243
630,6,0.000056033395903958756
378,6,0.00006372795809249475
552,6,0.00008513898940019582
423,6,0.00008612003410353351
356,6,0.00009337940050424876
376,6,0.00011973610163200306
446,6,0.0001667111229661243
639,6,0.00008380052123924211
245,6,0.0000812928819952525
420,6,0.00004622610110572834
361,6,0.00012260761883743456
333,6,0.00006734097428921601
435,6,0.00006566505568396722
362,6,0.00012836970474967908
525,6,0.008143322475570033
577,6,0.00009679417686231996
716,6,0.005420054200542005
481,6,0.007204610951008645
249,6,0.0001529285823520416
541,6,0.006289308176100629
429,6,0.006570302233902759
506,6,0.007390983000739098
319,6,0.00004357184561623661
499,6,0.006191950464396285
670,6,0.00009261231558572659
518,6,0.00006752650415288001
287,6,0.005793742757821553
392,6,0.00007358135154226513
439,6,0.00010413846249973965
584,6,0.00008402725844263879
230,6,0.00010102438728709111
574,6,0.00010933502438171043
433,6,0.00006818259298401118
442,6,0.00007576274139903479
616,6,0.005988023952095809
304,6,0.00919963201471941
357,6,0.00009796238244514106
234,6,0.0001360562728744609
470,6,0.0000761556621734826
246,6,0.005780346820809248
415,6,0.0000719527989638797
588,6,0.00005235848809629773
516,6,0.00643915003219575
415,6,0.00009773929021727444
387,6,0.00008536283472901569
454,6,0.0000434402978266819
347,6,0.00008185784566521778
327,6,0.00010394037979814778
564,6,0.009596928982725527
597,6,0.008561643835616438
226,6,0.0000809198973935701
557,6,0.0000669008195350393
574,6,0.007390983000739098
538,6,0.0000530262055507832
659,6,0.0055617352614015575
269,6,0.006207324643078833
621,6,0.005885815185403178
289,6,0.004828585224529213
272,6,0.004409171075837742
424,6,0.00012418812016442508
521,6,0.008912655971479501
327,6,0.00011196578325663677
386,6,0.00005889697740711947
655,6,0.009708737864077669
366,6,0.0067842605156037995
550,6,0.004050222762251924
327,6,0.00004853473631077762
531,6,0.007698229407236336
488,6,0.0035842293906810036
649,6,0.00006828269033799931
328,6,0.00006345701104786562
485,6,0.0000725673606525257
611,6,0.00008817564588660612
458,6,0.00011931750387781887
394,6,0.0001091560057634371
343,6,0.000055863737172289354
261,6,0.004017677782241864
300,6,0.00008025746595077007
579,6,0.00009024782051513456
566,6,0.00007393278031613657
341,6,0.000056098464024055024
371,6,0.00007349806700083788
366,6,0.00009086943879034603
418,6,0.00007871350645057186
600,6,0.0000824218846588146
304,6,0.006570302233902759
649,6,0.0001150152395192363
530,6,0.00011202850005041283
428,6,0.00009977351412294092
232,6,0.00004559173513025559
515,6,0.0000742649625333264
552,6,0.00006543517664225935
336,6,0.00009464588243088485
470,6,0.00006409311447671177
484,6,0.00011208374897723579
352,6,0.00004849331277216872
379,6,0.00007118957784580338
262,6,0.000054016680350892356
544,6,0.00004440950896405938
373,6,0.0000701095110562699
549,6,0.00018275855766946287
349,6,0.000054097039269040806
396,6,0.00011419435879867534
637,6,0.00005844398728258837
338,6,0.00007265857734505559
506,6,0.005047955577990914
487,6,0.00005762958011087931
661,6,0.00010591649543499905
335,6,0.00009158347834050737
618,6,0.01597444089456869
639,6,0.0056179775280898875
334,6,0.00007662013270606984
341,6,0.00007185663164853484
361,6,0.00007559321777650109
704,6,0.0000924129008409574
347,6,0.00005262243926054948
245,6,0.00015830299192654741
717,6,0.000037469321992618546
349,6,0.00004513959419504819
570,6,0.00005450244715987748
551,6,0.00011823545408326141
574,6,0.00009909526027370111
260,6,0.0000645606967390392
559,6,0.0001392971067990918
460,6,0.007168458781362007
500,6,0.006578947368421052
382,6,0.00007648944063272065
155,6,0.00006919792683011216
432,6,0.00007565212128548084
487,6,0.00008511724901051198
442,6,0.00012612408087076066
357,6,0.00006824680775556724
416,6,0.0000604536441456691
420,6,0.00009909722428674773
572,6,0.00008656509695290859
322,6,0.00005986231667165519
307,6,0.005175983436853002
499,6,0.010706638115631691
266,6,0.007262164124909223
348,6,0.00014354410392593124
500,6,0.00007787130987330338
322,6,0.011198208286674132
360,6,0.00846740050804403
590,6,0.00945179584120983
251,6,0.00006477439079685455
425,6,0.00008374507997655137
249,6,0.00010540628853917424
370,6,0.00011305311235218306
257,6,0.000058330125176448626
385,6,0.00006630947960320408
549,6,0.00009056412392794718
652,6,0.00008193564774226322
309,6,0.00004564959371861591
380,6,0.008305647840531562
698,6,0.0061162079510703364
504,6,0.0000843846251213029
316,6,0.005494505494505495
334,6,0.005851375073142188
606,6,0.0067842605156037995
256,6,0.006031363088057901
509,6,0.004868549172346641
444,6,0.000050284105194348066
556,6,0.008904719501335707
253,6,0.00006447827404556035
368,6,0.00007215267506042787
432,6,0.006510416666666667
226,6,0.00005124027075359066
467,6,0.00010794007167220758
216,6,0.00013629177342855585
569,6,0.00008376402000284798
352,6,0.00010071304838254844
597,6,0.009891196834817012
667,6,0.009514747859181731
327,6,0.00008505932888189512
368,6,0.00012216873946294622
362,6,0.00007814148296906379
478,6,0.006688963210702341
564,6,0.00007775384687157397
339,6,0.00008697013445582786
380,6,0.00013094832778985413
459,6,0.0000367936538305873
221,6,0.00011020255229111106
721,6,0.00006610652405285877
290,6,0.00009897854145221316
307,6,0.003988831272437176
234,6,0.00007378712414683638
609,6,0.00819672131147541
609,6,0.006489292667099286
607,6,0.00009956787542067427
407,6,0.00005183146480902697
221,6,0.00009800558631842015
155,6,0.00008091793303231863
371,6,0.000051651291798807885
585,6,0.00006135722174499939
258,6,0.00011765536390804057
436,6,0.00004341521442774406
377,6,0.00009071775890848393
244,6,0.00003263856703635284
519,6,0.00010682391146434218
406,6,0.00005093568859957418
776,6,0.000054667512190855216
390,6,0.00012235858406646518
676,6,0.00011046550162384288
561,6,0.009765625
438,6,0.017421602787456445
519,6,0.016556291390728478
500,6,0.0000955922417336609
526,6,0.004651162790697674
479,6,0.010917030567685589
540,6,0.000038999126419568204
540,6,0.00005707111060381235
307,6,0.00864304235090752
542,6,0.007662835249042145
585,6,0.01564945226917058
262,6,0.00008070764462809918
410,6,0.008424599831508003
505,6,0.007564296520423601
239,6,0.00007408450078159148
508,6,0.00007071135624381275
448,6,0.00010726851454561058
486,6,0.007112375533428165
598,6,0.00008862576882854458
402,6,0.00005515567689804473
259,6,0.00008411843876177658
235,6,0.00011115557334044729
333,6,0.00006965680094175995
492,6,0.007722007722007722
564,6,0.0066181336863004635
277,6,0.00006240405376733273
718,6,0.00010946308357506431
568,6,0.0000784547551427092
235,6,0.00010771219302024989
540,6,0.00007326919836170073
332,6,0.00008909797213015432
460,6,0.0001604055051169356
532,6,0.000060455837011063415
670,6,0.00005951849537243699
463,6,0.00007897022822395957
223,6,0.00005675046819136258
597,6,0.00006317438657670634
224,6,0.0000877778167901408
221,6,0.00005690062306182253
490,6,0.00005122845843322883
628,6,0.012135922330097087
317,6,0.005543237250554324
436,6,0.0000613704010555709
638,6,0.00011935737986679716
246,6,0.00008635578583765112
396,6,0.00010124429235301859
379,6,0.00011473152822395595
359,6,0.00011078000199404003
663,6,0.006734006734006734
427,6,0.00008319190709127816
541,6,0.006071645415907711
573,6,0.006535947712418301
545,6,0.006127450980392157
504,6,0.02012072434607646
393,6,0.00006581415399195751
176,6,0.004559963520291838
256,6,0.009233610341643583
368,6,0.00004583266494030295
533,6,0.009794319294809012
647,6,0.006325110689437065
520,6,0.005178663904712584
349,6,0.0074794315632011965
548,6,0.006191950464396285
532,6,0.005777007510109763
249,6,0.009643201542912247
259,6,0.005707762557077625
556,6,0.006265664160401002
535,6,0.010341261633919338
232,6,0.00011465260261407934
640,6,0.012853470437017995
209,6,0.007309941520467836
573,6,0.0000792248639312962
322,6,0.00005154267217829641
498,6,0.013888888888888888
498,6,0.007451564828614009
662,6,0.0074794315632011965
465,6,0.006150061500615006
707,6,0.004766444232602479
373,6,0.00006792186268916239
502,6,0.010471204188481676
223,6,0.008984725965858042
650,6,0.007168458781362007
658,6,0.004488330341113106
360,6,0.00006376412375341138
264,6,0.010427528675703858
341,6,0.00007642163343599306
674,6,0.005906674542232723
563,6,0.004675081813931743
218,6,0.014577259475218658
594,6,0.010857763300760043
360,6,0.00007477194556602363
537,6,0.00009648504964155804
341,6,0.00008775393795796587
369,6,0.0036258158085569255
658,6,0.006993006993006993
299,6,0.00684931506849315
235,6,0.000054158858764528116
590,6,0.0000667819768800796
143,6,0.00006813706451898639
489,6,0.00006642620380887852
423,6,0.00007127532947021047
582,6,0.0000803709925013864
524,6,0.009940357852882704
304,6,0.00003977582345898516
676,6,0.010141987829614604
539,6,0.008928571428571428
156,6,0.0000734370754419076
320,6,0.008605851979345954
698,6,0.006501950585175552
286,6,0.00727802037845706
464,6,0.006002400960384154
450,6,0.00008421052631578948
509,6,0.010515247108307046
472,6,0.00008038391357121613
685,6,0.010214504596527068
536,6,0.004257130693912303
156,6,0.005837711617046118
354,6,0.0000925351865046684
556,6,0.0059031877213695395
180,6,0.007057163020465773
515,6,0.0061614294516327784
591,6,0.004873294346978557
247,6,0.00851063829787234
552,6,0.01160092807424594
483,6,0.0059594755661501785
545,6,0.000046821521043932634
332,6,0.0001005126143330988
320,6,0.00005907826097231002
423,6,0.00009217779252622459
360,6,0.011507479861910242
339,6,0.00007175145296692258
499,6,0.004970178926441352
584,6,0.00006654289687847271
469,6,0.000059015851657755274
518,6,0.005387931034482759
436,6,0.0000754825220220258
507,6,0.005271481286241434
585,6,0.0001102718200363897
370,6,0.00007690769538400013
342,6,0.00006951250877595424
652,6,0.00009050674727800958
263,6,0.006042296072507553
256,6,0.008110300081103
222,6,0.011111111111111112
185,6,0.006472491909385114
243,6,0.010471204188481676
237,6,0.009633911368015413
147,6,0.012642225031605562
199,6,0.009416195856873822
725,6,0.00010035324341682723
242,6,0.00007112628471851773
485,6,0.00004581859501860235
242,6,0.00006901739928636009
515,6,0.00005962495900784068
223,6,0.00005278799812074727
355,6,0.00009198785760279643
627,6,0.00015586277840988794
604,6,0.010101010101010102
488,6,0.00004665071212312056
382,6,0.00006610040651750008
366,6,0.000059117028068764926
600,6,0.009267840593141797
747,6,0.008539709649871904
493,6,0.00007760179415348083
382,6,0.00006453528143836235
549,6,0.00008249259628948302
548,6,0.000058616990720930366
716,6,0.00006887194639007693
571,6,0.00008349057391420509
507,6,0.00715307582260372
475,6,0.00010687757174157004
353,6,0.0000945072392545269
148,6,0.0000790301420961955
473,6,0.00007886435331230284
355,6,0.006738544474393531
372,6,0.00003445495703466858
377,6,0.00009093802573546128
139,6,0.00006887763887453938
625,6,0.00005509702586254394
247,6,0.00007973591465067696
422,6,0.00005787673413164642
492,6,0.00612369871402327
262,6,0.00007265804942200522
519,6,0.00008631032012497734
366,6,0.00004780571756382063
239,6,0.00007473171314979224
379,6,0.007272727272727273
497,6,0.00009724693915259017
692,6,0.00011486463203115128
582,6,0.00023780081803481405
453,6,0.00010258830288170542
355,6,0.00022859755400617213
498,6,0.000043728654950302385
540,6,0.00008425309630128907
248,6,0.0000844081301911
512,6,0.008012820512820512
355,6,0.00004729585924752288
224,6,0.00004649238222317273
332,6,0.00009694431518535753
360,6,0.0001603643477981975
385,6,0.013568521031207599
333,6,0.013140604467805518
542,6,0.00007163477725166014
557,6,0.004901960784313725
724,6,0.00856898029134533
294,6,0.00006770389026553466
476,6,0.007380073800738007
330,6,0.0049382716049382715
370,6,0.005750431282346176
596,6,0.012033694344163659
557,6,0.00008893711256770337
542,6,0.00007261794970480804
349,6,0.00006603144417371553
399,6,0.00012422205935329995
471,6,0.00010240655401945725
548,6,0.00010684103122963342
242,6,0.00008364351135460666
235,6,0.00008699737267934509
443,6,0.00005333077345620743
312,6,0.006561679790026247
516,6,0.0046168051708217915
474,6,0.0000636116129360576
700,6,0.00003670223112863031
676,6,0.00006307914540373806
350,6,0.0074962518740629685
607,6,0.000048651620342215495
417,6,0.01016260162601626
488,6,0.00004896080687409729
324,6,0.00006940251375904835
599,6,0.00005502426570117422
610,6,0.0001392563709789723
573,6,0.00009543532824981151
435,6,0.00007242178447276941
274,6,0.00008269383434771104
230,6,0.00006935245611723339
433,6,0.00005707241347822117
232,6,0.00005629711364698332
367,6,0.00007063992709959523
374,6,0.00013392976723006455
500,6,0.010101010101010102
540,6,0.00585480093676815
355,6,0.00008802042073761112
507,6,0.0000587602757032136
481,6,0.00014977683251954588
510,6,0.004454342984409799
365,6,0.011547344110854504
610,6,0.011135857461024499
637,6,0.013404825737265416
355,6,0.00006721062465554555
353,6,0.00006724406907310776
671,6,0.00007165787663379959
325,6,0.00013646660662135974
363,6,0.0000544350997523203
633,6,0.005698005698005698
379,6,0.00009424360085950164
373,6,0.00006645313060698289
602,6,0.000060399968592016335
676,6,0.00006766357669666418
532,6,0.007518796992481203
440,6,0.00008861006255870417
286,6,0.009082652134423252
505,6,0.010626992561105207
282,6,0.00009608547764090935
453,6,0.004205214465937763
508,6,0.00847457627118644
446,6,0.00014354822502619756
361,6,0.00013871934302519143
302,6,0.00006631827466376635
569,6,0.0000573667513782362
514,6,0.009259259259259259
577,6,0.00005717618268933893
248,6,0.00012635196603659154
258,6,0.00008800337932976626
376,6,0.00009432271573963158
579,6,0.00008275268532463879
349,6,0.0000690669742449253
565,6,0.00014956402087913732
654,6,0.00007786160877656054
413,6,0.00009543441746831577
432,6,0.00004209533752041624
368,6,0.005330490405117271
547,6,0.00005495230140238273
535,6,0.010526315789473684
619,6,0.00003839302168437865
470,6,0.005555555555555556
369,6,0.010638297872340425
352,6,0.00010108770369172294
355,6,0.00006202512017367033
507,6,0.006934812760055479
500,6,0.009950248756218905
385,6,0.00015402624607233073
345,6,0.00005302030147343418
569,6,0.009487666034155597
345,6,0.00010028380316295115
468,6,0.00909090909090909
684,6,0.0037369207772795215
312,6,0.007434944237918215
560,6,0.00006902263942573165
325,6,0.00010015022533800701
526,6,0.009478672985781991
577,6,0.005485463521667581
639,6,0.005402485143165856
558,6,0.00006092620009382635
273,6,0.00008263984728156222
337,6,0.00007019317160826595
566,6,0.00012393263022221121
513,6,0.007974481658692184
329,6,0.00007221676584435843
307,6,0.006060606060606061
496,6,0.008130081300813009
428,6,0.00010628009055063714
239,6,0.00009765148186123725
650,6,0.01107419712070875
453,6,0.00008960814358808928
523,6,0.00006598961323487683
650,6,0.008298755186721992
367,6,0.00009076716407072578
595,6,0.00010174078482841417
253,6,0.00008542627712284299
347,6,0.0001033185932140348
513,6,0.00835421888053467
680,6,0.00010493840115851995
571,6,0.0000806750891459735
385,6,0.00005409440555657734
623,6,0.00008555710508979218
255,6,0.00004453608982038595
688,6,0.006968641114982578
662,6,0.004662004662004662
435,6,0.007336757153338224
336,6,0.009813542688910697
577,6,0.00008499498529586754
669,6,0.00009481369109699441
507,6,0.00011743429551166123
515,6,0.007849293563579277
629,6,0.005488474204171241
321,6,0.00007829688613283849
554,6,0.00005361297862986672
411,6,0.00009674267416099916
237,6,0.00006868226211898514
303,6,0.004210526315789474
568,6,0.00007362360667324372
573,6,0.00004558861743399908
462,6,0.0000712595844141037
577,6,0.00419639110365086
555,6,0.007017543859649123
250,6,0.0001529051987767584
685,6,0.006802721088435374
520,6,0.005500550055005501
249,6,0.00585480093676815
531,6,0.00006501654671113798
283,6,0.012330456226880395
579,6,0.00009893643334157804
635,6,0.008431703204047217
372,6,0.009174311926605505
420,6,0.006365372374283896
573,6,0.009242144177449169
312,6,0.0053734551316496505
696,6,0.00980392156862745
415,6,0.0000998771511041419
491,6,0.00007845721727941753
330,6,0.000060190201035271456
368,6,0.011547344110854504
561,6,0.00011128669678826593
522,6,0.00013666990118766143
577,6,0.00004359806075825747
484,6,0.00006080394982458061
523,6,0.006024096385542169
421,6,0.008382229673093043
494,6,0.0000550566808529381
537,6,0.0000633741674218755
443,6,0.00013505300830576002
536,6,0.00007181431690221763
390,6,0.003129890453834116
251,6,0.00004927419116415204
503,6,0.0077459333849728895
254,6,0.00009260202428025076
482,6,0.0059031877213695395
325,6,0.00004724067232924859
525,6,0.0056785917092561046
426,6,0.00643915003219575
140,6,0.00008876737621389387
484,6,0.00015102774379653543
531,6,0.005970149253731343
502,6,0.005691519635742743
382,6,0.00019483302809492265
355,6,0.00010894432944765226
520,6,0.008064516129032258
349,6,0.00007301615117263938
299,6,0.007662835249042145
707,6,0.008264462809917356
310,6,0.00006778420221383205
573,6,0.007513148009015778
384,6,0.00005037250467204981
