187,20,0.35714285714285715
182,20,0.37037037037037035
283,20,0.17543859649122806
178,20,0.4166666666666667
287,20,0.19230769230769232
182,20,0.5263157894736842
343,20,0.45454545454545453
348,20,0.7692307692307693
280,20,0.17543859649122806
456,20,0.16129032258064516
353,20,0.37037037037037035
288,20,0.2702702702702703
318,20,0.6666666666666666
296,20,0.2564102564102564
471,20,0.19230769230769232
323,20,0.3125
188,20,0.45454545454545453
291,20,0.1282051282051282
343,20,0.5
359,20,0.47619047619047616
308,20,0.14925373134328357
285,20,0.2
283,20,0.14084507042253522
360,20,0.4166666666666667
307,20,0.3125
286,20,0.18867924528301888
284,20,0.3225806451612903
289,20,0.16393442622950818
287,20,0.23255813953488372
473,20,0.2857142857142857
180,20,0.47619047619047616
208,20,0.5555555555555556
345,20,0.3448275862068966
465,20,0.2564102564102564
281,20,0.15873015873015872
302,20,0.11363636363636363
302,20,0.17543859649122806
281,20,0.24390243902439024
317,20,0.5882352941176471
352,20,0.25
188,20,0.5263157894736842
350,20,0.4166666666666667
353,20,0.5882352941176471
294,20,0.1694915254237288
481,20,0.13157894736842105
465,20,0.2631578947368421
178,20,0.5555555555555556
349,20,0.6666666666666666
353,20,0.5263157894736842
188,20,0.5263157894736842
320,20,0.3448275862068966
339,20,0.5
451,20,0.23255813953488372
312,20,0.35714285714285715
299,20,0.1724137931034483
176,20,0.5882352941176471
180,20,0.6666666666666666
180,20,0.45454545454545453
288,20,0.17857142857142858
202,20,0.37037037037037035
277,20,0.25
288,20,0.16666666666666666
272,20,0.12345679012345678
282,20,0.14492753623188406
305,20,0.2631578947368421
480,20,0.16129032258064516
462,20,0.2564102564102564
458,20,0.2127659574468085
364,20,0.5263157894736842
291,20,0.23809523809523808
275,20,0.20408163265306123
327,20,0.35714285714285715
345,20,0.7142857142857143
315,20,0.37037037037037035
174,20,0.38461538461538464
468,20,0.2631578947368421
461,20,0.14285714285714285
312,20,0.1694915254237288
327,20,0.2777777777777778
334,20,0.47619047619047616
275,20,0.19607843137254902
172,20,0.30303030303030304
443,20,0.24390243902439024
284,20,0.18518518518518517
290,20,0.20408163265306123
317,20,0.14705882352941177
460,20,0.14492753623188406
275,20,0.35714285714285715
293,20,0.10989010989010989
436,20,0.10101010101010101
177,20,0.38461538461538464
444,20,0.18518518518518517
278,20,0.22727272727272727
368,20,0.47619047619047616
450,20,0.1282051282051282
323,20,0.37037037037037035
468,20,0.1724137931034483
186,20,0.43478260869565216
315,20,0.4
274,20,0.2631578947368421
324,20,0.37037037037037035
305,20,0.15151515151515152
282,20,0.1282051282051282
180,20,0.38461538461538464
471,20,0.19230769230769232
289,20,0.2631578947368421
454,20,0.23255813953488372
317,20,0.37037037037037035
333,20,0.3333333333333333
185,20,0.5882352941176471
