832,12,0.0176678445229682
643,12,0.02207505518763797
1316,12,0.009560229445506692
1305,12,0.02044989775051125
1279,12,0.010309278350515464
784,12,0.002942907592701589
815,12,0.012135922330097087
1415,12,0.011737089201877934
1337,12,0.026954177897574125
925,12,0.01620745542949757
1295,12,0.011933174224343675
928,12,0.010121457489878543
830,12,0.02577319587628866
1095,12,0.0005415944540727903
1242,12,0.0004362050163576881
1614,12,0.0030911901081916537
1585,12,0.010638297872340425
1339,12,0.01949317738791423
1883,12,0.0027427317608337905
1406,12,0.01447178002894356
1162,12,0.0006958942240779402
1106,12,0.0005749439429655608
1962,12,0.014492753623188406
546,12,0.00011385501702132505
1535,12,0.02262443438914027
1575,12,0.012048192771084338
1752,12,0.0020859407592824365
1816,12,0.0002827974321993156
1194,12,0.011454753722794959
1071,12,0.0006342762907522517
1129,12,0.0005661872947571057
1262,12,0.030864197530864196
722,12,0.00010713864812453797
1788,12,0.004325259515570935
1312,12,0.01763668430335097
1586,12,0.01557632398753894
897,12,0.012706480304955527
1534,12,0.03496503496503497
1101,12,0.0005152779924769413
905,12,0.015600624024960999
1107,12,0.00016398550368147455
1379,12,0.0006865774116031583
1596,12,0.0019798059790140567
1358,12,0.012484394506866416
1662,12,0.0004229402808323465
1110,12,0.014749262536873156
1488,12,0.012903225806451613
1609,12,0.0006464124111182935
833,12,0.0023094688221709007
1662,12,0.0006022645145748012
948,12,0.016051364365971106
929,12,0.0026014568158168575
1300,12,0.00030158634417033596
1601,12,0.0009397613006296401
1651,12,0.001834862385321101
1130,12,0.0003597251699701428
1399,12,0.009708737864077669
1146,12,0.00038498556304138594
1253,12,0.00010551862403714256
1633,12,0.0003128519584532599
1596,12,0.011862396204033215
1543,12,0.011376564277588168
1451,12,0.00856898029134533
1213,12,0.016025641025641024
1283,12,0.0006125199068969741
962,12,0.01564945226917058
904,12,0.0001339100392356415
1515,12,0.014492753623188406
996,12,0.0005100479445067837
1560,12,0.011286681715575621
1118,12,0.0006333122229259025
1586,12,0.000462000462000462
1315,12,0.012300123001230012
1077,12,0.0211864406779661
826,12,0.024154589371980676
1099,12,0.0003755868544600939
1051,12,0.0005173573387138497
1010,12,0.0007777259293824856
997,12,0.00034169343265222444
909,12,0.00019033479891128496
1160,12,0.0006167889964843027
891,12,0.006321112515802781
1693,12,0.00038420162901490703
515,12,0.00012148158946511657
1699,12,0.0005393452348848498
1104,12,0.0033932813030200203
1310,12,0.009009009009009009
1219,12,0.0001275721739574164
1624,12,0.000396620790861857
929,12,0.002320185614849188
1018,12,0.003495281370150297
1587,12,0.015015015015015015
984,12,0.011947431302270013
1050,12,0.002901915264074289
1316,12,0.0005201560468140442
1312,12,0.01564945226917058
1034,12,0.000446149727848666
913,12,0.00346860908775581
1331,12,0.014858841010401188
998,12,0.00043045930007317806
1199,12,0.01675041876046901
908,12,0.006261740763932373
1616,12,0.003194888178913738
1422,12,0.011806375442739079
938,12,0.004312203536006899
1356,12,0.0005100479445067837
1841,12,0.0030156815440289505
655,12,0.00009183748438762766
768,12,0.002008032128514056
1513,12,0.01455604075691412
1173,12,0.00010160226776261646
1276,12,0.00011224604332697273
1347,12,0.00984251968503937
811,12,0.01098901098901099
1354,12,0.00033481769176683295
968,12,0.010319917440660475
1045,12,0.01694915254237288
1822,12,0.003368137420006736
1713,12,0.0019928258270227183
1006,12,0.0176678445229682
1340,12,0.010706638115631691
969,12,0.018148820326678767
1562,12,0.014124293785310734
1368,12,0.01584786053882726
1426,12,0.012391573729863693
1413,12,0.0003464163231371462
1547,12,0.012437810945273632
1626,12,0.011299435028248588
794,12,0.00017407349382909465
282,12,0.000171777033410633
941,12,0.02403846153846154
1599,12,0.00916590284142988
675,12,0.00018670649738610905
860,12,0.009970089730807577
1714,12,0.0007421150278293135
1171,12,0.0006452861844227915
1372,12,0.016474464579901153
799,12,0.00010456860223149397
988,12,0.01658374792703151
1564,12,0.0007300868803387603
1247,12,0.0004217985490129914
777,12,0.00014665121940488936
962,12,0.00020400669141947857
1400,12,0.011904761904761904
1237,12,0.008431703204047217
1133,12,0.0005399276496949409
693,12,0.0001858666964053381
686,12,0.01855287569573284
899,12,0.00013201842977279629
1336,12,0.018867924528301886
1260,12,0.034013605442176874
1080,12,0.005780346820809248
945,12,0.013210039630118891
1563,12,0.014705882352941176
1168,12,0.004217629692113032
847,12,0.01937984496124031
1421,12,0.011467889908256881
1230,12,0.016366612111292964
1715,12,0.002889338341519792
1025,12,0.00012094530853148206
1349,12,0.0001456558153084262
613,12,0.011185682326621925
1459,12,0.017953321364452424
1348,12,0.03389830508474576
650,12,0.010718113612004287
1067,12,0.0005781015146259683
1147,12,0.011061946902654867
1010,12,0.008271298593879239
1035,12,0.00014071426561224778
1527,12,0.01694915254237288
1645,12,0.0032414910858995136
870,12,0.00010527091469897782
670,12,0.027777777777777776
1024,12,0.003215434083601286
1041,12,0.00022451224714308164
740,12,0.00008093299557296514
1266,12,0.00033110390040394673
277,12,0.0002121700755325469
1210,12,0.0006493928177154361
1080,12,0.0008008970046452026
1289,12,0.0005080268238162975
1339,12,0.00038284839203675346
1149,12,0.00024025755610013934
848,12,0.015151515151515152
736,12,0.00014043365913942254
1204,12,0.010040160642570281
1362,12,0.017699115044247787
565,12,0.00016670278560354743
1592,12,0.002884338044418806
746,12,0.00014398848092152627
1384,12,0.009191176470588236
1723,12,0.0004929508035098097
785,12,0.00024996875390576176
1291,12,0.010090817356205853
1322,12,0.029940119760479042
1404,12,0.0125
1307,12,0.017241379310344827
1259,12,0.027247956403269755
1266,12,0.01160092807424594
1025,12,0.026595744680851064
1057,12,0.00007890791446382072
481,12,0.00013264710564015494
1402,12,0.04032258064516129
1356,12,0.010416666666666666
1176,12,0.011402508551881414
752,12,0.00017544783058757478
1604,12,0.02403846153846154
1275,12,0.01072961373390558
943,12,0.02074688796680498
1049,12,0.0001358068283673303
1124,12,0.00030767337394621867
1174,12,0.023310023310023312
1789,12,0.003979307600477517
942,12,0.01680672268907563
1136,12,0.0006696578048617156
967,12,0.00022583049163298028
1055,12,0.023094688221709007
842,12,0.00009171871703858606
1580,12,0.00038217534204693115
960,12,0.028169014084507043
1499,12,0.014144271570014143
921,12,0.0136986301369863
1081,12,0.00021640337589266391
1637,12,0.01026694045174538
1277,12,0.000386742468190432
1157,12,0.00017806901955197836
842,12,0.022675736961451247
1457,12,0.019120458891013385
1243,12,0.01288659793814433
1010,12,0.016339869281045753
1130,12,0.00010225367090678556
1581,12,0.013210039630118891
949,12,0.00025451768897938407
1592,12,0.019342359767891684
631,12,0.016260162601626018
992,12,0.02145922746781116
745,12,0.000143184421534937
1104,12,0.0006454527851287678
724,12,0.00019796492061606682
1087,12,0.020161290322580645
1332,12,0.001038961038961039
1315,12,0.013227513227513227
1079,12,0.0005658669081032141
680,12,0.009794319294809012
826,12,0.00008958325868061776
497,12,0.00020980634874011287
1304,12,0.015313935681470138
1131,12,0.0005208604614823689
1009,12,0.01904761904761905
986,12,0.023980815347721823
601,12,0.00018429782528566163
709,12,0.00011291907090188462
659,12,0.018148820326678767
1540,12,0.00034541121204794306
875,12,0.01692047377326565
1223,12,0.013054830287206266
1007,12,0.00024897918534010554
838,12,0.00011815582390056006
1211,12,0.01567398119122257
1533,12,0.0004462293618920125
1628,12,0.00984251968503937
1604,12,0.010526315789473684
745,12,0.00015624267612455666
810,12,0.0196078431372549
691,12,0.00037873049537948795
608,12,0.00020516608194333312
1314,12,0.02531645569620253
1841,12,0.0024758603614756128
1029,12,0.0003446493193175943
1002,12,0.003402517863218782
1343,12,0.022222222222222223
472,12,0.00012900396042158494
1234,12,0.016666666666666666
1900,12,0.0058445353594389245
1135,12,0.00019515622255615622
1088,12,0.00013813299444705363
1483,12,0.010214504596527068
788,12,0.0035612535612535613
1327,12,0.00043727316454589184
880,12,0.00023592139099252128
1587,12,0.0035063113604488078
1630,12,0.000778089013383131
988,12,0.00011079227556254778
1231,12,0.0005538325210456358
989,12,0.002158428663932657
1703,12,0.0007158196134574087
883,12,0.004249893752656183
1091,12,0.00009716662132224338
1717,12,0.0006652032195835828
866,12,0.03215434083601286
1173,12,0.0228310502283105
1205,12,0.005824111822947
597,12,0.01773049645390071
656,12,0.025839793281653745
1313,12,0.01721170395869191
523,12,0.000227966990379793
717,12,0.00012704381741262562
1909,12,0.0027800945232137894
1364,12,0.01152073732718894
1381,12,0.00031829901009007864
1523,12,0.01996007984031936
1068,12,0.0005382710733125202
904,12,0.0002591009198082653
903,12,0.00017541397698568622
1590,12,0.0006720430107526882
1275,12,0.00011906746362488987
676,12,0.00018281869869650268
1145,12,0.0003379520108144643
1675,12,0.0009030976248532467
819,12,0.0002773848159551746
279,12,0.00019116438225229876
1071,12,0.0003794202458643193
1576,12,0.0003675930010292604
887,12,0.0001983654685392367
816,12,0.00013669231925858086
1075,12,0.0004239623521431297
1541,12,0.0004686474833630143
848,12,0.00011507215023819935
1188,12,0.0008330556481172943
990,12,0.00016466868660255566
1085,12,0.012836970474967908
1199,12,0.010940919037199124
1588,12,0.00034376074252320387
1149,12,0.0004371584699453552
728,12,0.0000990049997524875
485,12,0.00014833053977483424
1450,12,0.00041473125414731257
1102,12,0.0008612522607871846
1382,12,0.00014105168133604152
1113,12,0.0005487269534679544
1508,12,0.00034129692832764505
679,12,0.00016725204883759825
895,12,0.019230769230769232
1512,12,0.00047693995325988456
713,12,0.00008950708448573705
1297,12,0.018726591760299626
499,12,0.00014764506127270044
1064,12,0.0005707436790137549
1622,12,0.01455604075691412
690,12,0.00010985027407643382
1178,12,0.00014691622836658538
1052,12,0.020833333333333332
523,12,0.01483679525222552
1021,12,0.01141552511415525
1248,12,0.00034104085669463204
602,12,0.00015892945121660494
1104,12,0.00042767941151312976
1147,12,0.00018801586853930472
1687,12,0.00036901730691169416
1104,12,0.00039277297721916735
1394,12,0.00010749567329914971
1411,12,0.0004507956543298923
1025,12,0.0017540782318891423
1210,12,0.0008442380751371887
1106,12,0.004130524576621231
1522,12,0.020080321285140562
807,12,0.00012014465416361299
1017,12,0.00015811276602472883
1142,12,0.00034479191807744024
1049,12,0.019880715705765408
967,12,0.019083969465648856
475,12,0.00013487449927842142
1559,12,0.01876172607879925
1824,12,0.003288391976323578
888,12,0.0020226537216828477
894,12,0.009643201542912247
1202,12,0.00033046926635822867
916,12,0.014705882352941176
1171,12,0.00011701106924715077
721,12,0.00026865832034818116
1613,12,0.0028555111364934323
1384,12,0.015105740181268883
1730,12,0.00311332503113325
1146,12,0.007830853563038372
1732,12,0.0019924287706714486
697,12,0.014044943820224719
1530,12,0.012004801920768308
1557,12,0.013966480446927373
1588,12,0.003907776475185619
895,12,0.013717421124828532
1393,12,0.0005540780141843972
1434,12,0.01017293997965412
1025,12,0.003979307600477517
1262,12,0.0005221659443371104
1209,12,0.010362694300518135
704,12,0.0001761586837423151
1270,12,0.01002004008016032
1107,12,0.00013254161806807338
1406,12,0.017064846416382253
748,12,0.00012348423106369318
1022,12,0.019646365422396856
1613,12,0.003385240352064997
1542,12,0.012836970474967908
1372,12,0.017699115044247787
1103,12,0.0006454944487477407
632,12,0.015432098765432098
980,12,0.017793594306049824
970,12,0.004440497335701598
1287,12,0.01451378809869376
1676,12,0.0006074596039363382
834,12,0.012345679012345678
1144,12,0.00437636761487965
1223,12,0.008726003490401396
1483,12,0.008920606601248885
1010,12,0.0031269543464665416
1310,12,0.02066115702479339
1597,12,0.0004718316504671133
1845,12,0.002540650406504065
1172,12,0.01483679525222552
948,12,0.02032520325203252
1435,12,0.012048192771084338
1239,12,0.01455604075691412
1351,12,0.024390243902439025
1589,12,0.00022868642517380168
1314,12,0.02403846153846154
683,12,0.00012371338083927156
976,12,0.00017077960891469557
1243,12,0.015384615384615385
1285,12,0.01152073732718894
1356,12,0.0004848719937936385
1023,12,0.02336448598130841
1237,12,0.013755158184319119
931,12,0.009578544061302681
729,12,0.00027156939956005755
895,12,0.00016870234158850126
1384,12,0.0211864406779661
1004,12,0.00011659360134315829
1066,12,0.01818181818181818
1642,12,0.0005918910920390648
1895,12,0.01652892561983471
739,12,0.00021063717746182202
919,12,0.0001736201538274563
1611,12,0.0005229031583350763
1338,12,0.012738853503184714
1534,12,0.01841620626151013
927,12,0.014858841010401188
1299,12,0.022573363431151242
957,12,0.013422818791946308
1547,12,0.021929824561403508
1198,12,0.00017900936218964253
1503,12,0.015313935681470138
1257,12,0.015873015873015872
1166,12,0.00015201726916177677
1409,12,0.00027658691743880515
814,12,0.010141987829614604
1723,12,0.001795009872554299
1038,12,0.0007470491558344539
950,12,0.00012466340879625012
1579,12,0.01890359168241966
1355,12,0.017006802721088437
850,12,0.0032562683165092803
1300,12,0.000390625
1320,12,0.022675736961451247
722,12,0.00010874411422481758
830,12,0.0033613445378151263
972,12,0.0026609898882384245
682,12,0.00009160445197636606
1727,12,0.0005835667600373483
1821,12,0.004531037607612143
1607,12,0.0036101083032490976
1020,12,0.00011281333904920918
935,12,0.015698587127158554
1584,12,0.012077294685990338
845,12,0.013531799729364006
1490,12,0.012121212121212121
989,12,0.0006656460094521733
1121,12,0.00014943215780035862
861,12,0.011235955056179775
1343,12,0.02666666666666667
1379,12,0.0001725476662928134
1367,12,0.010857763300760043
939,12,0.00011209128714425028
1434,12,0.008382229673093043
1620,12,0.0006133840397472858
1235,12,0.01122334455667789
1211,12,0.0015800284405119293
1277,12,0.015698587127158554
1232,12,0.0176678445229682
1013,12,0.00008280544859851778
430,12,0.00016774301769688837
1334,12,0.009107468123861567
1223,12,0.009652509652509652
822,12,0.0001061334522027998
1310,12,0.025380710659898477
954,12,0.016420361247947456
1586,12,0.0005916109566349169
875,12,0.00016127991742468227
1328,12,0.017064846416382253
740,12,0.00014548840457415544
1120,12,0.00419639110365086
1556,12,0.009718172983479106
865,12,0.002961208172934557
1714,12,0.0005329638117571817
826,12,0.014619883040935672
1029,12,0.00034294728900168046
1539,12,0.007107320540156361
1522,12,0.0003708923670350864
1118,12,0.0205761316872428
1691,12,0.011286681715575621
1072,12,0.015105740181268883
1576,12,0.0073964497041420114
1068,12,0.0006090875867949811
1174,12,0.00013594344752582924
1130,12,0.00010228714046070128
1278,12,0.019120458891013385
1256,12,0.023474178403755867
1155,12,0.0005698979882601014
808,12,0.00012993594158080066
969,12,0.0028066236317709796
1604,12,0.0003079765937788728
1683,12,0.000556885894080303
1071,12,0.0005726065048098947
1222,12,0.015748031496062992
1567,12,0.00043448036148766077
1361,12,0.0005026388539834129
1290,12,0.0001749720044792833
1719,12,0.0023501762632197414
1558,12,0.0004161291664932795
1597,12,0.013089005235602094
834,12,0.00010621348911311737
1350,12,0.00015060921427172914
716,12,0.013333333333333334
931,12,0.011574074074074073
1096,12,0.017391304347826087
1062,12,0.015082956259426848
1242,12,0.008912655971479501
1061,12,0.019267822736030827
892,12,0.019157088122605363
737,12,0.01845018450184502
1518,12,0.020202020202020204
1055,12,0.00012128856976518533
1087,12,0.00046420945130442855
1233,12,0.009606147934678195
1548,12,0.014184397163120567
1244,12,0.00016353229762878168
707,12,0.0001393009876440024
1268,12,0.02012072434607646
1768,12,0.00390625
964,12,0.015384615384615385
1750,12,0.00042742349119507606
703,12,0.00017930787161556393
1138,12,0.00019077780109506457
786,12,0.003800836183960471
1486,12,0.012578616352201259
841,12,0.0028555111364934323
1907,12,0.003278688524590164
1571,12,0.018656716417910446
1954,12,0.005022601707684581
767,12,0.02304147465437788
994,12,0.00012393109431156277
1118,12,0.00015409745122815669
1001,12,0.0032552083333333335
723,12,0.014164305949008499
1609,12,0.0030404378230465185
792,12,0.00021623959346956428
1524,12,0.011918951132300357
1621,12,0.0034458993797381117
623,12,0.012195121951219513
810,12,0.0033311125916055963
866,12,0.013908205841446454
715,12,0.017482517482517484
1779,12,0.00291970802919708
727,12,0.01179245283018868
1349,12,0.00010677942574024837
1744,12,0.005777007510109763
1317,12,0.011764705882352941
785,12,0.0025201612903225806
1695,12,0.0027979854504756574
897,12,0.008319467554076539
697,12,0.02557544757033248
1028,12,0.004205214465937763
476,12,0.00020149915370355444
1246,12,0.012300123001230012
1648,12,0.0026624068157614484
1331,12,0.0001618646811265782
985,12,0.003672420124862284
1041,12,0.00022668026748271563
1237,12,0.014598540145985401
1791,12,0.003518648838845883
1499,12,0.0129366106080207
1209,12,0.004885197850512946
1880,12,0.0033311125916055963
693,12,0.0001590583744234134
1579,12,0.013245033112582781
825,12,0.0027502750275027505
445,12,0.00008960091751339533
1361,12,0.014367816091954023
1315,12,0.00040335592126492415
1615,12,0.0033863867253640365
725,12,0.015503875968992248
865,12,0.00014498006524102936
1471,12,0.024752475247524754
1566,12,0.0006219679064560268
1602,12,0.003213367609254499
695,12,0.011990407673860911
1501,12,0.0009796238244514106
1305,12,0.00013649082099228828
482,12,0.00015923820443000685
1616,12,0.018214936247723135
1794,12,0.0005501155242600946
1651,12,0.0022558087074216106
1402,12,0.0006577649148194435
1356,12,0.013280212483399735
861,12,0.0020454080589077522
1072,12,0.0003451012872278014
716,12,0.0001193588045022141
1328,12,0.0003145841197936328
1614,12,0.0008646779074794639
1224,12,0.0005521201413427562
1652,12,0.00036957646537068517
1113,12,0.0001412768602630575
1642,12,0.01287001287001287
1148,12,0.00022860277980980248
1104,12,0.00042389046670340385
1335,12,0.007763975155279503
1196,12,0.00013390645295196775
559,12,0.00021546616103940876
1058,12,0.013297872340425532
1124,12,0.0003538194813006404
1055,12,0.02079002079002079
963,12,0.013020833333333334
1719,12,0.01718213058419244
1627,12,0.00035531552018192155
978,12,0.000273920070123538
1023,12,0.0005482756730083886
737,12,0.00019502681618722574
1215,12,0.013123359580052493
1081,12,0.0004392322220758115
674,12,0.018656716417910446
1058,12,0.00013952839402818474
956,12,0.00010595465140919687
1155,12,0.0003994886545222116
801,12,0.00023834493278672894
1506,12,0.0004654843364520784
1751,12,0.0005872335427799636
1103,12,0.00018626830086055954
1342,12,0.012062726176115802
1090,12,0.01652892561983471
1255,12,0.017361111111111112
1269,12,0.014104372355430184
502,12,0.00013809293654629565
978,12,0.012048192771084338
1050,12,0.00036375541086173656
1208,12,0.014727540500736377
1110,12,0.0017009695526450078
1381,12,0.02145922746781116
1030,12,0.0001958672020370189
1322,12,0.00032961961895972046
1373,12,0.023094688221709007
1029,12,0.0027129679869777536
1506,12,0.01366120218579235
1213,12,0.012674271229404309
1036,12,0.0009943323058566173
898,12,0.00012161307583791409
1361,12,0.020618556701030927
1584,12,0.01584786053882726
558,12,0.0002345986017923333
1122,12,0.0001182284646851576
1040,12,0.00285143997718848
1324,12,0.01303780964797914
1763,12,0.0005400734499891985
831,12,0.016181229773462782
1293,12,0.013513513513513514
1729,12,0.0016914749661705007
958,12,0.00012367971899967845
657,12,0.019120458891013385
1539,12,0.018796992481203006
1261,12,0.011848341232227487
1179,12,0.00021358850039513873
791,12,0.00011451867799638121
1574,12,0.009191176470588236
1267,12,0.0001323696820480237
1552,12,0.013812154696132596
1612,12,0.0003546225043441257
1020,12,0.006697923643670462
998,12,0.00011793426344155767
1590,12,0.012135922330097087
1182,12,0.018050541516245487
514,12,0.00017498731341977707
951,12,0.01201923076923077
1279,12,0.0009209799226376865
1295,12,0.00019605920988138416
1233,12,0.00044849082836256
484,12,0.00014506208657305328
1024,12,0.0027723870252287217
989,12,0.0004927322000492732
796,12,0.006045949214026602
1216,12,0.03460207612456748
1434,12,0.0003891353412716943
1384,12,0.0005600672080649678
556,12,0.00015101862059591949
988,12,0.0006984703499336453
1354,12,0.0001207437816952427
1242,12,0.012033694344163659
1454,12,0.011337868480725623
1045,12,0.0001300221037576388
800,12,0.00020002400288034563
1333,12,0.02666666666666667
1036,12,0.003675119441381845
1394,12,0.000546000546000546
1393,12,0.000730887297178775
738,12,0.0002439143372847456
1126,12,0.00033625878476075186
965,12,0.012239902080783354
1021,12,0.003181673560292714
993,12,0.00021460609052084898
1053,12,0.011389521640091117
804,12,0.003481894150417827
724,12,0.00966183574879227
1029,12,0.0031675641431738993
1809,12,0.003083564600678384
1295,12,0.016366612111292964
1509,12,0.0007762769756249029
1574,12,0.022222222222222223
551,12,0.00013313097425246957
967,12,0.0029568302779420462
1723,12,0.0032041012495994873
770,12,0.012468827930174564
1957,12,0.005109862033725089
1196,12,0.00027624309392265195
976,12,0.0005775339301183945
981,12,0.0007869678130164476
915,12,0.0005498130635583901
906,12,0.00010737678513905293
404,12,0.0011724703951225231
1366,12,0.0006933851060879212
1458,12,0.0004133256179217988
773,12,0.001043187982474442
821,12,0.013315579227696404
1328,12,0.0004701457451810061
1306,12,0.014367816091954023
983,12,0.0006021919788028423
1784,12,0.0003383064379715146
750,12,0.0007835148476063622
1312,12,0.000491328059745492
1337,12,0.014619883040935672
1690,12,0.00471253534401508
734,12,0.0001641901321730564
702,12,0.0006137228427642077
1528,12,0.01733102253032929
518,12,0.015527950310559006
1247,12,0.014925373134328358
546,12,0.00010326524711373634
1209,12,0.00048426150121065375
559,12,0.015748031496062992
548,12,0.013020833333333334
548,12,0.019569471624266144
672,12,0.018115942028985508
576,12,0.006949270326615705
1276,12,0.013192612137203167
1510,12,0.013210039630118891
1540,12,0.013315579227696404
769,12,0.00046585297680052176
1351,12,0.014925373134328358
435,12,0.0003835826620636747
1609,12,0.013333333333333334
472,12,0.013458950201884253
1556,12,0.00942507068803016
1347,12,0.00008773084177742686
781,12,0.0002382597507803007
988,12,0.017035775127768313
371,12,0.0013116474291710388
365,12,0.00046089321104300136
916,12,0.004456327985739751
761,12,0.0007173601147776184
1198,12,0.000833472245374229
1140,12,0.00014303491482270823
1074,12,0.002108814846056516
1354,12,0.02304147465437788
378,12,0.0004887824429346498
1364,12,0.011441647597254004
802,12,0.0004693073024216257
836,12,0.027700831024930747
1652,12,0.0025933609958506223
370,12,0.0004933885928557331
1017,12,0.004522840343735866
782,12,0.00031587592393707753
474,12,0.004807692307692308
1050,12,0.01026694045174538
983,12,0.00625
759,12,0.012091898428053204
1043,12,0.0022789425706472195
713,12,0.0007388252678241596
1440,12,0.00045337081198712427
1062,12,0.0005687635081333182
614,12,0.004273504273504274
326,12,0.005005005005005005
804,12,0.002875215641173088
1370,12,0.00013236092176145914
1505,12,0.012626262626262626
881,12,0.00011072480457071994
709,12,0.0003660858105139845
852,12,0.01335113484646195
730,12,0.0005268981505874914
604,12,0.0001209423830487156
918,12,0.012674271229404309
1234,12,0.014450867052023121
829,12,0.000649772579597141
1817,12,0.0017164435290078957
1594,12,0.000569216757741348
973,12,0.0005256794406770752
1498,12,0.014684287812041116
1610,12,0.0020255215718047396
1024,12,0.0005772672169947468
1292,12,0.00024605693757535495
798,12,0.0003886966999650173
821,12,0.003389830508474576
1059,12,0.0006799483239273815
1017,12,0.0007523888345496953
1091,12,0.00014173741726078266
768,12,0.0010191602119853241
1166,12,0.00039374729298736073
679,12,0.01620745542949757
537,12,0.0001486568850436308
1314,12,0.011507479861910242
1017,12,0.000366246703779666
1027,12,0.00040130021268911274
1303,12,0.000321316110789795
766,12,0.0009219138932423711
1168,12,0.00033276762836511264
1331,12,0.0007555152614082804
796,12,0.015105740181268883
509,12,0.0005445733267984534
1690,12,0.0005412426932236415
883,12,0.004800768122899664
938,12,0.003971405877680699
784,12,0.0007536930961712391
559,12,0.00019878739687903787
785,12,0.011337868480725623
1384,12,0.009794319294809012
1017,12,0.0003872066909316193
781,12,0.002925687536571094
726,12,0.00012280486307257767
1049,12,0.017064846416382253
717,12,0.0004085634907664651
674,12,0.008051529790660225
1486,12,0.013642564802182811
1075,12,0.016129032258064516
948,12,0.0004207337596768765
845,12,0.02457002457002457
615,12,0.0070028011204481795
814,12,0.006127450980392157
699,12,0.01557632398753894
780,12,0.012515644555694618
1289,12,0.00946969696969697
762,12,0.008496176720475786
1361,12,0.00046272731479339227
690,12,0.01017293997965412
696,12,0.000502815768302494
745,12,0.00015255995606273265
1146,12,0.001084481075805227
1576,12,0.011750881316098707
673,12,0.0001585238261310675
757,12,0.0006315523556902868
731,12,0.0003713192974638892
759,12,0.01557632398753894
806,12,0.00018528812303131369
827,12,0.017761989342806393
849,12,0.004533091568449683
1394,12,0.00992063492063492
872,12,0.007374631268436578
899,12,0.002754062241806665
1100,12,0.0006144015728680265
742,12,0.005157297576070139
811,12,0.014684287812041116
734,12,0.0004666355576294914
1116,12,0.0003594536304816679
851,12,0.009551098376313277
1176,12,0.0009150805270863836
1342,12,0.025380710659898477
594,12,0.00032868787799105966
429,12,0.0009963136395337252
946,12,0.010559662090813094
470,12,0.013623978201634877
835,12,0.021367521367521368
992,12,0.00018424689083371717
817,12,0.0006205013651030033
1279,12,0.00015400726914310356
636,12,0.000508078447312265
990,12,0.009718172983479106
1291,12,0.028409090909090908
973,12,0.011737089201877934
1215,12,0.0003968883949833307
627,12,0.03184713375796178
656,12,0.0005522116074879894
470,12,0.006142506142506142
792,12,0.00011735436323522509
1055,12,0.00033622486719117747
579,12,0.000722543352601156
796,12,0.006770480704129994
843,12,0.00038750678136867395
959,12,0.004657661853749418
467,12,0.009442870632672332
772,12,0.0019561815336463224
1442,12,0.000464101731099457
1639,12,0.0005411841108345059
1146,12,0.0006965243435258062
1906,12,0.0035398230088495575
836,12,0.016666666666666666
1264,12,0.011389521640091117
731,12,0.0003225078208146548
862,12,0.00018420955679180636
720,12,0.00014837015385984955
1017,12,0.007513148009015778
633,12,0.010438413361169102
1285,12,0.01824817518248175
1473,12,0.008503401360544218
1186,12,0.0007107320540156361
1529,12,0.019417475728155338
991,12,0.013333333333333334
857,12,0.0003297826732183491
612,12,0.000568472514353931
739,12,0.0000990824960862414
423,12,0.006693440428380187
1288,12,0.024875621890547265
450,12,0.004826254826254826
1278,12,0.007733952049497293
833,12,0.0006502373366278691
1172,12,0.0005244938634217979
966,12,0.014534883720930232
490,12,0.014705882352941176
1277,12,0.02242152466367713
836,12,0.014771048744460856
1034,12,0.0006157256326580875
478,12,0.00033929359074407085
400,12,0.0004638864405993413
624,12,0.0009324009324009324
471,12,0.0001223481048278562
1071,12,0.0006798558705554422
1173,12,0.0001663533678239316
1081,12,0.000382789771857296
1046,12,0.0004149377593360996
954,12,0.00030756927998031557
1227,12,0.00033318895145436977
1387,12,0.009025270758122744
711,12,0.0004791107704101188
977,12,0.017605633802816902
1334,12,0.0001366997935833117
723,12,0.0009441979038806534
968,12,0.016863406408094434
1015,12,0.0004958595725690485
1909,12,0.0003194888178913738
1297,12,0.008680555555555556
1411,12,0.00825082508250825
768,12,0.00017328920234980157
750,12,0.0001410238330277817
946,12,0.00026162258326138714
976,12,0.008605851979345954
622,12,0.01040582726326743
1608,12,0.012121212121212121
706,12,0.007598784194528876
795,12,0.016611295681063124
1364,12,0.000136578436996367
789,12,0.007087172218284904
667,12,0.014265335235378032
1233,12,0.012077294685990338
814,12,0.0008454514710855597
1339,12,0.019305019305019305
624,12,0.01272264631043257
713,12,0.02074688796680498
1227,12,0.01615508885298869
1576,12,0.00032133676092544985
986,12,0.012180267965895249
753,12,0.0005657388549445576
791,12,0.004180602006688963
349,12,0.0072254335260115606
442,12,0.011363636363636364
650,12,0.022321428571428572
1686,12,0.019230769230769232
1030,12,0.0000970412134033324
1204,12,0.00014028787071069835
1555,12,0.0005369127516778523
1034,12,0.008748906386701663
1237,12,0.008673026886383347
649,12,0.019880715705765408
1106,12,0.00012130181103603877
994,12,0.013679890560875513
1069,12,0.0001342822613132805
1514,12,0.0002899138955730148
1234,12,0.017513134851138354
1368,12,0.0008948545861297539
1523,12,0.00931098696461825
985,12,0.003182686187141948
1026,12,0.0002849165194597983
1151,12,0.00017147070423018226
1330,12,0.012300123001230012
997,12,0.018656716417910446
1044,12,0.0018604651162790699
994,12,0.000385000385000385
1084,12,0.01443001443001443
1018,12,0.00020270818130219736
1336,12,0.013755158184319119
1143,12,0.0035161744022503515
1427,12,0.007342143906020558
1344,12,0.0009054690329590728
799,12,0.0036900369003690036
1163,12,0.00011640901471409946
774,12,0.00025777846518701826
1149,12,0.00012141079341953499
1046,12,0.0029779630732578916
1052,12,0.0003319391887406227
946,12,0.0001782658300057045
1031,12,0.000768521364893944
1313,12,0.0004148344810420642
1428,12,0.0003124316555753429
308,12,0.0001901032260517461
987,12,0.00019120824489952007
1353,12,0.0004053834927841738
1002,12,0.0004288532464190754
551,12,0.0001276259029532634
1534,12,0.0005285132921092966
1796,12,0.0070126227208976155
1720,12,0.00043576782290395677
1135,12,0.003427004797806717
976,12,0.00023952669525018563
1104,12,0.002002002002002002
977,12,0.002635046113306983
481,12,0.00011956859650381424
1118,12,0.001037344398340249
1213,12,0.002577984016499098
1297,12,0.0004377325454147516
1323,12,0.014492753623188406
999,12,0.0008001280204832773
844,12,0.011947431302270013
810,12,0.0002864262595594764
779,12,0.00014534038718679146
870,12,0.0045351473922902496
962,12,0.00011348161597821153
923,12,0.00017082045062434876
1083,12,0.0002732539075308777
1165,12,0.000392156862745098
1046,12,0.010917030567685589
1253,12,0.010626992561105207
1154,12,0.013793103448275862
1203,12,0.009671179883945842
1122,12,0.00028045770697778774
859,12,0.00019195331695331694
1071,12,0.0008791981712678037
1755,12,0.0019755037534571317
1165,12,0.00028074903843454337
796,12,0.0001948747929455325
1150,12,0.017513134851138354
1084,12,0.00013818835072203412
1039,12,0.00016612675471384668
1171,12,0.0007067137809187279
958,12,0.00013793103448275863
1085,12,0.0004926836478297285
1639,12,0.00045034902049088043
1508,12,0.00046803332397266686
1528,12,0.0001658374792703151
318,12,0.0001609398889514766
1532,12,0.00041930479265378
1001,12,0.0004959333465582226
1196,12,0.00028671368771145133
693,12,0.0001710688381004516
1527,12,0.00033298924444740433
1705,12,0.000551024906325766
1067,12,0.00011971890002274659
700,12,0.013642564802182811
989,12,0.0007108330963889679
1101,12,0.0022361359570661895
1552,12,0.0006340752013188764
290,12,0.00015956598053295037
787,12,0.014367816091954023
1612,12,0.00034885749171463456
774,12,0.00010933143825507024
1486,12,0.008382229673093043
1562,12,0.000488710780959828
1413,12,0.010438413361169102
1309,12,0.0006014314067480604
1041,12,0.017123287671232876
1202,12,0.0006434178355424012
1654,12,0.015060240963855422
1231,12,0.01124859392575928
616,12,0.0205761316872428
1041,12,0.01282051282051282
1287,12,0.02188183807439825
1469,12,0.0006967184560719013
1641,12,0.014903129657228018
1005,12,0.013736263736263736
1549,12,0.012658227848101266
835,12,0.01564945226917058
679,12,0.01972386587771203
1520,12,0.01584786053882726
1221,12,0.00008976580102512545
1503,12,0.024752475247524754
1035,12,0.00010197630070771552
1648,12,0.0012055455093429777
652,12,0.022779043280182234
1805,12,0.004764173415912339
982,12,0.00010463753557676209
732,12,0.022222222222222223
1553,12,0.008032128514056224
1006,12,0.012610340479192938
648,12,0.01757469244288225
667,12,0.021834061135371178
1338,12,0.0005466571912753512
1150,12,0.00014819425302686762
1238,12,0.009250693802035153
1250,12,0.018484288354898338
689,12,0.00018306636155606407
1362,12,0.00036467070235577276
694,12,0.009891196834817012
1553,12,0.013774104683195593
1092,12,0.00011162956844008841
1193,12,0.00016370631087828436
1593,12,0.00984251968503937
1200,12,0.015384615384615385
1261,12,0.00019774178877222123
1594,12,0.012285012285012284
1094,12,0.00032443305323946405
719,12,0.00013875013875013875
1062,12,0.00017731754025108163
1236,12,0.012033694344163659
1395,12,0.0005262327000999842
1518,12,0.0176678445229682
722,12,0.013966480446927373
1240,12,0.012674271229404309
1569,12,0.013440860215053764
909,12,0.003653635367190354
865,12,0.00013933786645858878
1330,12,0.0006052536012589275
544,12,0.00012123857326446982
1144,12,0.0004527140205532165
1196,12,0.008305647840531562
1046,12,0.00016107209587011147
1283,12,0.019455252918287938
845,12,0.009074410163339383
1434,12,0.016778523489932886
819,12,0.011389521640091117
951,12,0.0001745017973685129
1630,12,0.0004752851711026616
821,12,0.01631321370309951
1372,12,0.0005142445747197367
1379,12,0.013440860215053764
764,12,0.01282051282051282
1154,12,0.02
1325,12,0.020161290322580645
1040,12,0.0005443658138268917
1003,12,0.004859086491739553
676,12,0.0001278396379581453
1057,12,0.014245014245014245
1563,12,0.004035512510088781
1570,12,0.0006930967563071804
1708,12,0.00028469750889679714
824,12,0.0001003623079316332
1055,12,0.001754693805930865
863,12,0.00019262626651770235
1582,12,0.006501950585175552
742,12,0.00010287536649349314
1552,12,0.018148820326678767
949,12,0.0001158923128628878
1598,12,0.002977076510866329
905,12,0.01937984496124031
1351,12,0.0004776917932549919
551,12,0.00025267200646840335
1767,12,0.003323363243602526
1355,12,0.016286644951140065
1287,12,0.0117096018735363
1594,12,0.0008745080891998251
1706,12,0.0005490885130683066
1056,12,0.013192612137203167
1576,12,0.0005033219247030401
1070,12,0.013888888888888888
860,12,0.00015476761642393944
1159,12,0.00015439484938782442
916,12,0.00009928218976797753
1070,12,0.00045392646391284613
1035,12,0.0004632417658776115
1086,12,0.0005758046870501526
934,12,0.00014734050390452334
1063,12,0.0064061499039077515
1054,12,0.013140604467805518
1008,12,0.018691588785046728
1142,12,0.00022745882995177873
894,12,0.001452643811737362
623,12,0.01692047377326565
1616,12,0.0003482136639041716
920,12,0.016474464579901153
1304,12,0.011001100110011002
1451,12,0.0006639224538573894
1142,12,0.0001375894331315355
1147,12,0.000639918090484418
1334,12,0.011961722488038277
1710,12,0.00036443148688046647
1311,12,0.020876826722338204
667,12,0.00021435767722020963
1068,12,0.012755102040816327
992,12,0.006702412868632708
493,12,0.00008416445734966124
1567,12,0.0004554771122751082
1149,12,0.00038905964284324785
1449,12,0.00038406882513346394
1268,12,0.0001234979561088264
1012,12,0.0004183400267737617
1183,12,0.00042087542087542086
476,12,0.0001587603988061218
1030,12,0.0003114876650884625
902,12,0.0001383489437058148
1509,12,0.01730103806228374
1106,12,0.0003395816354251562
1337,12,0.0004410921441489127
1096,12,0.0005157297576070139
1005,12,0.02079002079002079
1363,12,0.013755158184319119
992,12,0.016129032258064516
1208,12,0.0024826216484607746
1353,12,0.01053740779768177
1245,12,0.012836970474967908
1099,12,0.002400384061449832
988,12,0.00018652192565236044
780,12,0.00010422094841063054
1182,12,0.009746588693957114
1258,12,0.010351966873706004
924,12,0.01349527665317139
1247,12,0.01488095238095238
1397,12,0.02304147465437788
712,12,0.00012885103531806879
1590,12,0.002363507445048452
646,12,0.025
1202,12,0.020833333333333332
990,12,0.012062726176115802
841,12,0.015772870662460567
1341,12,0.010090817356205853
1599,12,0.00784313725490196
1076,12,0.00018199355742806703
1054,12,0.002079002079002079
1663,12,0.0030864197530864196
724,12,0.0001083822859991763
1537,12,0.013927576601671309
872,12,0.00017828489926903192
728,12,0.011312217194570135
1140,12,0.0005840439201027917
526,12,0.00013795006207752792
1798,12,0.006329113924050633
752,12,0.00014760365466648953
1126,12,0.00033569438383295846
1328,12,0.0002544011397171059
1384,12,0.0007034822370735139
1803,12,0.00333000333000333
1014,12,0.00014771921531552825
754,12,0.027472527472527472
1591,12,0.018691588785046728
1266,12,0.017241379310344827
936,12,0.01201923076923077
1219,12,0.0005158361704322707
1618,12,0.02577319587628866
1238,12,0.014792899408284023
1041,12,0.00017571295531619547
1296,12,0.010548523206751054
1326,12,0.010090817356205853
725,12,0.0001288908938583489
1309,12,0.00018501045309059962
1227,12,0.016556291390728478
903,12,0.012642225031605562
1466,12,0.011001100110011002
1361,12,0.014641288433382138
1534,12,0.0004892607270414403
1328,12,0.019455252918287938
992,12,0.00012515331280819002
1813,12,0.0015003750937734434
942,12,0.012135922330097087
929,12,0.020080321285140562
1049,12,0.0004874719703617042
761,12,0.004464285714285714
1004,12,0.0005331342965292957
1824,12,0.0029231218941829875
1315,12,0.015822784810126583
1164,12,0.0005147740142077627
920,12,0.010482180293501049
900,12,0.00011108889333244462
1576,12,0.0004928050463236743
1312,12,0.01455604075691412
1477,12,0.0004929265046581555
1381,12,0.0006480041472265422
937,12,0.0001628637970065634
845,12,0.0196078431372549
1653,12,0.0006858710562414266
1153,12,0.0005891710363518529
749,12,0.00008199880281747886
986,12,0.00045425638230217136
1080,12,0.0006400819304871023
917,12,0.002861230329041488
1063,12,0.0006337537233031245
1228,12,0.015723270440251572
780,12,0.00017479767169501303
1595,12,0.008787346221441126
1654,12,0.016260162601626018
1362,12,0.0091324200913242
1678,12,0.002691065662002153
1215,12,0.013793103448275862
1667,12,0.0005364231305653899
1570,12,0.0003427004797806717
1288,12,0.013850415512465374
960,12,0.00012854792266556972
1154,12,0.00009666038374172346
1251,12,0.01564945226917058
954,12,0.010845986984815618
870,12,0.015151515151515152
1548,12,0.02100840336134454
1117,12,0.000135069425684802
1412,12,0.012642225031605562
1270,12,0.027548209366391185
1134,12,0.014727540500736377
1295,12,0.015625
1529,12,0.01277139208173691
1350,12,0.012903225806451613
1601,12,0.015503875968992248
1122,12,0.00041703156928979526
1035,12,0.0039032006245121
1263,12,0.013869625520110958
1285,12,0.017513134851138354
909,12,0.01834862385321101
1508,12,0.009950248756218905
922,12,0.0001201634222542658
1587,12,0.0032948929159802307
1016,12,0.0036153289949385392
1681,12,0.00034982159098859584
1023,12,0.0035236081747709656
1969,12,0.0022461814914645105
768,12,0.0001389622300658681
279,12,0.00014371326329706968
848,12,0.0025329280648429585
1206,12,0.02403846153846154
799,12,0.0026838432635534087
1095,12,0.012165450121654502
658,12,0.011198208286674132
1727,12,0.00039478878799842083
1324,12,0.00012151406525305304
1208,12,0.021321961620469083
1028,12,0.013386880856760375
583,12,0.011001100110011002
1850,12,0.0017479461632581717
1650,12,0.0025303643724696357
1053,12,0.01675041876046901
1269,12,0.014044943820224719
1225,12,0.018484288354898338
797,12,0.003787878787878788
1052,12,0.004317789291882556
945,12,0.00017492303386509937
1319,12,0.0004749240121580547
1293,12,0.01610305958132045
1347,12,0.012376237623762377
696,12,0.00017911517105498835
840,12,0.003633720930232558
1396,12,0.010040160642570281
658,12,0.012755102040816327
1589,12,0.00036604560928291666
538,12,0.02457002457002457
1075,12,0.002039567611666327
1294,12,0.014285714285714285
1864,12,0.0030902348578491965
1657,12,0.0004922713399625873
1254,12,0.000576435323956652
1058,12,0.0005234231876472127
1351,12,0.00025510204081632655
1296,12,0.00014737959087425575
1153,12,0.00048728194133125426
1360,12,0.00016696441988212313
1152,12,0.00016744809109176155
1675,12,0.0007336218912772357
1034,12,0.0006718172657037286
1203,12,0.0017752529735487307
1821,12,0.0004411505205576143
1801,12,0.0023153507756425097
951,12,0.0029904306220095694
1037,12,0.0004971661529283086
1313,12,0.020366598778004074
1128,12,0.00011242776516088413
893,12,0.00018074684596753788
1355,12,0.01
1396,12,0.010351966873706004
1185,12,0.0006463706289186219
1068,12,0.0006903216899074969
708,12,0.00013375063531551775
1099,12,0.00014684287812041116
1595,12,0.018726591760299626
1132,12,0.027247956403269755
965,12,0.0005460303592879764
695,12,0.0002125579220337542
471,12,0.0054525627044711015
1019,12,0.0005708740081064109
805,12,0.012987012987012988
645,12,0.01838235294117647
576,12,0.013568521031207599
695,12,0.009416195856873822
490,12,0.01733102253032929
906,12,0.00015846102651052973
1353,12,0.012376237623762377
1509,12,0.00035971223021582735
1030,12,0.009074410163339383
965,12,0.008169934640522876
432,12,0.00039511636176854084
533,12,0.00013823419637549938
1403,12,0.019801980198019802
944,12,0.00029751279305010117
411,12,0.007541478129713424
1297,12,0.013262599469496022
1345,12,0.00014106560961503196
899,12,0.0064808813998703824
741,12,0.000164111990021991
909,12,0.015151515151515152
1291,12,0.000488162069807176
647,12,0.00019077780109506457
1165,12,0.00017143836790673754
1200,12,0.00043825050398807957
748,12,0.0003021969719863407
1010,12,0.00015811276602472883
953,12,0.00011702065414545668
677,12,0.016181229773462782
1132,12,0.00036089357248547405
735,12,0.011655011655011656
1005,12,0.00008548615979072988
942,12,0.014064697609001406
941,12,0.004206983592763988
844,12,0.006246096189881324
768,12,0.00014922255051183335
711,12,0.00023497896938224028
1041,12,0.0003863987635239567
561,12,0.000412660421738951
532,12,0.002802690582959641
934,12,0.008298755186721992
846,12,0.01272264631043257
611,12,0.0005712653527563553
558,12,0.00017141191998491575
1040,12,0.01430615164520744
1284,12,0.00016045955616886764
956,12,0.007390983000739098
1179,12,0.00013218421191772854
1343,12,0.010976948408342482
748,12,0.0001165623433693511
1488,12,0.00044353765634702386
676,12,0.00011939585696376336
1137,12,0.00041286486932826886
1280,12,0.020964360587002098
1351,12,0.00010966716016888742
1034,12,0.00018150796819980396
1469,12,0.009363295880149813
1541,12,0.0006658676255160474
482,12,0.01564945226917058
871,12,0.01567398119122257
1736,12,0.0003033244358165494
499,12,0.0002167363835367043
847,12,0.022321428571428572
710,12,0.00017546938059308652
601,12,0.0006518055012384304
994,12,0.011933174224343675
1077,12,0.0026695141484249867
1420,12,0.01721170395869191
1070,12,0.002617801047120419
1156,12,0.00015178883137778723
1290,12,0.014684287812041116
1147,12,0.00010172629523005402
748,12,0.0003131949011870087
1251,12,0.021834061135371178
1599,12,0.0018027762754642149
1120,12,0.00027129679869777537
1308,12,0.012300123001230012
1055,12,0.0006222388152572957
371,12,0.004646840148698885
439,12,0.011890606420927468
917,12,0.00009568096140230017
638,12,0.013513513513513514
412,12,0.009891196834817012
535,12,0.00013683447134001998
1152,12,0.00023824272168485253
631,12,0.011363636363636364
1178,12,0.0018716077110237693
729,12,0.0091324200913242
793,12,0.014992503748125937
452,12,0.004508566275924256
428,12,0.0037965072133637054
626,12,0.013422818791946308
1835,12,0.003713330857779428
1327,12,0.000354924578527063
1129,12,0.00013612109332462158
605,12,0.0003179346962133978
410,12,0.005470459518599562
510,12,0.00014456089627755693
1073,12,0.0001875750300120048
1604,12,0.014749262536873156
523,12,0.00016466868660255566
1199,12,0.01834862385321101
1649,12,0.00046017210436703326
766,12,0.0002516546291869039
833,12,0.00012359258938834028
959,12,0.00269323996768112
379,12,0.00043094160741219563
724,12,0.0058927519151443725
1102,12,0.00041211621677313
680,12,0.009174311926605505
783,12,0.00017504244779358995
1357,12,0.00038455622211967387
1126,12,0.0009438414346389807
1280,12,0.00016206667422977812
1108,12,0.0005071765481564133
907,12,0.00040167095115681235
732,12,0.017857142857142856
435,12,0.014164305949008499
601,12,0.010111223458038422
1101,12,0.013315579227696404
1470,12,0.009560229445506692
832,12,0.01466275659824047
711,12,0.012468827930174564
1136,12,0.0004753755466818787
1331,12,0.00047005734699633354
767,12,0.00022596316800361542
1348,12,0.023529411764705882
1110,12,0.00011915826600891304
1509,12,0.01451378809869376
1656,12,0.0029533372711163615
1373,12,0.00010426006630940218
1701,12,0.0003907013088493846
1086,12,0.00014532137822795112
1077,12,0.019646365422396856
993,12,0.0003450060376056581
488,12,0.004164931278633903
1329,12,0.00040858018386108274
465,12,0.0041946308724832215
1497,12,0.010277492291880781
918,12,0.013157894736842105
959,12,0.003972983710766786
942,12,0.0002528956552526428
1017,12,0.0003892868265337901
1402,12,0.015479876160990712
1300,12,0.01697792869269949
1000,12,0.0037174721189591076
1392,12,0.00046500813764240875
953,12,0.0002636018557570645
1017,12,0.0033875338753387536
1747,12,0.0028885037550548816
1015,12,0.00026965807356272247
988,12,0.014749262536873156
1890,12,0.0021872265966754157
603,12,0.00013271928543936718
1066,12,0.0003852228514195462
1123,12,0.0011508804235239958
1346,12,0.01610305958132045
822,12,0.007849293563579277
948,12,0.007722007722007722
1760,12,0.002523977788995457
1058,12,0.0008448086508405846
818,12,0.006443298969072165
1136,12,0.00022654674792143358
1124,12,0.00042854081851296334
1182,12,0.024509803921568627
711,12,0.01607717041800643
707,12,0.00018831327796922962
1167,12,0.0006106870229007634
1102,12,0.00010754075794726202
988,12,0.000505203597049611
627,12,0.020491803278688523
1340,12,0.03333333333333333
771,12,0.00008846034764916627
1304,12,0.014705882352941176
737,12,0.01182033096926714
752,12,0.00021917808219178083
1055,12,0.01680672268907563
1435,12,0.0003633720930232558
1388,12,0.0005680527152919791
814,12,0.0002122826756108434
425,12,0.00441696113074205
800,12,0.00018257503834075806
1073,12,0.0004388659703326604
652,12,0.00022380376885546753
901,12,0.011627906976744186
813,12,0.0001324012286834022
471,12,0.00027350053332604
841,12,0.017064846416382253
1121,12,0.0006045949214026602
816,12,0.009532888465204958
1169,12,0.012004801920768308
1091,12,0.012437810945273632
975,12,0.00012800327688388823
824,12,0.0001720607718646226
412,12,0.0004464285714285714
1077,12,0.00038774718883288094
1058,12,0.0000970751264403522
677,12,0.0005517241379310345
464,12,0.011454753722794959
1467,12,0.00029145172102241265
540,12,0.00016022816490682731
879,12,0.013888888888888888
777,12,0.0006798558705554422
1103,12,0.0003395239873697077
509,12,0.0038550501156515036
1110,12,0.0003687859566307715
428,12,0.003924646781789639
1076,12,0.011655011655011656
725,12,0.017241379310344827
1128,12,0.00018553908380800416
1010,12,0.005549389567147614
881,12,0.00041335978835978834
471,12,0.01451378809869376
1072,12,0.0004300520362963919
638,12,0.000813868316106454
1088,12,0.003079765937788728
431,12,0.00594883997620464
1113,12,0.00015718327569946557
1780,12,0.000768344218209758
454,12,0.0005253480430785396
926,12,0.00018761022100484035
761,12,0.00020245373932056525
1168,12,0.00045762401610836536
993,12,0.00008086623915381567
979,12,0.014947683109118086
522,12,0.0051813471502590676
845,12,0.0004342162396873643
576,12,0.010460251046025104
486,12,0.0007270612185546024
528,12,0.0186219739292365
412,12,0.0006763611768684477
465,12,0.004870920603994155
1159,12,0.00011417740885788338
516,12,0.0006636140420731302
1382,12,0.0005359056806002144
1104,12,0.00026052521884118384
500,12,0.0001301168449267442
1077,12,0.004291845493562232
982,12,0.00013023546572202543
1012,12,0.0009104980424292087
1019,12,0.021929824561403508
550,12,0.00013417955908596885
718,12,0.010683760683760684
697,12,0.00022077491996909152
1088,12,0.016778523489932886
967,12,0.0026702269692923898
1557,12,0.00038090884851255097
956,12,0.02252252252252252
1307,12,0.0004597278411180581
1521,12,0.011061946902654867
472,12,0.026455026455026454
1160,12,0.00011212396425488019
1328,12,0.0007402472425790214
1718,12,0.0003764209892343597
470,12,0.0005780680964217584
593,12,0.011210762331838564
492,12,0.004585052728106373
770,12,0.00020927945085072097
1096,12,0.0004080300310102824
975,12,0.010917030567685589
874,12,0.00038312708325351517
1109,12,0.00010522660549493334
1007,12,0.003287310979618672
1415,12,0.02197802197802198
987,12,0.00045263205540216356
1338,12,0.0002180692151688946
1705,12,0.0004720320981826764
979,12,0.0136986301369863
1500,12,0.020080321285140562
724,12,0.01834862385321101
952,12,0.011210762331838564
718,12,0.00021244954323348204
1040,12,0.008865248226950355
541,12,0.011682242990654205
1130,12,0.00045957994393124686
1208,12,0.00037120902780355617
1102,12,0.0003697951334960432
878,12,0.00038028597505324003
1311,12,0.000384926286616113
732,12,0.0003693853427895981
486,12,0.014450867052023121
1079,12,0.0008207485226526593
671,12,0.021413276231263382
1117,12,0.000744158356898348
741,12,0.0001532191340054546
1651,12,0.0004595377050687009
1366,12,0.0102880658436214
667,12,0.00010757662144862679
1231,12,0.000460045084418273
1012,12,0.000925925925925926
286,12,0.0003086229245108327
1094,12,0.0004866890543631674
1465,12,0.0007037792948131466
1023,12,0.004780114722753346
760,12,0.00019488238847855318
745,12,0.024875621890547265
807,12,0.0022123893805309734
744,12,0.0001373664111651419
1295,12,0.00037023324694557573
1926,12,0.00261437908496732
607,12,0.000435464204842362
1207,12,0.0003991219317501497
1023,12,0.0004718316504671133
277,12,0.0001825517077712262
1007,12,0.00013126460318710456
1094,12,0.020964360587002098
1399,12,0.0003201639239290517
942,12,0.0006641870350690755
1326,12,0.00035785857429144005
1336,12,0.0006040106305870984
1391,12,0.000449842555105713
1291,12,0.0003847929813760197
716,12,0.0004974629390110437
519,12,0.016260162601626018
498,12,0.00017329220531660486
1653,12,0.0006021194605009633
543,12,0.01597444089456869
891,12,0.0034891835310537334
459,12,0.014705882352941176
989,12,0.0056753688989784334
623,12,0.0035511363636363635
465,12,0.00016004353184066066
506,12,0.008960573476702509
995,12,0.00020399420656453356
1360,12,0.0008887308922858159
1045,12,0.0006103888176768602
1124,12,0.00013396565120703052
1608,12,0.016339869281045753
583,12,0.0005365382551775941
1316,12,0.00966183574879227
975,12,0.0022820629849383844
887,12,0.0036075036075036075
1233,12,0.0008755800717975659
1238,12,0.011286681715575621
1019,12,0.0061162079510703364
1229,12,0.020703933747412008
539,12,0.0005571961887780687
663,12,0.014858841010401188
838,12,0.0002142520461070403
915,12,0.005420054200542005
691,12,0.011286681715575621
435,12,0.008561643835616438
1574,12,0.021321961620469083
827,12,0.0005360780529645116
1571,12,0.00039416633819471815
1534,12,0.01287001287001287
644,12,0.00010343293925383478
980,12,0.01557632398753894
829,12,0.015360983102918587
599,12,0.00028601664616880704
441,12,0.00014947459679227516
1257,12,0.012315270935960592
848,12,0.00042378268423952196
496,12,0.011764705882352941
1060,12,0.0001022850479716875
1296,12,0.00999000999000999
1023,12,0.00013988557360079454
1075,12,0.00034281796366129587
684,12,0.0005220024012110455
1419,12,0.0007011147724882563
566,12,0.008992805755395683
1626,12,0.0026609898882384245
379,12,0.01757469244288225
549,12,0.00029307464611236483
1002,12,0.001937608990505716
881,12,0.01858736059479554
1816,12,0.003158559696778269
1389,12,0.01584786053882726
1122,12,0.0005228484785109275
1406,12,0.021367521367521368
1438,12,0.01904761904761905
288,12,0.00015251574725090366
504,12,0.00025401986435339243
1109,12,0.00014488344127149707
994,12,0.01349527665317139
1337,12,0.0004772130756382725
1020,12,0.00011645646275140039
1333,12,0.009813542688910697
1637,12,0.000779423226812159
1262,12,0.015151515151515152
1023,12,0.00022077004592016954
1249,12,0.015625
752,12,0.00019249278152069297
998,12,0.0003305457310018841
1113,12,0.0001612045201747457
1115,12,0.0003700140605343003
679,12,0.0001731571747675365
434,12,0.0007426110203475419
1745,12,0.0022036139268400176
785,12,0.0005667327854916407
591,12,0.0006382435537401072
739,12,0.00027156202476645667
475,12,0.02066115702479339
1477,12,0.0006333122229259025
1353,12,0.01639344262295082
477,12,0.00010336024144952403
1044,12,0.00020226946337911366
1501,12,0.016638935108153077
1080,12,0.0003202972358348547
1476,12,0.0129366106080207
448,12,0.00018067826621135744
1073,12,0.00029008209323238475
1623,12,0.022727272727272728
830,12,0.00035670970963829634
838,12,0.018518518518518517
632,12,0.0211864406779661
1307,12,0.00013336178384722075
979,12,0.00015470775704693834
1008,12,0.00196078431372549
1636,12,0.022123893805309734
282,12,0.00007934555783894438
1008,12,0.0038550501156515036
999,12,0.0001317488340228189
1116,12,0.010660980810234541
429,12,0.00047085412939071476
916,12,0.014705882352941176
405,12,0.008771929824561403
1054,12,0.003332222592469177
1649,12,0.0056433408577878106
1759,12,0.0004752174119659744
1943,12,0.004803073967339097
488,12,0.00048090795421756275
488,12,0.00946969696969697
478,12,0.006493506493506494
807,12,0.015625
891,12,0.00027098067907758175
1377,12,0.008873114463176575
671,12,0.0001709226404129491
637,12,0.00040089801154586275
1404,12,0.000182368603421235
1342,12,0.0176678445229682
1085,12,0.0004877810838495683
430,12,0.001104484205875856
921,12,0.017035775127768313
723,12,0.0006119202056051891
838,12,0.013422818791946308
982,12,0.0031259768677711786
885,12,0.002402691013935608
1517,12,0.0006186587478346944
552,12,0.000136093305570299
497,12,0.00016492941021242907
1061,12,0.0001982199845388412
1300,12,0.000162683629146399
531,12,0.0005134788189987163
1000,12,0.016722408026755852
770,12,0.012578616352201259
634,12,0.0010287007509515481
1234,12,0.0005530055853564121
1195,12,0.0005748117491521527
970,12,0.023094688221709007
1024,12,0.004268032437046522
788,12,0.000589101620029455
1085,12,0.00008856689900716506
768,12,0.01615508885298869
738,12,0.012755102040816327
1214,12,0.00047840022963211023
962,12,0.00015878308642563394
403,12,0.0006024822267743102
953,12,0.003907776475185619
502,12,0.012360939431396786
754,12,0.00017578708668061245
1160,12,0.00013702196462092874
1768,12,0.0003301528607745386
279,12,0.00023690507213759446
708,12,0.000406603236561763
867,12,0.000351493848857645
478,12,0.015015015015015015
928,12,0.00010635695521308616
568,12,0.009066183136899365
1202,12,0.0003701099226470262
1094,12,0.0007933989209774674
1571,12,0.001859773107680863
1133,12,0.0003580251333643622
1300,12,0.0001851234773593987
274,12,0.00021301976823449216
1005,12,0.01730103806228374
1121,12,0.010905125408942203
655,12,0.0007513148009015778
916,12,0.023752969121140142
512,12,0.00012580673569262898
1310,12,0.012224938875305624
492,12,0.0001414347137361394
870,12,0.0004643603436266543
799,12,0.013368983957219251
1396,12,0.0004508972855983407
1349,12,0.01658374792703151
501,12,0.01141552511415525
379,12,0.015060240963855422
597,12,0.0005931549913992527
467,12,0.01358695652173913
830,12,0.0004874719703617042
278,12,0.00011250745361880224
844,12,0.011037527593818985
988,12,0.00010454783063251438
604,12,0.000711997152011392
836,12,0.0004939979252087141
928,12,0.012224938875305624
1138,12,0.0006533385600418136
851,12,0.004452359750667854
527,12,0.016339869281045753
495,12,0.008865248226950355
1318,12,0.015151515151515152
1057,12,0.0001735779625418757
1859,12,0.00230467849734962
834,12,0.011086474501108648
1749,12,0.0021872265966754157
1304,12,0.00011878741803668155
833,12,0.0004616805170821791
667,12,0.00033573946617424877
785,12,0.0005472255663784612
431,12,0.0005178127589063795
666,12,0.0006738544474393531
1006,12,0.013831258644536652
421,12,0.010351966873706004
483,12,0.0001350621285791464
1043,12,0.002485089463220676
1527,12,0.0004391743522178305
415,12,0.004826254826254826
474,12,0.003713330857779428
845,12,0.011947431302270013
1184,12,0.00019705986678753004
682,12,0.0006115085916957133
522,12,0.0013175230566534915
1146,12,0.00018222902543917196
983,12,0.0006315124723713293
1071,12,0.0005580045756375203
503,12,0.0002416276035374281
981,12,0.0001136040897472309
1026,12,0.0003431002538941879
1106,12,0.00012747947580439548
608,12,0.012919896640826873
628,12,0.00028898393249335335
920,12,0.000446468434681668
1288,12,0.00017880131597768558
617,12,0.012642225031605562
648,12,0.012150668286755772
996,12,0.00940733772342427
1119,12,0.00021004873130566292
435,12,0.004625346901017576
723,12,0.00018961659524441578
760,12,0.0006405329233922624
592,12,0.0005827166249053085
786,12,0.0002206287920573635
369,12,0.004543389368468878
598,12,0.001238850346878097
400,12,0.007178750897343862
268,12,0.0001592711751027299
534,12,0.00012515644555694618
474,12,0.014727540500736377
698,12,0.02358490566037736
429,12,0.00045570543200874956
461,12,0.009532888465204958
1352,12,0.0002418847660974312
663,12,0.000606832938891923
455,12,0.0002486016159105034
428,12,0.0004512839027031906
719,12,0.00012431471513283028
281,12,0.00018805829807240243
451,12,0.00037629350893697084
486,12,0.011848341232227487
473,12,0.01122334455667789
520,12,0.00039910600255427844
526,12,0.00625
732,12,0.014044943820224719
796,12,0.011641443538998836
1021,12,0.00398406374501992
407,12,0.006146281499692686
740,12,0.008888888888888889
274,12,0.00011415134184902344
1024,12,0.00008792290919321939
649,12,0.0005111690436027194
402,12,0.00044678759717630236
658,12,0.00578368999421631
774,12,0.00025477057909352625
480,12,0.013054830287206266
302,12,0.0002956131015726617
943,12,0.00999000999000999
1028,12,0.0001365970932138564
855,12,0.0001244849435460781
963,12,0.013831258644536652
581,12,0.0005356186395286556
840,12,0.005589714924538848
1264,12,0.015772870662460567
440,12,0.012738853503184714
584,12,0.011086474501108648
1663,12,0.0004332567913002036
731,12,0.00039767756303189377
1276,12,0.00018995517057974318
1050,12,0.0020584602717167557
915,12,0.0007028394714647174
563,12,0.0006595435958316845
463,12,0.00011239870067102024
832,12,0.017035775127768313
503,12,0.0001514142087093453
955,12,0.0006245316012990258
806,12,0.010526315789473684
1015,12,0.00019344604789724146
1324,12,0.0005534646889528448
942,12,0.003526093088857546
863,12,0.00037069988137603796
446,12,0.005035246727089627
553,12,0.003935458480913027
465,12,0.010351966873706004
1006,12,0.0019091256204658267
1318,12,0.0001532684496896314
689,12,0.00018827073331450627
503,12,0.00016850619260257814
781,12,0.00017249111670748955
1301,12,0.03184713375796178
1768,12,0.002294630564479119
576,12,0.00015188566047479458
1338,12,0.0006454111268878275
510,12,0.0006589785831960461
750,12,0.010683760683760684
568,12,0.016025641025641024
1006,12,0.01141552511415525
561,12,0.01092896174863388
1173,12,0.00011404719272835099
1078,12,0.00018254504298935762
986,12,0.0004685816034862471
501,12,0.00015996672692080048
1054,12,0.00048074611797509735
1009,12,0.01366120218579235
870,12,0.0001915451950887812
1008,12,0.000515331100231899
451,12,0.005549389567147614
1116,12,0.0008075587498990552
524,12,0.013020833333333334
528,12,0.00011744532919925775
1154,12,0.00041633706648902953
991,12,0.001694915254237288
662,12,0.0005714612263557917
984,12,0.00026987639661035247
705,12,0.00014002072306701393
617,12,0.00009296185774976526
946,12,0.0034258307639602604
477,12,0.015220700152207
698,12,0.015384615384615385
956,12,0.020202020202020204
1036,12,0.00011921082434285033
463,12,0.00045639176669252886
282,12,0.00014920919128618324
467,12,0.005417118093174431
1445,12,0.00045491765990355747
1322,12,0.00013212308586679352
705,12,0.0003487479946990305
427,12,0.000596836765144733
483,12,0.01277139208173691
896,12,0.00326477309826967
652,12,0.00018897518755787366
979,12,0.011494252873563218
469,12,0.00017805950748740228
1077,12,0.00041267745130406077
755,12,0.0010829542993285683
833,12,0.006901311249137336
962,12,0.004670714619336758
724,12,0.0001734454947532738
741,12,0.00011665208515602216
645,12,0.011641443538998836
681,12,0.00020959966464053657
474,12,0.007739938080495356
764,12,0.0012639029322548028
520,12,0.007621951219512195
581,12,0.005571030640668524
539,12,0.00011438244915700135
646,12,0.010718113612004287
833,12,0.02304147465437788
1430,12,0.0002542006660057449
1246,12,0.00017781887369525403
695,12,0.00021807397069085834
724,12,0.00009894034886367009
475,12,0.021321961620469083
683,12,0.00010750145126959214
1278,12,0.000382687229727144
969,12,0.00011505096757863733
635,12,0.0005766680122253619
735,12,0.00020359549646761815
1000,12,0.009066183136899365
880,12,0.006557377049180328
949,12,0.0001755957084408857
1152,12,0.016556291390728478
412,12,0.0004700131603684903
807,12,0.011990407673860911
654,12,0.010775862068965518
1111,12,0.0004297378599054577
1061,12,0.01876172607879925
284,12,0.00018849786054928277
1250,12,0.018083182640144666
1013,12,0.002242655303879794
900,12,0.00007774357060671082
527,12,0.00010677828556784692
958,12,0.013071895424836602
979,12,0.014792899408284023
1044,12,0.00021762312028029857
713,12,0.024096385542168676
482,12,0.00033365586733842713
880,12,0.00014290409706046273
502,12,0.0078064012490242
1649,12,0.0007134703196347032
978,12,0.013605442176870748
780,12,0.0002333177788147457
809,12,0.00012074086595349062
1275,12,0.01179245283018868
1097,12,0.0005663476241717166
426,12,0.0006505334374186833
1123,12,0.0007543753771876886
838,12,0.0001257829991698322
1605,12,0.0008976660682226212
571,12,0.000494510928691524
1194,12,0.0005165289256198347
649,12,0.020833333333333332
786,12,0.0001476625025840938
976,12,0.0006770022341073726
1275,12,0.024390243902439025
1193,12,0.01529051987767584
1082,12,0.00011602677898058872
914,12,0.00015237863042086977
599,12,0.00012014032389831323
1309,12,0.0004874482086278333
640,12,0.01443001443001443
761,12,0.00016065547433528798
1023,12,0.01968503937007874
378,12,0.01589825119236884
696,12,0.00013469827586206896
1128,12,0.00016522371290727644
899,12,0.0004922713399625873
769,12,0.012515644555694618
1150,12,0.00081913499344692
1397,12,0.02564102564102564
481,12,0.00011371906841339156
1039,12,0.0001475056789686403
1366,12,0.0008177283506419167
287,12,0.00011645375039303141
741,12,0.00016145177435500016
920,12,0.0002515659983396644
417,12,0.0008761938140716726
478,12,0.009652509652509652
612,12,0.01488095238095238
1146,12,0.00018165304268846503
920,12,0.0001208430007733952
1055,12,0.00014871878764444312
1203,12,0.0004021070408942861
1079,12,0.00022783714201089062
1324,12,0.00864304235090752
542,12,0.058823529411764705
972,12,0.000673536741429245
1174,12,0.010515247108307046
607,12,0.00020713797460488432
1068,12,0.008628127696289905
1070,12,0.00015473887814313345
931,12,0.011299435028248588
945,12,0.00010995656715597339
844,12,0.016778523489932886
583,12,0.017889087656529516
1108,12,0.00035598590295824286
839,12,0.009970089730807577
741,12,0.013210039630118891
485,12,0.00018190086402910413
1643,12,0.0004020262121090295
706,12,0.00011308891050143624
408,12,0.00027427317608337906
1479,12,0.00039780412125069614
994,12,0.00009266809993327897
1117,12,0.00011993283761093787
1326,12,0.0006629541235746487
462,12,0.013262599469496022
1730,12,0.0005782352260899734
638,12,0.00030023718737802864
440,12,0.00007871846341559412
574,12,0.008802816901408451
1404,12,0.0003403328455229214
631,12,0.014265335235378032
704,12,0.0001413547438652041
827,12,0.00019802764465919441
698,12,0.0007026913077085237
762,12,0.012626262626262626
709,12,0.0002738525577828897
584,12,0.0009637625289128759
847,12,0.00022188200315072443
1407,12,0.00015929908403026683
1039,12,0.002559508574353724
1045,12,0.00014613260072189504
673,12,0.022123893805309734
455,12,0.00016979946682967417
807,12,0.00011701517686843983
742,12,0.01287001287001287
706,12,0.000476009139375476
1138,12,0.00014917135313334426
515,12,0.00016148566814695197
427,12,0.0006226650062266501
645,12,0.01201923076923077
1065,12,0.00019626700162901612
1348,12,0.00018259170668468238
486,12,0.0002660635891978183
894,12,0.000513294322964788
1041,12,0.000858074480864939
1052,12,0.0004221368567689645
694,12,0.0001722504521574369
917,12,0.00017823088028231772
775,12,0.0007861635220125787
1136,12,0.00014116517737404536
669,12,0.006230529595015576
700,12,0.0005774005427565101
972,12,0.03115264797507788
544,12,0.02544529262086514
1320,12,0.01610305958132045
1019,12,0.01287001287001287
1321,12,0.01488095238095238
1014,12,0.015822784810126583
623,12,0.0004240702260294305
1019,12,0.006369426751592357
824,12,0.00020270818130219736
1127,12,0.00015045739046701975
441,12,0.0005609154139555755
946,12,0.00017957190058899583
1149,12,0.011862396204033215
751,12,0.00011540015002019502
1226,12,0.0001952438595806162
697,12,0.00009834292176820574
1285,12,0.011160714285714286
893,12,0.00015439008198113354
922,12,0.00937207122774133
429,12,0.005691519635742743
488,12,0.0031918289179699967
1211,12,0.0005247966413014956
1204,12,0.010822510822510822
1312,12,0.013869625520110958
1715,12,0.0005964807634953773
732,12,0.00021481354184567795
717,12,0.0001110494169905608
1357,12,0.011467889908256881
1347,12,0.01488095238095238
622,12,0.010341261633919338
770,12,0.0001395751332942523
955,12,0.0035310734463276836
1127,12,0.00011598909702487966
1060,12,0.00018388437350593946
812,12,0.021505376344086023
901,12,0.00012446789972865997
1620,12,0.015015015015015015
916,12,0.012531328320802004
1005,12,0.0007996161842315689
1638,12,0.0006001680470531749
1492,12,0.013262599469496022
802,12,0.00015762677133084282
1773,12,0.00038771712158808936
1110,12,0.000203190084323885
645,12,0.012484394506866416
669,12,0.02824858757062147
694,12,0.012285012285012284
1030,12,0.0003090999010880316
1136,12,0.00010477787091366304
851,12,0.022727272727272728
1235,12,0.0006218518748834028
1181,12,0.00010191290523118943
1010,12,0.00241721053903795
1097,12,0.00010788417554913045
1145,12,0.00038093786903356064
678,12,0.0001588739017841539
892,12,0.007776049766718507
1123,12,0.0012048192771084338
1118,12,0.0000699129583668333
1575,12,0.010706638115631691
1089,12,0.0011978917105893627
851,12,0.000141270872771452
1021,12,0.009066183136899365
1292,12,0.016233766233766232
735,12,0.00013242051458611968
1098,12,0.016260162601626018
824,12,0.00015774861181221605
1168,12,0.023980815347721823
506,12,0.0001678049435336365
1029,12,0.0006679580522343197
1052,12,0.00019380971761924143
676,12,0.0003709473996587284
1288,12,0.0006816167950378297
1106,12,0.01730103806228374
1091,12,0.020964360587002098
1259,12,0.018832391713747645
987,12,0.00018893591293833132
918,12,0.00008663184066671864
912,12,0.00015483711135885048
1234,12,0.0002462568951930654
1359,12,0.015455950540958269
636,12,0.010775862068965518
535,12,0.011235955056179775
810,12,0.00012670898746848115
1383,12,0.010193679918450561
580,12,0.010438413361169102
1658,12,0.0005857887645714955
614,12,0.01455604075691412
1033,12,0.014184397163120567
826,12,0.00010918699364531697
636,12,0.03289473684210526
630,12,0.00024017677010279565
1392,12,0.00030547409579667644
1701,12,0.0027654867256637168
1676,12,0.0010624734381640458
1798,12,0.003006614552014432
1066,12,0.0014367816091954023
1108,12,0.00017319916171605729
1603,12,0.0013238019592268996
1633,12,0.0015382248884786955
612,12,0.00014341852393655164
1794,12,0.0035486160397444995
377,12,0.0005434782608695652
1472,12,0.000418848167539267
839,12,0.0031426775612822125
1655,12,0.0018587360594795538
704,12,0.00013651131678816175
902,12,0.005192107995846314
988,12,0.0006371455877668047
504,12,0.00015002175315420737
494,12,0.00012128268568379178
1744,12,0.00041153956952961026
1160,12,0.00008057173704607898
1310,12,0.00018046958185197884
1208,12,0.0008368200836820083
1581,12,0.0005685048322910744
1052,12,0.00039174207701649235
806,12,0.00019350968515974225
1584,12,0.0205761316872428
1007,12,0.0027233115468409588
1351,12,0.023809523809523808
712,12,0.00010950263901360022
1604,12,0.015337423312883436
566,12,0.00018595656054745611
1321,12,0.00037733001282922043
1073,12,0.00009956291878652715
1119,12,0.00031347962382445143
1139,12,0.0004494584026248371
1067,12,0.014705882352941176
1311,12,0.02564102564102564
699,12,0.00014917802905988007
1116,12,0.000681384573453257
1533,12,0.011750881316098707
945,12,0.020161290322580645
865,12,0.00025453064548971695
628,12,0.0006999860002799944
591,12,0.01652892561983471
776,12,0.012224938875305624
975,12,0.018796992481203006
759,12,0.00017519578128558663
1023,12,0.003213367609254499
1044,12,0.012135922330097087
610,12,0.00016661112962345885
464,12,0.00011189938007743438
1340,12,0.012515644555694618
809,12,0.00010847398793769254
1231,12,0.03225806451612903
1386,12,0.00011543078769969526
871,12,0.0001978865714172636
995,12,0.019083969465648856
1036,12,0.017006802721088437
993,12,0.00027647985844231245
1281,12,0.01658374792703151
916,12,0.011990407673860911
1212,12,0.016260162601626018
1380,12,0.02004008016032064
536,12,0.00047456340167046317
548,12,0.00016489133660917455
734,12,0.015337423312883436
1769,12,0.0007903264048051845
713,12,0.00015446162400951485
779,12,0.0001839587932303164
690,12,0.00046133973057759734
645,12,0.015698587127158554
496,12,0.00011016491688057022
712,12,0.00047198753952895644
1209,12,0.0004777602599015814
439,12,0.0002174149364061311
885,12,0.0002445466105839773
722,12,0.00010046212577858148
1031,12,0.0001328179994952916
1512,12,0.011001100110011002
529,12,0.0002975039419272305
1008,12,0.010384215991692628
1027,12,0.008795074758135445
1035,12,0.00038731166970060806
1211,12,0.0025220680958385876
747,12,0.00012323921964926119
814,12,0.0001640850616959832
1411,12,0.000537952552584862
1005,12,0.000541741156075627
814,12,0.00014342263782915495
1169,12,0.02032520325203252
594,12,0.00017100448031738433
785,12,0.00011743567460923279
1395,12,0.0006880891763572559
910,12,0.00009699038825252417
782,12,0.00020215497200153638
1067,12,0.0007341604874825637
658,12,0.00010098256031183415
1140,12,0.00047256745900477296
750,12,0.0000931584438813534
1159,12,0.0001876841650869916
1277,12,0.0009626492106276473
710,12,0.00011565507031828275
1084,12,0.0006227037798119435
634,12,0.00015667105345616345
1373,12,0.0007018036353428311
1309,12,0.0001707067258449983
1301,12,0.00016718214494691966
1154,12,0.0005015296654797131
925,12,0.0002621231979030144
837,12,0.00014597048476797992
1401,12,0.01001001001001001
612,12,0.015698587127158554
1385,12,0.0007629510948348211
561,12,0.00009490637486119943
1153,12,0.00012363384600168142
738,12,0.00011002189435697704
1164,12,0.00017298643786327152
551,12,0.0002881927433067235
1048,12,0.0004961548002976929
1120,12,0.00023046253831439698
290,12,0.00015216068167985393
1154,12,0.0005183764449743403
601,12,0.00008328683151906851
1017,12,0.00013340448239060833
697,12,0.0001341957647816635
1215,12,0.00014713671943970336
1122,12,0.00011688797456517674
1024,12,0.0004441878026029405
737,12,0.00025824445420034604
1355,12,0.0129366106080207
958,12,0.0001309569020835243
889,12,0.00011050822733752528
1001,12,0.00012431626056688214
1112,12,0.00034298257648511456
766,12,0.010438413361169102
708,12,0.00012986675670761797
1122,12,0.00018815029445521083
1295,12,0.00022411976960487684
962,12,0.00011112716281240624
1494,12,0.0009474182851729038
1120,12,0.002948982601002654
1051,12,0.00019046893451678032
408,12,0.006816632583503749
680,12,0.01968503937007874
722,12,0.000156958766931927
1614,12,0.0007044237813468582
955,12,0.00015198723307242192
1057,12,0.00015615728161404166
778,12,0.00010924663520363573
859,12,0.0001177870175149295
1031,12,0.015723270440251572
448,12,0.0004197271773347324
483,12,0.020491803278688523
966,12,0.02197802197802198
651,12,0.013679890560875513
738,12,0.0234192037470726
460,12,0.0044365572315882874
666,12,0.00016350288582593482
643,12,0.000468099049758929
778,12,0.0006770480704129993
1050,12,0.0032797638570022957
1048,12,0.0010567473317129874
635,12,0.0008145312372729494
704,12,0.00042905564851761273
670,12,0.00021871309216569705
1046,12,0.0001756759130755582
1157,12,0.00011969310687397513
911,12,0.00016240093542938807
627,12,0.0006981290142418319
896,12,0.0001374287088572803
532,12,0.0006327912421692084
475,12,0.004943153732081068
442,12,0.00423908435777872
762,12,0.00016858005023685497
413,12,0.0007609770945894528
811,12,0.013908205841446454
911,12,0.0005246314464088977
993,12,0.0004091653027823241
1079,12,0.00018585978737640325
873,12,0.0005611672278338945
1036,12,0.012300123001230012
642,12,0.012738853503184714
492,12,0.0008565310492505353
1105,12,0.0001755279001597304
1057,12,0.0091324200913242
1105,12,0.00015439723320158103
978,12,0.00011443742561567335
1105,12,0.00014222727919214906
813,12,0.0002710320901994796
732,12,0.021367521367521368
719,12,0.00010897400969868686
1104,12,0.0006323110970597534
677,12,0.004904364884747425
1144,12,0.0003293373732051113
1091,12,0.0027495188342040143
731,12,0.0004596855750666544
622,12,0.014104372355430184
762,12,0.007627765064836003
771,12,0.008673026886383347
832,12,0.01466275659824047
498,12,0.0002695272492048946
1157,12,0.0002474451290426348
869,12,0.00015801033387583547
364,12,0.00047281323877068556
1091,12,0.00041696201476045533
485,12,0.00016415239908731266
438,12,0.00010261040879986865
635,12,0.0007627765064836003
488,12,0.00010146824551256684
1286,12,0.0002709366279227289
432,12,0.000647332988089073
717,12,0.008291873963515755
1221,12,0.00041221814584278
890,12,0.00017317516668109793
687,12,0.000587406015037594
570,12,0.00477326968973747
1478,12,0.0005532197388802832
474,12,0.0001774685880599134
1078,12,0.011587485515643106
932,12,0.000124480294769338
709,12,0.00016531931425548446
1287,12,0.00831255195344971
363,12,0.00047714476572192005
920,12,0.0053792361484669175
1581,12,0.00044974139869574995
1128,12,0.0004813941173638858
532,12,0.0003939799858167205
1212,12,0.0002896619644874432
559,12,0.005485463521667581
738,12,0.00009751435898936119
871,12,0.0099601593625498
1768,12,0.0006182380216383308
1065,12,0.00023363394233914304
1092,12,0.0005485463521667581
466,12,0.00011208626158691729
481,12,0.009950248756218905
786,12,0.00032443305323946405
1318,12,0.0007156147130385
1619,12,0.0003913741145160659
721,12,0.00011468152939287598
731,12,0.00045167118337850043
862,12,0.010626992561105207
738,12,0.00022922110667950306
732,12,0.00014767776711216126
379,12,0.00048253232966608765
713,12,0.0027502750275027505
486,12,0.008084074373484237
1107,12,0.00031592582061731905
556,12,0.00014645148062446912
525,12,0.00014574497544197164
1150,12,0.0004772130756382725
1188,12,0.0008106355382619975
1001,12,0.0001773426970277364
698,12,0.00017969451931716083
740,12,0.0006788866259334691
1073,12,0.01006036217303823
784,12,0.00037115391752959954
719,12,0.012269938650306749
710,12,0.017953321364452424
842,12,0.000148975791433892
1002,12,0.0001203036464035225
1647,12,0.0003263601057406743
501,12,0.00012190513342516853
1385,12,0.0007753140021708792
931,12,0.0001311699043771397
1140,12,0.02976190476190476
868,12,0.015432098765432098
1949,12,0.00040566305626546593
1039,12,0.0001719483467166463
1040,12,0.00010806021114965259
1092,12,0.00011825083366837736
451,12,0.00016697835960459523
1097,12,0.0001759417280996534
1101,12,0.00038642862663266093
774,12,0.00008698223822695406
1024,12,0.00269323996768112
710,12,0.00022002200220022002
457,12,0.00022115086912291565
279,12,0.000111579746044498
986,12,0.0001668669069550127
564,12,0.00013454604165545449
975,12,0.0005596910505401019
796,12,0.00847457627118644
1605,12,0.0003480682213713888
270,12,0.00017017221428085221
616,12,0.00040615734535559073
968,12,0.014367816091954023
657,12,0.012376237623762377
1071,12,0.0001439615334782546
1110,12,0.0001912813940587999
653,12,0.0005397236614853195
737,12,0.00014591723574388607
1367,12,0.01773049645390071
717,12,0.00045234541095580584
1053,12,0.00014033315090023716
463,12,0.00012417269939031205
834,12,0.00012091313600309538
718,12,0.00010767971744842142
1072,12,0.00046511627906976747
1034,12,0.00039018299582504193
1086,12,0.0002819522372910029
817,12,0.00014067467574487241
627,12,0.0009257544899092761
758,12,0.012077294685990338
545,12,0.00012082693957444751
791,12,0.00026977446854429697
1252,12,0.00035501278046009654
1016,12,0.00025174332250837045
1196,12,0.0001487099412595732
1055,12,0.00030820440115884856
1346,12,0.017035775127768313
923,12,0.0001295185794402207
1608,12,0.0005223023085762039
1052,12,0.010672358591248666
1038,12,0.0199203187250996
1263,12,0.0211864406779661
1012,12,0.008123476848090982
1351,12,0.013850415512465374
638,12,0.017064846416382253
978,12,0.0234192037470726
1356,12,0.016863406408094434
1020,12,0.0009151642719868216
1807,12,0.0005770007501009751
1109,12,0.0003715262297518205
1078,12,0.0002725538293813028
1043,12,0.010626992561105207
1061,12,0.0028885037550548816
846,12,0.01152073732718894
300,12,0.00012013022115973716
458,12,0.00010793774151069663
1129,12,0.0004713201677899797
1123,12,0.0004347259053166978
1578,12,0.0004538234626730202
606,12,0.00015336952854206926
552,12,0.00013352204448954523
759,12,0.0001258399818790426
1395,12,0.000386010962711341
880,12,0.0003309504898067249
739,12,0.00010873229022822908
1647,12,0.00032410708498087766
855,12,0.00011027060406236905
1043,12,0.00011498878859311217
502,12,0.0002986768615035393
997,12,0.0129366106080207
825,12,0.00015762677133084282
604,12,0.00021550330797577742
1189,12,0.017543859649122806
987,12,0.0025451768897938407
1072,12,0.0002482991508169042
1313,12,0.0003846597684348194
903,12,0.0021413276231263384
1161,12,0.0003383407768304236
1336,12,0.0005689253001080958
975,12,0.005271481286241434
729,12,0.00015222322012999862
984,12,0.0006062443164595332
838,12,0.00019113149847094801
1356,12,0.02053388090349076
1106,12,0.0005015799769273211
1011,12,0.0005056378621631188
857,12,0.0002191636714298238
1159,12,0.00011760416789171008
923,12,0.00018117254873541562
1395,12,0.00014653947040635395
508,12,0.00016045698148326433
1040,12,0.0009113278046113187
1370,12,0.0007227522405319456
767,12,0.00020888164765843674
1335,12,0.0004935346954890929
1109,12,0.014903129657228018
1710,12,0.001015744032503809
1607,12,0.0024137098720733766
826,12,0.00019074868860276584
681,12,0.00016285584001042276
291,12,0.0001970482176988709
1488,12,0.014025245441795231
852,12,0.0001674508950250339
1091,12,0.0004572473708276177
1228,12,0.02237136465324385
1002,12,0.00012750548273575762
1438,12,0.0005726392945083891
686,12,0.00016607433487228883
632,12,0.022172949002217297
281,12,0.00027314195187238806
1375,12,0.0002818092151613358
1652,12,0.0004583791712504584
1069,12,0.00015732175445220566
651,12,0.015128593040847202
1167,12,0.000154435384235236
610,12,0.024213075060532687
1055,12,0.0004005126561999359
1075,12,0.016420361247947456
618,12,0.01335113484646195
490,12,0.00031304783370899073
1392,12,0.0006331117442228553
1118,12,0.00013451165543494343
985,12,0.002553626149131767
278,12,0.00013964530093562352
1178,12,0.00019157455123661372
915,12,0.012285012285012284
786,12,0.00014709992497903825
799,12,0.0001893473197886884
839,12,0.028169014084507043
725,12,0.011037527593818985
1770,12,0.0005828185103158877
1202,12,0.0002161134163208852
868,12,0.00012411721629907284
620,12,0.00029098527614502704
699,12,0.016863406408094434
1211,12,0.0129366106080207
857,12,0.00012306934957848748
1287,12,0.01001001001001001
1075,12,0.00036560397777127816
791,12,0.012048192771084338
1325,12,0.000871763577717723
1514,12,0.018484288354898338
1175,12,0.001826817683595177
1029,12,0.00017035484915078108
622,12,0.00014982844642883898
1050,12,0.01430615164520744
747,12,0.000143539983062282
1297,12,0.00048400367842795606
662,12,0.0002587857771336887
1683,12,0.0005786367318597385
462,12,0.00011137841931747304
834,12,0.00047382136934375743
540,12,0.0005237247302817639
875,12,0.00011052654847694417
549,12,0.015873015873015872
1209,12,0.0005196154845414394
1355,12,0.00052684263210579
585,12,0.00015000375009375234
680,12,0.0004481491440351349
938,12,0.016835016835016835
1595,12,0.010101010101010102
956,12,0.014705882352941176
684,12,0.00021371174559753803
1113,12,0.024096385542168676
1390,12,0.0004568922191255083
981,12,0.012674271229404309
1387,12,0.00017175638074954483
1752,12,0.0007334604664808567
1566,12,0.014970059880239521
1561,12,0.0006137228427642077
1074,12,0.0027210884353741495
1440,12,0.014044943820224719
912,12,0.013679890560875513
828,12,0.00025455656246818045
507,12,0.0001771322292091046
1335,12,0.0010210332856851133
766,12,0.00007360626536530789
743,12,0.00013863856924996534
1105,12,0.0006142128861863522
848,12,0.00023767647478252602
507,12,0.00010428616122640526
1146,12,0.018518518518518517
661,12,0.016260162601626018
725,12,0.00014557947911662372
1611,12,0.0005383869925702595
748,12,0.00010753844499408539
822,12,0.00019561432679329434
445,12,0.00010086237329164355
671,12,0.00014231431539698578
747,12,0.00013865010260107592
626,12,0.00016700066800267202
966,12,0.011337868480725623
1480,12,0.00024656048128605945
904,12,0.0002140777530399041
1259,12,0.017361111111111112
288,12,0.00019330768784674566
1069,12,0.0176678445229682
863,12,0.0015873015873015873
1151,12,0.00010105909936130649
981,12,0.0003785011355034065
1299,12,0.00012205392342336844
831,12,0.015748031496062992
602,12,0.0001729924229318756
1071,12,0.0028169014084507044
763,12,0.0028457598178713715
925,12,0.00013037129745515228
1154,12,0.0010113268608414239
1154,12,0.0005928033671231252
751,12,0.01631321370309951
709,12,0.0001425740315658906
756,12,0.013315579227696404
696,12,0.00019696671262556627
948,12,0.02358490566037736
999,12,0.0002698254229513505
721,12,0.010090817356205853
1329,12,0.0004833252779120348
826,12,0.011834319526627219
474,12,0.0002652449537147556
1325,12,0.0003017774692941425
792,12,0.00016547250674300466
1305,12,0.00022973718066531887
413,12,0.0004384234293480644
737,12,0.00020653902554887746
653,12,0.01730103806228374
1785,12,0.0033068783068783067
695,12,0.00035263417730446435
1072,12,0.0008476012883539584
595,12,0.012135922330097087
