5,0.00038860607002681383,164
5,0.0004070832485243232,380
5,0.00037524860219895683,213
5,0.00034245402554707033,193
10,0.05025125628140704,252
5,0.0003966994604887337,345
5,0.00024780076818238137,95
5,0.000361310835711963,307
5,0.0002633242047609016,241
10,0.03460207612456748,266
5,0.00046214992143451335,88
10,0.0392156862745098,168
5,0.0006313928526329082,263
5,0.0004231550440081246,190
5,0.00036433854337450356,139
5,0.0004755564009891573,167
5,0.0003946485654524646,250
5,0.0003336113427856547,248
5,0.0004446618346747299,171
5,0.0005255965520866183,163
5,0.00040244687701223436,226
5,0.00046466242274987224,238
5,0.00017027073046143367,257
5,0.0004023821020441011,271
5,0.00035282080231450444,231
5,0.00035108661306744373,239
5,0.00045049103522839894,274
5,0.0002924147610971402,301
5,0.00026822595354326483,143
5,0.0004980823828261194,223
5,0.0004111334950458414,204
5,0.0004993508439029262,298
5,0.0003694535781579045,414
10,0.08,157
5,0.00023212627669452182,291
5,0.0005769008884273682,227
5,0.00023749020352910444,220
5,0.00043846187573990444,216
5,0.0002845840803665443,160
5,0.0003665554781716213,164
5,0.0002967799376762131,145
5,0.00022151828633453692,305
10,0.08928571428571429,272
5,0.00029946395951247265,211
5,0.000454194486078939,252
10,0.043859649122807015,252
5,0.0003526590492312033,221
5,0.0002535304109727962,162
5,0.00016852891113470516,266
5,0.00048588503959963073,134
5,0.00025621316935690495,261
5,0.0004138045187453447,266
5,0.00018910741301059002,169
5,0.0002444688913335778,217
5,0.000490364340705144,301
5,0.00027177605652941976,250
5,0.00032293483175095265,147
5,0.00028971231567053915,327
10,0.02518891687657431,254
5,0.0004001280409731114,297
5,0.0003465363689919257,208
5,0.0003753049352598987,275
5,0.0005042864346949068,266
5,0.000738061849582995,287
5,0.0003207595586348473,170
5,0.0003487358326068004,235
10,0.05917159763313609,157
5,0.0003370407819346141,187
5,0.000288425485275879,111
5,0.00047505938242280285,298
5,0.0002859103385178408,111
5,0.0005539859287574095,232
5,0.00030653220120773687,199
5,0.0003340348064268297,143
5,0.00029760133325397296,361
5,0.00022998022170093372,365
5,0.0005096580194689363,301
5,0.0002695127210004312,208
10,0.04950495049504951,260
5,0.00038740169681943207,230
5,0.0003958514765260074,371
5,0.00033567184720217517,272
10,0.05,161
5,0.00024397979847268645,169
5,0.0002346866932644919,280
5,0.00024960686918103984,242
5,0.00023881737635230338,297
10,0.04065040650406504,267
5,0.000388621172081455,199
5,0.00033921302578018993,261
5,0.00046952765517889006,193
5,0.00022524551761419947,192
5,0.0002895026344739737,128
5,0.000273134491423577,280
5,0.0004143360265175057,274
5,0.0003945240067858129,221
5,0.00045793836149654257,241
5,0.0004912556494399686,316
5,0.00019480266490045584,240
5,0.0002960156296252442,230
5,0.00027211624806117174,339
5,0.0003064946210194011,176
10,0.0411522633744856,284
5,0.0003450179409329285,142
5,0.0003454947484798231,156
5,0.00033898305084745765,199
5,0.0004900999803960007,252
5,0.0002139815547899771,244
5,0.000331092937787637,319
5,0.0003089184764140743,295
5,0.00034348916291691,162
5,0.00023631164780112013,229
5,0.00029030104218074145,318
5,0.0008537522410996329,345
5,0.0005446326452807582,239
10,0.06756756756756757,169
5,0.0004722327162825841,232
10,0.08264462809917356,267
5,0.00030009302883894005,209
5,0.00022653135193910837,304
5,0.00025266562231542777,182
5,0.00048484848484848484,193
5,0.00048185804462005493,193
5,0.00023648488861561747,228
5,0.00020564706850103852,193
5,0.0002665529374133703,330
5,0.0006401638819537802,233
10,0.033112582781456956,272
15,0.7692307692307693,416
10,0.0411522633744856,248
5,0.0002695708432175976,118
5,0.00036424564726451517,232
5,0.0004868786211597449,102
5,0.00038334738940427816,171
5,0.0003613369467028004,193
5,0.0002887169419101513,217
5,0.00037342693901938086,168
5,0.00022095541119802024,144
5,0.0002948026296394564,283
5,0.000215526531316005,253
15,0.7142857142857143,424
5,0.0002542717656631408,274
10,0.03508771929824561,259
5,0.00019184284234355215,252
5,0.000338443835245541,208
5,0.0002961734391659756,221
5,0.0003671206725650721,257
5,0.0003080999476230089,236
5,0.00041974479516453995,222
5,0.0003092911047878263,247
5,0.00016995819028518984,211
5,0.0002677591238921466,172
5,0.0002800179211469534,329
5,0.0003164757263117919,177
5,0.00032068755411602477,261
5,0.000505203597049611,103
5,0.00024088839640594513,92
5,0.00031217806636905693,282
5,0.00031644568209866775,164
5,0.000338089120292109,269
5,0.00029604191953580626,178
5,0.0003506926179203928,224
5,0.0004720543806646526,91
5,0.0002784972289525719,305
5,0.0005074596569572719,150
5,0.0003311806590495115,265
5,0.0004720320981826764,175
5,0.0004711869198511049,230
10,0.04310344827586207,269
5,0.0002896703551358554,372
5,0.0004014452027298274,294
5,0.000309281538984938,281
5,0.00039430621820906115,252
5,0.0003029752166272799,277
5,0.000508440105755542,108
5,0.0002143852502947797,240
5,0.0003357732858773756,339
5,0.00029079911597068743,279
5,0.0006004563468235859,114
5,0.0002546278613805923,351
5,0.00048097734596700494,112
5,0.0002471760140395976,245
5,0.0002904781269970371,224
5,0.0003012229652388698,233
5,0.00039218762255863204,192
5,0.00037926195623317027,261
5,0.0004655493482309125,377
5,0.00040546567733041396,156
5,0.00025082144021670974,249
5,0.00020836371970912426,272
5,0.0002894188469553137,187
5,0.00037101621340852593,310
5,0.00031216832115876883,303
5,0.00023629489603024575,268
5,0.00034507746989199077,240
5,0.00045566390230565937,227
5,0.00033776937107343107,183
10,0.027700831024930747,267
15,0.6666666666666666,399
5,0.00024020561600730225,182
5,0.0002665529374133703,251
5,0.0003645643456069996,382
5,0.0003007790176557283,323
5,0.000375206363499925,228
5,0.0003022061045633122,165
5,0.00023232581372116255,234
5,0.00020357062882967245,91
5,0.00023074438137431354,190
5,0.0003385354954466976,356
5,0.0003443407596157157,246
10,0.0970873786407767,265
5,0.0007132158904500392,238
5,0.00041175986164868647,255
5,0.000532708288940976,211
5,0.00022465347201941005,122
5,0.0004547935237402219,240
5,0.0007221780891167762,339
5,0.00031520882584712374,309
5,0.0003609065973726,177
5,0.00032517152798101,253
5,0.00036885397071299473,267
5,0.00036172906493036716,355
5,0.0004182875308487054,336
5,0.0004483098717833767,217
15,0.45454545454545453,415
5,0.00021306969509726631,259
5,0.0002289901534234028,156
10,0.0392156862745098,273
5,0.00030900438786230763,278
5,0.0003626341746446185,147
5,0.0004967463116586359,219
5,0.0005054334091483447,270
10,0.03508771929824561,276
5,0.0004644034737379836,351
5,0.00047442831388177245,171
5,0.00044019896993441034,254
5,0.00024489396091492384,172
5,0.00037808612801996293,289
5,0.0003659250585480094,244
5,0.00042953481379665823,267
5,0.0002696726174424249,204
5,0.0005198045534878886,220
5,0.00040836327997386475,166
5,0.00039514758762397757,235
5,0.0003972983710766786,279
5,0.0003039698461912578,140
5,0.0003800114003420103,175
10,0.038910505836575876,281
5,0.000555895269331258,294
5,0.0003010144185906505,247
5,0.00027462719358470875,246
5,0.00039466414081616545,241
5,0.0003917113870500215,217
5,0.0005646208570944611,172
5,0.0009157509157509158,204
5,0.000351407386583266,90
5,0.00034771723634340556,309
10,0.08064516129032258,166
5,0.00039556962025316455,228
5,0.00032003072294940315,176
5,0.0005503880235566074,253
5,0.0002675442116809803,258
5,0.000399090074629844,261
10,0.034722222222222224,273
5,0.00031489120508864185,120
5,0.00019937396574755268,238
5,0.0003501645773513551,103
5,0.0004866653688923496,264
5,0.0002459056705847637,299
5,0.00043740705100166216,208
10,0.044444444444444446,292
5,0.00043213344280713885,205
5,0.0002961646675551607,368
5,0.0003676335428844528,214
5,0.00032169856844137045,251
5,0.0002304359848833994,257
5,0.00020496843486103141,116
10,0.0684931506849315,251
5,0.00021609940572663426,281
5,0.00029356505401596995,154
5,0.000660676532769556,201
5,0.0003713468751160459,413
5,0.0002823183986900426,302
5,0.0003860258637328701,202
10,0.03333333333333333,255
5,0.00024657264029983233,275
5,0.00031698735220464703,164
5,0.00044790826838663443,262
10,0.05235602094240838,307
5,0.00029107844564110026,327
5,0.00031201248049921997,303
5,0.00033063316250619935,165
5,0.0006468723720809885,182
5,0.000495221116228396,235
5,0.0005447809980387884,227
5,0.00046059601123854267,201
5,0.00032123353678124,261
5,0.00030832793759442544,135
5,0.00027485364043646756,156
5,0.00024392028685025734,225
5,0.0003913128546272745,384
5,0.00014823379434043374,247
5,0.00045469012867730644,321
5,0.00027286618642217856,372
10,0.06944444444444445,265
5,0.00027467245309967866,155
5,0.0003399048266485384,281
5,0.0005378657487091222,370
5,0.000498231278959693,302
5,0.00043101590448687557,191
5,0.0003152286984207042,309
10,0.052083333333333336,290
5,0.00047771461329002056,238
10,0.07407407407407407,146
5,0.0002775387860453498,110
5,0.00045300113250283127,348
5,0.0003491863956980236,95
10,0.03194888178913738,300
5,0.0006209637357178341,262
5,0.0003726337755254136,275
10,0.07042253521126761,274
5,0.000808996035919424,295
5,0.0005141388174807198,279
5,0.0005244663554832957,243
5,0.0004930966469428008,290
5,0.0004092657771957109,283
5,0.0002840424927569164,255
5,0.0003677552221241542,147
5,0.0003671206725650721,293
5,0.0005504789166574921,216
5,0.0002783266998803195,254
5,0.0007722604062089737,238
5,0.0003550505947097461,217
5,0.0006513385006187716,407
5,0.0003942440370589395,251
5,0.00021450941696340468,203
5,0.0003914047516536851,177
5,0.0003027275754548482,153
5,0.00028325402220711536,374
5,0.00023637867864318638,109
5,0.0003803872342044201,248
5,0.0003472825143254037,195
5,0.0003232897969740075,242
5,0.0006731740154830024,325
5,0.0003299241174529858,294
5,0.00039799410968717664,313
10,0.04672897196261682,264
5,0.00020385697394707873,272
5,0.0003206464231891493,212
5,0.00029994001199760045,197
5,0.0004125752949913359,216
5,0.00028153945775500434,227
5,0.0004922955742627874,229
5,0.0003803582975162603,287
10,0.0684931506849315,164
10,0.11764705882352941,180
5,0.0003176216490916021,190
5,0.00037572797294758596,193
5,0.00024506800637176816,249
5,0.00030840400925212025,234
5,0.0002700075602116859,131
5,0.0002452603438550021,216
5,0.0002478560452089426,269
5,0.001015950421619425,233
5,0.00035369433735365894,127
5,0.0003294024639304302,158
5,0.0003323584153150758,228
5,0.00035021363031449183,319
5,0.0002865165320038966,265
5,0.0002205363443895554,108
5,0.0004030145488252126,323
5,0.0003290339563042906,106
5,0.0005014542172299669,226
5,0.00018950879320800486,293
5,0.00045160998961297024,310
5,0.0006245316012990258,216
5,0.00024029796948215788,173
5,0.00022819067612897336,235
5,0.00038015586390420075,244
5,0.0002523086239087652,269
5,0.0005461794745753454,277
5,0.00039280383376541755,170
10,0.062111801242236024,154
5,0.0006409434687860531,239
5,0.0004711869198511049,216
5,0.0002658019244059327,89
5,0.0003031313468125739,368
5,0.0002680318421828513,250
10,0.06329113924050633,259
10,0.053763440860215055,290
5,0.00029895366218236175,195
10,0.053763440860215055,272
5,0.0003169471649076099,304
5,0.0002978406552494416,356
5,0.000364963503649635,186
5,0.0005214579965583772,236
5,0.0002630125456984298,179
5,0.00041696201476045533,129
10,0.04807692307692308,278
5,0.00031794480478188986,285
5,0.00030711587481956944,164
5,0.0004525296406914653,168
5,0.0003148713750432948,212
5,0.0003447562573260705,214
5,0.0001882282078792328,365
5,0.0004784917938657352,241
5,0.0004058276855647092,324
5,0.00022125851845296044,276
5,0.00020247423515357672,242
5,0.0008488243782361429,243
5,0.0003202356934703942,262
5,0.00045103964638491725,321
10,0.043668122270742356,295
5,0.00017805316667556933,200
5,0.0005385029617662897,231
5,0.0003078249091916518,154
5,0.0002067910169982216,192
5,0.00028070963395463735,198
5,0.00039854928061854847,155
5,0.0005706459712394431,268
5,0.0004992760497278945,207
10,0.05102040816326531,152
5,0.0002893016258751374,227
5,0.0002704018171002109,230
10,0.057803468208092484,255
5,0.00045304217822679293,288
5,0.00042870616479464977,274
5,0.00026156099602427286,354
5,0.0005164755707055056,191
5,0.0003202562049639712,272
5,0.00026860059092130003,155
5,0.00027132624267419146,217
5,0.0003082139004469102,244
5,0.00031984647369262754,249
5,0.000491183260474483,150
5,0.00032862306933946765,415
5,0.0004693954187007135,244
5,0.00021781272461937227,182
5,0.00030780595912336864,88
5,0.0003223622707198349,329
5,0.00018124478921231014,156
5,0.00024293071615975125,193
5,0.0005664117813650524,197
5,0.0002925430769680835,253
5,0.0009097525473071324,232
5,0.0003212954633080581,314
5,0.000370919881305638,270
5,0.00044478050082284395,143
5,0.0003553281455424084,200
5,0.0002285557561767193,108
5,0.00037348272642390287,235
5,0.00019516764901050002,247
5,0.0004798004030323385,241
5,0.00024322023592362885,202
5,0.00019868470723808388,168
10,0.08403361344537816,256
5,0.00025811780496618657,178
5,0.00029675351652917086,225
5,0.00031424800452517124,292
5,0.00035466023549439636,94
5,0.000455684666210982,265
5,0.00038069133546520483,239
5,0.0004186202277294039,343
5,0.00022966858822718816,250
5,0.0003405994550408719,221
5,0.00017097524278484474,285
5,0.0004787208578677773,106
5,0.0003751500600240096,273
5,0.00023300246982618016,377
5,0.0006954102920723226,88
5,0.0001912631015224543,217
5,0.00027558838119384884,252
5,0.00028266154107072194,356
5,0.0003729812390436761,194
5,0.00027182776992497554,261
5,0.00024704777904046644,164
5,0.0002854044180603916,231
5,0.00032105820785308375,236
5,0.0003966994604887337,88
10,0.04739336492890995,273
5,0.00046251329725729615,237
5,0.00023621675249208674,310
5,0.0005649079200090385,93
5,0.0004020585397233837,225
5,0.0003832886163280951,231
10,0.05,187
5,0.0004386542088871343,276
5,0.0002494512073438435,381
5,0.00047904191616766467,92
5,0.0003876570010854396,245
5,0.0004129501156260324,369
5,0.0006793939805693321,138
5,0.00033364473508608035,238
5,0.0003853713052526109,275
5,0.00035484901174550227,112
5,0.0003951319740793425,227
5,0.00026154731390908617,176
5,0.00033575073865162506,176
5,0.00032536196518626975,250
5,0.00024211316369270999,431
5,0.0004178331174528893,154
10,0.06535947712418301,270
5,0.00044768769306531765,194
5,0.0006337938902268982,171
5,0.000175051640233869,108
5,0.00020335122824141857,283
5,0.000488710780959828,208
5,0.0004195686833934715,247
5,0.0003277936211361327,89
5,0.00020926631230904448,89
5,0.00022415493589168835,339
5,0.00022105309695388833,303
5,0.0003555681979803726,185
5,0.0004940467368213033,234
5,0.0003088993914681988,141
5,0.0004992760497278945,115
10,0.05952380952380952,272
5,0.00027895559027002904,200
5,0.0002897207092362962,393
5,0.00027764666685176445,170
5,0.00039883540063015996,354
5,0.0004677924872526547,128
10,0.05813953488372093,261
5,0.00024356975837879969,233
5,0.0004628558204119417,245
5,0.000547855147099107,302
5,0.0003440327519179826,341
5,0.0004526115687516973,282
5,0.0006347594261774788,225
5,0.00039478878799842083,290
5,0.0003323584153150758,226
5,0.0003654302941713868,272
5,0.00031755104633069764,304
5,0.0002843655803901496,253
5,0.00035055738624412814,304
5,0.000420539131166155,135
5,0.00038995476524723133,304
5,0.00037989590852106523,312
5,0.0003186540054808489,223
5,0.0004337077677061196,320
5,0.0003745178083217857,303
5,0.00034317089910775565,185
5,0.00036149369193507575,230
5,0.0003111484489249821,126
5,0.00035331943610217997,218
5,0.0002373380168035316,206
10,0.05555555555555555,260
5,0.00025827113303546065,328
5,0.00029814257177782414,194
5,0.0003479471120389701,151
5,0.0004295163645734902,260
5,0.00030244374546334384,234
5,0.00038044512079132587,189
5,0.0003178740582981023,186
5,0.00039041149371437495,266
5,0.0004366430879399179,195
5,0.00027081189405838704,176
5,0.00048386316349736296,94
5,0.00034457806416043554,323
5,0.0002804026582171999,109
5,0.0004623422257154746,217
5,0.0003123926150385805,214
5,0.0003131360576170346,94
5,0.00029666548000474666,216
5,0.0005830223880597014,163
5,0.0002612807984741201,272
5,0.0003074274471224791,159
5,0.00033049110978914666,151
5,0.0002248353081367898,218
5,0.0004299965600275198,275
5,0.00022953679474819813,164
5,0.00037017842600133266,306
5,0.000290883704694863,165
10,0.06451612903225806,159
5,0.0005226025607525476,221
5,0.000290596303615018,269
5,0.0006351626016260162,334
5,0.00028464078333143575,365
5,0.00033786066626123384,331
5,0.00037967955045941227,313
5,0.0003754740359704126,370
5,0.0003472825143254037,136
5,0.00044232130219391363,262
10,0.04504504504504504,260
5,0.00029129041654529564,197
5,0.00032639206214504866,235
5,0.00029995800587917694,270
5,0.0004588629376405268,319
5,0.0004245923913043478,240
5,0.00022574892204889723,369
5,0.0004921017666453423,275
5,0.0007450454477723141,227
5,0.000294611554665174,198
5,0.00024933303413369237,174
5,0.0004511820970943873,102
5,0.00036121947695419735,232
5,0.0002478560452089426,107
5,0.0006589785831960461,241
5,0.00030003900507065916,279
5,0.0002676731175888006,293
5,0.00037027437331062316,237
5,0.00026014568158168577,162
5,0.000380778310867413,236
10,0.0425531914893617,279
5,0.0002746573649372408,217
5,0.0003564554074285307,247
5,0.00025212414592945564,253
5,0.0002674583433630212,250
5,0.0007076640011322624,168
10,0.03278688524590164,283
5,0.0002958317309114576,216
5,0.00037397157816005983,301
5,0.000329066438513936,116
5,0.00026018629338606444,152
5,0.0004027224034473038,353
5,0.00017652873887868945,303
5,0.0004260939963355916,208
5,0.0002981514609421586,247
5,0.0003597639948193985,275
5,0.00035047138401149544,300
5,0.00025166729583490623,349
5,0.0005923117929277972,359
5,0.0007915149596327371,170
5,0.000396463545177021,264
5,0.0004584842510659759,269
5,0.00046672267338747315,232
5,0.0002109259649862898,261
5,0.00031721862707778203,89
5,0.0002460751021211674,179
5,0.0002918941008202224,248
10,0.04830917874396135,255
5,0.000732922896511287,306
5,0.00034924737191352636,227
5,0.00045306270387821673,293
5,0.0004726344645051517,301
5,0.0005333617792948957,427
5,0.0002745367192862045,275
5,0.0004900279315921007,326
5,0.00027587728978150516,211
5,0.00043299415457891317,174
5,0.0003934993900759454,138
5,0.0002660140455416046,287
5,0.00018969212967353985,267
5,0.00038975718127606503,229
5,0.0002877532228360958,222
5,0.00040456347600938586,348
5,0.0006988120195667365,286
5,0.0004502679094060966,242
5,0.000214532426576277,271
5,0.0004572473708276177,317
5,0.00037377588397996563,163
5,0.00032092426187419767,230
5,0.0004749014579474759,112
10,0.06756756756756757,156
5,0.0003904724716907458,333
5,0.000335874785879824,232
5,0.000341495065396305,308
5,0.0005676657584014533,245
5,0.0005051270394504217,105
5,0.00026651031394914985,247
5,0.0005557408024897188,105
5,0.0006808742425274052,250
5,0.000251281535832747,339
5,0.00019594396002743216,250
5,0.0004883766360617308,247
5,0.0004431838326537848,304
5,0.0004333694474539545,163
5,0.0004466878098896681,302
5,0.00021340617597473272,260
5,0.0002389600458803288,266
5,0.00031265632816408203,162
5,0.00028963679545849504,252
5,0.000563856780377784,258
10,0.0353356890459364,265
5,0.0003595311713525563,91
5,0.0005371146202599635,243
5,0.0005804504295333178,256
5,0.0005485764441274892,237
5,0.000528680941052075,223
5,0.0005122163601905445,134
5,0.00044974139869574995,317
5,0.0003822045558783061,296
5,0.00041272854843369517,136
5,0.0003412619868272873,310
5,0.0002423831107448433,153
5,0.0004130012803039689,230
5,0.00033572819445377023,284
5,0.00032938076416337287,159
5,0.00038887808671981335,216
5,0.00045840018336007336,273
5,0.00035409510994653166,246
5,0.00021613209993948302,158
5,0.00042055681722600723,247
5,0.0005305602716468591,295
5,0.0004115903852486006,216
5,0.0002483793249049949,159
5,0.0007713668620796051,232
5,0.00045829514207149406,331
5,0.0003969199015638644,149
5,0.00046781437125748503,108
5,0.00044072278536800354,91
5,0.0005411548243952595,244
5,0.0005538631957906397,293
15,0.5555555555555556,417
5,0.00024215420379697792,178
5,0.0005191568892119198,341
10,0.06993006993006994,265
15,0.3333333333333333,409
5,0.00019781611014401011,321
5,0.00018291567587342235,368
5,0.00024792363951902817,289
5,0.0002729630135116692,201
5,0.0005520591807441757,197
5,0.0003405530581664623,273
5,0.00033928207912058085,252
5,0.0002848597065945022,162
5,0.0002816980760021409,103
5,0.00045951658854884663,299
5,0.00041656252603515786,219
5,0.000504693650953871,219
5,0.00023165844279194754,93
5,0.0005737893045673629,261
5,0.0004851307427351671,93
10,0.05747126436781609,270
5,0.00032572228917624835,230
10,0.041666666666666664,259
5,0.00025532349486799777,233
5,0.0003668244011591651,323
10,0.07194244604316546,170
5,0.0002148089274590252,88
5,0.00030977974660016726,159
5,0.0002876208007363092,216
10,0.04608294930875576,164
10,0.046511627906976744,155
5,0.0006309148264984228,236
5,0.0003859215807347947,263
5,0.0003248651809499058,392
10,0.04484304932735426,265
5,0.00034014762406884587,169
5,0.0005177859472893906,316
5,0.0003260302556077204,295
5,0.0002977342424152202,176
5,0.0003200819409768901,171
10,0.046511627906976744,152
5,0.0002376425855513308,240
5,0.00026739397828760895,241
5,0.00029018310553959546,224
5,0.00041437036423155015,133
5,0.0001828956031896993,397
5,0.00040579474901594775,172
5,0.0004255500234052513,142
5,0.00030790073280374407,261
5,0.0005884083553986466,241
5,0.00026191037426992486,268
15,0.5555555555555556,413
5,0.00023872615722504714,212
5,0.0002629226481569122,257
5,0.000385445575084798,281
5,0.0004739111890431733,305
5,0.000256647161482394,267
5,0.00040500587258515247,309
5,0.00031109037175299425,243
5,0.0009175153683824204,228
5,0.0005983724269985639,249
5,0.0003782720532607051,132
10,0.037037037037037035,274
5,0.0002963577630916042,373
5,0.00019664523233634202,234
5,0.0002821272393849626,215
10,0.041666666666666664,261
5,0.0003832592365476008,129
5,0.000491690431704199,114
5,0.0002457545894669583,317
5,0.0005037529595486374,134
5,0.00029063008602650547,334
5,0.00023403856955626288,210
5,0.00020620682544592226,241
5,0.00036473720684247,156
5,0.0002697963037906381,283
5,0.00059070234508831,227
5,0.0002570297640466766,91
5,0.00029829375969454716,155
5,0.0005150656708730364,155
5,0.00027558838119384884,307
5,0.0002707092582566324,234
5,0.0003648702886123983,128
5,0.0002409058058299205,232
5,0.00037218996575852316,240
5,0.00025048217819302154,219
5,0.0003317519822180937,245
5,0.0003216364864430221,166
10,0.035842293906810034,248
5,0.00031099362463069506,131
5,0.00034321801208127403,290
5,0.0004643387815750371,165
5,0.00037061744866948335,337
5,0.0006135345726731702,133
5,0.000531660375352225,92
5,0.00033070970302268666,327
5,0.0005836348780203105,156
5,0.0003983428935627788,291
5,0.0002986501015410345,204
5,0.0005780680964217584,275
5,0.0008018603159329645,88
5,0.00022359859580081836,235
5,0.0005409791723018664,252
5,0.0003452323413657391,209
5,0.00021853624423610657,274
5,0.00030517578125,220
5,0.00030383131285510284,324
5,0.0005387640752114649,191
5,0.0002573671342169605,232
5,0.00039329819869425,181
5,0.0004224221687154142,255
5,0.000386458494357706,92
5,0.0004306261303935923,233
5,0.00028973749782696876,221
5,0.00033384522935167257,303
5,0.00022378874342620565,105
5,0.0004182875308487054,275
5,0.0004329566610382301,220
5,0.00025753946792345925,361
5,0.0005016806301108714,287
5,0.0003709886848451122,313
10,0.06060606060606061,274
5,0.0002616978959489166,360
5,0.00028271748042181446,167
5,0.00029001479075432845,280
5,0.0005210775884529206,223
5,0.00022120957395036056,255
5,0.0007757350089209526,228
5,0.00028663150653519836,295
5,0.0003496992586375717,185
5,0.0003238132245320899,250
5,0.00030013806350921425,165
5,0.0005408621342419817,303
5,0.0004714979489839219,158
5,0.0003372340066772333,288
5,0.00033032735440821854,237
5,0.00017599436818021823,316
5,0.0005155170636148056,167
5,0.00040648754115686354,212
5,0.00039359231707797066,176
5,0.0003154474622251664,365
5,0.00039183417577681127,251
5,0.0003917267314321529,159
5,0.00023972766936759842,206
10,0.04184100418410042,252
5,0.000624180762748892,282
5,0.00035531552018192155,207
5,0.00024904739371902474,196
5,0.0003763643206624012,221
5,0.0003949915076825848,367
5,0.00031720856463124506,106
10,0.030120481927710843,248
10,0.03205128205128205,298
5,0.0003652167561447719,193
5,0.00036213514883754616,318
5,0.00034569779099111555,109
5,0.0002914262400186513,236
10,0.0546448087431694,159
5,0.0004967956679417755,134
5,0.0004616378912381128,314
5,0.00022764523766162812,348
5,0.0005566069241901369,201
10,0.03787878787878788,154
5,0.00037855844942459116,88
5,0.0002364681122750597,88
5,0.0004543802253725918,196
5,0.00029781404491035796,276
5,0.00028020623178659493,357
5,0.0006631739505272233,160
5,0.0005788376939106274,297
5,0.00032797638570022957,155
5,0.0004993009786299181,244
5,0.0004426345609065156,381
5,0.00046313449425713227,208
5,0.00037443366907552325,324
5,0.00024398575123212805,288
10,0.03875968992248062,286
5,0.00044652824291136416,258
5,0.00031008713448479023,331
5,0.0004440103010389841,270
5,0.0003971090461440712,320
5,0.0004593055300385817,157
5,0.00026722248944471166,146
5,0.00035488679111363473,259
5,0.00036025650262987244,232
5,0.00033003300330033004,297
5,0.0005107513151846366,325
5,0.0003665823527255398,165
5,0.00031808639226413895,238
5,0.0004277891854893908,223
10,0.08333333333333333,266
5,0.0006752194463200541,229
5,0.000268535674964419,248
5,0.0005456132693147098,269
5,0.000522220481487284,232
5,0.0006939143709666227,307
5,0.0005993048064245475,91
5,0.0003541954450465767,227
5,0.0003179953572677839,202
10,0.06451612903225806,291
5,0.0004941932295527551,250
5,0.0005188875051888751,300
5,0.0005726065048098947,237
5,0.00035603660056253786,309
10,0.028328611898016998,282
5,0.00043544524276072284,306
5,0.0005212405525149857,152
10,0.04329004329004329,277
5,0.0004744508231721782,188
5,0.0004810467577448528,216
5,0.0005070222582771384,240
5,0.00032004096524355116,93
5,0.00026563247091324446,282
5,0.0005413305905916743,210
5,0.00028327809410498285,148
5,0.0003830390316773279,316
5,0.00026813964712822435,247
5,0.00036485697606538237,107
5,0.00035053280987100394,351
5,0.00036681094563861783,258
5,0.0004032258064516129,153
5,0.0005084659582040983,261
5,0.000302416306287235,211
5,0.0002727173557325188,222
5,0.00027790901258927826,331
5,0.0005619240278714318,191
5,0.0005554012774229381,349
5,0.0002647043252686749,154
5,0.0009341429238673517,253
10,0.14925373134328357,283
5,0.000619463544570402,285
5,0.0004306632213608958,255
5,0.0002322071287588529,203
5,0.0002743634767339772,359
5,0.000395882818685669,226
5,0.000473798919738463,196
5,0.00030567952558537627,222
5,0.0008569714628502871,236
5,0.0005308700960874874,195
5,0.0005733944954128441,168
5,0.00034556638330223235,220
5,0.00035311981355273846,250
10,0.03115264797507788,286
5,0.0002671368274830368,231
5,0.00045236587351850176,191
5,0.00029889111396718174,193
5,0.0007069635913750442,182
5,0.0004243401510650938,165
5,0.00036255528968167646,160
5,0.00030866102845854683,194
5,0.00046667911144297183,156
10,0.04048582995951417,277
5,0.00048520135856380397,262
5,0.0003437489257846069,262
5,0.0002821590812900313,96
5,0.0006957489737702637,255
5,0.0004923925353291644,386
5,0.0002926715055022243,164
5,0.00034531579129113576,228
5,0.0005481554568875733,212
5,0.0002812069401872838,293
5,0.0005243838489774515,314
5,0.0002872407652093985,292
5,0.00019646751409654415,253
5,0.00022401433691756272,156
5,0.00024867580135776987,304
5,0.0004957858205255329,321
10,0.04716981132075472,278
5,0.0004374835943652113,190
5,0.0003902439024390244,157
5,0.0002888587192004391,352
5,0.0005197505197505198,249
5,0.0004350474201687984,254
5,0.0002770543580650524,243
5,0.00032199896960329727,243
5,0.00032601962638150817,296
5,0.0002771388188343541,167
5,0.00048649963512527365,261
5,0.00022440644495309904,317
5,0.00022886437497139195,191
5,0.00024264188484216147,290
5,0.0003041547539388041,231
5,0.0003847929813760197,163
5,0.0005051015254066068,281
5,0.0002626050420168067,220
5,0.00039298907490371767,337
5,0.00031795491399319576,213
5,0.00022972662531587412,290
5,0.0003683105594637398,294
5,0.00032577534532186604,237
5,0.00037465812446142895,260
5,0.00035108661306744373,302
5,0.0007326007326007326,280
5,0.0003569134128060533,177
5,0.00019132897103279377,258
5,0.00038200015280006114,152
5,0.0003610238636773891,304
5,0.0005914709883480216,158
5,0.00029129041654529564,356
5,0.00044662795891022776,215
10,0.03717472118959108,289
5,0.00026537165300002653,302
5,0.00037169194171870356,271
5,0.0007571742257893541,215
5,0.0004839099927413501,221
5,0.0003178740582981023,214
5,0.0001951219512195122,272
5,0.00047214353163361664,209
5,0.0003209654641160611,119
10,0.062111801242236024,158
5,0.00026737967914438503,193
5,0.0003518896474065733,243
5,0.00048049202383240437,228
5,0.0003404371212637026,202
5,0.0005905628063544557,191
5,0.00017610594533671456,301
5,0.0006715014773032501,242
5,0.00038771712158808936,323
5,0.0002932809338064932,155
5,0.0002745744096650192,196
5,0.0003230808994572241,188
5,0.00038414259373079285,88
10,0.04219409282700422,263
5,0.00033796343235661903,226
5,0.0003738457512430371,391
5,0.00030013806350921425,238
10,0.02967359050445104,161
5,0.00027007318983444516,207
5,0.0005031952900920847,204
5,0.00019513337366089723,236
5,0.0006103888176768602,307
5,0.000508931752252023,241
5,0.00043576782290395677,208
5,0.0005016554630279924,253
5,0.0003718854592785422,201
5,0.00035623953546364576,161
10,0.02710027100271003,281
5,0.0002981959147159684,138
5,0.0003886966999650173,171
5,0.00029740661432310254,229
5,0.0002130606157451795,244
5,0.00027321657878200047,258
5,0.0003508771929824561,227
5,0.00032498131357446946,268
5,0.0002718203810921743,249
5,0.0001840163406510498,256
5,0.00023434570678665167,269
5,0.00021698563555092653,277
5,0.0005575379125780553,191
5,0.000769704433497537,228
5,0.0005428292259255238,170
5,0.00035587188612099647,331
10,0.057803468208092484,275
5,0.0003978832610512076,194
5,0.00025744001647616104,137
5,0.0004289084280506112,214
5,0.00026588673225206064,284
5,0.0003131360576170346,130
10,0.07194244604316546,165
5,0.00026297104688773764,135
5,0.000282845424975251,327
5,0.00035590988361746805,155
5,0.00031143916036002365,220
5,0.0005209961446285298,306
5,0.00034250094187759017,260
5,0.00018353338472268106,322
5,0.0003840098306516647,226
5,0.0002821829674360856,239
5,0.00036183377356442453,215
5,0.00021742911810749695,88
5,0.0004491152429713464,258
5,0.0006010699044298852,189
5,0.0005066626133657597,143
5,0.00028277344191833504,306
5,0.0003309395373465268,333
5,0.0003479350057409276,248
5,0.00031953986259785906,263
5,0.0003499930001399972,155
10,0.04975124378109453,304
5,0.0002947591817485115,125
5,0.0004749465685110425,203
5,0.0003853564547206166,295
5,0.0006764526821348846,262
5,0.0004315367021965218,209
5,0.0005791058605513088,206
5,0.000550994545154003,200
5,0.0006025911419102139,112
5,0.00024652401143871415,293
5,0.0004236211132762857,240
5,0.0005651313930488839,182
5,0.00032386566052401467,132
10,0.03496503496503497,275
5,0.0007478312892611427,167
15,0.5555555555555556,407
5,0.00032198860160350323,163
10,0.05555555555555555,153
5,0.00042936882782310007,203
5,0.00035518931590537754,310
5,0.00045257060101375814,260
5,0.0007481110196753198,260
5,0.00029995800587917694,351
5,0.00044962007103997124,156
5,0.0003693444136657433,235
5,0.00027641107855602855,89
5,0.00025621316935690495,315
5,0.00022361359570661896,272
5,0.0004203623523477237,292
10,0.05847953216374269,274
5,0.00023195398033030247,378
5,0.0002324176079579789,178
5,0.0002872572676088705,135
5,0.000249613099695472,137
5,0.00027645692801061595,248
5,0.00024113817217265494,145
5,0.00024942631946522995,243
5,0.0004997251511668582,285
5,0.0005438329345225147,269
5,0.0003301855642871294,211
5,0.00029015784586815225,157
5,0.00028189660032700004,265
5,0.0003399048266485384,160
5,0.0003393741939862893,308
5,0.0004047927461139896,338
5,0.0002413069182693468,146
5,0.0008322237017310253,243
5,0.0003458412588621823,313
5,0.00037138824927579294,266
5,0.0003927884048862878,242
5,0.0004290740581824423,216
5,0.0005600044800358403,245
5,0.00021727322107550245,275
5,0.0002876208007363092,328
5,0.00037391564463057136,280
5,0.00033404596472474615,143
5,0.0004510599909788002,291
5,0.0002510229183924492,193
5,0.0002156985397208861,192
5,0.0005735589331803843,296
5,0.00030660738923808065,265
5,0.0003335112059765208,317
5,0.0005967655308229397,249
5,0.00026858616244091106,238
5,0.00028188865398167724,394
5,0.00026555487691531455,102
5,0.00024290121207704826,255
5,0.0002996973057212216,242
5,0.00020137336635856542,172
5,0.00026972353337828726,176
5,0.00026784518548279097,255
5,0.000484613520717228,307
5,0.0004900039200313603,231
5,0.0004034535624949568,304
5,0.00032322709936001033,106
5,0.00022528611336397223,330
5,0.0003305457310018841,91
5,0.00030511060259344014,369
5,0.0005435077993369205,231
5,0.0003564045904911255,216
5,0.001152073732718894,266
5,0.00026032175769250796,94
5,0.00034823791614430977,266
5,0.00032386566052401467,180
5,0.0005593779716954746,269
5,0.0003913894324853229,235
5,0.00025176233635448137,214
5,0.0005618293162537221,131
5,0.0003066920198736429,291
5,0.0003409943394939644,316
5,0.00034169343265222444,165
5,0.000351271603203597,262
5,0.0005457323728443571,277
5,0.0002382597507803007,258
15,0.5882352941176471,417
5,0.0003970775095298602,225
5,0.00023529411764705883,345
5,0.0003944150824327522,287
5,0.0004201504138481576,223
5,0.0002928343436118188,157
5,0.0003925108921772579,346
5,0.00034985830738550885,108
5,0.00031138097462245055,319
5,0.0003077207126811706,277
5,0.00029796489973481124,243
10,0.04291845493562232,275
5,0.0004231013327691982,389
5,0.0002718056046315675,239
5,0.0007197869430648528,229
5,0.0005454347114650376,231
5,0.00021626765284716364,220
5,0.0002483546504408295,195
5,0.0005051780752715333,90
5,0.0003018139015483053,352
5,0.00048000768012288196,91
5,0.0002793452148164702,236
5,0.0003984857541342897,399
5,0.00047487890587900086,265
5,0.0002262904211264737,231
5,0.00045802225988183023,293
5,0.00033773514809686244,170
5,0.0008696408383337682,198
5,0.0003232062055591467,256
5,0.0004049074786411305,162
5,0.00036897645930189656,284
5,0.00015158864904195974,250
5,0.0003131360576170346,150
5,0.00023207240659085636,221
5,0.0005094243504839531,194
5,0.00028992230082337936,271
5,0.0004071163945772096,320
5,0.000261048894457932,305
5,0.0007862253321802028,294
5,0.00031826861871419476,299
5,0.00027839643652561246,342
5,0.00035345680757811396,109
5,0.0002449299500342902,189
5,0.00101615689462453,110
5,0.0003538320005661312,204
10,0.03333333333333333,298
5,0.00038082181347347575,245
5,0.00037267543696194985,166
5,0.0003229244033971647,140
5,0.00028946073465134454,196
5,0.0002901746851604666,378
5,0.0002859103385178408,226
5,0.0003071253071253071,96
5,0.0005435373410153277,161
5,0.0005567928730512249,208
5,0.0003405182688051214,95
5,0.0004462094507161662,288
5,0.00042186972662841717,165
5,0.0003763643206624012,115
5,0.0003069838833461243,236
5,0.0008213552361396304,170
5,0.0006729475100942127,229
5,0.00031291069528756495,305
5,0.0003479229002852968,224
5,0.0005445436724025267,236
5,0.00034996850283474485,240
5,0.00019381723035177828,192
5,0.0003540825720558034,305
5,0.0002548679783871954,161
5,0.0002971591584452633,193
5,0.0003677822728944465,91
5,0.0003393511605809692,132
5,0.0005896226415094339,314
5,0.0002624878599364779,333
5,0.000280245495053667,91
5,0.0002921755390638696,95
5,0.0003623582273435518,230
5,0.0006539794650447975,353
5,0.0002658089896600303,234
5,0.00026237766641303494,260
10,0.06451612903225806,152
5,0.0003884702043353275,234
5,0.00027405519471621585,294
5,0.000655780706931602,102
5,0.00033685912551371016,209
5,0.000304228780042592,394
5,0.0006516780710329097,151
5,0.0005262327000999842,210
5,0.0007364854912358227,334
5,0.00035746201966041106,231
5,0.00030057108506161706,312
5,0.0004008337341670675,279
5,0.0002254842273782949,360
5,0.00029401387745501585,92
5,0.00017722954771019425,107
5,0.000605766900896535,321
5,0.0002736876676336964,154
5,0.0002546408291105396,192
5,0.0002833744226246139,280
5,0.0004143875352229405,195
5,0.0003544465317406869,285
5,0.0002875463668516548,395
15,0.47619047619047616,434
5,0.00035709184402228254,130
5,0.0005106469897359955,229
5,0.0003633324855575337,298
5,0.0002709366279227289,258
5,0.0004713646005185011,301
5,0.0005205893070956322,313
5,0.00025578064252097403,227
5,0.00024445096313679477,210
5,0.00035993233272144836,238
5,0.000368758758020503,264
5,0.00038851548234197135,302
5,0.000256996736141451,221
10,0.04807692307692308,252
5,0.00034418668685895227,106
5,0.00017139723022075964,329
5,0.0003171985028230667,232
5,0.0003224454261116306,280
5,0.00023777254678174857,235
5,0.0006674676278200508,255
5,0.00035366931918656057,122
5,0.00015259021896696422,215
5,0.0003649501842998431,346
10,0.02100840336134454,262
5,0.00032620041753653444,296
5,0.0004929265046581555,166
5,0.0005415064710023285,159
5,0.00018549778330148955,110
5,0.00030653220120773687,128
5,0.0006048874909266877,159
5,0.00036620646720621084,191
10,0.0425531914893617,250
5,0.00024029796948215788,264
5,0.0004958349861166203,413
5,0.0004114210483008311,318
10,0.056179775280898875,257
10,0.08196721311475409,279
5,0.0003740135392901223,231
5,0.00024218352667651545,235
5,0.0004917387883556255,295
5,0.0002793530184093639,334
5,0.0002932637320742544,203
5,0.0002994908655286014,394
5,0.0004595377050687009,306
5,0.0002829975096219153,278
5,0.00027778549404150113,221
5,0.0006577649148194435,184
5,0.00021123339177457173,235
5,0.0002599090318388564,293
5,0.00020602839071224015,324
5,0.000636983247340595,285
5,0.00023110700254217703,321
5,0.0003058103975535168,286
5,0.00023916578972543766,308
5,0.0003633324855575337,207
5,0.0004018000642880103,240
5,0.00041204829205982943,275
5,0.00040049661580359645,288
5,0.00023741690408357076,104
5,0.00047966231772831924,257
5,0.0004289084280506112,249
5,0.0003725366017211191,253
5,0.0006128577557148986,223
5,0.0004419694157164324,266
5,0.0003370407819346141,242
5,0.00023054755043227666,286
5,0.000195400277468394,314
5,0.0005083884087442806,405
5,0.00047826294896934334,108
5,0.0002672581981452281,194
10,0.05714285714285714,269
5,0.00047005734699633354,258
5,0.00034304140509759526,272
5,0.0003734548306382343,172
5,0.0002159034479780642,203
5,0.0004884959210590591,199
5,0.00023693313746860637,284
5,0.00029071457642886213,194
5,0.0003827458185019329,193
5,0.0002488614588258716,147
5,0.000481139337952271,150
5,0.00029314337642540966,193
5,0.0002679025906180513,205
5,0.0005392579810181191,271
5,0.00025253162958660573,358
5,0.00030172283740156295,346
5,0.0003200204813108039,180
5,0.00026700843746662396,189
5,0.00024316109422492402,218
5,0.00031939697850458335,268
5,0.00024862015812242055,163
5,0.00041335978835978834,216
10,0.04830917874396135,163
10,0.045454545454545456,301
5,0.00031790437436419127,255
5,0.0005537098560354374,264
5,0.00031479207983127147,255
5,0.00019760893192372295,238
5,0.0006443714156840003,190
5,0.0003052037234854265,242
5,0.00031110004977600794,231
5,0.000491690431704199,206
5,0.00044921611787430933,341
5,0.0005564520616548885,296
5,0.0002259427461081362,362
5,0.0005067909993918508,210
10,0.05263157894736842,159
5,0.0005173841059602649,222
5,0.00035790980672870435,276
5,0.00021568923495028362,166
5,0.0006275494195167869,314
5,0.00026411705667952036,340
5,0.0004306261303935923,108
5,0.0003994407829039345,284
5,0.00039189559901242307,155
5,0.00031111940762864785,246
5,0.00032797638570022957,311
5,0.000609942055504727,206
5,0.0003089184764140743,264
5,0.0003808508207335187,168
5,0.00032440147927074547,159
5,0.0002671725132918325,230
5,0.00028922631959508316,168
5,0.0004805612955932529,254
5,0.00029813368314352153,374
5,0.000281928390188892,358
5,0.0004270401844813597,360
5,0.00042210121987252544,282
5,0.00038255547054322876,92
5,0.0005158627805003869,107
5,0.00044802867383512545,243
5,0.00024889862359061155,92
5,0.00033031644315254015,311
5,0.00042981174245680393,387
5,0.0002354825036499788,241
5,0.0003508402624285163,259
5,0.00034980935390212334,388
5,0.0004268032437046522,210
5,0.00022365360529611738,290
5,0.00034211426616489907,163
5,0.000902445627650934,147
5,0.0006049972775122512,345
5,0.000249912530614285,239
5,0.0003093293739173472,393
5,0.0002678810608090008,191
5,0.0002501500900540324,228
5,0.0002191828862002455,287
10,0.043478260869565216,312
5,0.0003400782179901377,93
5,0.00030761658668635415,286
10,0.03164556962025317,290
5,0.0003473669584549118,304
5,0.00034186865406310896,248
5,0.00023493480559144838,267
10,0.056818181818181816,264
5,0.0005835667600373483,124
5,0.0005665722379603399,282
5,0.0002158894645941278,392
5,0.0006190034045187249,378
5,0.0003047944161662958,226
5,0.00041296716911005574,250
5,0.0002658796628645875,266
5,0.00039178812098417175,203
5,0.00021598272138228941,140
5,0.00026738682852482686,267
5,0.0008871540099361249,111
5,0.00040741495212874313,170
5,0.00024743288383026105,219
5,0.0004592422502870264,271
5,0.00043616696471409256,283
5,0.0005748447919061853,92
5,0.00026697279547214137,328
5,0.00022544356020470275,220
5,0.00033282300472608665,195
5,0.0002006662118232532,303
5,0.0003636363636363636,260
5,0.00031055900621118014,341
5,0.0003788309277569421,153
5,0.0004092322802422655,219
5,0.0002470416759307295,202
5,0.00031438631790744467,137
5,0.00021041557075223566,278
5,0.000291587694999271,239
5,0.0002776312501735195,233
5,0.00027546691642333753,159
5,0.00031635558367605187,265
5,0.0002894104708708361,221
5,0.00021671759530156253,193
5,0.00039807332510648463,162
5,0.00035384452071759667,252
5,0.0003402517863218782,388
5,0.00033998572059973484,231
5,0.0003651634106262553,249
5,0.0003596863534997482,194
10,0.04716981132075472,263
5,0.00035333192000565333,266
5,0.0003184409132885393,334
5,0.00046860356138706655,308
5,0.0003042102701387199,304
5,0.00036477712117895966,104
5,0.00019851116625310174,293
5,0.00039359231707797066,347
5,0.0002981781316158273,153
10,0.10526315789473684,169
5,0.0002324446200692685,239
5,0.00045705928058869237,284
5,0.00032812705079406746,190
5,0.000418988561612268,252
5,0.0003689900741670049,219
5,0.00033063316250619935,176
5,0.0004575611988103409,385
5,0.0006532532009406846,291
5,0.000488615264340858,253
5,0.0004726344645051517,112
5,0.0002087029114056141,88
5,0.00030300275732509166,130
15,0.5555555555555556,393
5,0.0002931175987806308,400
5,0.0003372681281618887,146
5,0.00021171190244315537,218
5,0.0005700929251467989,163
5,0.0002463600305486438,285
5,0.0003247913215758875,165
5,0.000263421316052895,194
5,0.00046537602382725244,287
5,0.0004439511653718091,254
5,0.0003758691975192633,221
5,0.000544188071397475,319
5,0.0004343293954134816,148
5,0.0005139010226630351,250
5,0.00028149983110010133,127
5,0.0002401363974737651,169
5,0.00045337081198712427,342
5,0.00025178135307299144,247
5,0.00022856620420104684,159
5,0.00044845060316606124,289
5,0.00023553796872055775,238
5,0.00033158697526361166,324
5,0.0002673082063619353,92
5,0.000609979260705136,105
5,0.00021370261144591188,248
5,0.0001877969539334072,93
5,0.00037090612366010164,166
5,0.0002611170587774499,331
5,0.0004506940688660537,101
10,0.033783783783783786,267
5,0.0004742933029785619,257
5,0.00046418790326324097,202
5,0.00025651549353580957,280
10,0.044444444444444446,241
5,0.0003346608212576554,197
5,0.0005021845025862502,237
5,0.00028376844494892167,208
5,0.0002498750624687656,157
5,0.00029590176061547566,173
5,0.00022834178197926657,258
5,0.0003936078091789341,190
5,0.00040680172483931334,312
5,0.0006496881496881497,273
5,0.0003446493193175943,359
10,0.05434782608695652,279
5,0.00040546567733041396,224
5,0.0004483098717833767,174
5,0.00035629030534079165,252
5,0.0002458452158520995,285
5,0.0008616975441619991,295
5,0.00032275764128715745,246
5,0.000449599856128046,386
5,0.0005460303592879764,231
5,0.00019222267074178728,124
5,0.0005733616191732126,134
5,0.0004734848484848485,259
5,0.00037647767487388,173
5,0.00034614053305642093,241
5,0.000516422226812642,285
5,0.00039365429280006296,214
5,0.000576601510695958,220
5,0.00044567251983242714,309
10,0.04672897196261682,161
5,0.0003134501457543178,256
5,0.00036896284544146404,287
5,0.0003898027598035394,199
5,0.00023380874444704232,110
5,0.00043308791684711995,270
5,0.0002778472395876747,202
5,0.0003674174229341955,135
5,0.00030328763799587527,156
5,0.0004606384448846101,300
5,0.00029725632412829585,351
5,0.0002988107332815395,171
5,0.0005273427200337499,192
5,0.0003851190017715474,210
5,0.00024088839640594513,194
10,0.06289308176100629,260
10,0.04878048780487805,259
10,0.05154639175257732,284
5,0.0006990074094785405,380
5,0.00043466921672607144,99
5,0.00028865027133125504,227
5,0.00035902775284529494,346
5,0.0003598028280502285,369
5,0.0003395816354251562,238
5,0.00032572228917624835,303
5,0.0003598028280502285,200
5,0.00028023764152000896,313
5,0.00026420777299268145,241
5,0.00047557901745374993,218
5,0.00022186723464678737,356
5,0.0002382654276864427,141
5,0.00045224312590448623,158
5,0.0003176317377632373,248
5,0.0004361479413817167,307
5,0.00021359306249733008,190
5,0.00032620041753653444,222
5,0.0003220197076061055,144
5,0.0004575402635431918,214
5,0.00020886419649943606,198
5,0.00021107288346666105,230
5,0.0004133256179217988,306
5,0.0003311916274756574,218
5,0.0004901720503896868,127
5,0.0002748083211959658,329
5,0.0002650551314673452,256
5,0.0002830215379390372,354
5,0.00045150803684305583,303
5,0.00023918867202449293,92
5,0.0002439738460037084,248
5,0.00035104963841887243,236
5,0.0008404773911581779,291
5,0.0003067390570841385,166
5,0.0006143260842855387,237
5,0.00017262511004850767,132
5,0.0002738750581984499,182
5,0.00023424140919631772,255
5,0.0003173192866662436,260
5,0.0007148984844152131,249
10,0.06622516556291391,268
5,0.00030029128254406773,287
5,0.00023914863087408825,178
10,0.05847953216374269,292
5,0.000892458723784025,304
5,0.0009902951079421667,306
5,0.0004174493842621582,307
5,0.0004728803139925285,221
5,0.0004467077637809345,284
5,0.0005202372281760483,212
5,0.0002666382252559727,285
5,0.0004884720593982024,236
5,0.00023716352424997035,225
5,0.0003340906053721769,240
5,0.00031382394476698575,273
10,0.04739336492890995,247
5,0.00022884342532839032,206
5,0.0002560098307775019,253
5,0.0004786062984588877,277
5,0.00032985882042485813,240
5,0.0007475517679599313,214
5,0.00020597322348094748,200
5,0.00022922636103151864,123
10,0.03460207612456748,165
5,0.00023318176518596245,155
5,0.0003494792758789404,263
5,0.0003645643456069996,142
5,0.0002784584539986634,176
5,0.0005797101449275362,329
5,0.00025695051133151753,228
5,0.00039732994278448826,241
5,0.0004391164976068151,206
5,0.00042821050828587335,337
5,0.00029231218941829873,350
5,0.0003191930798940279,250
5,0.00040109096743141346,130
5,0.0003115750116840629,247
10,0.05555555555555555,153
5,0.0002011384435907235,204
5,0.00041562759767248546,304
5,0.000267401128432762,198
5,0.0005128994204236549,219
5,0.00024142926122646064,332
5,0.00039083873993590244,254
5,0.0006567713122290818,258
5,0.000290368477598072,273
5,0.0003857280617164899,166
5,0.00043084877208099956,285
5,0.0002741303215548672,252
5,0.0003292289458089155,253
5,0.00026801029159519727,239
5,0.000459094665319989,143
5,0.000376889156898956,225
5,0.00039419741406496373,276
5,0.00043514207388712414,234
5,0.0003201741747510646,296
5,0.0004959087527894868,247
5,0.00029780517585395634,140
5,0.0003583073560500197,238
5,0.0002596795554286011,160
10,0.04405286343612335,307
5,0.0005194805194805195,168
5,0.0003435835767050335,283
10,0.032679738562091505,269
5,0.00029504617472634465,103
5,0.0003070875813782091,193
5,0.00028796037665217264,226
5,0.0003384552900561836,103
10,0.03289473684210526,253
5,0.0002817536346218866,245
5,0.00033948940793047255,159
5,0.0002946462771442883,202
5,0.0004153686396677051,159
15,0.5882352941176471,413
5,0.0002414059482425647,289
5,0.0005759705103098721,226
5,0.00045993928801398216,181
5,0.00034795921917951217,216
5,0.0008430992327796981,250
5,0.00040036833887176204,348
5,0.00024703557312252963,182
5,0.00032123353678124,273
5,0.00024247126715484216,233
5,0.0002415809054452336,268
5,0.00033002211148146926,198
5,0.0003305238803503553,213
5,0.0004820903437304151,160
5,0.0002947244326554671,226
5,0.0003098277357789069,230
5,0.00041904123365739187,291
5,0.0005530361685654242,298
5,0.00027462719358470875,136
5,0.0003420206580477461,260
5,0.0005673436968115284,393
5,0.00039065551996249706,284
10,0.038314176245210725,262
5,0.0002743559494087629,389
5,0.0003455783253274355,341
5,0.0002603624244948969,197
5,0.00036901730691169416,225
10,0.049019607843137254,152
5,0.00033597634726515254,294
10,0.03508771929824561,281
5,0.0003795786676788764,144
5,0.0002519018590357197,263
5,0.00041881308372073545,303
5,0.00029287722586691657,160
5,0.0003139717425431711,251
5,0.00021832154396995895,167
5,0.0002558395374421163,199
5,0.0005850690381465013,228
5,0.00039318995006487633,194
10,0.044444444444444446,272
5,0.000245398773006135,155
5,0.0005720823798627002,346
5,0.0004043344654698367,205
5,0.0004216918276123809,241
5,0.0003273965426925092,238
5,0.00040681827427688054,224
5,0.0003743775972445809,235
5,0.00031454453950679415,370
5,0.000345435075477564,284
10,0.08264462809917356,298
5,0.00040236591155997265,252
5,0.0003747704530974778,341
5,0.00023404404708966229,137
5,0.00041986816139732123,166
5,0.000481000481000481,147
10,0.0641025641025641,308
5,0.00041625041625041625,225
10,0.04219409282700422,257
5,0.0002860984750951277,270
5,0.0005331058748267406,237
5,0.0002451340883463254,191
5,0.0002333341111137037,228
5,0.0005433306166802499,199
5,0.00029721215003269334,194
5,0.0005598163802272854,149
5,0.0002933067401888895,166
5,0.0003829803531078856,157
5,0.0003117401334247771,146
5,0.0004299965600275198,276
5,0.0005493599956051201,349
5,0.00031228530385360063,253
5,0.0004097688903458449,239
5,0.0002459722051408191,154
5,0.00015092289349371405,168
10,0.04878048780487805,280
5,0.0003911291899714476,145
10,0.06172839506172839,177
5,0.0003287743293003682,240
5,0.0005813277525869085,156
5,0.0004317975732976381,251
5,0.00025304284015283785,249
5,0.00027194604590449257,231
5,0.00037218996575852316,274
5,0.00024490595611285264,198
5,0.0003532944709415298,153
5,0.00049965024482862,233
5,0.00018841972377668493,241
5,0.0001609761594307883,259
5,0.0005411548243952595,293
5,0.0004290372404324695,319
5,0.0002247898215168817,168
5,0.0004071495460282562,245
5,0.00036335888957523345,238
5,0.0003550253843149785,104
5,0.0005420641803989592,220
5,0.00042162071000927565,237
5,0.0004657011130256601,276
10,0.03937007874015748,254
5,0.00032988058322887113,160
5,0.00047163137291892656,331
5,0.0005321696556862327,209
5,0.0003470655606844133,230
5,0.00042556813345816664,165
5,0.00028750503133804844,295
10,0.053475935828877004,249
5,0.00033945483553413216,306
5,0.0001839655616468597,235
5,0.0003437843784378438,134
5,0.0002778704012448594,308
5,0.00037196845707484,152
5,0.00039541320680110717,304
5,0.00022882247952038808,269
5,0.0002511868579035945,344
5,0.0005947424765076722,151
10,0.04048582995951417,152
5,0.0004506737572671143,263
5,0.00024638431024712345,153
5,0.00017340038148083925,279
5,0.0002880682145532062,201
5,0.0005585656035301346,214
10,0.06493506493506493,152
5,0.0002754517408550022,271
5,0.00048728194133125426,249
5,0.0007075638576381518,238
5,0.0006575918984678109,168
5,0.0002846245801787442,284
5,0.0003993291270665282,189
5,0.00035852574214828624,430
10,0.04,255
5,0.00021362500267031254,244
5,0.000273920070123538,192
5,0.00022117532568066706,212
5,0.0004877097151775263,251
5,0.0004071495460282562,149
5,0.0005111951743175544,296
5,0.00020361622414073952,196
5,0.00025894660521000567,207
5,0.0003167664480978175,244
5,0.0004946821667078902,153
5,0.00022560631697687535,223
5,0.00024503197667295583,290
5,0.00028791892203155594,283
5,0.000289234685023428,91
5,0.0002234986478331806,211
5,0.00028347081667942284,254
5,0.0002536590315298176,107
5,0.00046138230137491925,107
5,0.0004539676775013619,170
5,0.00020083950914823965,379
5,0.00044489923032433156,335
5,0.0002144036362856714,224
5,0.00036367603738589663,215
5,0.00044359668189681943,207
5,0.0002531453307343746,94
5,0.00026066103638828066,351
5,0.0003615851894706393,129
10,0.02109704641350211,290
5,0.0003308738378056447,193
5,0.0003284503711489194,285
5,0.0004143875352229405,105
5,0.0004904845987835982,236
5,0.00023684335180711478,191
5,0.0005229851995188536,191
5,0.0003992175336340772,271
5,0.00040418738126995677,175
5,0.0004041057140547967,284
5,0.0004167361226871145,310
5,0.00023892578964973478,237
5,0.00033655302392892,274
5,0.00016004353184066066,234
5,0.0004522022248349462,93
5,0.0003784581614502517,169
5,0.0005722460658082976,213
5,0.0003018139015483053,280
15,0.625,407
5,0.00027192386131883074,182
5,0.00025957170668397143,154
5,0.00033768952824772905,194
5,0.00040670245648283715,174
5,0.0002824619382538203,173
5,0.0002620407735443635,109
5,0.0005482456140350877,240
5,0.00025848476232326106,386
5,0.0002481143310837634,174
5,0.0003814318953350879,221
5,0.0003803727653100038,143
5,0.00017770827409724197,194
10,0.0546448087431694,169
5,0.0002462690242821258,261
5,0.00032430679422733907,229
5,0.0003151790216843167,91
5,0.00030630685821055536,282
5,0.00038336208548974505,215
5,0.0003225182222795588,229
5,0.00035603660056253786,125
5,0.0004052192235999676,396
5,0.00039603960396039607,187
5,0.00026627612834509385,401
5,0.00026400549131421933,252
5,0.00021471207111263795,256
10,0.05263157894736842,277
5,0.00030258101606705194,308
10,0.06134969325153374,285
5,0.00022774892958003098,130
5,0.00033326667999733386,212
5,0.00039088457178595163,223
5,0.0002865493724568743,194
5,0.0002755580049600441,247
5,0.0003239915762190183,261
5,0.0002742355683532154,263
5,0.0004168577264579599,218
5,0.0002952029520295203,195
5,0.00035489938602406215,261
5,0.0003361683531112381,246
5,0.0003588602598148281,270
5,0.0003046180090166931,265
5,0.0002695708432175976,277
5,0.0002059859517580901,151
5,0.00024106841521623836,246
5,0.0004773725415314111,249
5,0.0005810237638719423,251
10,0.03424657534246575,278
5,0.0003580507715994128,215
5,0.00031244141723426856,230
5,0.00033674568965517244,306
5,0.0002806938752596418,152
5,0.0005250997689561017,104
5,0.00042663936174751484,194
5,0.00027828797239383315,293
5,0.00031065548306927616,199
5,0.00030902348578491963,221
5,0.0003059039461609055,219
5,0.0004881859011911736,266
5,0.0005356760231412042,93
5,0.0004445234708392603,312
5,0.00021893814997263274,196
5,0.0004978096375945838,157
5,0.0004993009786299181,349
5,0.0003037298019681691,231
5,0.000187811062071556,151
5,0.0002585048081894323,297
5,0.0005545389009038984,339
5,0.00032282015689059625,154
5,0.0003309395373465268,94
5,0.0003910985959560405,250
5,0.0002620751107267343,248
5,0.0003694808793644929,266
5,0.0002983916689046042,93
5,0.000362844702467344,259
5,0.00042854081851296334,290
5,0.0002453084754078253,301
5,0.00041157344528131045,190
5,0.00036178141167106837,92
5,0.0005566379070414695,280
5,0.000481139337952271,281
5,0.00046884523418819446,327
5,0.00036957646537068517,305
5,0.00043548316857553457,268
5,0.0003128225983045015,132
5,0.00043252595155709344,245
5,0.0004650946467606158,251
5,0.000445990545000446,334
5,0.0006949753283758427,367
5,0.0004679457182966776,236
5,0.00030679552078539653,99
5,0.00030458089668615983,157
5,0.0005390835579514825,168
5,0.00028283742504808237,289
5,0.00022099447513812155,324
5,0.00024720656580638783,167
10,0.05181347150259067,272
5,0.0004256949470009791,250
5,0.0007257420712678714,308
5,0.0003087467967519837,201
5,0.0006684045184145445,257
5,0.0003968411444898607,169
5,0.00042448425163426435,352
5,0.0002460024600246002,310
5,0.0003019414837404511,262
5,0.0003588860178007465,238
5,0.00035609999287800016,212
5,0.000258384579608289,154
5,0.0001915892326851231,289
5,0.00038833443361422856,224
5,0.00048529554498689704,284
5,0.00035714285714285714,366
5,0.0005465078150617554,321
5,0.00035132096683530075,282
5,0.00023649607416516885,194
5,0.0004935590543408519,308
5,0.00020320247094204665,240
5,0.00031138097462245055,190
5,0.00041296716911005574,295
5,0.00048737693732332587,225
5,0.0004640371229698376,211
5,0.0005727704908643107,282
5,0.000501378791677112,180
5,0.00041481727299124733,158
10,0.044642857142857144,260
10,0.06493506493506493,264
5,0.0005415064710023285,248
5,0.0002860739215013159,259
5,0.00036756597809306773,157
5,0.0006084205402774398,274
5,0.00034730663702983364,264
5,0.0003766194636938837,287
5,0.00027380756804118065,271
5,0.00022512381809995497,288
5,0.00045049103522839894,91
5,0.0002744312412525042,209
5,0.00019346850332765825,239
5,0.0005884429798752501,262
5,0.00031525851197982345,208
5,0.0002934961258511388,276
5,0.0002862458852154,90
