8,0.9090909090909091,10
8,1,18
8,0.8333333333333334,14
8,0.9090909090909091,11
8,0.9090909090909091,18
8,0.9090909090909091,13
8,1,9
9,0.5263157894736842,5
8,0.8333333333333334,12
8,0.7692307692307693,13
9,1,15
8,0.7692307692307693,9
8,0.5882352941176471,9
8,0.8333333333333334,8
8,0.8333333333333334,10
8,0.7692307692307693,11
9,0.7692307692307693,14
8,0.8333333333333334,14
8,0.6666666666666666,14
8,1,11
8,0.7142857142857143,12
8,0.9090909090909091,13
8,0.9090909090909091,23
8,0.9090909090909091,14
8,0.625,12
8,0.5882352941176471,16
9,0.9090909090909091,11
8,0.625,6
8,0.9090909090909091,12
8,0.8333333333333334,11
8,0.8333333333333334,11
8,1,31
8,0.8333333333333334,12
8,0.7692307692307693,11
8,0.8333333333333334,11
8,0.625,11
8,0.9090909090909091,11
8,0.9090909090909091,18
8,0.8333333333333334,13
8,0.9090909090909091,12
8,1,13
8,1,11
9,0.9090909090909091,26
9,1,19
8,0.9090909090909091,14
9,1,21
8,1,16
8,1,25
8,1,19
8,0.8333333333333334,13
8,0.9090909090909091,13
8,0.7692307692307693,12
8,0.7692307692307693,8
8,0.9090909090909091,8
9,0.9090909090909091,10
8,0.7142857142857143,9
8,0.38461538461538464,8
8,0.9090909090909091,19
9,1,17
8,1,15
8,1,20
8,0.9090909090909091,14
9,1,12
8,0.9090909090909091,16
9,0.7692307692307693,12
8,0.8333333333333334,8
8,1,15
8,0.8333333333333334,18
9,0.9090909090909091,5
9,0.5263157894736842,18
8,0.8333333333333334,11
9,0.9090909090909091,17
8,1,9
8,0.7692307692307693,8
9,0.9090909090909091,10
8,1,12
9,1,21
8,0.8333333333333334,17
8,0.8333333333333334,17
8,0.8333333333333334,16
8,1,16
8,1,6
8,1,21
8,0.7692307692307693,13
8,0.9090909090909091,16
8,0.625,16
9,0.9090909090909091,10
8,0.8333333333333334,16
8,0.7142857142857143,10
9,0.9090909090909091,13
9,1,11
8,0.8333333333333334,11
8,1,20
8,1,16
8,1,19
8,1,13
8,0.9090909090909091,14
8,1,15
8,1,11
8,0.9090909090909091,22
8,0.7692307692307693,18
8,0.8333333333333334,11
8,1,12
8,0.7692307692307693,14
8,0.8333333333333334,18
8,1,15
8,0.8333333333333334,11
8,0.9090909090909091,18
8,0.8333333333333334,23
8,0.5555555555555556,12
8,0.8333333333333334,8
8,1,15
8,1,16
9,1,15
8,0.7692307692307693,14
8,0.8333333333333334,13
8,1,13
8,1,11
8,1,14
8,0.9090909090909091,9
8,0.8333333333333334,19
8,0.7692307692307693,10
8,1,11
8,0.9090909090909091,14
8,0.9090909090909091,11
8,0.9090909090909091,12
8,0.7142857142857143,9
8,1,10
8,1,15
8,0.8333333333333334,13
8,1,12
8,0.7692307692307693,10
8,0.7692307692307693,15
8,0.9090909090909091,19
8,1,19
8,1,12
8,1,16
8,0.9090909090909091,16
8,0.7142857142857143,15
8,0.9090909090909091,17
9,0.9090909090909091,13
8,1,16
8,0.9090909090909091,12
9,0.9090909090909091,14
8,0.8333333333333334,20
8,0.7692307692307693,14
8,0.6666666666666666,12
8,0.8333333333333334,19
8,0.8333333333333334,11
8,0.5882352941176471,16
8,1,20
9,1,9
8,0.7692307692307693,7
9,0.9090909090909091,12
8,1,14
8,1,9
8,1,19
8,0.7142857142857143,12
8,1,13
8,0.9090909090909091,8
8,1,15
9,1,16
9,0.7692307692307693,11
8,0.8333333333333334,18
8,0.8333333333333334,17
8,0.9090909090909091,15
8,0.6666666666666666,11
9,0.8333333333333334,14
8,1,14
8,1,16
8,0.9090909090909091,8
9,1,15
8,0.8333333333333334,13
8,1,10
8,0.625,14
9,0.9090909090909091,12
8,0.8333333333333334,13
8,0.9090909090909091,19
8,1,13
8,0.7692307692307693,20
8,0.7692307692307693,10
8,0.8333333333333334,18
8,0.9090909090909091,18
8,0.8333333333333334,9
9,0.8333333333333334,11
8,1,13
8,0.7692307692307693,9
8,1,10
8,0.7692307692307693,7
8,1,8
8,0.9090909090909091,9
9,1,15
8,1,12
9,0.9090909090909091,9
8,0.6666666666666666,17
8,0.9090909090909091,13
8,1,11
8,1,12
8,0.8333333333333334,13
8,0.8333333333333334,18
8,0.7692307692307693,17
9,1,13
8,1,13
8,1,14
9,0.8333333333333334,18
9,1,22
8,0.625,13
8,0.8333333333333334,20
8,0.9090909090909091,16
8,1,17
8,1,14
8,1,18
8,1,9
8,0.9090909090909091,15
8,0.5,12
8,1,19
8,1,13
8,0.7142857142857143,13
8,0.7692307692307693,12
8,0.7692307692307693,13
9,1,23
8,0.8333333333333334,21
8,1,13
8,1,11
9,0.7692307692307693,8
8,1,19
8,0.5555555555555556,12
8,0.9090909090909091,14
8,0.9090909090909091,14
9,0.8333333333333334,14
9,0.9090909090909091,15
8,0.8333333333333334,15
8,1,15
8,0.7692307692307693,6
8,0.7692307692307693,9
8,0.8333333333333334,13
8,1,13
8,1,14
8,0.8333333333333334,11
8,1,18
9,0.8333333333333334,14
8,0.8333333333333334,8
8,1,15
8,1,18
8,0.625,10
8,0.5263157894736842,7
8,0.8333333333333334,8
8,0.8333333333333334,13
8,0.9090909090909091,14
9,0.9090909090909091,16
8,0.9090909090909091,20
8,0.9090909090909091,16
8,0.8333333333333334,12
8,1,10
8,0.9090909090909091,19
8,0.1694915254237288,7
8,1,19
9,0.8333333333333334,11
8,1,14
8,0.7142857142857143,18
8,0.9090909090909091,15
8,0.9090909090909091,13
8,1,9
8,0.7142857142857143,13
8,1,14
8,0.9090909090909091,14
8,0.8333333333333334,15
8,0.7142857142857143,11
8,1,12
9,0.7692307692307693,13
8,1,19
8,1,11
8,0.8333333333333334,15
8,0.6666666666666666,10
8,0.7692307692307693,16
8,0.625,9
9,1,12
8,1,21
8,1,10
8,0.8333333333333334,14
9,0.8333333333333334,13
8,0.9090909090909091,12
8,0.9090909090909091,13
8,0.7692307692307693,18
8,1,18
8,0.11494252873563218,10
8,1,15
8,0.7142857142857143,8
10,1,18
8,0.9090909090909091,14
8,1,11
8,0.9090909090909091,12
8,0.9090909090909091,14
8,0.10416666666666667,12
8,0.9090909090909091,12
9,1,14
8,0.7692307692307693,18
8,0.9090909090909091,19
8,0.5882352941176471,9
8,1,16
8,0.9090909090909091,17
8,1,16
8,1,13
8,0.7142857142857143,13
8,0.7692307692307693,16
8,1,16
9,0.9090909090909091,6
8,1,11
8,0.6666666666666666,8
9,0.8333333333333334,15
8,0.9090909090909091,15
8,0.8333333333333334,11
8,0.7692307692307693,11
8,0.9090909090909091,12
8,1,18
8,0.6666666666666666,10
8,1,13
9,1,16
8,0.625,13
8,0.9090909090909091,20
8,0.6666666666666666,7
9,0.7692307692307693,14
8,0.7142857142857143,12
8,1,10
8,0.9090909090909091,10
8,0.9090909090909091,9
8,0.625,9
8,1,15
8,0.9090909090909091,15
8,0.8333333333333334,10
8,0.6666666666666666,11
8,0.8333333333333334,17
8,1,19
8,0.5555555555555556,13
8,0.7142857142857143,13
8,1,14
8,0.7692307692307693,8
8,1,13
8,1,17
8,0.7692307692307693,10
9,1,16
8,1,10
8,1,24
9,1,10
8,0.9090909090909091,15
9,1,15
8,1,14
9,1,22
9,0.6666666666666666,14
8,0.9090909090909091,16
8,0.9090909090909091,10
8,1,18
8,0.8333333333333334,14
8,0.29411764705882354,10
8,0.9090909090909091,18
8,0.8333333333333334,19
9,0.625,9
8,1,12
8,1,12
9,1,9
8,0.8333333333333334,12
8,1,11
8,1,15
8,0.625,9
8,1,7
8,1,13
9,0.9090909090909091,17
8,0.6666666666666666,13
8,0.8333333333333334,11
8,1,11
9,1,15
8,0.47619047619047616,12
8,0.8333333333333334,12
8,0.7142857142857143,8
8,0.5555555555555556,8
8,0.6666666666666666,14
8,0.9090909090909091,15
8,1,11
8,0.5555555555555556,10
8,0.9090909090909091,11
9,1,26
8,0.8333333333333334,8
8,1,12
8,1,15
9,1,11
8,0.3448275862068966,12
8,0.9090909090909091,15
9,1,11
8,1,14
9,0.9090909090909091,9
8,1,14
8,0.6666666666666666,16
9,1,9
8,1,17
8,1,9
9,1,21
8,0.6666666666666666,11
8,1,17
8,0.8333333333333334,8
8,0.7692307692307693,11
8,1,12
8,0.9090909090909091,14
8,0.5263157894736842,10
8,0.8333333333333334,21
8,1,14
9,1,19
8,0.9090909090909091,20
9,0.9090909090909091,9
8,0.9090909090909091,16
8,1,12
8,0.8333333333333334,20
8,1,9
8,1,11
9,1,15
8,1,7
8,0.9090909090909091,18
8,0.9090909090909091,12
8,0.9090909090909091,10
8,0.9090909090909091,10
9,1,12
10,1,29
8,1,10
8,1,10
9,0.6666666666666666,12
8,0.7692307692307693,17
8,1,18
9,0.9090909090909091,14
8,0.7692307692307693,10
8,0.9090909090909091,8
8,0.8333333333333334,17
8,0.9090909090909091,19
8,1,15
8,1,16
8,0.625,9
8,1,26
9,0.9090909090909091,13
8,1,9
8,0.6666666666666666,10
9,1,14
8,1,14
8,1,15
8,0.9090909090909091,10
8,0.37037037037037035,13
8,1,17
9,1,11
8,1,20
8,0.9090909090909091,11
9,0.9090909090909091,12
9,1,17
9,0.7142857142857143,11
8,0.8333333333333334,10
8,1,12
8,0.7692307692307693,16
8,0.7692307692307693,10
8,1,13
8,0.8333333333333334,13
8,0.8333333333333334,11
8,1,10
8,1,16
9,0.8333333333333334,18
8,1,19
9,1,24
8,0.9090909090909091,11
8,0.7692307692307693,15
8,1,12
8,1,13
8,0.9090909090909091,9
8,1,12
8,0.9090909090909091,17
8,1,12
8,0.9090909090909091,15
8,0.5263157894736842,12
8,0.9090909090909091,11
9,1,21
8,1,12
8,0.9090909090909091,16
8,0.625,8
8,1,7
8,1,17
8,1,17
8,1,9
9,0.9090909090909091,19
9,1,13
8,0.7692307692307693,11
8,0.9090909090909091,15
8,1,12
8,0.8333333333333334,17
8,0.9090909090909091,15
8,0.8333333333333334,15
8,0.9090909090909091,12
8,0.6666666666666666,14
8,0.7692307692307693,17
8,1,19
8,0.6666666666666666,11
8,0.7692307692307693,14
8,1,17
8,1,19
8,0.9090909090909091,14
8,1,18
8,0.9090909090909091,15
8,1,11
8,0.8333333333333334,12
8,0.8333333333333334,11
8,1,13
8,0.9090909090909091,11
9,1,12
8,0.9090909090909091,17
9,1,22
8,0.9090909090909091,10
8,0.9090909090909091,16
8,0.7692307692307693,13
8,1,23
8,0.9090909090909091,16
8,0.9090909090909091,14
8,0.5,13
8,1,17
8,0.9090909090909091,15
8,0.5555555555555556,16
8,0.5882352941176471,10
8,0.9090909090909091,10
10,1,16
8,1,13
8,1,16
8,1,12
8,1,9
8,0.8333333333333334,10
8,0.8333333333333334,8
8,1,21
8,1,11
8,1,13
8,0.6666666666666666,9
8,0.9090909090909091,14
8,0.7142857142857143,14
9,1,12
8,0.625,13
8,1,11
9,0.9090909090909091,10
8,0.9090909090909091,12
8,1,11
8,0.8333333333333334,20
8,1,11
8,0.9090909090909091,14
8,0.7692307692307693,15
8,0.5263157894736842,15
8,1,17
8,1,16
8,0.7692307692307693,15
8,0.9090909090909091,13
8,0.8333333333333334,16
8,0.9090909090909091,15
8,1,15
8,0.8333333333333334,17
10,1,15
8,1,13
9,1,8
8,1,18
8,1,10
9,0.9090909090909091,11
8,0.7142857142857143,11
8,0.01890359168241966,16
9,1,15
8,0.8333333333333334,11
8,1,15
10,0.9090909090909091,10
8,0.9090909090909091,8
8,0.8333333333333334,17
8,0.8333333333333334,9
8,0.9090909090909091,12
8,0.9090909090909091,16
8,0.9090909090909091,22
9,1,17
8,1,13
8,0.9090909090909091,12
8,1,17
8,0.45454545454545453,6
8,0.45454545454545453,10
8,0.5882352941176471,14
9,0.7692307692307693,8
8,1,10
8,0.8333333333333334,14
8,1,17
8,1,21
8,0.9090909090909091,13
8,0.7692307692307693,13
8,1,11
8,0.6666666666666666,13
8,0.625,12
9,0.6666666666666666,9
8,0.9090909090909091,10
8,0.43478260869565216,6
8,1,12
8,1,14
8,0.8333333333333334,11
8,1,19
8,1,16
8,0.8333333333333334,18
8,0.8333333333333334,8
8,1,16
8,0.5263157894736842,12
8,0.9090909090909091,18
8,1,22
8,1,24
8,0.7692307692307693,9
8,0.9090909090909091,14
8,0.9090909090909091,11
8,1,22
8,1,13
8,0.6666666666666666,6
8,0.625,11
8,0.625,13
9,0.8333333333333334,10
8,0.7692307692307693,17
9,1,11
8,0.9090909090909091,14
8,0.9090909090909091,15
8,0.9090909090909091,11
8,1,13
8,0.8333333333333334,15
8,0.8333333333333334,11
9,1,10
8,0.625,7
8,0.9090909090909091,19
8,0.7692307692307693,12
8,0.9090909090909091,15
8,1,19
8,0.9090909090909091,12
8,0.9090909090909091,16
8,0.7692307692307693,17
8,0.8333333333333334,12
8,0.9090909090909091,11
8,0.7142857142857143,12
8,0.8333333333333334,13
8,0.5555555555555556,9
8,0.7692307692307693,7
8,0.8333333333333334,11
8,0.9090909090909091,8
9,1,6
8,0.6666666666666666,10
8,0.8333333333333334,13
8,0.9090909090909091,23
9,1,16
8,1,22
8,1,20
8,1,14
9,1,33
8,0.7142857142857143,10
8,1,11
8,1,14
8,1,14
8,1,16
8,0.625,6
8,1,14
8,0.7692307692307693,8
9,1,13
8,0.7692307692307693,15
8,0.9090909090909091,19
8,0.9090909090909091,23
8,0.5263157894736842,13
8,1,19
8,0.5555555555555556,8
9,1,16
8,1,22
9,1,16
8,1,20
8,0.9090909090909091,9
9,0.8333333333333334,12
8,0.6666666666666666,11
8,1,12
8,0.9090909090909091,14
9,1,17
8,0.7692307692307693,12
8,0.7692307692307693,10
9,1,10
8,1,16
9,1,14
8,0.7692307692307693,10
8,0.7692307692307693,11
9,1,16
9,0.9090909090909091,11
8,0.7692307692307693,17
8,0.9090909090909091,11
8,0.9090909090909091,11
8,0.9090909090909091,16
8,1,19
8,0.625,11
8,0.8333333333333334,14
8,0.6666666666666666,9
8,0.8333333333333334,14
8,0.9090909090909091,11
8,1,15
10,1,15
9,1,12
8,1,13
8,0.7142857142857143,13
8,0.625,8
8,0.9090909090909091,16
8,0.8333333333333334,9
8,0.9090909090909091,14
9,1,22
9,1,15
8,1,13
8,1,22
8,0.9090909090909091,20
8,1,9
8,1,14
8,0.8333333333333334,12
8,0.8333333333333334,17
8,1,18
8,0.9090909090909091,9
8,1,18
9,1,19
8,1,9
8,0.8333333333333334,8
9,1,8
8,0.8333333333333334,15
8,0.8333333333333334,12
8,0.9090909090909091,8
8,0.9090909090909091,23
9,1,17
8,0.7142857142857143,14
8,1,18
8,0.8333333333333334,16
8,1,11
8,0.7692307692307693,16
8,0.9090909090909091,16
8,1,14
8,0.8333333333333334,6
8,1,13
8,0.9090909090909091,20
10,0.9090909090909091,10
8,0.9090909090909091,10
8,1,17
8,0.7692307692307693,7
8,1,14
8,1,9
8,0.7142857142857143,9
8,0.7142857142857143,10
8,0.9090909090909091,10
8,0.7692307692307693,14
8,0.9090909090909091,17
8,0.8333333333333334,24
8,0.8333333333333334,18
8,0.9090909090909091,10
8,0.8333333333333334,14
8,0.9090909090909091,15
8,0.9090909090909091,16
8,1,18
8,0.9090909090909091,12
8,0.6666666666666666,13
8,1,21
8,0.9090909090909091,13
9,1,17
8,0.9090909090909091,15
8,0.8333333333333334,15
9,1,7
8,1,15
8,0.5882352941176471,8
8,1,15
8,1,13
8,0.8333333333333334,17
9,1,21
8,0.8333333333333334,11
8,0.7142857142857143,4
8,0.6666666666666666,18
8,0.43478260869565216,12
8,0.7142857142857143,20
8,0.7692307692307693,16
8,0.4,16
8,1,14
8,1,14
8,0.9090909090909091,17
9,0.6666666666666666,12
8,0.9090909090909091,17
8,1,14
8,0.8333333333333334,11
8,0.8333333333333334,12
8,0.5555555555555556,11
8,0.9090909090909091,14
8,0.625,10
8,0.9090909090909091,12
10,1,13
8,0.9090909090909091,17
8,1,15
8,1,11
8,0.9090909090909091,15
9,0.9090909090909091,13
8,0.9090909090909091,14
8,1,13
8,0.8333333333333334,17
9,1,20
8,0.8333333333333334,11
8,1,16
8,1,9
8,0.7142857142857143,14
10,1,19
8,0.5263157894736842,9
9,1,18
8,0.9090909090909091,8
8,0.7142857142857143,10
8,0.6666666666666666,17
8,0.9090909090909091,8
8,0.7692307692307693,9
8,0.8333333333333334,19
8,0.9090909090909091,14
8,0.7692307692307693,9
8,1,16
8,0.9090909090909091,12
8,1,14
8,1,11
9,0.8333333333333334,13
8,1,13
8,0.7692307692307693,12
8,0.7692307692307693,15
9,1,17
8,1,15
8,1,13
8,1,13
8,1,13
8,0.8333333333333334,8
8,0.7692307692307693,6
8,0.5,12
8,0.7692307692307693,19
8,0.9090909090909091,14
8,0.5555555555555556,13
9,1,14
8,1,23
8,0.8333333333333334,17
8,0.9090909090909091,9
8,0.5263157894736842,20
8,0.9090909090909091,14
8,1,15
8,1,23
8,0.9090909090909091,11
8,0.9090909090909091,10
8,0.8333333333333334,13
8,0.5882352941176471,14
8,0.5555555555555556,9
8,0.625,15
8,1,14
8,0.5,19
8,0.9090909090909091,19
8,1,17
8,1,16
8,0.9090909090909091,15
8,0.9090909090909091,15
8,0.8333333333333334,8
8,0.8333333333333334,13
8,0.5555555555555556,18
9,0.9090909090909091,14
8,1,13
9,0.7142857142857143,11
8,1,19
9,1,16
8,1,12
8,1,19
8,0.7692307692307693,7
8,0.9090909090909091,12
8,0.9090909090909091,16
8,1,15
8,0.8333333333333334,10
8,0.8333333333333334,13
8,1,21
9,0.9090909090909091,13
8,0.9090909090909091,16
9,1,15
9,1,20
8,1,25
8,0.6666666666666666,11
8,1,15
9,0.6666666666666666,10
8,1,18
8,0.7692307692307693,12
8,0.9090909090909091,9
8,0.9090909090909091,16
8,1,17
8,0.8333333333333334,15
8,1,15
8,0.7692307692307693,13
8,0.9090909090909091,16
9,1,8
8,1,9
10,1,12
8,1,10
8,0.9090909090909091,8
8,0.7692307692307693,11
8,1,17
9,1,13
8,0.625,9
8,1,11
8,1,18
9,1,16
8,0.43478260869565216,7
9,0.9090909090909091,11
8,1,15
8,1,10
8,0.9090909090909091,13
8,0.9090909090909091,9
8,0.43478260869565216,9
8,0.7692307692307693,13
8,0.8333333333333334,11
8,0.9090909090909091,13
8,0.9090909090909091,12
8,1,14
8,0.9090909090909091,9
8,0.7692307692307693,7
9,1,10
8,0.7692307692307693,16
8,0.8333333333333334,16
8,0.9090909090909091,5
9,1,14
8,0.8333333333333334,10
8,0.7142857142857143,13
8,1,10
9,1,13
8,1,11
8,1,19
8,0.7692307692307693,11
8,0.8333333333333334,9
8,1,15
8,0.8333333333333334,13
8,0.6666666666666666,12
8,0.6666666666666666,9
8,1,13
8,0.9090909090909091,12
8,1,18
8,0.9090909090909091,16
8,1,20
8,0.8333333333333334,20
9,0.8333333333333334,16
9,0.5882352941176471,15
8,0.7692307692307693,15
8,1,16
8,0.9090909090909091,13
8,0.7142857142857143,11
8,0.7142857142857143,17
8,0.9090909090909091,10
9,0.9090909090909091,12
8,1,15
8,0.7692307692307693,12
8,0.9090909090909091,12
8,0.9090909090909091,14
8,0.8333333333333334,16
8,1,9
8,1,9
8,0.9090909090909091,14
8,1,19
8,0.9090909090909091,19
8,1,11
8,0.7692307692307693,15
8,0.8333333333333334,12
8,1,14
8,1,18
8,0.625,10
8,0.7142857142857143,14
8,0.8333333333333334,8
8,0.7692307692307693,11
8,0.9090909090909091,13
8,0.7142857142857143,11
8,1,19
8,0.9090909090909091,17
9,1,15
8,1,19
8,0.9090909090909091,13
8,0.8333333333333334,9
8,0.9090909090909091,7
9,0.625,12
9,1,18
8,0.9090909090909091,6
8,1,12
8,0.8333333333333334,9
8,1,16
8,0.7692307692307693,10
10,1,18
8,0.8333333333333334,12
10,1,9
8,1,12
9,1,10
8,0.8333333333333334,12
9,1,13
8,0.9090909090909091,9
8,0.7692307692307693,11
9,1,21
8,0.8333333333333334,16
8,1,12
9,1,13
9,0.8333333333333334,7
8,0.9090909090909091,9
9,1,25
8,0.9090909090909091,17
8,0.9090909090909091,14
9,1,16
9,0.8333333333333334,12
9,1,11
9,0.9090909090909091,8
8,1,18
8,1,12
8,0.7692307692307693,12
8,0.9090909090909091,12
8,1,14
8,0.8333333333333334,16
9,1,23
8,0.8333333333333334,14
8,0.9090909090909091,12
8,0.8333333333333334,18
8,1,16
8,1,17
8,1,14
9,1,11
8,0.9090909090909091,10
8,1,19
8,0.8333333333333334,10
8,0.8333333333333334,11
8,1,14
8,0.4,8
9,1,15
8,0.9090909090909091,10
8,1,10
9,0.9090909090909091,12
8,1,13
8,0.7692307692307693,13
8,1,13
9,0.9090909090909091,13
8,1,15
8,0.8333333333333334,23
8,0.5263157894736842,8
8,0.7142857142857143,14
8,0.6666666666666666,11
8,0.7142857142857143,14
8,1,16
8,0.9090909090909091,14
8,0.5263157894736842,19
9,1,10
8,0.8333333333333334,14
8,0.7692307692307693,19
8,1,22
8,1,16
8,1,18
9,1,8
8,1,14
8,0.8333333333333334,10
8,1,15
8,1,27
8,0.5555555555555556,11
8,1,15
8,0.7142857142857143,12
8,1,16
9,1,12
8,1,15
8,0.8333333333333334,5
8,0.625,12
8,1,14
8,0.9090909090909091,7
8,0.9090909090909091,12
8,1,15
8,0.7142857142857143,11
8,1,18
8,0.8333333333333334,19
9,1,22
9,0.9090909090909091,8
8,0.5555555555555556,10
8,0.9090909090909091,21
8,1,18
8,0.9090909090909091,14
8,0.7692307692307693,16
8,0.7142857142857143,14
8,1,21
8,0.8333333333333334,13
8,1,12
8,1,11
8,0.7142857142857143,9
8,0.07194244604316546,11
8,0.9090909090909091,15
8,0.45454545454545453,8
8,1,8
8,0.5,11
9,1,9
8,1,12
8,1,13
9,0.7692307692307693,7
9,1,20
8,1,17
9,0.9090909090909091,16
8,0.8333333333333334,15
8,0.8333333333333334,15
8,1,10
8,0.5555555555555556,9
8,1,13
8,0.9090909090909091,12
8,0.8333333333333334,15
8,1,21
8,0.5555555555555556,16
8,0.5263157894736842,8
8,0.8333333333333334,20
9,1,25
9,0.9090909090909091,13
8,1,18
8,0.8333333333333334,18
8,0.7142857142857143,15
8,1,12
8,0.7142857142857143,10
8,0.7142857142857143,18
8,0.7692307692307693,13
8,0.9090909090909091,14
9,1,10
8,0.7142857142857143,11
8,0.9090909090909091,19
8,0.625,14
8,0.9090909090909091,23
8,0.9090909090909091,17
8,0.9090909090909091,17
8,1,18
8,1,12
8,0.8333333333333334,12
8,0.9090909090909091,14
8,1,13
8,0.4166666666666667,6
8,0.7142857142857143,13
8,0.9090909090909091,15
8,0.8333333333333334,18
9,1,11
8,0.9090909090909091,9
8,0.9090909090909091,14
8,0.8333333333333334,15
8,0.6666666666666666,6
8,0.8333333333333334,12
8,0.7692307692307693,17
8,0.7142857142857143,11
8,1,15
8,0.7692307692307693,13
8,0.625,11
8,0.9090909090909091,17
9,1,18
8,0.8333333333333334,17
8,1,16
8,0.9090909090909091,13
8,0.9090909090909091,15
8,0.8333333333333334,16
8,0.8333333333333334,11
9,1,14
8,0.8333333333333334,10
8,0.9090909090909091,10
9,0.7692307692307693,9
8,1,18
8,0.9090909090909091,14
8,1,14
8,0.7692307692307693,6
8,0.8333333333333334,15
8,0.8333333333333334,18
8,0.8333333333333334,12
8,0.7692307692307693,17
8,1,15
8,0.8333333333333334,10
8,1,18
8,0.8333333333333334,10
8,1,14
8,0.9090909090909091,12
8,0.9090909090909091,14
9,1,19
8,1,11
8,0.8333333333333334,18
8,1,15
8,0.7692307692307693,10
9,0.9090909090909091,8
8,0.9090909090909091,6
8,1,14
8,0.9090909090909091,11
8,0.9090909090909091,20
8,0.8333333333333334,16
8,1,12
8,1,14
9,0.9090909090909091,22
8,0.6666666666666666,11
8,1,15
8,0.5263157894736842,8
8,1,15
8,0.8333333333333334,8
9,1,16
8,0.625,9
9,1,21
8,0.3448275862068966,4
8,0.9090909090909091,10
8,0.8333333333333334,13
9,1,11
8,0.6666666666666666,13
8,0.8333333333333334,12
8,0.8333333333333334,11
8,0.9090909090909091,13
8,0.9090909090909091,16
8,1,8
9,0.9090909090909091,13
8,0.9090909090909091,19
8,0.9090909090909091,15
8,0.5882352941176471,9
9,0.9090909090909091,13
8,1,10
8,1,15
8,1,5
9,1,11
8,0.5555555555555556,10
8,1,15
9,0.9090909090909091,13
8,0.4166666666666667,15
8,1,12
8,0.9090909090909091,19
8,0.8333333333333334,13
9,0.7142857142857143,11
8,1,15
8,0.8333333333333334,13
9,1,19
8,0.8333333333333334,10
8,1,9
8,0.5882352941176471,7
8,1,17
9,0.7692307692307693,15
8,1,14
8,0.7692307692307693,15
9,0.9090909090909091,18
9,0.6666666666666666,7
8,0.45454545454545453,9
8,1,16
10,1,17
8,0.8333333333333334,8
8,1,15
8,1,15
8,0.45454545454545453,8
8,1,11
9,0.6666666666666666,10
8,0.9090909090909091,13
8,0.9090909090909091,11
8,1,15
8,0.9090909090909091,13
8,0.5555555555555556,12
8,0.7692307692307693,11
8,0.9090909090909091,13
8,0.9090909090909091,15
8,0.8333333333333334,12
8,0.9090909090909091,10
8,0.7142857142857143,15
8,1,12
8,1,8
8,1,18
8,1,18
9,1,10
8,0.7692307692307693,14
8,0.9090909090909091,8
8,1,20
8,0.9090909090909091,13
8,1,11
8,1,13
10,0.47619047619047616,10
8,0.6666666666666666,7
8,0.9090909090909091,14
8,1,17
8,0.9090909090909091,15
8,0.9090909090909091,13
8,1,21
9,0.9090909090909091,14
8,1,14
9,1,17
8,0.6666666666666666,13
8,0.7142857142857143,15
8,0.8333333333333334,13
8,0.9090909090909091,16
8,0.7692307692307693,10
9,1,13
8,0.7692307692307693,8
9,1,10
8,0.7692307692307693,12
8,0.5882352941176471,12
8,0.9090909090909091,15
8,0.625,13
8,0.7692307692307693,11
8,1,16
8,0.8333333333333334,17
8,0.37037037037037035,16
8,1,19
9,1,21
8,0.6666666666666666,7
8,0.47619047619047616,10
9,0.8333333333333334,12
8,1,9
8,0.625,11
8,0.7142857142857143,10
8,1,17
8,0.7692307692307693,8
8,0.9090909090909091,15
8,0.9090909090909091,11
8,0.7692307692307693,10
9,1,16
8,1,12
8,1,13
8,0.9090909090909091,13
8,0.9090909090909091,19
8,0.9090909090909091,18
8,1,14
8,0.9090909090909091,16
8,0.625,22
8,1,8
8,0.8333333333333334,12
8,1,17
8,1,14
8,1,17
8,1,18
8,0.9090909090909091,11
8,1,11
8,0.8333333333333334,17
9,1,23
8,0.9090909090909091,18
8,1,11
8,0.8333333333333334,10
8,0.8333333333333334,10
8,0.625,12
8,0.9090909090909091,15
9,1,18
9,1,16
8,0.9090909090909091,13
9,0.7692307692307693,14
8,0.8333333333333334,9
8,1,14
8,1,13
9,1,20
8,1,11
8,0.9090909090909091,8
8,1,11
8,0.9090909090909091,11
8,0.9090909090909091,25
8,0.9090909090909091,12
9,1,7
8,1,14
8,1,10
8,0.8333333333333334,12
8,0.5555555555555556,11
9,0.7692307692307693,16
8,1,20
8,0.9090909090909091,16
8,0.8333333333333334,8
8,0.9090909090909091,15
8,0.8333333333333334,12
8,1,15
8,1,15
8,0.8333333333333334,10
9,0.9090909090909091,13
8,0.9090909090909091,11
8,1,18
9,1,15
8,0.7692307692307693,15
8,1,18
8,1,19
8,1,17
9,1,10
8,1,16
8,0.3225806451612903,14
8,1,16
8,0.9090909090909091,9
8,0.9090909090909091,18
8,0.7692307692307693,11
8,0.625,12
8,0.8333333333333334,15
9,1,8
8,0.9090909090909091,18
8,0.7142857142857143,8
9,0.9090909090909091,15
8,1,13
9,0.9090909090909091,18
8,1,18
8,0.6666666666666666,17
8,0.9090909090909091,15
8,0.9090909090909091,15
8,0.9090909090909091,10
8,0.625,18
8,1,16
8,0.7142857142857143,13
8,0.9090909090909091,9
8,0.6666666666666666,11
8,1,10
8,0.7692307692307693,14
8,1,12
8,0.9090909090909091,15
8,0.9090909090909091,17
8,0.9090909090909091,10
8,1,12
8,0.8333333333333334,16
9,0.9090909090909091,10
9,0.8333333333333334,11
8,0.5263157894736842,6
8,0.9090909090909091,12
8,1,12
8,0.6666666666666666,8
8,1,12
8,1,19
8,1,16
8,0.9090909090909091,16
8,1,18
8,1,18
9,1,18
9,0.7692307692307693,14
8,0.8333333333333334,15
9,0.9090909090909091,11
8,0.7142857142857143,8
8,1,10
8,0.9090909090909091,15
8,1,12
8,1,18
8,0.8333333333333334,8
8,1,18
8,0.5555555555555556,10
8,0.7692307692307693,11
9,1,14
8,0.9090909090909091,13
8,0.7142857142857143,13
8,1,12
9,1,11
8,0.8333333333333334,17
8,1,16
8,0.4,16
8,0.8333333333333334,10
8,0.9090909090909091,16
9,1,17
8,0.8333333333333334,11
8,0.43478260869565216,16
9,0.8333333333333334,12
8,0.8333333333333334,5
8,0.7142857142857143,23
8,1,16
8,0.8333333333333334,13
8,0.6666666666666666,6
8,0.7692307692307693,10
9,0.9090909090909091,10
8,0.9090909090909091,10
8,0.9090909090909091,16
9,0.9090909090909091,12
9,0.43478260869565216,10
9,0.8333333333333334,14
8,0.7692307692307693,7
8,0.9090909090909091,14
8,1,9
8,0.6666666666666666,11
8,0.8333333333333334,7
8,0.7692307692307693,8
8,0.6666666666666666,12
8,1,15
8,1,13
8,0.9090909090909091,10
8,0.9090909090909091,9
8,0.9090909090909091,13
8,1,13
9,0.9090909090909091,12
9,1,25
8,0.7142857142857143,10
8,0.8333333333333334,14
9,0.9090909090909091,10
8,0.8333333333333334,14
8,0.9090909090909091,21
8,0.9090909090909091,14
8,1,9
9,0.7142857142857143,9
9,1,14
9,0.9090909090909091,15
8,0.9090909090909091,9
8,0.8333333333333334,14
8,1,15
8,0.8333333333333334,19
8,1,9
8,1,13
8,0.6666666666666666,15
8,0.9090909090909091,15
8,0.6666666666666666,13
8,0.8333333333333334,13
8,1,17
8,0.7692307692307693,13
8,1,14
8,0.9090909090909091,14
8,0.9090909090909091,14
10,1,8
8,1,20
8,0.8333333333333334,18
8,1,13
8,0.9090909090909091,11
8,1,15
8,0.9090909090909091,13
9,0.9090909090909091,6
9,1,14
8,0.6666666666666666,10
8,0.7692307692307693,11
8,0.6666666666666666,11
8,0.7692307692307693,10
8,1,13
8,0.9090909090909091,10
8,0.8333333333333334,12
8,1,13
8,0.9090909090909091,7
8,1,13
8,0.7142857142857143,13
8,1,21
8,0.6666666666666666,14
9,0.8333333333333334,19
8,0.7692307692307693,14
8,0.9090909090909091,14
8,0.7142857142857143,12
8,1,17
8,1,11
8,0.7142857142857143,9
8,0.9090909090909091,11
8,1,15
8,1,14
9,0.9090909090909091,10
8,0.9090909090909091,21
8,1,18
9,1,22
8,1,17
8,0.7692307692307693,19
8,1,18
9,0.7692307692307693,9
8,0.9090909090909091,15
8,1,18
8,1,13
8,0.7692307692307693,13
8,0.5555555555555556,11
9,1,7
8,1,20
8,0.9090909090909091,10
8,0.7692307692307693,8
8,0.8333333333333334,16
9,0.9090909090909091,8
9,1,20
8,1,11
8,0.7692307692307693,20
8,0.2702702702702703,9
9,1,16
8,0.8333333333333334,14
8,0.6666666666666666,8
8,0.7692307692307693,8
8,1,18
8,0.9090909090909091,14
8,0.9090909090909091,7
8,0.7692307692307693,7
8,1,10
9,1,12
8,0.9090909090909091,12
8,1,20
8,0.7692307692307693,8
8,1,19
9,1,14
8,0.7692307692307693,18
9,1,16
8,0.9090909090909091,10
8,1,13
9,0.9090909090909091,19
8,0.6666666666666666,11
8,1,13
8,0.6666666666666666,9
8,1,16
9,1,20
8,0.625,11
8,0.9090909090909091,18
8,1,4
8,0.09259259259259259,14
8,0.7692307692307693,11
9,0.8333333333333334,13
8,1,15
8,0.6666666666666666,19
8,1,11
8,0.7142857142857143,12
8,1,13
8,0.9090909090909091,16
8,1,11
8,0.6666666666666666,11
8,0.5882352941176471,9
8,1,13
8,0.8333333333333334,15
8,0.9090909090909091,12
8,1,12
8,0.8333333333333334,18
8,0.7142857142857143,8
8,1,21
8,1,8
9,0.9090909090909091,17
8,0.7692307692307693,13
8,0.9090909090909091,16
8,0.9090909090909091,11
8,0.8333333333333334,13
8,1,11
8,0.5882352941176471,11
9,0.7692307692307693,12
8,0.9090909090909091,11
8,0.7692307692307693,14
8,0.9090909090909091,16
9,1,7
8,1,25
8,1,15
8,1,10
8,0.8333333333333334,15
8,0.7692307692307693,16
8,0.9090909090909091,13
8,1,18
8,1,14
8,0.7142857142857143,16
8,0.9090909090909091,11
8,1,16
8,0.7692307692307693,13
9,1,16
8,1,10
8,0.9090909090909091,12
9,1,13
8,1,15
8,1,14
8,0.7692307692307693,15
8,0.8333333333333334,10
9,1,9
8,0.5263157894736842,15
8,0.9090909090909091,17
8,0.7692307692307693,18
8,1,20
8,0.7142857142857143,17
9,0.9090909090909091,11
8,0.8333333333333334,17
8,0.8333333333333334,14
8,0.8333333333333334,10
8,0.9090909090909091,15
8,0.9090909090909091,17
8,1,14
8,0.9090909090909091,9
8,0.9090909090909091,26
8,1,21
8,0.7142857142857143,7
8,0.8333333333333334,13
8,1,15
8,0.7142857142857143,16
9,1,17
8,0.9090909090909091,7
8,0.9090909090909091,9
8,1,26
8,1,12
9,1,17
8,0.7142857142857143,16
9,0.7692307692307693,14
8,1,18
8,0.5882352941176471,16
8,0.9090909090909091,16
8,0.8333333333333334,12
8,0.9090909090909091,13
8,0.7692307692307693,8
8,1,17
8,0.7692307692307693,11
10,0.9090909090909091,13
8,1,8
8,0.8333333333333334,12
8,0.9090909090909091,18
8,1,18
8,0.9090909090909091,9
8,0.8333333333333334,15
8,0.5882352941176471,11
8,0.9090909090909091,15
8,1,10
9,1,16
8,1,22
8,1,18
8,1,11
9,0.9090909090909091,14
8,0.7142857142857143,11
8,1,16
8,0.7692307692307693,9
8,0.9090909090909091,16
8,1,15
9,1,14
9,1,10
10,1,15
8,0.9090909090909091,10
8,0.9090909090909091,21
9,1,18
8,0.5882352941176471,14
8,0.43478260869565216,10
8,0.9090909090909091,12
8,0.4,11
8,1,18
8,0.6666666666666666,15
9,1,16
8,0.5882352941176471,11
8,0.9090909090909091,13
8,1,8
8,0.9090909090909091,11
8,1,11
8,0.9090909090909091,13
8,0.8333333333333334,15
8,0.6666666666666666,12
8,0.7142857142857143,10
10,1,25
8,0.9090909090909091,17
8,1,9
8,0.9090909090909091,10
8,0.5882352941176471,4
8,0.7692307692307693,8
8,1,17
9,0.9090909090909091,14
8,0.6666666666666666,10
8,0.7692307692307693,12
8,0.9090909090909091,19
8,0.8333333333333334,11
8,1,14
8,0.9090909090909091,8
8,1,10
8,0.6666666666666666,7
8,0.9090909090909091,13
8,1,11
8,0.625,28
9,1,18
8,1,12
8,1,17
8,1,17
8,0.9090909090909091,14
9,0.9090909090909091,12
9,1,13
8,0.6666666666666666,8
8,0.625,17
8,0.9090909090909091,12
8,1,19
9,0.9090909090909091,12
8,0.8333333333333334,14
8,1,16
8,1,10
8,0.5,10
8,0.9090909090909091,15
9,1,23
8,1,11
8,0.5882352941176471,13
8,0.9090909090909091,23
9,1,17
8,0.9090909090909091,8
8,0.9090909090909091,10
8,0.3448275862068966,12
9,1,15
8,0.6666666666666666,13
8,0.625,12
8,0.7692307692307693,19
8,0.625,10
8,1,20
8,0.7142857142857143,16
8,0.8333333333333334,8
8,0.8333333333333334,12
8,0.9090909090909091,10
9,0.7142857142857143,11
8,0.8333333333333334,9
8,0.8333333333333334,14
8,0.7142857142857143,13
8,0.9090909090909091,13
8,1,9
8,0.5263157894736842,10
8,0.9090909090909091,11
9,0.8333333333333334,11
8,0.47619047619047616,16
8,1,14
8,0.9090909090909091,13
8,1,15
8,0.6666666666666666,11
8,0.9090909090909091,12
8,0.9090909090909091,17
8,1,17
10,0.9090909090909091,12
8,1,17
9,1,20
8,1,17
9,0.9090909090909091,8
8,0.7142857142857143,11
9,1,18
9,1,9
8,1,13
8,0.9090909090909091,10
8,0.5882352941176471,13
8,0.47619047619047616,13
9,0.9090909090909091,14
8,1,11
9,1,14
8,0.7692307692307693,12
8,0.2857142857142857,13
9,1,13
8,0.9090909090909091,10
8,0.9090909090909091,16
8,0.9090909090909091,11
8,0.03076923076923077,11
8,0.8333333333333334,9
8,0.5882352941176471,10
9,0.8333333333333334,20
8,0.9090909090909091,11
8,1,14
8,0.8333333333333334,9
8,1,11
8,1,16
8,0.9090909090909091,13
8,0.9090909090909091,10
8,1,26
8,0.8333333333333334,11
8,1,18
8,0.625,13
8,0.9090909090909091,18
8,0.9090909090909091,26
8,0.9090909090909091,9
8,0.9090909090909091,17
10,1,7
8,0.9090909090909091,8
9,0.9090909090909091,9
8,0.5882352941176471,9
8,0.9090909090909091,11
9,0.9090909090909091,16
9,1,14
8,1,16
8,1,8
8,1,13
8,1,15
9,1,14
9,1,24
8,0.9090909090909091,18
8,0.9090909090909091,13
8,0.625,8
8,0.9090909090909091,12
8,1,13
8,0.8333333333333334,11
8,1,20
8,0.8333333333333334,13
8,0.9090909090909091,19
8,0.9090909090909091,16
9,1,15
8,0.9090909090909091,12
9,0.9090909090909091,18
9,1,14
8,1,10
8,0.9090909090909091,13
8,1,17
8,0.8333333333333334,14
8,1,22
8,0.7692307692307693,13
8,1,17
8,0.8333333333333334,15
8,0.7142857142857143,10
8,0.7692307692307693,8
8,0.45454545454545453,9
8,0.8333333333333334,19
8,1,14
8,0.9090909090909091,16
9,1,16
8,1,22
8,1,16
8,1,13
8,0.7142857142857143,14
8,0.9090909090909091,14
8,1,8
9,1,16
8,0.9090909090909091,14
8,0.8333333333333334,10
8,1,14
8,0.7692307692307693,9
8,1,11
8,0.625,8
8,0.7692307692307693,10
8,0.9090909090909091,21
8,0.5882352941176471,16
8,0.9090909090909091,15
8,1,15
8,0.7142857142857143,5
9,0.6666666666666666,11
8,0.9090909090909091,17
8,0.8333333333333334,10
8,1,13
8,0.43478260869565216,11
8,1,14
8,0.7692307692307693,18
8,1,21
8,0.9090909090909091,9
8,0.8333333333333334,11
9,0.9090909090909091,13
8,0.9090909090909091,16
8,1,10
8,0.9090909090909091,13
8,1,16
8,0.8333333333333334,15
8,0.7142857142857143,5
8,0.7142857142857143,4
8,0.8333333333333334,14
9,0.8333333333333334,17
8,0.5555555555555556,6
8,1,13
8,0.9090909090909091,15
8,0.7692307692307693,5
8,1,14
8,1,21
8,1,13
8,0.8333333333333334,12
9,1,16
8,0.9090909090909091,11
9,1,11
8,1,9
8,1,19
8,0.625,14
8,1,14
8,0.7142857142857143,8
8,0.625,11
9,0.7692307692307693,25
8,0.8333333333333334,14
8,1,12
8,0.6666666666666666,7
9,0.9090909090909091,9
8,0.7142857142857143,7
9,1,16
8,0.9090909090909091,9
8,1,9
8,1,12
8,0.5882352941176471,11
8,1,16
9,0.7692307692307693,12
8,0.7692307692307693,13
8,0.7692307692307693,7
8,1,20
8,1,14
8,0.8333333333333334,9
8,0.7692307692307693,7
8,0.7692307692307693,6
8,0.9090909090909091,13
9,0.7142857142857143,11
8,0.7692307692307693,9
8,1,14
8,1,12
8,0.9090909090909091,9
8,0.7142857142857143,12
8,1,17
8,0.9090909090909091,13
8,0.8333333333333334,13
8,1,19
10,1,19
8,0.8333333333333334,13
8,1,13
8,0.7142857142857143,8
8,1,22
8,0.9090909090909091,11
8,0.9090909090909091,17
8,1,14
9,0.9090909090909091,15
8,1,15
9,1,12
8,0.9090909090909091,26
8,0.9090909090909091,14
8,1,20
8,1,10
8,1,8
8,1,18
8,0.9090909090909091,13
8,0.9090909090909091,15
8,0.9090909090909091,9
9,1,13
8,0.7142857142857143,15
8,1,14
8,0.8333333333333334,19
8,0.9090909090909091,20
8,0.9090909090909091,9
8,0.9090909090909091,16
8,0.7142857142857143,12
8,1,8
8,1,17
8,1,20
8,1,14
8,0.8333333333333334,21
8,0.625,14
8,0.9090909090909091,18
8,1,18
8,0.8333333333333334,13
9,0.8333333333333334,13
8,0.5555555555555556,7
8,1,13
8,0.9090909090909091,12
9,0.9090909090909091,12
8,1,7
9,0.9090909090909091,16
8,0.5555555555555556,16
8,1,13
8,1,16
9,0.9090909090909091,5
8,1,20
8,1,14
8,1,17
8,0.9090909090909091,13
8,1,14
8,0.8333333333333334,14
9,1,26
8,0.7142857142857143,12
9,0.9090909090909091,12
8,1,13
10,1,19
8,0.7692307692307693,11
8,0.9090909090909091,15
8,1,19
8,0.5555555555555556,10
8,0.8333333333333334,19
8,1,11
8,0.7692307692307693,19
9,1,12
9,0.7692307692307693,8
8,1,15
8,0.8333333333333334,13
9,1,18
8,1,25
8,0.5882352941176471,6
8,0.9090909090909091,23
8,1,12
