1037,12,0.006600660066006601
361,12,0.000556266340323747
1742,12,0.004549590536851683
2074,12,0.006944444444444444
660,12,0.0005976571838393497
316,12,0.00044369509273227436
1888,12,0.008620689655172414
1818,12,0.005402485143165856
564,12,0.00042898202565312514
1119,12,0.005931198102016607
2279,12,0.00620347394540943
1358,12,0.0002687666299352272
530,12,0.0004333882291756956
2181,12,0.0056401579244218835
1008,12,0.0065919578114700065
1163,12,0.006548788474132285
1419,12,0.0001557389814670612
2127,12,0.00725689404934688
989,12,0.004995004995004995
1802,12,0.00016019223067681218
2176,12,0.00398247710075667
1279,12,0.00477326968973747
2159,12,0.006978367062107467
1506,12,0.00580046403712297
1971,12,0.004835589941972921
453,12,0.00040981926970206137
1102,12,0.003472222222222222
1968,12,0.005636978579481398
1401,12,0.0003225078208146548
1880,12,0.00550357732526142
1465,12,0.007168458781362007
840,12,0.0006621201085876978
1201,12,0.006042296072507553
1489,12,0.000151336299524804
2188,12,0.004512635379061372
2058,12,0.0071633237822349575
488,12,0.0007605719501064801
878,12,0.0005213492518638236
871,12,0.006570302233902759
988,12,0.004666355576294913
2060,12,0.008424599831508003
1824,12,0.0002830375590840905
623,12,0.00037307864497836146
1449,12,0.0002882508935777701
1667,12,0.005685048322910745
1751,12,0.00019081056327278277
641,12,0.0003132537668765467
1626,12,0.00035234840209999647
448,12,0.0005561116672227783
2102,12,0.0038446751249519417
1908,12,0.0034674063800277394
1655,12,0.0057570523891767415
1003,12,0.00004208771922440751
1451,12,0.00021636591804059024
1922,12,0.004468275245755138
1351,12,0.0002085331776285607
1678,12,0.00017961705643567913
1531,12,0.00027550486266082595
1320,12,0.00018369183857161226
1852,12,0.00510204081632653
1293,12,0.0003679040506235974
2284,12,0.0044822949350067235
1315,12,0.00017858099541046842
720,12,0.0004338771259979174
2150,12,0.00552791597567717
708,12,0.0009477774618519572
1313,12,0.00016306297492091446
1705,12,0.00008627904368307982
1890,12,0.0058823529411764705
2136,12,0.006082725060827251
1562,12,0.00027650279267820604
1961,12,0.006027727546714889
1963,12,0.003566333808844508
903,12,0.0031565656565656565
887,12,0.004764173415912339
1807,12,0.0002934014024587038
1985,12,0.0036737692872887582
793,12,0.0005687958591661453
1676,12,0.00018100530345539125
2187,12,0.0044742729306487695
2008,12,0.0034129692832764505
415,12,0.004222972972972973
515,12,0.004486316733961417
1481,12,0.009689922480620155
431,12,0.00375234521575985
595,12,0.006540222367560497
1372,12,0.000183073064460026
1525,12,0.004775549188156638
743,12,0.000572508158241255
1860,12,0.0002184073734329271
771,12,0.000448974094194765
1375,12,0.0004259669449650707
1760,12,0.0052659294365455505
2019,12,0.0031466331025802393
887,12,0.009708737864077669
753,12,0.0006108362348054486
606,12,0.00516795865633075
1956,12,0.003721622627465575
538,12,0.005238344683080147
1468,12,0.00015846102651052973
1924,12,0.004541326067211626
772,12,0.0004263846842621413
855,12,0.005414185165132647
1028,12,0.005837711617046118
1413,12,0.004531037607612143
844,12,0.005934718100890208
739,12,0.00039408866995073894
2156,12,0.005810575246949448
700,12,0.0004752174119659744
1402,12,0.008257638315441783
1254,12,0.0076045627376425855
1245,12,0.006309148264984227
1231,12,0.000531632110579479
1049,12,0.003909304143862392
836,12,0.0004548762736535662
927,12,0.003461405330564209
1829,12,0.0077279752704791345
1043,12,0.00599880023995201
1702,12,0.003834355828220859
1062,12,0.0047370914258645196
944,12,0.0037764350453172208
2184,12,0.00697350069735007
2127,12,0.008136696501220505
803,12,0.00025113639217459
979,12,0.000025760514798127725
447,12,0.00508130081300813
626,12,0.00039539757225890635
2232,12,0.005327650506126798
674,12,0.0004693293283897311
395,12,0.005659309564233163
538,12,0.0005207248489897938
1836,12,0.003604902667627974
1908,12,0.0057570523891767415
788,12,0.0005480052608505041
2295,12,0.005115089514066497
905,12,0.008216926869350863
1093,12,0.006389776357827476
1779,12,0.004329004329004329
1215,12,0.005906674542232723
1404,12,0.00018684953007343187
2145,12,0.006150061500615006
2189,12,0.009487666034155597
1761,12,0.005411255411255411
480,12,0.00033764392072120744
2007,12,0.0067613252197430695
1422,12,0.00025307485954345296
2257,12,0.004127115146512587
2129,12,0.006218905472636816
1919,12,0.0052056220718375845
1937,12,0.003969829297340214
2219,12,0.006765899864682003
2260,12,0.009950248756218905
2066,12,0.004750593824228029
1842,12,0.005035246727089627
1688,12,0.0002474145182839329
1852,12,0.004719207173194903
1407,12,0.00021908204622631176
1474,12,0.004484304932735426
1729,12,0.0048828125
1384,12,0.00044224305678400847
1611,12,0.011614401858304297
2188,12,0.004395604395604396
1440,12,0.0001703780689349667
1394,12,0.00028270149549091116
2247,12,0.004847309743092583
1633,12,0.0002157683510982609
2122,12,0.004411116012351125
1370,12,0.00023720290336353718
1977,12,0.004826254826254826
2163,12,0.005221932114882507
2249,12,0.003803727653100038
2026,12,0.006734006734006734
1780,12,0.00020345466012899026
1042,12,0.002858776443682104
1073,12,0.004409171075837742
957,12,0.005175983436853002
983,12,0.00003959721710758168
1138,12,0.0004803535402055913
972,12,0.0053475935828877
1973,12,0.01277139208173691
468,12,0.0006552650547146321
870,12,0.005608524957936063
1042,12,0.005688282138794084
1732,12,0.00016299918500407498
1907,12,0.00796812749003984
461,12,0.00029721215003269334
1060,12,0.007127583749109052
2278,12,0.004248088360237893
1727,12,0.0002741829348541347
2061,12,0.0044662795891022775
1055,12,0.00038198556094579627
1023,12,0.005688282138794084
1125,12,0.00003416070562353536
2182,12,0.0031806615776081423
2017,12,0.004604051565377533
2274,12,0.0038669760247486465
1401,12,0.0002737251252292448
1658,12,0.00020677391340308507
1472,12,0.0061614294516327784
2221,12,0.0072254335260115606
1589,12,0.0002286811955452903
1779,12,0.004042037186742118
1990,12,0.004462293618920125
1586,12,0.00016178611875101117
1613,12,0.0005567928730512249
1460,12,0.0066711140760507
1442,12,0.004533091568449683
1614,12,0.005154639175257732
2231,12,0.004480286738351254
1780,12,0.007627765064836003
2042,12,0.008123476848090982
1826,12,0.0045351473922902496
1196,12,0.00003113780659062814
1618,12,0.00024818822595056093
2266,12,0.006510416666666667
1394,12,0.00038072032285083377
1848,12,0.0071581961345740875
2068,12,0.0075815011372251705
1978,12,0.008216926869350863
1976,12,0.004244482173174873
1634,12,0.00024704777904046644
2201,12,0.004271678769756515
2180,12,0.0040128410914927765
1841,12,0.006277463904582548
1787,12,0.0001979257382630037
1768,12,0.0006355258976803305
1817,12,0.00578368999421631
2099,12,0.004185851820845542
1630,12,0.0002884005306569764
1670,12,0.0002116133401049602
1859,12,0.0070126227208976155
1920,12,0.008403361344537815
995,12,0.000034580896820978155
1354,12,0.000292295101134105
1628,12,0.006622516556291391
2221,12,0.005211047420531527
1481,12,0.00513083632632119
1291,12,0.00016702019274130242
1938,12,0.005263157894736842
1828,12,0.0048216007714561235
1757,12,0.00016090104585679806
1315,12,0.00003431932761573335
1778,12,0.0001992071555210263
2196,12,0.006024096385542169
2088,12,0.011574074074074073
1438,12,0.0003044881554107545
1454,12,0.0001758860258552458
1910,12,0.00034236023143551647
2305,12,0.003862495171881035
2184,12,0.006222775357809583
1657,12,0.004500450045004501
1931,12,0.00436871996505024
2182,12,0.008084074373484237
1318,12,0.00043291917399021604
2234,12,0.008156606851549755
2004,12,0.0058445353594389245
1639,12,0.005356186395286556
1270,12,0.00002086780869227703
1438,12,0.004164931278633903
1040,12,0.006222775357809583
1074,12,0.0047370914258645196
934,12,0.0076103500761035
1836,12,0.0003750797044371929
1606,12,0.000300815209216978
