2,0.5882352941176471,229
1,0.00035017683930384843,252
2,0.0018375597206909224,209
1,0.47619047619047616,212
1,0.0002462993522327036,195
2,0.00022141528651138074,231
2,0.0002039817232375979,196
1,0.00016508733119820386,214
2,0.00026629740093736683,246
2,0.00007322198709828588,256
1,0.00004849354793344745,198
1,0.47619047619047616,230
2,0.0001494589585699767,212
1,0.00005552162567319971,198
1,0.00003772559908251343,221
1,0.0010905125408942203,215
1,0.0000866205845157043,244
1,0.37037037037037035,187
3,0.0003946797174093223,222
1,0.00008667689454022241,192
1,0.00001361618692301408,205
1,0.0002041316240712011,208
1,0.0006582411795681938,253
1,0.0003213780691605605,182
1,0.00001024461056649623,239
2,0.00031809651048128,226
1,0.000008275953389830508,217
1,0.000009333564805740516,240
2,0.0006195019204559534,252
1,0.00004035154263947511,254
1,0.000004377564979480164,232
3,0.47619047619047616,247
1,0.000125203455615375,231
2,0.00006888855210041196,222
2,0.00018573551263001485,245
3,0.0003973457305201256,234
1,0.000029028418822026763,192
2,0.0000031512936060252735,246
1,0.00009885232451241092,207
1,0.017482517482517484,235
1,0.000004952763022671273,215
1,0.000019936840090593,253
2,0.4,226
2,0.00006986606675004017,209
1,0.00010738600975064969,230
2,0.45454545454545453,224
2,0.5263157894736842,234
1,0.0000023513223601821426,244
1,0.000018232604272263833,222
1,0.00008959931187728479,212
3,0.5263157894736842,217
2,0.5555555555555556,243
2,0.00012106537530266344,208
1,0.06097560975609756,203
3,0.4166666666666667,216
1,0.000002638571160944925,250
1,0.00005644997403301194,218
1,0.00024743900628495076,219
1,0.0002246585190510424,230
2,0.00003142499795737513,219
1,0.000006284707296042394,212
1,0.000018289158918159672,231
1,0.000020311414608781842,197
1,0.000010463655017479536,248
1,0.00015065913370998117,210
2,0.16666666666666666,206
1,0.00024622051509331757,233
1,0.000001794156110599677,215
1,0.0000015095235083379285,204
1,0.00005147581151616855,239
1,0.5555555555555556,226
1,0.000026894444683506174,229
1,0.5263157894736842,200
1,0.00003324534398957426,205
1,0.0000057622540093763395,230
2,0.000019715816224933803,220
1,0.000004006081231309127,219
2,0.00003340281118058896,242
3,0.43478260869565216,215
1,0.000005092155280183114,198
1,0.0000014479053081511712,222
1,0.0001954461057363432,188
2,0.7692307692307693,241
1,0.000026295306813639902,203
2,0.00037339905156640903,212
1,0.000012007396556278668,205
2,0.0003996323382488111,235
2,0.0001246898340378309,244
1,0.000001949017217813004,253
