4,0.010384215991692628,60
4,0.007047216349541931,83
4,0.008361204013377926,96
4,0.006253908692933083,114
4,0.011001100110011002,125
4,0.008710801393728223,193
4,0.00628140703517588,127
4,0.009285051067780872,56
4,0.005743825387708214,100
4,0.007861635220125786,165
4,0.007704160246533128,147
4,0.01006036217303823,127
4,0.007892659826361484,180
4,0.004710315591144607,173
4,0.00949667616334283,95
4,0.006031363088057901,200
4,0.008445945945945946,169
4,0.006887052341597796,160
4,0.00794912559618442,156
4,0.010245901639344262,195
4,0.005973715651135006,96
4,0.008873114463176575,171
4,0.00864304235090752,129
4,0.009881422924901186,62
4,0.004977600796416127,99
4,0.009505703422053232,92
4,0.005549389567147614,83
4,0.008410428931875526,83
4,0.011454753722794959,194
4,0.01095290251916758,131
4,0.006622516556291391,98
4,0.0073475385745775165,168
4,0.012315270935960592,140
4,0.005636978579481398,128
4,0.006779661016949152,132
4,0.006644518272425249,196
4,0.007621951219512195,194
4,0.010438413361169102,96
4,0.020080321285140562,132
4,0.006523157208088715,139
4,0.005277044854881266,127
4,0.00846740050804403,120
4,0.010319917440660475,132
4,0.008748906386701663,126
4,0.008503401360544218,201
4,0.006724949562878279,126
4,0.008368200836820083,80
4,0.012919896640826873,177
4,0.014285714285714285,124
4,0.006535947712418301,221
4,0.008333333333333333,129
4,0.007215007215007215,104
4,0.00819000819000819,188
4,0.009689922480620155,81
4,0.009250693802035153,92
4,0.005668934240362812,111
4,0.011049723756906077,192
4,0.007272727272727273,135
4,0.005917159763313609,126
4,0.00727802037845706,58
4,0.005173305742369374,123
4,0.00683526999316473,62
4,0.006944444444444444,197
4,0.005803830528148578,115
4,0.005810575246949448,96
4,0.006510416666666667,79
4,0.007593014426727411,93
4,0.007434944237918215,130
4,0.007575757575757576,194
4,0.00777000777000777,196
4,0.00865051903114187,195
4,0.006329113924050633,180
4,0.004462293618920125,106
4,0.006798096532970768,134
4,0.008481764206955046,142
4,0.00558659217877095,127
4,0.010626992561105207,68
4,0.009861932938856016,95
4,0.010111223458038422,208
4,0.00864304235090752,137
4,0.007763975155279503,184
4,0.015552099533437015,131
4,0.004800768122899664,139
4,0.0076511094108645756,181
4,0.008136696501220505,60
4,0.01272264631043257,205
4,0.007656967840735069,237
4,0.013123359580052493,60
4,0.008968609865470852,130
4,0.00859106529209622,92
4,0.009157509157509158,92
4,0.009041591320072333,122
4,0.007342143906020558,82
4,0.007564296520423601,105
4,0.005282620179609086,194
4,0.005807200929152149,90
4,0.008710801393728223,125
4,0.01044932079414838,107
4,0.009099181073703366,130
4,0.008271298593879239,62
4,0.0073475385745775165,186
4,0.008904719501335707,98
4,0.006775067750677507,135
4,0.0048828125,173
4,0.011001100110011002,165
4,0.014705882352941176,171
4,0.008718395815170008,128
4,0.01592356687898089,204
4,0.00777000777000777,193
4,0.00641025641025641,133
4,0.006414368184733804,171
4,0.006675567423230975,125
4,0.00628140703517588,208
4,0.00594883997620464,112
4,0.0059417706476530005,92
4,0.012987012987012988,182
4,0.005042864346949067,181
4,0.00591016548463357,95
4,0.01256281407035176,127
4,0.010319917440660475,83
4,0.011990407673860911,131
4,0.009285051067780872,125
4,0.01652892561983471,127
4,0.005271481286241434,66
4,0.021052631578947368,135
4,0.011185682326621925,132
4,0.010548523206751054,123
4,0.006325110689437065,177
4,0.006640106241699867,139
4,0.008012820512820512,101
4,0.00904977375565611,97
4,0.00819672131147541,127
4,0.005580357142857143,118
4,0.0076103500761035,198
4,0.008424599831508003,160
4,0.0077459333849728895,129
4,0.0044603033006244425,213
4,0.01006036217303823,189
4,0.012135922330097087,96
4,0.00980392156862745,150
4,0.008741258741258742,200
4,0.006402048655569782,120
4,0.008561643835616438,93
4,0.0199203187250996,58
4,0.007587253414264037,129
4,0.01023541453428864,138
4,0.00823045267489712,129
4,0.007757951900698216,60
4,0.009813542688910697,128
4,0.009140767824497258,198
4,0.0056022408963585435,62
4,0.006548788474132285,144
4,0.009532888465204958,83
4,0.010309278350515464,100
4,0.009250693802035153,204
4,0.006153846153846154,212
4,0.0043308791684712,192
4,0.01088139281828074,56
4,0.010626992561105207,205
4,0.006839945280437756,200
4,0.004901960784313725,103
4,0.013568521031207599,133
4,0.010141987829614604,170
4,0.007246376811594203,95
4,0.016181229773462782,85
4,0.006925207756232687,126
4,0.005851375073142188,127
4,0.010362694300518135,196
4,0.011013215859030838,130
4,0.006906077348066298,129
4,0.007513148009015778,130
4,0.0065919578114700065,208
4,0.01430615164520744,192
4,0.007535795026375283,178
4,0.00725689404934688,100
4,0.00643915003219575,92
4,0.009191176470588236,126
4,0.009765625,208
4,0.008936550491510277,132
4,0.004965243296921549,136
4,0.006702412868632708,199
4,0.006402048655569782,58
4,0.006587615283267457,105
4,0.005035246727089627,216
4,0.006385696040868455,126
4,0.008032128514056224,179
4,0.010515247108307046,58
4,0.004317789291882556,106
4,0.008271298593879239,81
4,0.014619883040935672,131
4,0.008904719501335707,150
4,0.007047216349541931,236
4,0.011990407673860911,123
4,0.006097560975609756,130
4,0.00922509225092251,106
4,0.008382229673093043,195
4,0.004784688995215311,100
4,0.011574074074074073,157
4,0.008841732979664015,95
4,0.009852216748768473,62
4,0.005213764337851929,131
4,0.009250693802035153,130
4,0.011467889908256881,201
4,0.008561643835616438,60
4,0.005945303210463734,137
4,0.009737098344693282,125
4,0.007251631617113851,178
4,0.008382229673093043,124
4,0.009689922480620155,58
4,0.005361930294906166,100
4,0.014025245441795231,60
4,0.005659309564233163,132
4,0.011185682326621925,184
4,0.008319467554076539,131
4,0.009124087591240875,106
4,0.006548788474132285,130
4,0.009652509652509652,204
4,0.012330456226880395,175
4,0.0084530853761623,125
4,0.006747638326585695,129
4,0.009250693802035153,172
4,0.007473841554559043,99
4,0.006157635467980296,211
4,0.009587727708533078,194
4,0.00791765637371338,142
4,0.00819672131147541,181
4,0.008748906386701663,174
4,0.009596928982725527,79
4,0.007886435331230283,196
4,0.01610305958132045,170
4,0.01107419712070875,131
4,0.007147962830593281,138
4,0.010319917440660475,125
4,0.008136696501220505,135
4,0.007880220646178092,100
4,0.008,220
4,0.01017293997965412,87
4,0.00831255195344971,187
4,0.004576659038901602,123
4,0.00966183574879227,134
4,0.0074794315632011965,85
4,0.007042253521126761,135
4,0.006544502617801047,201
4,0.008635578583765112,86
4,0.008271298593879239,95
4,0.00819672131147541,130
4,0.006839945280437756,95
4,0.006313131313131313,182
4,0.005813953488372093,144
4,0.007961783439490446,60
4,0.009380863039399626,134
4,0.006369426751592357,126
4,0.006587615283267457,127
4,0.007331378299120235,133
4,0.009174311926605505,127
4,0.005050505050505051,133
4,0.008143322475570033,117
4,0.010638297872340425,159
4,0.0058309037900874635,62
4,0.008517887563884156,117
4,0.00727802037845706,127
4,0.008635578583765112,125
4,0.009487666034155597,135
4,0.013605442176870748,140
4,0.007855459544383346,125
4,0.012048192771084338,131
4,0.0030864197530864196,81
4,0.005810575246949448,200
4,0.005063291139240506,164
4,0.007462686567164179,97
4,0.018656716417910446,195
4,0.008123476848090982,122
4,0.007886435331230283,123
4,0.006858710562414266,60
4,0.006711409395973154,132
4,0.008873114463176575,197
4,0.007616146230007616,118
4,0.007429420505200594,205
4,0.005659309564233163,201
4,0.004524886877828055,132
4,0.005221932114882507,166
4,0.00937207122774133,60
4,0.009794319294809012,218
4,0.006024096385542169,102
4,0.005227391531625719,134
4,0.011363636363636364,60
4,0.00693000693000693,95
4,0.0072254335260115606,128
4,0.009442870632672332,214
4,0.0078003120124804995,80
4,0.009442870632672332,132
4,0.006882312456985547,195
4,0.007407407407407408,193
4,0.007087172218284904,129
4,0.013210039630118891,60
4,0.004945598417408506,211
4,0.007905138339920948,134
4,0.010131712259371834,137
4,0.005313496280552604,133
4,0.006734006734006734,140
4,0.007558578987150416,130
4,0.0047984644913627635,130
4,0.007358351729212656,211
4,0.0039904229848363925,100
4,0.00983284169124877,221
4,0.00819672131147541,197
4,0.005058168942842691,121
4,0.00782472613458529,170
4,0.005770340450086555,130
4,0.00975609756097561,117
4,0.005672149744753261,82
4,0.005599104143337066,214
4,0.004111842105263158,60
4,0.007401924500370096,134
4,0.007401924500370096,140
4,0.0055248618784530384,126
4,0.008547008547008548,113
4,0.00778816199376947,121
4,0.011933174224343675,211
4,0.006313131313131313,167
4,0.011918951132300357,121
4,0.00864304235090752,126
4,0.008928571428571428,131
4,0.009578544061302681,215
4,0.014124293785310734,207
4,0.009852216748768473,197
4,0.007942811755361398,143
4,0.005151983513652756,127
4,0.01179245283018868,60
4,0.004965243296921549,141
4,0.006082725060827251,131
4,0.006269592476489028,60
4,0.00578368999421631,129
4,0.01095290251916758,174
4,0.010660980810234541,134
4,0.00376081233546446,149
4,0.010626992561105207,186
4,0.013175230566534914,140
4,0.008445945945945946,127
4,0.005070993914807302,56
4,0.01858736059479554,60
4,0.004053506282934738,132
4,0.005291005291005291,124
4,0.01040582726326743,179
4,0.013227513227513227,220
4,0.008658008658008658,189
4,0.0111731843575419,117
4,0.007107320540156361,125
4,0.005861664712778429,118
4,0.0057405281285878304,122
4,0.010362694300518135,126
4,0.015037593984962405,172
4,0.009746588693957114,101
4,0.005005005005005005,170
4,0.015082956259426848,191
4,0.005605381165919282,93
4,0.006112469437652812,171
4,0.008912655971479501,126
4,0.014144271570014143,116
4,0.005330490405117271,126
4,0.0075528700906344415,101
4,0.005367686527106817,183
4,0.008123476848090982,130
4,0.00784313725490196,209
4,0.006261740763932373,96
4,0.006397952655150352,132
4,0.0071581961345740875,108
4,0.011273957158962795,126
4,0.008130081300813009,79
4,0.013458950201884253,131
4,0.0058997050147492625,139
4,0.006101281269066504,206
4,0.009017132551848512,222
4,0.0066269052352551355,56
4,0.009267840593141797,100
4,0.005099439061703213,100
4,0.007662835249042145,128
4,0.00922509225092251,181
4,0.011185682326621925,60
4,0.010893246187363835,136
4,0.010660980810234541,168
4,0.005595970900951315,96
4,0.005803830528148578,84
4,0.007462686567164179,124
4,0.005202913631633715,103
4,0.011547344110854504,93
4,0.006242197253433208,108
4,0.005136106831022085,99
4,0.004132231404958678,62
4,0.00946073793755913,197
4,0.014265335235378032,126
4,0.008952551477170993,126
4,0.008517887563884156,100
4,0.016474464579901153,137
4,0.006788866259334691,81
4,0.0073964497041420114,128
4,0.006963788300835654,96
4,0.008123476848090982,193
4,0.005599104143337066,130
4,0.015748031496062992,60
4,0.009689922480620155,127
4,0.009813542688910697,103
4,0.00782472613458529,166
4,0.007022471910112359,230
4,0.007047216349541931,196
4,0.011947431302270013,83
4,0.007518796992481203,167
4,0.008561643835616438,124
4,0.004659832246039142,162
4,0.005803830528148578,212
4,0.012330456226880395,84
4,0.006896551724137931,134
4,0.006609385327164574,112
4,0.007861635220125786,203
4,0.004297378599054577,96
4,0.006317119393556538,136
4,0.009354536950420954,92
4,0.006887052341597796,192
4,0.007616146230007616,98
4,0.00832639467110741,175
4,0.006697923643670462,218
4,0.015772870662460567,98
4,0.01278772378516624,182
4,0.008583690987124463,155
4,0.007849293563579277,149
4,0.0066711140760507,60
4,0.007412898443291327,179
4,0.0075815011372251705,97
4,0.009970089730807577,130
4,0.0063371356147021544,92
4,0.00700770847932726,96
4,0.005506607929515419,111
4,0.00757002271006813,155
4,0.009970089730807577,113
4,0.007874015748031496,180
4,0.012135922330097087,95
4,0.010040160642570281,83
4,0.007358351729212656,136
4,0.010893246187363835,128
4,0.011737089201877934,126
4,0.007722007722007722,196
4,0.00723589001447178,126
4,0.004073319755600814,58
4,0.005685048322910745,195
4,0.008298755186721992,101
4,0.0066050198150594455,132
4,0.00585480093676815,95
4,0.010030090270812437,191
4,0.007132667617689016,97
4,0.007541478129713424,95
4,0.007132667617689016,166
4,0.007369196757553427,117
4,0.012391573729863693,187
4,0.005470459518599562,62
4,0.008496176720475786,102
4,0.005221932114882507,119
4,0.0068212824010914054,136
4,0.006309148264984227,170
4,0.007587253414264037,104
4,0.00468384074941452,132
4,0.011862396204033215,200
4,0.004644681839294009,169
4,0.006697923643670462,204
4,0.007336757153338224,58
4,0.005934718100890208,120
4,0.008361204013377926,190
4,0.005485463521667581,202
4,0.005099439061703213,207
4,0.004278990158322636,132
4,0.006038647342995169,58
4,0.00779423226812159,187
4,0.008688097306689836,197
4,0.00697350069735007,185
4,0.005321979776476849,127
4,0.011098779134295227,169
4,0.010351966873706004,180
4,0.012254901960784314,200
4,0.011574074074074073,60
4,0.011723329425556858,165
4,0.006269592476489028,163
4,0.01152073732718894,126
4,0.008333333333333333,60
4,0.009523809523809525,128
4,0.021413276231263382,127
4,0.009478672985781991,130
4,0.0049504950495049506,123
4,0.004171881518564873,166
4,0.017889087656529516,232
4,0.006349206349206349,127
4,0.01006036217303823,134
4,0.009082652134423252,197
4,0.01122334455667789,128
4,0.012106537530266344,95
4,0.010764262648008612,95
4,0.008904719501335707,219
4,0.011668611435239206,128
4,0.0056625141562853904,126
4,0.008410428931875526,131
4,0.006920415224913495,114
4,0.010141987829614604,128
4,0.0071633237822349575,100
4,0.012453300124533,56
4,0.00764525993883792,156
4,0.017152658662092625,195
4,0.006644518272425249,99
4,0.011273957158962795,179
4,0.0072992700729927005,92
4,0.005005005005005005,180
4,0.00724112961622013,189
4,0.005341880341880342,132
4,0.004670714619336758,127
4,0.010214504596527068,183
4,0.006596306068601583,200
4,0.007336757153338224,158
4,0.010976948408342482,128
4,0.0176678445229682,62
4,0.009505703422053232,203
4,0.0038358266206367474,94
4,0.006675567423230975,219
4,0.008103727714748784,95
4,0.00825082508250825,186
4,0.0129366106080207,123
4,0.006381620931716656,99
4,0.007304601899196494,64
4,0.0066181336863004635,81
4,0.008223684210526315,204
4,0.0050968399592252805,219
4,0.011668611435239206,134
4,0.006253908692933083,85
4,0.008382229673093043,200
4,0.0073475385745775165,179
4,0.008136696501220505,128
4,0.007886435331230283,208
4,0.009813542688910697,136
4,0.004819277108433735,130
4,0.00835421888053467,138
4,0.01451378809869376,178
4,0.007961783439490446,124
4,0.007102272727272727,136
4,0.011013215859030838,82
4,0.01040582726326743,135
4,0.015822784810126583,129
4,0.0078003120124804995,122
4,0.0054585152838427945,128
4,0.006993006993006993,196
4,0.005608524957936063,98
4,0.007363770250368188,127
4,0.01597444089456869,126
4,0.010615711252653927,171
4,0.008628127696289905,128
4,0.00651890482398957,125
4,0.01288659793814433,140
4,0.006978367062107467,208
4,0.005339028296849973,95
4,0.0067613252197430695,94
4,0.013477088948787063,130
4,0.006983240223463687,136
4,0.005,62
4,0.004454342984409799,126
4,0.008305647840531562,187
4,0.008410428931875526,127
4,0.008635578583765112,144
4,0.0068775790921595595,66
4,0.0034118048447628795,60
4,0.010845986984815618,202
4,0.008130081300813009,130
4,0.004329004329004329,220
4,0.009328358208955223,58
4,0.006756756756756757,128
4,0.007639419404125287,163
4,0.008223684210526315,207
4,0.006253908692933083,212
4,0.009057971014492754,214
4,0.0067613252197430695,95
4,0.005385029617662897,97
4,0.009532888465204958,83
4,0.007457121551081283,98
4,0.0041753653444676405,142
4,0.008873114463176575,93
4,0.009823182711198428,197
4,0.005698005698005698,129
4,0.009708737864077669,88
4,0.005952380952380952,177
4,0.005724098454493417,92
4,0.00646830530401035,58
4,0.005414185165132647,181
4,0.008176614881439084,56
4,0.006756756756756757,111
4,0.006049606775559589,138
4,0.008787346221441126,191
4,0.008992805755395683,99
4,0.00778816199376947,100
4,0.008605851979345954,129
4,0.007380073800738007,198
4,0.008771929824561403,95
4,0.0049261083743842365,60
4,0.008333333333333333,202
4,0.007369196757553427,207
4,0.011494252873563218,127
4,0.005743825387708214,189
4,0.006060606060606061,231
4,0.011299435028248588,101
4,0.009970089730807577,130
4,0.010548523206751054,141
4,0.015432098765432098,93
4,0.012547051442910916,128
4,0.00984251968503937,100
4,0.004629629629629629,126
4,0.008340283569641367,101
4,0.011325028312570781,131
4,0.0058823529411764705,96
4,0.006675567423230975,97
4,0.015723270440251572,60
4,0.012531328320802004,64
4,0.015267175572519083,96
4,0.007716049382716049,128
4,0.007077140835102618,131
4,0.009124087591240875,126
4,0.008547008547008548,85
4,0.004657661853749418,238
4,0.008635578583765112,200
4,0.007097232079488999,199
4,0.007077140835102618,130
4,0.0046146746654360865,60
4,0.007107320540156361,101
4,0.008928571428571428,79
4,0.02066115702479339,103
4,0.007189072609633357,119
4,0.00984251968503937,84
4,0.008045052292839904,98
4,0.00749063670411985,126
4,0.02066115702479339,186
4,0.007674597083653108,54
4,0.004329004329004329,154
4,0.006648936170212766,150
4,0.005952380952380952,126
4,0.007704160246533128,94
4,0.00580046403712297,174
4,0.007861635220125786,194
4,0.01488095238095238,121
4,0.005321979776476849,71
4,0.01430615164520744,126
4,0.007215007215007215,133
4,0.012547051442910916,209
4,0.007593014426727411,179
4,0.02197802197802198,123
4,0.010775862068965518,99
4,0.009328358208955223,131
4,0.006600660066006601,62
4,0.00794912559618442,190
4,0.007107320540156361,192
4,0.00564652738565782,170
4,0.008244023083264633,137
4,0.008382229673093043,136
4,0.009025270758122744,169
4,0.01529051987767584,58
4,0.008460236886632826,206
4,0.008496176720475786,133
4,0.010706638115631691,131
4,0.004240882103477523,125
4,0.005518763796909493,91
4,0.004122011541632316,58
4,0.008396305625524769,93
4,0.012004801920768308,198
4,0.009157509157509158,198
4,0.014492753623188406,127
4,0.008271298593879239,170
4,0.007267441860465116,127
4,0.011587485515643106,129
4,0.008488964346349746,145
4,0.006422607578676943,200
4,0.0049261083743842365,133
4,0.013458950201884253,171
4,0.0091324200913242,121
4,0.007898894154818325,128
4,0.008,134
4,0.014164305949008499,83
4,0.010121457489878543,132
4,0.01098901098901099,126
4,0.01002004008016032,98
4,0.0196078431372549,103
4,0.008547008547008548,60
4,0.004721435316336166,114
4,0.00975609756097561,97
4,0.00904977375565611,60
4,0.007072135785007072,196
4,0.005704506560182544,203
4,0.00968054211035818,122
4,0.005221932114882507,161
4,0.0061312078479460455,203
4,0.0061162079510703364,212
4,0.008976660682226212,120
4,0.00968054211035818,201
4,0.004395604395604396,188
4,0.006644518272425249,131
4,0.0106951871657754,188
4,0.005252100840336135,126
4,0.009191176470588236,100
4,0.015455950540958269,137
4,0.00550357732526142,201
4,0.0077279752704791345,222
4,0.0043308791684712,133
4,0.01310615989515072,217
4,0.009380863039399626,143
4,0.006523157208088715,129
4,0.004870920603994155,139
4,0.013089005235602094,145
4,0.009380863039399626,151
4,0.006720430107526882,99
4,0.008904719501335707,130
4,0.008718395815170008,58
4,0.0076103500761035,158
4,0.0066844919786096255,93
4,0.00966183574879227,107
4,0.008920606601248885,134
4,0.007429420505200594,177
4,0.0077459333849728895,156
4,0.004914004914004914,130
4,0.008176614881439084,83
4,0.009852216748768473,204
4,0.009025270758122744,113
4,0.010362694300518135,127
4,0.008857395925597875,129
4,0.007434944237918215,136
4,0.005437737901033171,126
4,0.007776049766718507,128
4,0.005574136008918618,209
4,0.009057971014492754,126
4,0.006377551020408163,215
4,0.004127115146512587,220
4,0.005701254275940707,137
4,0.008865248226950355,81
4,0.010214504596527068,107
4,0.0055248618784530384,210
4,0.004262574595055414,100
4,0.009009009009009009,201
4,0.004646840148698885,58
4,0.005753739930955121,126
4,0.008136696501220505,228
4,0.005984440454817474,190
4,0.010834236186348862,96
4,0.005571030640668524,137
4,0.007980845969672785,85
4,0.008375209380234505,132
4,0.010649627263045794,125
4,0.008285004142502071,129
4,0.005980861244019139,94
4,0.005235602094240838,141
4,0.005633802816901409,194
4,0.00946073793755913,121
4,0.006112469437652812,131
4,0.008169934640522876,131
4,0.008084074373484237,136
4,0.006644518272425249,126
4,0.008025682182985553,132
4,0.00859106529209622,127
4,0.006793478260869565,108
4,0.0060790273556231,96
4,0.005920663114268798,127
4,0.0036310820624546117,132
4,0.012903225806451613,128
4,0.01079913606911447,126
4,0.010214504596527068,128
4,0.014992503748125937,127
4,0.005906674542232723,177
4,0.005717552887364208,138
4,0.00725689404934688,137
4,0.006195786864931847,207
4,0.010964912280701754,136
4,0.005747126436781609,152
4,0.008203445447087777,188
4,0.01023541453428864,218
4,0.005211047420531527,79
4,0.008271298593879239,218
4,0.009149130832570906,201
4,0.010438413361169102,79
4,0.00536480686695279,136
4,0.00628140703517588,216
4,0.008130081300813009,163
4,0.011560693641618497,140
4,0.007987220447284345,216
4,0.016286644951140065,83
4,0.010224948875255624,107
4,0.017241379310344827,81
4,0.00904977375565611,83
4,0.011210762331838564,211
4,0.008665511265164644,127
4,0.0045045045045045045,60
4,0.011049723756906077,135
4,0.0066050198150594455,124
4,0.00998003992015968,92
4,0.014450867052023121,110
4,0.005184033177812338,196
4,0.007587253414264037,174
4,0.006013229104028864,202
4,0.006844626967830253,129
4,0.007987220447284345,111
4,0.010893246187363835,94
4,0.006738544474393531,128
4,0.0070028011204481795,125
4,0.0058823529411764705,107
4,0.006289308176100629,171
4,0.008818342151675485,193
4,0.009746588693957114,129
4,0.01697792869269949,169
4,0.005672149744753261,128
4,0.01072961373390558,92
4,0.005868544600938967,170
4,0.010101010101010102,108
4,0.005824111822947,130
4,0.006561679790026247,137
4,0.006309148264984227,125
4,0.00643915003219575,196
4,0.011574074074074073,114
4,0.006361323155216285,135
4,0.0048828125,130
4,0.01015228426395939,189
4,0.008764241893076249,181
4,0.006891798759476223,137
4,0.008984725965858042,204
4,0.005115089514066497,94
4,0.010559662090813094,226
4,0.009140767824497258,129
4,0.007326007326007326,209
4,0.0056947608200455585,133
4,0.009216589861751152,205
4,0.011990407673860911,92
4,0.009891196834817012,58
4,0.011210762331838564,127
4,0.008460236886632826,60
4,0.009000900090009001,211
4,0.005324813631522897,116
4,0.0058927519151443725,143
4,0.009124087591240875,137
4,0.006071645415907711,129
4,0.008628127696289905,126
4,0.005733944954128441,143
4,0.008438818565400843,95
4,0.007692307692307693,142
4,0.005847953216374269,96
4,0.008058017727639,58
4,0.008688097306689836,126
4,0.005485463521667581,127
4,0.00675219446320054,220
4,0.007022471910112359,204
4,0.006305170239596469,204
4,0.011135857461024499,85
4,0.005534034311012728,100
4,0.006765899864682003,140
4,0.008438818565400843,60
4,0.02145922746781116,115
4,0.003946329913180742,187
4,0.008169934640522876,95
4,0.00495785820525533,128
4,0.008771929824561403,124
4,0.005333333333333333,140
4,0.007905138339920948,130
4,0.009242144177449169,200
4,0.004930966469428008,62
4,0.007911392405063292,185
4,0.006872852233676976,134
4,0.007710100231303007,143
4,0.013368983957219251,119
4,0.00864304235090752,127
4,0.0091324200913242,105
4,0.007326007326007326,62
4,0.01201923076923077,196
4,0.01037344398340249,188
4,0.009082652134423252,130
4,0.011160714285714286,127
4,0.008347245409015025,190
4,0.01026694045174538,139
4,0.00493339911198816,188
4,0.00725689404934688,123
4,0.008583690987124463,133
4,0.008503401360544218,201
4,0.006305170239596469,196
4,0.014124293785310734,199
4,0.00846740050804403,126
4,0.006165228113440197,128
4,0.009871668311944718,138
4,0.010080645161290322,124
4,0.010319917440660475,128
4,0.008787346221441126,194
4,0.008984725965858042,201
4,0.006215040397762586,62
4,0.00496031746031746,169
4,0.0066711140760507,191
4,0.006574621959237344,198
4,0.005574136008918618,212
4,0.0075075075075075074,84
4,0.005288207297726071,95
4,0.0038095238095238095,110
4,0.009643201542912247,133
4,0.004995004995004995,121
4,0.010256410256410256,145
4,0.006242197253433208,172
4,0.006983240223463687,134
4,0.009487666034155597,128
4,0.01422475106685633,133
4,0.0072254335260115606,96
4,0.011441647597254004,127
4,0.0054914881933003845,134
4,0.00620347394540943,110
4,0.006920415224913495,82
4,0.0072992700729927005,127
4,0.008992805755395683,112
4,0.006211180124223602,131
4,0.005053057099545225,127
4,0.00831255195344971,209
4,0.006082725060827251,202
4,0.0045105999097880016,185
4,0.008764241893076249,176
4,0.009560229445506692,134
4,0.014619883040935672,95
4,0.0045871559633027525,95
4,0.00801924619085806,60
4,0.0057405281285878304,166
4,0.0052659294365455505,54
4,0.008156606851549755,145
4,0.007127583749109052,202
4,0.010834236186348862,62
4,0.008976660682226212,180
4,0.01488095238095238,96
4,0.007412898443291327,82
4,0.006574621959237344,138
4,0.006644518272425249,126
4,0.007974481658692184,137
4,0.0068775790921595595,128
4,0.007352941176470588,212
4,0.009033423667570008,105
4,0.008496176720475786,129
4,0.009523809523809525,157
4,0.012106537530266344,101
4,0.01122334455667789,180
4,0.0071581961345740875,112
4,0.004918839153959666,157
4,0.007911392405063292,206
4,0.007057163020465773,118
4,0.004816955684007707,203
4,0.008223684210526315,131
4,0.007751937984496124,132
4,0.008880994671403197,210
4,0.007974481658692184,126
4,0.010121457489878543,128
4,0.007692307692307693,62
4,0.01451378809869376,64
4,0.009523809523809525,210
4,0.009302325581395349,82
4,0.01040582726326743,60
4,0.007733952049497293,129
4,0.007369196757553427,137
4,0.006968641114982578,127
4,0.007886435331230283,130
4,0.012135922330097087,128
4,0.00779423226812159,125
4,0.017699115044247787,119
4,0.005777007510109763,84
4,0.009057971014492754,97
4,0.004488330341113106,82
4,0.008873114463176575,177
4,0.007955449482895784,125
4,0.006273525721455458,133
4,0.008525149190110827,156
4,0.012547051442910916,100
4,0.01440922190201729,203
4,0.006802721088435374,192
4,0.009950248756218905,144
4,0.00643915003219575,174
4,0.006901311249137336,100
4,0.012165450121654502,85
4,0.00715307582260372,212
4,0.005099439061703213,180
4,0.010526315789473684,136
4,0.00942507068803016,187
4,0.011363636363636364,60
4,0.005810575246949448,199
4,0.007861635220125786,79
4,0.005186721991701245,150
4,0.0053475935828877,98
4,0.00675219446320054,124
4,0.0111731843575419,123
4,0.004965243296921549,220
4,0.007892659826361484,191
4,0.00855431993156544,95
4,0.011904761904761904,190
4,0.008110300081103,193
4,0.0054466230936819175,196
4,0.009149130832570906,80
4,0.010050251256281407,171
4,0.00513347022587269,190
4,0.006211180124223602,127
4,0.009099181073703366,205
4,0.008517887563884156,60
4,0.005878894767783657,124
4,0.0068212824010914054,128
4,0.01049317943336831,94
4,0.006397952655150352,81
4,0.006253908692933083,132
4,0.004935834155972359,58
4,0.01221001221001221,58
4,0.008517887563884156,58
4,0.013422818791946308,170
4,0.004972650422675286,112
4,0.007716049382716049,198
4,0.007082152974504249,93
4,0.009737098344693282,62
4,0.005170630816959669,181
4,0.006064281382656155,135
4,0.0056625141562853904,88
4,0.008071025020177562,127
4,0.012610340479192938,76
4,0.0056753688989784334,202
4,0.00693000693000693,58
4,0.008583690987124463,81
4,0.007380073800738007,100
4,0.00744047619047619,132
4,0.007633587786259542,136
4,0.007993605115907274,104
4,0.0064516129032258064,135
4,0.008347245409015025,173
4,0.004828585224529213,200
4,0.018867924528301886,128
4,0.004873294346978557,103
4,0.009478672985781991,196
4,0.00846740050804403,117
4,0.006261740763932373,138
4,0.0075815011372251705,208
4,0.0062932662051604785,214
4,0.004144218814753419,60
4,0.008628127696289905,135
4,0.011933174224343675,127
4,0.006489292667099286,160
4,0.007993605115907274,116
4,0.017889087656529516,54
4,0.007107320540156361,115
4,0.00778816199376947,136
4,0.012300123001230012,124
4,0.00757002271006813,197
4,0.0070028011204481795,123
4,0.006565988181221274,123
4,0.010626992561105207,101
4,0.005296610169491525,125
4,0.009852216748768473,214
4,0.006816632583503749,125
4,0.006910850034554251,187
4,0.011441647597254004,128
4,0.008090614886731391,127
4,0.00968054211035818,143
4,0.007739938080495356,60
4,0.00436109899694723,185
4,0.00408997955010225,195
4,0.0078125,128
4,0.015698587127158554,102
4,0.008410428931875526,126
4,0.005865102639296188,81
4,0.005417118093174431,95
4,0.01053740779768177,95
4,0.006680026720106881,229
4,0.00651890482398957,58
4,0.0074794315632011965,124
4,0.012091898428053204,127
4,0.003938558487593541,174
4,0.010582010582010581,215
4,0.010277492291880781,58
4,0.006802721088435374,98
4,0.006064281382656155,92
4,0.010183299389002037,168
4,0.008968609865470852,58
4,0.005753739930955121,144
4,0.00744047619047619,108
4,0.008849557522123894,187
4,0.006765899864682003,194
4,0.006027727546714889,81
4,0.005952380952380952,131
4,0.006222775357809583,124
4,0.007739938080495356,139
4,0.006309148264984227,131
4,0.007047216349541931,216
4,0.006675567423230975,79
4,0.006373486297004461,134
4,0.008257638315441783,134
4,0.028901734104046242,177
4,0.008992805755395683,166
4,0.01037344398340249,64
4,0.007423904974016332,202
4,0.007047216349541931,80
4,0.008403361344537815,62
4,0.010351966873706004,193
4,0.008849557522123894,203
4,0.003755163349605708,130
4,0.010526315789473684,201
4,0.00744047619047619,85
4,0.007861635220125786,83
4,0.008071025020177562,128
4,0.007183908045977011,190
4,0.006349206349206349,95
4,0.01,206
4,0.007363770250368188,198
4,0.007710100231303007,165
4,0.009891196834817012,183
4,0.008532423208191127,205
4,0.010245901639344262,98
4,0.00819000819000819,139
4,0.007861635220125786,192
4,0.0038580246913580245,139
4,0.013908205841446454,120
4,0.007680491551459293,120
4,0.010706638115631691,93
4,0.005455537370430988,210
4,0.0074962518740629685,128
4,0.005995203836930456,205
4,0.0063371356147021544,185
4,0.006688963210702341,219
4,0.010121457489878543,82
4,0.008936550491510277,215
4,0.005659309564233163,104
4,0.009578544061302681,64
4,0.00778816199376947,126
4,0.008936550491510277,134
4,0.01016260162601626,140
4,0.008203445447087777,102
4,0.0074850299401197605,202
4,0.009587727708533078,111
4,0.007633587786259542,101
4,0.009523809523809525,198
4,0.010869565217391304,124
4,0.006578947368421052,139
4,0.007698229407236336,54
4,0.010940919037199124,171
4,0.0102880658436214,127
4,0.00665335994677312,145
4,0.006265664160401002,58
4,0.011441647597254004,127
4,0.006825938566552901,190
4,0.012106537530266344,219
4,0.0074962518740629685,151
4,0.0228310502283105,202
4,0.005045408678102927,126
4,0.007173601147776184,189
4,0.012578616352201259,86
4,0.006574621959237344,93
4,0.010183299389002037,145
4,0.008244023083264633,58
4,0.0068634179821551134,114
4,0.018832391713747645,128
4,0.008025682182985553,129
4,0.007564296520423601,126
4,0.007830853563038372,186
4,0.013071895424836602,60
4,0.010319917440660475,130
4,0.004395604395604396,81
4,0.011876484560570071,163
4,0.009208103130755065,209
4,0.007501875468867217,84
4,0.008496176720475786,128
4,0.009643201542912247,126
4,0.00940733772342427,129
4,0.009433962264150943,93
4,0.012468827930174564,195
4,0.004118616144975288,142
4,0.010080645161290322,124
4,0.006042296072507553,134
4,0.01589825119236884,139
4,0.007127583749109052,85
4,0.012239902080783354,188
4,0.008064516129032258,81
4,0.011574074074074073,87
4,0.010256410256410256,128
4,0.008051529790660225,180
4,0.005,126
4,0.011086474501108648,129
4,0.010256410256410256,60
4,0.009000900090009001,171
4,0.00968054211035818,62
4,0.006644518272425249,195
4,0.003621876131836291,119
4,0.008896797153024912,199
4,0.012804097311139564,58
4,0.00506842372022301,98
4,0.013793103448275862,127
4,0.005402485143165856,58
4,0.013477088948787063,125
4,0.009009009009009009,179
4,0.007710100231303007,127
4,0.009813542688910697,58
4,0.007575757575757576,121
4,0.0065919578114700065,130
4,0.007102272727272727,130
4,0.007739938080495356,202
4,0.008960573476702509,128
4,0.007710100231303007,56
4,0.006934812760055479,106
4,0.004962779156327543,200
4,0.008257638315441783,217
4,0.006702412868632708,237
4,0.004816955684007707,100
4,0.00715307582260372,96
4,0.00589622641509434,137
4,0.005659309564233163,104
4,0.008285004142502071,79
4,0.011086474501108648,187
4,0.010141987829614604,207
4,0.008904719501335707,208
4,0.005321979776476849,176
4,0.00423728813559322,136
4,0.01095290251916758,173
4,0.011049723756906077,60
4,0.006906077348066298,193
4,0.007716049382716049,98
4,0.006195786864931847,129
4,0.006631299734748011,103
4,0.01824817518248175,187
4,0.008944543828264758,198
4,0.008130081300813009,60
4,0.007309941520467836,134
4,0.004719207173194903,213
4,0.010362694300518135,218
4,0.00931098696461825,126
4,0.007535795026375283,177
4,0.008984725965858042,135
4,0.008598452278589854,182
4,0.005149330587023687,174
4,0.007980845969672785,139
4,0.007446016381236039,185
4,0.009149130832570906,79
4,0.009487666034155597,179
4,0.0058927519151443725,115
4,0.005780346820809248,204
4,0.00563063063063063,58
4,0.01287001287001287,130
4,0.010570824524312896,200
4,0.007587253414264037,128
4,0.008257638315441783,200
4,0.009737098344693282,125
4,0.009354536950420954,127
4,0.006357279084551812,58
4,0.013192612137203167,124
4,0.004420866489832007,96
4,0.009066183136899365,198
4,0.01287001287001287,127
4,0.004118616144975288,127
4,0.005724098454493417,199
4,0.00693000693000693,130
4,0.007288629737609329,206
4,0.00651890482398957,193
4,0.015527950310559006,191
4,0.0073475385745775165,139
4,0.005824111822947,126
4,0.009940357852882704,92
4,0.009930486593843098,209
4,0.007112375533428165,58
4,0.006153846153846154,214
4,0.011210762331838564,135
4,0.0049261083743842365,139
4,0.0038153376573826785,126
4,0.010718113612004287,196
4,0.019801980198019802,165
4,0.00946073793755913,120
4,0.0075528700906344415,127
4,0.0056022408963585435,193
4,0.011976047904191617,199
4,0.01972386587771203,201
4,0.0088339222614841,206
4,0.009285051067780872,125
4,0.006246096189881324,92
4,0.00630119722747322,127
4,0.007757951900698216,128
4,0.00942507068803016,141
4,0.006747638326585695,100
4,0.011363636363636364,227
4,0.006720430107526882,193
4,0.005268703898840885,207
4,0.006195786864931847,126
4,0.011890606420927468,130
4,0.005154639175257732,205
4,0.005546311702717693,194
4,0.006666666666666667,103
4,0.0035574528637495554,128
4,0.007017543859649123,205
4,0.0065919578114700065,181
4,0.011933174224343675,215
4,0.009389671361502348,190
4,0.005243838489774515,117
4,0.007272727272727273,60
4,0.0058997050147492625,175
4,0.007358351729212656,60
4,0.006587615283267457,218
4,0.006600660066006601,189
4,0.005040322580645161,169
4,0.006648936170212766,156
4,0.008424599831508003,79
4,0.01059322033898305,128
4,0.004512635379061372,99
4,0.013986013986013986,85
4,0.008525149190110827,203
4,0.010893246187363835,100
4,0.013003901170351105,124
4,0.007993605115907274,202
4,0.005494505494505495,160
4,0.010834236186348862,129
4,0.006631299734748011,195
4,0.005717552887364208,64
4,0.00370919881305638,198
4,0.014492753623188406,138
4,0.010214504596527068,58
4,0.005473453749315818,98
4,0.01124859392575928,122
4,0.00700770847932726,199
4,0.006734006734006734,56
4,0.008064516129032258,173
4,0.00984251968503937,91
4,0.0060569351907934586,168
4,0.011001100110011002,131
4,0.01240694789081886,95
4,0.010893246187363835,81
4,0.008561643835616438,192
4,0.006993006993006993,173
4,0.007733952049497293,128
4,0.0052659294365455505,128
4,0.015174506828528073,222
4,0.008012820512820512,174
4,0.011273957158962795,118
4,0.005050505050505051,123
4,0.0069881201956673656,93
4,0.008123476848090982,226
4,0.01160092807424594,87
4,0.006253908692933083,90
4,0.00501002004008016,207
4,0.008818342151675485,216
4,0.008960573476702509,130
4,0.008149959250203748,129
4,0.004887585532746823,95
4,0.004301075268817204,95
4,0.011467889908256881,84
4,0.01002004008016032,132
4,0.00825082508250825,213
4,0.011337868480725623,214
4,0.008006405124099279,107
4,0.005564830272676683,94
4,0.012224938875305624,133
4,0.010080645161290322,126
4,0.006031363088057901,190
4,0.014771048744460856,196
4,0.01023541453428864,128
4,0.006688963210702341,126
4,0.0052659294365455505,79
4,0.00482392667631452,56
4,0.004975124378109453,124
4,0.00825082508250825,100
4,0.007087172218284904,125
4,0.01088139281828074,86
4,0.01049317943336831,132
4,0.00724112961622013,194
4,0.009900990099009901,117
4,0.00697350069735007,196
4,0.00877963125548727,82
4,0.009587727708533078,129
4,0.008583690987124463,134
4,0.006544502617801047,95
4,0.008547008547008548,197
4,0.007757951900698216,205
4,0.0071633237822349575,124
4,0.005506607929515419,141
4,0.004399472063352398,195
4,0.006215040397762586,102
4,0.006798096532970768,81
4,0.006024096385542169,95
4,0.006361323155216285,194
4,0.0058927519151443725,184
4,0.01124859392575928,133
4,0.005408328826392645,132
4,0.011402508551881414,128
4,0.009794319294809012,125
4,0.010030090270812437,192
4,0.006071645415907711,80
4,0.005515719801434087,95
4,0.008410428931875526,99
4,0.004061738424045491,83
4,0.009000900090009001,101
4,0.007518796992481203,194
4,0.00665335994677312,131
4,0.005136106831022085,93
4,0.010183299389002037,207
4,0.013262599469496022,128
4,0.006793478260869565,131
4,0.0056625141562853904,95
4,0.006146281499692686,127
4,0.005858230814294083,222
4,0.011428571428571429,198
4,0.013717421124828532,204
4,0.0053106744556558685,93
4,0.009267840593141797,126
4,0.007575757575757576,136
4,0.009551098376313277,121
4,0.015527950310559006,198
4,0.009708737864077669,119
4,0.016666666666666666,126
4,0.00641025641025641,179
4,0.005875440658049354,131
4,0.007017543859649123,183
4,0.007390983000739098,179
4,0.015128593040847202,206
4,0.01040582726326743,183
4,0.00904977375565611,150
4,0.02178649237472767,80
4,0.007668711656441718,116
4,0.00794912559618442,60
4,0.004701457451810061,224
4,0.012484394506866416,98
4,0.018867924528301886,113
4,0.005555555555555556,127
4,0.007342143906020558,207
4,0.01310615989515072,58
4,0.008561643835616438,128
4,0.00536480686695279,80
4,0.007535795026375283,135
4,0.012674271229404309,123
4,0.008726003490401396,148
4,0.006002400960384154,138
4,0.005488474204171241,124
4,0.01001001001001001,172
4,0.008741258741258742,210
4,0.0039478878799842085,97
4,0.012437810945273632,128
4,0.006142506142506142,98
4,0.012690355329949238,123
4,0.005509641873278237,123
4,0.014814814814814815,95
4,0.005063291139240506,166
4,0.00508130081300813,168
4,0.0076511094108645756,129
4,0.009242144177449169,79
4,0.005773672055427252,99
4,0.006414368184733804,127
4,0.005984440454817474,94
4,0.006357279084551812,125
4,0.0067613252197430695,195
4,0.0070028011204481795,85
4,0.007704160246533128,165
4,0.00558659217877095,208
4,0.0076103500761035,196
4,0.00784313725490196,188
4,0.011363636363636364,141
4,0.009250693802035153,107
4,0.009009009009009009,169
4,0.014858841010401188,99
4,0.011286681715575621,79
4,0.009025270758122744,195
4,0.004612546125461255,98
4,0.00744047619047619,103
4,0.008944543828264758,127
4,0.013550135501355014,189
4,0.007911392405063292,199
4,0.008389261744966443,136
4,0.006218905472636816,108
4,0.020366598778004074,129
4,0.00968054211035818,94
4,0.0075528700906344415,120
4,0.011210762331838564,197
4,0.006561679790026247,127
4,0.0077279752704791345,131
4,0.007288629737609329,205
4,0.010741138560687433,118
4,0.007558578987150416,81
4,0.00931098696461825,119
4,0.006527415143603133,127
4,0.011614401858304297,216
4,0.007782101167315175,178
4,0.008703220191470844,205
4,0.007942811755361398,216
4,0.008598452278589854,128
4,0.004083299305839118,141
4,0.007861635220125786,81
4,0.008305647840531562,173
4,0.005058168942842691,128
4,0.012437810945273632,132
4,0.005313496280552604,86
4,0.007434944237918215,123
4,0.01615508885298869,97
4,0.013458950201884253,126
4,0.008417508417508417,129
4,0.011904761904761904,214
4,0.010080645161290322,202
4,0.0060901339829476245,201
4,0.007178750897343862,213
4,0.0056785917092561046,131
4,0.004140786749482402,210
4,0.01141552511415525,180
4,0.004271678769756515,205
4,0.004032258064516129,131
4,0.014577259475218658,131
4,0.010570824524312896,56
4,0.014347202295552367,92
4,0.011148272017837236,180
4,0.003946329913180742,195
4,0.006418485237483954,79
4,0.016025641025641024,129
4,0.008992805755395683,97
4,0.006253908692933083,171
4,0.0077279752704791345,130
4,0.006872852233676976,201
4,0.009033423667570008,86
4,0.00683526999316473,191
4,0.009940357852882704,184
4,0.009813542688910697,179
4,0.007716049382716049,136
4,0.033444816053511704,127
4,0.0061162079510703364,96
4,0.009643201542912247,116
4,0.00646830530401035,143
4,0.01349527665317139,110
4,0.011037527593818985,80
4,0.006075334143377886,130
4,0.007352941176470588,210
4,0.011299435028248588,230
4,0.005824111822947,124
4,0.012077294685990338,141
4,0.004516711833785004,128
4,0.0059594755661501785,181
4,0.0088261253309797,130
4,0.017699115044247787,178
4,0.007627765064836003,112
4,0.006317119393556538,205
4,0.006734006734006734,188
4,0.005070993914807302,129
4,0.01095290251916758,198
4,0.01092896174863388,209
4,0.013054830287206266,201
4,0.006535947712418301,85
4,0.003746721618583739,196
4,0.005274261603375527,211
4,0.008748906386701663,126
4,0.007558578987150416,200
4,0.00697350069735007,131
4,0.00555247084952804,131
4,0.011614401858304297,128
4,0.007849293563579277,195
4,0.006285355122564425,92
4,0.007288629737609329,100
4,0.01002004008016032,128
4,0.0075815011372251705,127
4,0.008718395815170008,102
4,0.008802816901408451,197
4,0.006230529595015576,130
4,0.01297016861219196,100
4,0.005885815185403178,126
4,0.007017543859649123,202
4,0.006064281382656155,70
4,0.00675219446320054,202
4,0.007905138339920948,123
4,0.006978367062107467,208
4,0.009718172983479106,121
4,0.006373486297004461,130
4,0.008183306055646482,102
4,0.016666666666666666,192
4,0.005691519635742743,83
4,0.009900990099009901,60
4,0.004541326067211626,124
4,0.008952551477170993,195
4,0.007077140835102618,199
4,0.011148272017837236,171
4,0.00475963826749167,229
4,0.006816632583503749,188
4,0.005558643690939411,186
4,0.008748906386701663,94
4,0.007326007326007326,102
4,0.006825938566552901,192
4,0.009487666034155597,179
4,0.007541478129713424,80
4,0.008771929824561403,195
4,0.0078125,191
4,0.0071174377224199285,185
4,0.0057405281285878304,62
4,0.009242144177449169,201
4,0.008176614881439084,158
4,0.009009009009009009,121
4,0.006361323155216285,97
4,0.0129366106080207,95
4,0.008136696501220505,146
4,0.003360215053763441,193
4,0.015082956259426848,211
4,0.00397456279809221,143
4,0.006640106241699867,115
4,0.008285004142502071,128
4,0.006426735218508998,212
4,0.009115770282588878,128
4,0.01272264631043257,234
4,0.008658008658008658,195
4,0.00741839762611276,199
4,0.011428571428571429,224
4,0.0060569351907934586,181
4,0.00831255195344971,186
4,0.010559662090813094,205
4,0.005837711617046118,126
4,0.012376237623762377,133
4,0.005988023952095809,54
4,0.010857763300760043,133
4,0.01050420168067227,108
4,0.006150061500615006,186
4,0.008496176720475786,171
4,0.0077279752704791345,216
4,0.012330456226880395,203
4,0.00835421888053467,224
4,0.00816326530612245,195
4,0.009852216748768473,132
4,0.00778816199376947,182
4,0.005841121495327103,214
4,0.007352941176470588,125
4,0.008688097306689836,129
4,0.006101281269066504,60
4,0.011312217194570135,95
4,0.0039904229848363925,215
4,0.00792393026941363,200
4,0.01201923076923077,174
4,0.006680026720106881,128
4,0.008058017727639,80
4,0.006738544474393531,92
4,0.006134969325153374,200
4,0.01182033096926714,215
4,0.008058017727639,102
4,0.006802721088435374,95
4,0.006775067750677507,202
4,0.00831255195344971,179
4,0.0037105751391465678,92
4,0.007194244604316547,97
4,0.009587727708533078,94
4,0.006105006105006105,199
4,0.006246096189881324,130
4,0.0088339222614841,196
4,0.007183908045977011,95
4,0.006165228113440197,135
4,0.009861932938856016,126
4,0.008539709649871904,148
4,0.010976948408342482,126
4,0.009345794392523364,81
4,0.0053533190578158455,188
4,0.008410428931875526,205
4,0.005685048322910745,96
4,0.008481764206955046,196
4,0.00715307582260372,210
4,0.010893246187363835,58
4,0.005720823798627002,183
4,0.004248088360237893,64
4,0.008960573476702509,169
4,0.010857763300760043,129
4,0.005482456140350877,100
4,0.020242914979757085,129
4,0.006038647342995169,108
4,0.00851063829787234,126
4,0.016778523489932886,100
4,0.0078064012490242,221
4,0.005973715651135006,99
4,0.006613756613756613,83
4,0.008169934640522876,173
4,0.004943153732081068,97
4,0.007818608287724784,114
4,0.011037527593818985,79
4,0.006954102920723227,97
4,0.0076103500761035,237
4,0.006188118811881188,130
4,0.007352941176470588,203
4,0.01152073732718894,170
4,0.016474464579901153,135
4,0.006101281269066504,214
4,0.007336757153338224,127
4,0.005917159763313609,130
4,0.005104645227156712,165
4,0.00816326530612245,127
4,0.006844626967830253,206
4,0.006257822277847309,64
4,0.006734006734006734,129
4,0.007380073800738007,95
4,0.008045052292839904,196
4,0.00436871996505024,112
4,0.008802816901408451,136
4,0.004918839153959666,80
4,0.005274261603375527,100
4,0.010030090270812437,158
4,0.005136106831022085,79
4,0.01443001443001443,126
4,0.008658008658008658,135
4,0.01092896174863388,85
4,0.007215007215007215,130
4,0.004786979415988511,130
4,0.006222775357809583,220
4,0.00641025641025641,200
4,0.007451564828614009,204
4,0.014005602240896359,208
4,0.010319917440660475,137
4,0.006377551020408163,206
4,0.007251631617113851,100
4,0.016863406408094434,130
4,0.011454753722794959,130
4,0.005449591280653951,134
4,0.005688282138794084,130
4,0.0048756704046806435,96
4,0.00819672131147541,196
4,0.008525149190110827,139
4,0.00757002271006813,140
4,0.008710801393728223,127
4,0.010869565217391304,138
4,0.008203445447087777,52
4,0.006230529595015576,215
4,0.007052186177715092,131
4,0.007027406886858749,176
4,0.005973715651135006,185
4,0.010857763300760043,64
4,0.010582010582010581,184
4,0.006464124111182934,218
4,0.005608524957936063,133
4,0.011947431302270013,84
4,0.009182736455463728,127
4,0.01277139208173691,100
4,0.01020408163265306,127
4,0.008703220191470844,134
4,0.014025245441795231,125
4,0.008936550491510277,62
4,0.00919963201471941,190
4,0.006489292667099286,123
4,0.0064516129032258064,211
4,0.00865051903114187,113
4,0.0066050198150594455,130
4,0.005030181086519115,118
4,0.006002400960384154,83
4,0.005094243504839531,211
4,0.007215007215007215,98
4,0.013679890560875513,131
4,0.005988023952095809,208
4,0.011148272017837236,60
4,0.0078064012490242,184
4,0.005037783375314861,68
4,0.005878894767783657,56
4,0.02,126
4,0.007262164124909223,135
4,0.00651890482398957,104
4,0.005235602094240838,100
4,0.00831255195344971,164
4,0.008733624454148471,96
4,0.00578368999421631,87
4,0.007209805335255948,139
4,0.00625,90
4,0.007849293563579277,147
4,0.004784688995215311,130
4,0.0074682598954443615,131
4,0.008333333333333333,128
4,0.0068775790921595595,125
4,0.007309941520467836,128
4,0.007032348804500703,181
4,0.008084074373484237,122
4,0.004273504273504274,140
4,0.012610340479192938,202
4,0.007674597083653108,92
4,0.01639344262295082,100
4,0.007412898443291327,168
4,0.010660980810234541,129
4,0.006476683937823834,218
4,0.006385696040868455,127
4,0.013003901170351105,120
4,0.005724098454493417,66
4,0.005455537370430988,193
4,0.011918951132300357,124
4,0.00846740050804403,127
4,0.006662225183211193,127
4,0.010438413361169102,134
4,0.0057405281285878304,129
4,0.007830853563038372,81
4,0.005934718100890208,134
4,0.00856898029134533,130
4,0.007251631617113851,79
4,0.00851063829787234,95
4,0.005122950819672131,127
4,0.007716049382716049,206
4,0.0050916496945010185,123
4,0.00929368029739777,163
4,0.008319467554076539,220
4,0.016286644951140065,197
4,0.009643201542912247,141
4,0.011013215859030838,180
4,0.005534034311012728,140
4,0.006199628022318661,202
4,0.009363295880149813,107
4,0.010482180293501049,85
4,0.011286681715575621,199
4,0.013793103448275862,189
4,0.0060569351907934586,60
4,0.0048567265662943174,199
4,0.005151983513652756,220
4,0.006968641114982578,131
4,0.008503401360544218,188
4,0.004782400765184123,213
4,0.01278772378516624,123
4,0.011185682326621925,168
4,0.009380863039399626,130
4,0.0056753688989784334,166
4,0.00904977375565611,92
4,0.008613264427217916,60
4,0.006675567423230975,129
4,0.007763975155279503,195
4,0.007173601147776184,126
4,0.007686395080707148,128
4,0.010976948408342482,131
4,0.005070993914807302,177
4,0.007892659826361484,125
4,0.005076142131979695,205
4,0.005750431282346176,58
4,0.0084530853761623,127
4,0.010224948875255624,194
4,0.014367816091954023,128
4,0.004819277108433735,181
4,0.006613756613756613,139
4,0.005955926146515783,131
4,0.007251631617113851,183
4,0.009784735812133072,216
4,0.00651890482398957,95
4,0.0078003120124804995,222
4,0.013003901170351105,99
4,0.00757002271006813,105
4,0.011627906976744186,127
4,0.00851063829787234,160
4,0.00846740050804403,152
4,0.0033967391304347825,104
4,0.006211180124223602,188
4,0.008090614886731391,203
4,0.010183299389002037,212
4,0.0056947608200455585,130
4,0.007704160246533128,135
4,0.007698229407236336,138
4,0.008176614881439084,94
4,0.0044444444444444444,118
4,0.0068775790921595595,126
4,0.004061738424045491,223
4,0.011834319526627219,199
4,0.0074962518740629685,140
4,0.010214504596527068,99
4,0.007616146230007616,103
4,0.0050916496945010185,60
4,0.008203445447087777,113
4,0.007836990595611285,102
4,0.005518763796909493,84
4,0.006289308176100629,171
4,0.004972650422675286,127
4,0.007331378299120235,99
4,0.0056657223796034,188
4,0.007107320540156361,174
4,0.006939625260235947,218
4,0.00392156862745098,128
4,0.014749262536873156,95
4,0.006097560975609756,95
4,0.003352329869259135,168
4,0.008547008547008548,62
4,0.005173305742369374,134
4,0.011013215859030838,127
4,0.008598452278589854,60
4,0.005367686527106817,139
4,0.0078003120124804995,140
4,0.008169934640522876,148
4,0.007621951219512195,121
4,0.007047216349541931,197
4,0.006277463904582548,144
4,0.01072961373390558,132
4,0.006702412868632708,147
4,0.011890606420927468,82
4,0.015037593984962405,224
4,0.00639386189258312,199
4,0.007830853563038372,202
4,0.005917159763313609,127
4,0.007955449482895784,205
4,0.00547645125958379,199
4,0.004516711833785004,230
4,0.007072135785007072,130
4,0.01240694789081886,191
4,0.007942811755361398,186
4,0.009737098344693282,86
4,0.012330456226880395,84
4,0.008960573476702509,197
4,0.013458950201884253,137
4,0.00665335994677312,93
4,0.005050505050505051,200
4,0.00639386189258312,171
4,0.008298755186721992,128
4,0.007757951900698216,64
4,0.009699321047526674,183
4,0.01757469244288225,128
4,0.006038647342995169,121
4,0.007776049766718507,130
4,0.006756756756756757,209
4,0.013513513513513514,85
4,0.0054466230936819175,200
4,0.007473841554559043,129
4,0.010752688172043012,192
4,0.007412898443291327,178
4,0.007524454477050414,167
4,0.010976948408342482,216
4,0.006811989100817439,141
4,0.004935834155972359,143
4,0.014064697609001406,184
4,0.012269938650306749,126
4,0.013386880856760375,194
4,0.010672358591248666,96
4,0.005249343832020997,130
4,0.009099181073703366,216
4,0.006493506493506494,127
4,0.009337068160597572,176
4,0.008628127696289905,154
4,0.00648508430609598,122
4,0.007363770250368188,197
4,0.006738544474393531,202
4,0.0075528700906344415,62
4,0.005737234652897304,56
4,0.005518763796909493,125
4,0.009354536950420954,120
4,0.009345794392523364,190
4,0.005473453749315818,132
4,0.013793103448275862,143
4,0.010810810810810811,131
4,0.016420361247947456,60
4,0.004657661853749418,98
4,0.014727540500736377,58
4,0.01277139208173691,136
4,0.006002400960384154,180
4,0.011049723756906077,216
4,0.005324813631522897,204
4,0.008051529790660225,190
4,0.006134969325153374,129
4,0.007980845969672785,95
4,0.007352941176470588,83
4,0.008726003490401396,171
4,0.007451564828614009,123
4,0.009930486593843098,129
4,0.009115770282588878,60
4,0.010224948875255624,210
4,0.00725689404934688,215
4,0.005817335660267597,190
4,0.01095290251916758,138
4,0.006361323155216285,97
4,0.0074794315632011965,129
4,0.012165450121654502,81
4,0.005672149744753261,103
4,0.005221932114882507,121
4,0.0074850299401197605,128
4,0.00651890482398957,192
4,0.0066711140760507,98
4,0.008244023083264633,182
4,0.008888888888888889,95
4,0.01023541453428864,60
4,0.007892659826361484,199
4,0.00697350069735007,189
4,0.0038197097020626434,136
4,0.006289308176100629,166
4,0.004158004158004158,131
4,0.00757002271006813,203
4,0.011135857461024499,99
4,0.006317119393556538,144
4,0.009541984732824428,86
4,0.017361111111111112,185
4,0.004866180048661801,171
4,0.008051529790660225,60
4,0.010309278350515464,56
4,0.023809523809523808,198
4,0.009009009009009009,95
4,0.006053268765133172,122
4,0.00563063063063063,96
4,0.0053475935828877,120
4,0.01631321370309951,131
4,0.005341880341880342,98
4,0.010090817356205853,124
4,0.022026431718061675,135
4,0.004122011541632316,181
4,0.007733952049497293,208
4,0.00778816199376947,133
4,0.0111731843575419,97
4,0.006514657980456026,197
4,0.004514672686230248,103
4,0.005399568034557235,130
4,0.00628140703517588,126
4,0.01455604075691412,99
4,0.006071645415907711,216
4,0.013175230566534914,130
4,0.007380073800738007,140
4,0.00846740050804403,56
4,0.010427528675703858,129
4,0.006455777921239509,136
4,0.006993006993006993,133
4,0.004789272030651341,202
4,0.005467468562055768,99
4,0.010570824524312896,129
4,0.008375209380234505,113
4,0.006635700066357001,94
4,0.007087172218284904,202
4,0.00591016548463357,136
4,0.0075815011372251705,139
4,0.005434782608695652,134
4,0.010834236186348862,130
4,0.010548523206751054,143
4,0.006644518272425249,127
4,0.006711409395973154,58
4,0.009514747859181731,151
4,0.00508130081300813,137
4,0.01451378809869376,199
4,0.008130081300813009,202
