1094,24,0.1
1179,24,0.05102040816326531
1767,24,0.009950248756218905
1500,24,0.078125
1087,24,0.08849557522123894
1170,24,0.001852537977028529
678,24,0.011494252873563218
1133,24,0.16666666666666666
669,24,0.012330456226880395
970,24,0.014727540500736377
1712,24,0.02403846153846154
588,24,0.013927576601671309
1179,24,0.020161290322580645
942,24,0.019267822736030827
1035,24,0.041666666666666664
411,24,0.014641288433382138
284,24,0.12048192771084337
1009,24,0.023474178403755867
416,24,0.01607717041800643
1146,24,0.002963841138114997
1133,24,0.10526315789473684
404,24,0.03424657534246575
2098,24,0.019762845849802372
1764,24,0.030120481927710843
446,24,0.14705882352941177
638,24,0.19607843137254902
614,24,0.1388888888888889
560,24,0.16666666666666666
544,24,0.11494252873563218
1108,24,0.01620745542949757
850,24,0.030211480362537766
886,24,0.02127659574468085
1097,24,0.014104372355430184
992,24,0.021645021645021644
538,24,0.16666666666666666
607,24,0.033444816053511704
792,24,0.1694915254237288
1547,24,0.18518518518518517
512,24,0.15873015873015872
640,24,0.01567398119122257
668,24,0.18181818181818182
2141,24,0.017825311942959002
1079,24,0.07874015748031496
1092,24,0.0010777023386140748
1171,24,0.06756756756756757
1074,24,0.033444816053511704
1793,24,0.016
1658,24,0.03460207612456748
1013,24,0.02493765586034913
1022,24,0.021231422505307854
1174,24,0.10416666666666667
1838,24,0.019342359767891684
1087,24,0.05952380952380952
1801,24,0.013089005235602094
1097,24,0.0018221574344023323
1672,24,0.015772870662460567
612,24,0.01838235294117647
1642,24,0.0847457627118644
400,24,0.016891891891891893
1700,24,0.02617801047120419
1210,24,0.1
1169,24,0.0019319938176197836
1688,24,0.0847457627118644
1642,24,0.016891891891891893
1025,24,0.031446540880503145
605,24,0.01818181818181818
652,24,0.026954177897574125
1093,24,0.0014914243102162564
828,24,0.019011406844106463
1055,24,0.004992511233150275
940,24,0.049019607843137254
1023,24,0.018484288354898338
917,24,0.01358695652173913
1879,24,0.012300123001230012
1160,24,0.078125
1103,24,0.0021654395842356
1153,24,0.07042253521126761
1075,24,0.07194244604316546
846,24,0.025510204081632654
390,24,0.028169014084507043
647,24,0.013422818791946308
1196,24,0.10989010989010989
985,24,0.01675041876046901
1073,24,0.15151515151515152
2236,24,0.013157894736842105
875,24,0.02610966057441253
2150,24,0.011614401858304297
657,24,0.022321428571428572
1130,24,0.0021326508850501172
1711,24,0.0234192037470726
1067,24,0.017857142857142856
1650,24,0.012254901960784314
1139,24,0.0027808676307007787
1671,24,0.01040582726326743
1850,24,0.026737967914438502
1198,24,0.06993006993006994
1660,24,0.11904761904761904
1799,24,0.017452006980802792
2149,24,0.022172949002217297
1265,24,0.09345794392523364
1691,24,0.024691358024691357
1859,24,0.025252525252525252
620,24,0.11363636363636363
761,24,0.09259259259259259
667,24,0.13513513513513514
298,24,0.21739130434782608
284,24,0.16666666666666666
2058,24,0.018975332068311195
384,24,0.2564102564102564
743,24,0.18867924528301888
280,24,0.19607843137254902
656,24,0.1724137931034483
1619,24,0.03355704697986577
1660,24,0.016611295681063124
1820,24,0.02028397565922921
1163,24,0.06666666666666667
1117,24,0.002450379808870375
2121,24,0.013812154696132596
2114,24,0.015723270440251572
1646,24,0.12658227848101267
2175,24,0.024691358024691357
1717,24,0.01447178002894356
1725,24,0.013458950201884253
1167,24,0.08333333333333333
579,24,0.23255813953488372
450,24,0.2777777777777778
1697,24,0.12345679012345678
1588,24,0.015408320493066256
1718,24,0.06060606060606061
1113,24,0.00510204081632653
1163,24,0.002535496957403651
1752,24,0.015822784810126583
679,24,0.18518518518518517
485,24,0.17857142857142858
490,24,0.3125
1202,24,0.0024044241404183697
1849,24,0.01567398119122257
551,24,0.10989010989010989
1667,24,0.019230769230769232
1174,24,0.001915341888527102
1709,24,0.07518796992481203
1171,24,0.001490979573579842
1673,24,0.02159827213822894
1097,24,0.013192612137203167
1057,24,0.03333333333333333
966,24,0.023696682464454975
854,24,0.01858736059479554
1799,24,0.0273224043715847
1055,24,0.012853470437017995
687,24,0.01757469244288225
1140,24,0.0008606592649969877
1562,24,0.015174506828528073
949,24,0.03759398496240601
1328,24,0.11363636363636363
1218,24,0.07518796992481203
1070,24,0.013605442176870748
1697,24,0.12658227848101267
1144,24,0.0022988505747126436
1634,24,0.07518796992481203
1829,24,0.015267175572519083
1665,24,0.03389830508474576
1102,24,0.01607717041800643
846,24,0.03787878787878788
1726,24,0.02188183807439825
1102,24,0.08849557522123894
1686,24,0.09259259259259259
834,24,0.024330900243309004
1602,24,0.01855287569573284
1222,24,0.10526315789473684
1087,24,0.030395136778115502
2202,24,0.0199203187250996
1210,24,0.0035211267605633804
450,24,0.2222222222222222
346,24,0.14925373134328357
1268,24,0.0684931506849315
675,24,0.13513513513513514
764,24,0.2702702702702703
1734,24,0.02012072434607646
1137,24,0.07518796992481203
885,24,0.017953321364452424
1061,24,0.021691973969631236
1750,24,0.11494252873563218
1013,24,0.015432098765432098
1039,24,0.017513134851138354
1061,24,0.01440922190201729
1042,24,0.024752475247524754
904,24,0.01730103806228374
922,24,0.03125
1037,24,0.020491803278688523
1088,24,0.0411522633744856
1889,24,0.0273972602739726
1739,24,0.02197802197802198
1029,24,0.020366598778004074
1272,24,0.0012679092177000128
1121,24,0.08771929824561403
1152,24,0.01584786053882726
1151,24,0.072992700729927
2289,24,0.01297016861219196
1171,24,0.10989010989010989
1144,24,0.02188183807439825
1094,24,0.09900990099009901
2098,24,0.015873015873015872
2358,24,0.022172949002217297
1166,24,0.0021217907914279654
1727,24,0.026385224274406333
1064,24,0.0020362451639177356
1182,24,0.001841620626151013
1079,24,0.01968503937007874
496,24,0.2222222222222222
555,24,0.14084507042253522
278,24,0.18181818181818182
1136,24,0.019801980198019802
643,24,0.10869565217391304
1036,24,0.017391304347826087
1705,24,0.06622516556291391
1872,24,0.015060240963855422
1778,24,0.029850746268656716
1115,24,0.02932551319648094
1846,24,0.018867924528301886
1777,24,0.01937984496124031
1521,24,0.012422360248447204
636,24,0.1694915254237288
485,24,0.14492753623188406
1178,24,0.09259259259259259
1772,24,0.019762845849802372
885,24,0.13157894736842105
1146,24,0.15625
436,24,0.2
1823,24,0.01639344262295082
1609,24,0.020876826722338204
1079,24,0.0015625
1781,24,0.024154589371980676
2227,24,0.012836970474967908
669,24,0.24390243902439024
1607,24,0.08064516129032258
558,24,0.125
1174,24,0.0017485574401119076
614,24,0.25
879,24,0.22727272727272727
2165,24,0.014388489208633094
1718,24,0.030864197530864196
1191,24,0.0020234722784297854
878,24,0.01644736842105263
627,24,0.10526315789473684
618,24,0.02865329512893983
1101,24,0.01694915254237288
613,24,0.010416666666666666
1962,24,0.023809523809523808
625,24,0.20833333333333334
1206,24,0.08064516129032258
1123,24,0.001846381093057607
1836,24,0.020161290322580645
1630,24,0.06666666666666667
1082,24,0.07246376811594203
2122,24,0.018796992481203006
951,24,0.021505376344086023
1136,24,0.023529411764705882
2283,24,0.030959752321981424
1798,24,0.017482517482517484
2132,24,0.013717421124828532
624,24,0.10638297872340426
1800,24,0.012150668286755772
432,24,0.11494252873563218
1135,24,0.001440922190201729
1756,24,0.01893939393939394
1882,24,0.019230769230769232
1181,24,0.0011779950524207798
1158,24,0.06666666666666667
1155,24,0.11235955056179775
1096,24,0.08771929824561403
2224,24,0.050761421319796954
1018,24,0.015698587127158554
1556,24,0.14492753623188406
1594,24,0.125
1668,24,0.026525198938992044
1720,24,0.024630541871921183
1138,24,0.021367521367521368
2146,24,0.01607717041800643
872,24,0.014245014245014245
1640,24,0.01026694045174538
1078,24,0.028169014084507043
931,24,0.02680965147453083
1024,24,0.025510204081632654
609,24,0.021739130434782608
936,24,0.01876172607879925
984,24,0.01697792869269949
834,24,0.021231422505307854
1730,24,0.02053388090349076
1086,24,0.014144271570014143
1663,24,0.027777777777777776
1072,24,0.019646365422396856
1757,24,0.01179245283018868
974,24,0.017825311942959002
1053,24,0.025839793281653745
875,24,0.017921146953405017
1074,24,0.015128593040847202
1684,24,0.018315018315018316
1063,24,0.06666666666666667
1141,24,0.01845018450184502
2174,24,0.01272264631043257
1746,24,0.017452006980802792
1077,24,0.025906735751295335
1045,24,0.01023541453428864
2152,24,0.015432098765432098
633,24,0.026455026455026454
849,24,0.01358695652173913
1695,24,0.02493765586034913
775,24,0.03333333333333333
1154,24,0.12195121951219512
871,24,0.017825311942959002
1106,24,0.02092050209205021
849,24,0.026385224274406333
938,24,0.018115942028985508
1031,24,0.027247956403269755
688,24,0.019083969465648856
666,24,0.019801980198019802
1794,24,0.012531328320802004
1040,24,0.019569471624266144
840,24,0.02506265664160401
864,24,0.014619883040935672
1713,24,0.024752475247524754
1106,24,0.029498525073746312
1808,24,0.018018018018018018
1661,24,0.06451612903225806
1067,24,0.072992700729927
1583,24,0.12048192771084337
1710,24,0.078125
1104,24,0.09345794392523364
1717,24,0.02178649237472767
1153,24,0.11235955056179775
1660,24,0.018050541516245487
623,24,0.015748031496062992
2306,24,0.02197802197802198
916,24,0.02577319587628866
1043,24,0.01455604075691412
336,24,0.01834862385321101
1039,24,0.013315579227696404
1846,24,0.018050541516245487
2171,24,0.017605633802816902
1246,24,0.2127659574468085
1777,24,0.023752969121140142
1632,24,0.02320185614849188
1897,24,0.017605633802816902
391,24,0.020703933747412008
1060,24,0.0364963503649635
1835,24,0.028901734104046242
1796,24,0.01564945226917058
1135,24,0.0020538098172109263
1728,24,0.034013605442176874
661,24,0.024213075060532687
990,24,0.014534883720930232
1839,24,0.012755102040816327
1066,24,0.044642857142857144
1080,24,0.022026431718061675
953,24,0.03205128205128205
658,24,0.2222222222222222
1899,24,0.022675736961451247
594,24,0.02053388090349076
1650,24,0.010070493454179255
776,24,0.024154589371980676
873,24,0.022321428571428572
638,24,0.0211864406779661
928,24,0.0196078431372549
1687,24,0.012547051442910916
701,24,0.12658227848101267
657,24,0.0228310502283105
2171,24,0.02824858757062147
912,24,0.014903129657228018
826,24,0.035842293906810034
644,24,0.033444816053511704
1689,24,0.011454753722794959
1097,24,0.028735632183908046
907,24,0.01855287569573284
1774,24,0.013831258644536652
686,24,0.013422818791946308
628,24,0.02680965147453083
686,24,0.12658227848101267
442,24,0.18867924528301888
500,24,0.15384615384615385
1651,24,0.0136986301369863
687,24,0.23809523809523808
2188,24,0.01984126984126984
1805,24,0.029585798816568046
535,24,0.18867924528301888
1928,24,0.021413276231263382
1753,24,0.022779043280182234
2042,24,0.0211864406779661
663,24,0.01483679525222552
1615,24,0.016835016835016835
1652,24,0.023094688221709007
1199,24,0.0035174111853675696
1082,24,0.02386634844868735
1104,24,0.002026753141467369
700,24,0.030303030303030304
378,24,0.012254901960784314
1095,24,0.0026164311878597592
1045,24,0.04184100418410042
926,24,0.029940119760479042
408,24,0.025380710659898477
877,24,0.02074688796680498
1058,24,0.021413276231263382
587,24,0.02066115702479339
1840,24,0.03333333333333333
923,24,0.024390243902439025
1512,24,0.2127659574468085
589,24,0.01529051987767584
917,24,0.01026694045174538
1008,24,0.011655011655011656
838,24,0.012091898428053204
994,24,0.026737967914438502
1718,24,0.02032520325203252
654,24,0.033112582781456956
1520,24,0.07874015748031496
672,24,0.02074688796680498
1641,24,0.015723270440251572
637,24,0.015723270440251572
1155,24,0.15151515151515152
1643,24,0.026737967914438502
2221,24,0.012315270935960592
976,24,0.02457002457002457
935,24,0.022123893805309734
901,24,0.018315018315018316
1162,24,0.10204081632653061
946,24,0.016666666666666666
1628,24,0.07518796992481203
910,24,0.017605633802816902
705,24,0.020366598778004074
2129,24,0.022172949002217297
601,24,0.136986301369863
564,24,0.14084507042253522
982,24,0.04784688995215311
2274,24,0.03048780487804878
2254,24,0.027472527472527472
1690,24,0.0091324200913242
1064,24,0.062111801242236024
1831,24,0.014641288433382138
278,24,0.1282051282051282
443,24,0.16666666666666666
2106,24,0.02032520325203252
2137,24,0.02100840336134454
1860,24,0.053763440860215055
1659,24,0.024691358024691357
1133,24,0.050761421319796954
967,24,0.017857142857142856
595,24,0.017985611510791366
1173,24,0.14285714285714285
946,24,0.017482517482517484
2105,24,0.017421602787456445
1820,24,0.01680672268907563
502,24,0.2222222222222222
954,24,0.03690036900369004
1152,24,0.10309278350515463
1575,24,0.07874015748031496
1070,24,0.014992503748125937
690,24,0.021052631578947368
2232,24,0.014388489208633094
984,24,0.01297016861219196
1081,24,0.01422475106685633
836,24,0.031446540880503145
1113,24,0.015698587127158554
924,24,0.024271844660194174
1846,24,0.01287001287001287
1040,24,0.03322259136212625
971,24,0.016835016835016835
652,24,0.03436426116838488
973,24,0.018796992481203006
700,24,0.036231884057971016
669,24,0.02320185614849188
949,24,0.016778523489932886
805,24,0.022573363431151242
1058,24,0.018315018315018316
1030,24,0.03125
1720,24,0.017857142857142856
957,24,0.02040816326530612
375,24,0.012091898428053204
386,24,0.01240694789081886
584,24,0.011918951132300357
638,24,0.017857142857142856
900,24,0.013642564802182811
911,24,0.022675736961451247
664,24,0.0228310502283105
855,24,0.045454545454545456
683,24,0.01773049645390071
665,24,0.04975124378109453
930,24,0.010427528675703858
799,24,0.01763668430335097
655,24,0.15873015873015872
2194,24,0.015455950540958269
1058,24,0.017985611510791366
812,24,0.02493765586034913
1741,24,0.02403846153846154
1844,24,0.02079002079002079
769,24,0.018315018315018316
1731,24,0.11494252873563218
1266,24,0.11764705882352941
399,24,0.02444987775061125
1687,24,0.025974025974025976
999,24,0.028169014084507043
903,24,0.028901734104046242
652,24,0.2564102564102564
836,24,0.03875968992248062
