8,0.015082956259426848,1110
8,0.004164931278633903,1064
8,0.004359197907585004,1188
8,0.01122334455667789,1101
8,0.009624639076034648,1028
8,0.006138735420503376,1177
8,0.007022471910112359,1150
8,0.005122950819672131,1104
8,0.005963029218843173,1103
8,0.006779661016949152,1237
8,0.007052186177715092,1172
8,0.03875968992248062,1090
8,0.0051466803911477095,1148
8,0.0037411148522259632,1122
8,0.007616146230007616,1160
8,0.005927682276229994,1079
8,0.004796163069544364,1070
8,0.00778816199376947,1253
8,0.00425531914893617,1061
8,0.009551098376313277,1149
8,0.09615384615384616,1058
8,0.00937207122774133,1165
8,0.005186721991701245,1106
8,0.007861635220125786,1060
8,0.015408320493066256,1108
8,0.008424599831508003,1031
8,0.015772870662460567,1149
8,0.006134969325153374,1103
8,0.006949270326615705,1231
8,0.013440860215053764,1134
8,0.013850415512465374,1140
8,0.010822510822510822,1083
8,0.0048543689320388345,1046
8,0.005299417064122946,1252
8,0.006112469437652812,1196
8,0.0055248618784530384,1086
8,0.02564102564102564,1113
8,0.014727540500736377,1099
8,0.0057405281285878304,1093
8,0.006574621959237344,1163
8,0.008896797153024912,1140
8,0.007530120481927711,1159
8,0.01529051987767584,1090
8,0.012578616352201259,1137
8,0.00513347022587269,1140
8,0.00881057268722467,1132
8,0.011135857461024499,1088
8,0.004557885141294439,1111
8,0.008620689655172414,1009
8,0.007513148009015778,1182
8,0.006169031462060457,1182
8,0.4,1232
8,0.00931098696461825,1094
8,0.008984725965858042,1114
8,0.014164305949008499,1051
8,0.00516795865633075,1028
8,0.014005602240896359,1035
8,0.008561643835616438,1112
8,0.009970089730807577,1154
8,0.007849293563579277,1024
8,0.00946969696969697,1015
8,0.006119951040391677,1068
8,0.010604453870625663,1084
8,0.006527415143603133,1104
8,0.006944444444444444,1074
8,0.00904977375565611,1228
8,0.012738853503184714,1145
8,0.01287001287001287,1065
8,0.006265664160401002,1026
8,0.005803830528148578,1213
8,0.004212299915754001,1057
8,0.012919896640826873,1120
8,0.004149377593360996,1094
8,0.015503875968992248,1084
8,0.0072992700729927005,1111
8,0.008718395815170008,1040
8,0.013227513227513227,1090
8,0.01072961373390558,1001
8,0.01277139208173691,1122
8,0.04524886877828054,1033
8,0.007390983000739098,1150
8,0.014903129657228018,1143
8,0.0064516129032258064,1195
8,0.004522840343735866,1065
8,0.003112356053532524,1194
8,0.006882312456985547,1143
8,0.004217629692113032,1173
8,0.010764262648008612,1174
8,0.006788866259334691,1147
8,0.006949270326615705,1038
8,0.010706638115631691,1034
8,0.011160714285714286,1183
8,0.003123048094940662,1064
8,0.0088339222614841,1106
8,0.011655011655011656,1048
8,0.010810810810810811,1119
8,0.004248088360237893,1128
8,0.004363001745200698,1146
8,0.012919896640826873,1111
8,0.00980392156862745,1036
8,0.006798096532970768,1069
8,0.003912363067292645,1125
8,0.02610966057441253,1146
8,0.006325110689437065,970
8,0.006253908692933083,1153
8,0.010330578512396695,1094
8,0.0072254335260115606,1079
8,0.010351966873706004,1104
8,0.00643915003219575,1175
8,0.005473453749315818,1120
8,0.45454545454545453,1059
8,0.004118616144975288,1100
8,0.011778563015312132,1088
8,0.0088261253309797,1242
8,0.011428571428571429,1034
8,0.008110300081103,1086
8,0.011402508551881414,1063
8,0.005945303210463734,1142
8,0.005924170616113744,1095
8,0.011723329425556858,1091
8,0.006738544474393531,1112
8,0.005387931034482759,1179
8,0.0070921985815602835,1173
8,0.008361204013377926,1131
8,0.012254901960784314,1146
8,0.002937720329024677,1129
8,0.016,1081
8,0.00945179584120983,1136
8,0.005834305717619603,1128
8,0.007401924500370096,1124
8,0.009940357852882704,1095
8,0.004625346901017576,1144
8,0.008382229673093043,1158
8,0.009950248756218905,1056
8,0.0030303030303030303,1144
8,0.006277463904582548,1257
8,0.011210762331838564,1244
8,0.0059031877213695395,1030
8,0.00693000693000693,1100
8,0.006150061500615006,1173
8,0.008576329331046312,1112
8,0.009099181073703366,1126
8,0.005656108597285068,1043
8,0.009074410163339383,991
8,0.008703220191470844,1088
8,0.012515644555694618,1180
8,0.00927643784786642,1156
8,0.003685956505713233,1119
8,0.007513148009015778,1131
8,0.006317119393556538,1071
8,0.007326007326007326,1201
8,0.00992063492063492,1051
8,0.012610340479192938,1169
8,0.007309941520467836,1095
8,0.0034602076124567475,1025
8,0.009813542688910697,1015
8,0.005341880341880342,1180
8,0.008368200836820083,1085
8,0.00801924619085806,1195
8,0.009259259259259259,1224
8,0.006770480704129994,1165
8,0.01160092807424594,949
8,0.006729475100942127,1114
8,0.00715307582260372,1055
8,0.006002400960384154,1048
8,0.004514672686230248,1158
8,0.008403361344537815,1102
8,0.012853470437017995,1073
8,0.005871990604815032,1088
8,0.008818342151675485,1082
8,0.01040582726326743,1102
8,0.010976948408342482,1210
8,0.008012820512820512,1176
8,0.004791566842357451,1144
8,0.00643915003219575,1146
8,0.018083182640144666,1036
8,0.007541478129713424,1178
8,0.006188118811881188,1050
8,0.014684287812041116,1150
8,0.004786979415988511,1112
8,0.0054466230936819175,1065
8,0.010438413361169102,1059
8,0.0088261253309797,1121
8,0.005917159763313609,1085
8,0.0057306590257879654,1101
8,0.005988023952095809,1082
8,0.0048543689320388345,1100
8,0.006180469715698393,1143
8,0.006531678641410843,1129
8,0.0032552083333333335,1126
8,0.004066693777958519,1172
8,0.004518752824220515,1015
8,0.011876484560570071,1131
8,0.006798096532970768,1231
8,0.004739336492890996,1090
8,0.004508566275924256,1103
8,0.0035014005602240898,1105
8,0.00380517503805175,1039
8,0.006729475100942127,1100
8,0.006184291898577613,1202
8,0.020242914979757085,1131
8,0.008223684210526315,1151
8,0.014771048744460856,1141
8,0.006675567423230975,1101
8,0.007692307692307693,1082
8,0.005868544600938967,1175
8,0.005321979776476849,1099
8,0.006693440428380187,1074
8,0.005065856129685917,1076
8,0.009107468123861567,1079
8,0.01278772378516624,1196
8,0.004173622704507512,1086
8,0.00477326968973747,1049
8,0.006788866259334691,1055
8,0.007251631617113851,1141
8,0.00550357732526142,1163
8,0.008431703204047217,1159
8,0.00835421888053467,1172
8,0.012004801920768308,1199
8,0.00546448087431694,1147
8,0.006662225183211193,1154
8,0.006506180871828237,1183
8,0.007993605115907274,1061
8,0.008703220191470844,1091
8,0.008038585209003215,1145
8,0.014124293785310734,1120
8,0.009328358208955223,1109
8,0.008333333333333333,1142
8,0.00725689404934688,1173
8,0.011655011655011656,1136
8,0.019417475728155338,1104
8,0.006246096189881324,1197
8,0.006811989100817439,1100
8,0.01694915254237288,1197
8,0.00782472613458529,1080
8,0.01440922190201729,1023
8,0.0186219739292365,1168
8,0.005807200929152149,1038
8,0.016474464579901153,1164
8,0.005050505050505051,1061
8,0.005868544600938967,1043
8,0.012738853503184714,1127
8,0.009746588693957114,1150
8,0.012345679012345678,1202
8,0.012531328320802004,1048
8,0.006944444444444444,1123
8,0.008880994671403197,1089
8,0.009363295880149813,1083
8,0.011574074074074073,1150
8,0.003123048094940662,1098
8,0.00945179584120983,1115
8,0.0102880658436214,1121
8,0.0075528700906344415,1069
9,0.021739130434782608,1116
8,0.0073964497041420114,1204
8,0.0273972602739726,1159
8,0.0066050198150594455,1140
8,0.006349206349206349,1112
8,0.003718854592785422,1197
8,0.005434782608695652,1055
8,0.0061162079510703364,1150
8,0.013368983957219251,1025
8,0.010362694300518135,1116
8,0.006472491909385114,1050
8,0.006172839506172839,1107
8,0.017361111111111112,1295
8,0.006489292667099286,1055
8,0.014265335235378032,1167
8,0.004952947003467063,1045
8,0.010471204188481676,1126
8,0.005165289256198347,1063
8,0.006269592476489028,1128
8,0.00851063829787234,1096
8,0.00855431993156544,1068
8,0.008688097306689836,1109
8,0.007662835249042145,1185
8,0.0074962518740629685,1106
8,0.0048638132295719845,1122
8,0.5263157894736842,1294
8,0.009587727708533078,1109
8,0.003624501631025734,1023
8,0.006472491909385114,1139
8,0.02145922746781116,1086
8,0.009784735812133072,1113
8,0.003304692663582287,1152
8,0.00865051903114187,1148
8,0.008771929824561403,1142
8,0.0066050198150594455,1182
8,0.00589622641509434,1111
8,0.004791566842357451,1018
8,0.00675219446320054,1153
8,0.03048780487804878,1063
8,0.008787346221441126,1090
8,0.004965243296921549,1126
8,0.0053475935828877,1073
8,0.003992015968063872,1104
8,0.00552791597567717,1065
8,0.00555247084952804,1084
8,0.008695652173913044,1043
8,0.004464285714285714,1170
8,0.008841732979664015,1206
8,0.01287001287001287,1092
8,0.005810575246949448,1130
8,0.0068212824010914054,1149
8,0.004557885141294439,1063
8,0.005271481286241434,1078
8,0.005159958720330237,1104
8,0.0072254335260115606,1140
8,0.008025682182985553,1164
8,0.004301075268817204,1148
8,0.00724112961622013,1066
8,0.009302325581395349,1125
8,0.00992063492063492,1117
8,0.006910850034554251,1157
8,0.008928571428571428,1098
8,0.005688282138794084,1112
8,0.008795074758135445,1190
8,0.013333333333333334,1078
8,0.01718213058419244,1041
8,0.004916420845624385,1161
8,0.008116883116883116,1201
8,0.007535795026375283,1118
8,0.004462293618920125,1106
8,0.007880220646178092,1242
8,0.004363001745200698,1055
8,0.006858710562414266,1015
8,0.007457121551081283,1061
8,0.021413276231263382,1099
8,0.009852216748768473,1105
8,0.006134969325153374,1092
8,0.006357279084551812,1185
8,0.0071633237822349575,1213
8,0.00648508430609598,1076
8,0.010427528675703858,1227
8,0.010183299389002037,1168
8,0.0054466230936819175,1169
8,0.021052631578947368,1131
8,0.00563063063063063,1052
8,0.010660980810234541,1096
8,0.0075815011372251705,1135
8,0.008149959250203748,1061
8,0.009940357852882704,1109
8,0.008539709649871904,1112
8,0.003073140749846343,1131
8,0.015060240963855422,1143
8,0.014947683109118086,1046
8,0.005714285714285714,1122
