587,14,0.3225806451612903
602,14,0.2857142857142857
547,14,0.2222222222222222
548,14,0.18518518518518517
584,14,0.2702702702702703
569,14,0.29411764705882354
581,14,0.3125
562,14,0.3448275862068966
607,14,0.24390243902439024
576,14,0.2631578947368421
397,14,0.00020904757922903251
586,14,0.3333333333333333
1005,14,0.00011043866236692142
1076,14,0.0001092406681159262
546,14,0.30303030303030304
562,14,0.17857142857142858
562,14,0.22727272727272727
998,14,0.00008481548391474348
976,14,0.00009184001469440235
588,14,0.2702702702702703
549,14,0.1388888888888889
560,14,0.3448275862068966
1119,14,0.00007335573128328517
564,14,0.18518518518518517
557,14,0.2631578947368421
568,14,0.2
574,14,0.24390243902439024
574,14,0.24390243902439024
1322,14,0.0001240171639754942
549,14,0.18867924528301888
551,14,0.4166666666666667
872,14,0.00013366124893071
580,14,0.29411764705882354
1025,14,0.00004789983187159013
1011,14,0.00007584548757271686
558,14,0.16393442622950818
550,14,0.25
930,14,0.000042710949378982794
580,14,0.19230769230769232
604,14,0.30303030303030304
585,14,0.20833333333333334
562,14,0.38461538461538464
557,14,0.18867924528301888
556,14,0.24390243902439024
537,14,0.24390243902439024
539,14,0.24390243902439024
1057,14,0.00011194196928312363
390,14,0.00013673717747118264
575,14,0.3333333333333333
600,14,0.21739130434782608
558,14,0.3125
1017,14,0.00009765148186123725
564,14,0.13513513513513514
579,14,0.21739130434782608
589,14,0.3125
574,14,0.15384615384615385
558,14,0.25
558,14,0.3125
576,14,0.38461538461538464
588,14,0.23809523809523808
1010,14,0.00004104534279018031
992,14,0.00005667616937106455
543,14,0.3448275862068966
548,14,0.15873015873015872
551,14,0.22727272727272727
571,14,0.2631578947368421
1012,14,0.00007638019003391281
1027,14,0.00007219069895034724
632,14,0.38461538461538464
561,14,0.21739130434782608
554,14,0.18181818181818182
580,14,0.21739130434782608
595,14,0.2631578947368421
1086,14,0.000058344759182006474
1237,14,0.00007127075760815338
1008,14,0.000043948896223471345
573,14,0.2702702702702703
543,14,0.30303030303030304
393,14,0.00018377961148990132
566,14,0.24390243902439024
1147,14,0.00006547159187628488
549,14,0.23255813953488372
558,14,0.37037037037037035
568,14,0.20408163265306123
1000,14,0.00012125033343841695
1024,14,0.00004845876885651843
1088,14,0.00007827727375910952
563,14,0.18867924528301888
1100,14,0.00002688880403977392
548,14,0.29411764705882354
561,14,0.23255813953488372
586,14,0.24390243902439024
572,14,0.3333333333333333
538,14,0.16666666666666666
1017,14,0.00011411747252621849
1068,14,0.00004009976822333967
548,14,0.25
577,14,0.35714285714285715
579,14,0.20833333333333334
351,14,0.00004618809640379482
554,14,0.21739130434782608
559,14,0.3448275862068966
603,14,0.20408163265306123
546,14,0.2857142857142857
1089,14,0.00006839571022105494
1059,14,0.0000509699583065741
1014,14,0.0000671632267900679
442,14,0.00011853256682273455
554,14,0.20408163265306123
550,14,0.19230769230769232
588,14,0.3448275862068966
555,14,0.2
646,14,0.5263157894736842
608,14,0.23809523809523808
544,14,0.43478260869565216
580,14,0.2631578947368421
1067,14,0.00006809994347704691
614,14,0.30303030303030304
568,14,0.16393442622950818
575,14,0.19230769230769232
582,14,0.17543859649122806
999,14,0.00006295088571896207
570,14,0.2631578947368421
551,14,0.3225806451612903
557,14,0.35714285714285715
942,14,0.00008121893375783763
567,14,0.23255813953488372
470,14,0.00010768203648267395
363,14,0.000056957014541125814
585,14,0.37037037037037035
602,14,0.20408163265306123
560,14,0.30303030303030304
626,14,0.2222222222222222
617,14,0.24390243902439024
593,14,0.3333333333333333
617,14,0.2702702702702703
1015,14,0.00009347891115764284
969,14,0.00005350884233619606
552,14,0.2702702702702703
549,14,0.38461538461538464
1117,14,0.000049173153425156
548,14,0.21739130434782608
1001,14,0.00008991269477337505
566,14,0.2631578947368421
560,14,0.2631578947368421
583,14,0.38461538461538464
559,14,0.2127659574468085
573,14,0.2
557,14,0.16666666666666666
564,14,0.3333333333333333
579,14,0.2857142857142857
977,14,0.00007781192856864957
578,14,0.2777777777777778
381,14,0.0001389043227025225
1069,14,0.00005459945837337294
1136,14,0.0000839390937935434
554,14,0.2857142857142857
537,14,0.5263157894736842
1159,14,0.00004862701619765909
554,14,0.2564102564102564
579,14,0.18181818181818182
556,14,0.35714285714285715
553,14,0.37037037037037035
1045,14,0.00005203644632700744
1154,14,0.00006741451839068062
422,14,0.000046041999511954805
580,14,0.2857142857142857
604,14,0.23255813953488372
557,14,0.16129032258064516
536,14,0.2222222222222222
576,14,0.2564102564102564
556,14,0.15625
547,14,0.2777777777777778
1000,14,0.00019052336769104732
560,14,0.25
1110,14,0.00005474892144624751
555,14,0.2222222222222222
548,14,0.17543859649122806
561,14,0.3448275862068966
567,14,0.4
1009,14,0.000058945928899420564
551,14,0.25
556,14,0.23255813953488372
556,14,0.2702702702702703
544,14,0.3333333333333333
382,14,0.00007298257905837876
485,14,0.0001819902453228507
1008,14,0.00007433120498316398
894,14,0.00003097979807367616
579,14,0.23255813953488372
574,14,0.16129032258064516
607,14,0.35714285714285715
403,14,0.00015487068297971194
582,14,0.29411764705882354
585,14,0.35714285714285715
1061,14,0.00009325661422536393
554,14,0.3225806451612903
570,14,0.30303030303030304
381,14,0.00018090379536162668
1057,14,0.000051765461049078835
590,14,0.37037037037037035
999,14,0.00004673377636953332
564,14,0.21739130434782608
1149,14,0.000057956567348429086
548,14,0.3448275862068966
542,14,0.12658227848101267
576,14,0.23255813953488372
621,14,0.19607843137254902
608,14,0.20408163265306123
548,14,0.22727272727272727
552,14,0.2
575,14,0.21739130434782608
632,14,0.3225806451612903
544,14,0.3225806451612903
1027,14,0.00007931157552444779
1214,14,0.00004470132807645715
581,14,0.19607843137254902
987,14,0.0000716322115729001
544,14,0.2702702702702703
358,14,0.00009992206079258178
606,14,0.1724137931034483
1179,14,0.00010764610267285273
588,14,0.2702702702702703
542,14,0.35714285714285715
592,14,0.4
564,14,0.23255813953488372
544,14,0.2702702702702703
555,14,0.19607843137254902
554,14,0.23255813953488372
544,14,0.37037037037037035
1077,14,0.0000685593621236948
888,14,0.00009455013047918007
575,14,0.2564102564102564
550,14,0.38461538461538464
576,14,0.2564102564102564
545,14,0.30303030303030304
995,14,0.00008794920054176708
615,14,0.2222222222222222
557,14,0.29411764705882354
598,14,0.24390243902439024
1112,14,0.00005946858869145318
555,14,0.3225806451612903
383,14,0.00011126564673157163
899,14,0.00008588187806490952
900,14,0.00007017642352875128
1005,14,0.00004570509246140205
551,14,0.20408163265306123
542,14,0.2857142857142857
1037,14,0.00011308507390109579
542,14,0.23809523809523808
543,14,0.23255813953488372
1009,14,0.00008191014457140517
1005,14,0.00006211141545704685
344,14,0.00008636026046254555
547,14,0.4
392,14,0.0001691961490956466
570,14,0.2127659574468085
552,14,0.2
416,14,0.0001453551753710191
556,14,0.17857142857142858
544,14,0.2857142857142857
547,14,0.3448275862068966
557,14,0.18867924528301888
1079,14,0.00004918597216073976
542,14,0.30303030303030304
441,14,0.00015800284405119292
397,14,0.00010687528722733443
385,14,0.00023733238400379733
595,14,0.3448275862068966
431,14,0.00010122379568989078
603,14,0.2631578947368421
551,14,0.18518518518518517
559,14,0.2857142857142857
388,14,0.00015978524862584687
998,14,0.0000946431951542684
568,14,0.2631578947368421
542,14,0.2777777777777778
386,14,0.00010832123746181677
535,14,0.17857142857142858
598,14,0.25
570,14,0.2127659574468085
573,14,0.2127659574468085
884,14,0.00006332360260639949
601,14,0.2857142857142857
387,14,0.00021554046772281495
558,14,0.18518518518518517
551,14,0.19230769230769232
544,14,0.3125
547,14,0.1724137931034483
551,14,0.23255813953488372
578,14,0.19607843137254902
965,14,0.00005801911149532656
554,14,0.19607843137254902
593,14,0.29411764705882354
542,14,0.16666666666666666
570,14,0.3225806451612903
552,14,0.38461538461538464
571,14,0.20833333333333334
558,14,0.17543859649122806
392,14,0.000260973954799311
571,14,0.3225806451612903
615,14,0.24390243902439024
548,14,0.43478260869565216
538,14,0.2564102564102564
680,14,0.3225806451612903
324,14,0.00004350417422551694
538,14,0.2777777777777778
423,14,0.00008503256747334229
587,14,0.19230769230769232
581,14,0.2857142857142857
587,14,0.23255813953488372
545,14,0.5263157894736842
591,14,0.2702702702702703
567,14,0.18867924528301888
430,14,0.00006791955607778148
392,14,0.00015152663080536405
557,14,0.24390243902439024
970,14,0.00007422582464891185
561,14,0.4166666666666667
557,14,0.21739130434782608
561,14,0.2777777777777778
557,14,0.3225806451612903
404,14,0.0000477684947669614
535,14,0.29411764705882354
537,14,0.2127659574468085
572,14,0.22727272727272727
559,14,0.25
561,14,0.15384615384615385
888,14,0.00015540498539193137
1008,14,0.00003859856336147169
430,14,0.00025842464337399215
1060,14,0.0000815547599435641
452,14,0.00016208243512650535
399,14,0.00011307612284589986
438,14,0.0000885763129223983
1017,14,0.00011643341173183057
1051,14,0.000043892568549218934
562,14,0.30303030303030304
557,14,0.4
551,14,0.2857142857142857
561,14,0.23809523809523808
546,14,0.38461538461538464
579,14,0.2631578947368421
566,14,0.22727272727272727
541,14,0.3333333333333333
542,14,0.2127659574468085
587,14,0.23255813953488372
566,14,0.35714285714285715
581,14,0.23809523809523808
568,14,0.23255813953488372
420,14,0.00011025844579694805
574,14,0.2777777777777778
973,14,0.00007083306770932943
575,14,0.21739130434782608
582,14,0.16129032258064516
560,14,0.29411764705882354
552,14,0.18181818181818182
559,14,0.30303030303030304
996,14,0.000048034661811963516
1016,14,0.000047643777008066095
553,14,0.4166666666666667
557,14,0.14705882352941177
585,14,0.29411764705882354
1026,14,0.000057031401489660206
417,14,0.000044615968054966875
569,14,0.23809523809523808
1001,14,0.00010634564461412483
381,14,0.00006298538109304831
942,14,0.00005258176464402145
577,14,0.25
383,14,0.00013778279919534844
580,14,0.2222222222222222
556,14,0.14084507042253522
997,14,0.000044374037638058725
566,14,0.3333333333333333
562,14,0.2127659574468085
554,14,0.3125
547,14,0.2857142857142857
1114,14,0.00005852779192199416
559,14,0.20833333333333334
571,14,0.38461538461538464
541,14,0.4166666666666667
576,14,0.4166666666666667
587,14,0.20408163265306123
385,14,0.00011992420790060682
542,14,0.29411764705882354
1012,14,0.0001309877788402342
615,14,0.15873015873015872
571,14,0.3225806451612903
549,14,0.2564102564102564
549,14,0.30303030303030304
562,14,0.18518518518518517
391,14,0.00020537676367295805
549,14,0.24390243902439024
576,14,0.2222222222222222
551,14,0.18867924528301888
897,14,0.00007777561734396267
1003,14,0.00003708703585574627
380,14,0.000096373466457215
1062,14,0.0000780122479229239
1035,14,0.00004518793662843767
