3,0.0970873786407767,183
3,0.0007393715341959334,186
3,0.0005325380764724678,200
3,0.0005270092226613965,210
3,0.03333333333333333,176
3,0.00037479854578164235,194
3,0.5555555555555556,205
3,0.030120481927710843,184
3,0.00031004867764238984,178
3,0.0031665611146295125,171
3,0.0008757334267448988,195
3,0.00032227915820683877,187
3,0.00016694769528706655,166
3,0.0003111484489249821,205
3,0.0015076134479119555,209
4,0.0005775005775005775,181
3,0.00040980247520695025,170
3,0.30303030303030304,196
3,0.0024906600249066002,166
3,0.001058985491898761,167
3,0.00019823570224997521,196
3,0.3333333333333333,181
3,0.5263157894736842,193
3,0.00026542800265428,196
3,0.5,196
3,0.001366867140513942,196
4,0.002874389192296637,190
3,0.0002612671456564337,188
3,0.0004619791185438418,181
3,0.006609385327164574,180
3,0.00045425638230217136,169
3,0.00062375249500998,184
3,0.14492753623188406,180
3,0.0020325203252032522,211
3,0.0015071590052750565,173
3,0.0016490765171503958,171
3,0.0000846038004027141,216
3,0.5882352941176471,199
3,0.45454545454545453,189
3,0.0003044232701147676,175
3,0.0003234571095872687,179
3,0.010111223458038422,190
3,0.0007689350249903883,194
3,0.000196649099347125,168
3,0.0005729017473503294,182
3,0.45454545454545453,196
3,0.0015188335358444715,181
4,0.005277044854881266,202
3,0.0002770083102493075,174
3,0.0004149721968628102,168
3,0.0023078698361412415,169
3,0.43478260869565216,187
3,0.01858736059479554,189
3,0.10989010989010989,180
3,0.00120598166907863,176
3,0.0020665426741062203,198
3,0.0026954177897574125,203
4,0.38461538461538464,167
3,0.0016134236850596966,161
3,0.45454545454545453,194
3,0.00006758446368348844,193
3,0.5882352941176471,203
3,0.0010259567046270648,183
4,0.000570060426405199,192
3,0.35714285714285715,169
3,0.0003807348181991243,191
3,0.0004627059041273367,184
3,0.000372079178449174,220
3,0.0008760402978537013,179
4,0.00043673843734987115,163
3,0.0012805736970162632,149
3,0.47619047619047616,192
4,0.0007403568520026653,174
3,0.000744324525493115,178
3,0.0007039774727208729,201
3,0.00029526396598559114,170
3,0.0013015749056358194,168
4,0.4,187
3,0.43478260869565216,206
3,0.001008979921299566,178
3,0.5555555555555556,201
3,0.0390625,200
3,0.0007474958887726118,168
3,0.0008017317405596087,176
3,0.00202020202020202,183
3,0.0004017354973485457,155
3,0.0009612611746611555,172
3,0.0029498525073746312,184
3,0.0016772895001677288,218
4,0.0020781379883624274,206
3,0.00013361124472235583,177
3,0.03937007874015748,147
3,0.0020387359836901123,190
3,0.0024691358024691358,184
3,0.001994813484939158,171
3,0.00041918175720992624,220
3,0.8333333333333334,185
4,0.4,183
3,0.0010400416016640667,163
3,0.002975304968759298,181
3,0.0004760544606302961,184
3,0.00047212124073462065,182
3,0.0006167129201356768,173
3,0.0007393168712110011,192
3,0.0001686084742619164,135
3,0.0004961794184777216,195
3,0.10309278350515463,172
3,0.0008481764206955047,164
3,0.43478260869565216,186
3,0.00020485506504148315,166
3,0.0008481044864727334,184
3,0.0004822763443453099,193
4,0.0032552083333333335,182
4,0.6666666666666666,174
3,0.00031318509238960227,177
4,0.02610966057441253,185
3,0.00009333843583449228,181
3,0.0006608511763150939,152
4,0.0023546032493524842,185
3,0.0002843898415948582,204
3,0.0001862925911436502,177
4,0.5555555555555556,190
4,0.005211047420531527,177
3,0.00028188865398167724,200
3,0.000637551801083838,182
3,0.0009794319294809011,189
4,0.8333333333333334,227
4,0.5882352941176471,182
3,0.0004082299150881777,153
3,0.0006158773172384061,170
3,0.0001180637544273908,185
3,0.0002677232812165346,176
3,0.5,221
3,0.625,201
3,0.0007599361653621095,200
3,0.0015728216420257944,190
3,0.0021949078138718174,185
3,0.0010813148788927337,166
4,0.000617093489663684,180
3,0.0006559097468188378,192
3,0.0014852220406950838,156
3,0.0002636018557570645,186
3,0.0004146280786134837,195
4,0.0009140767824497258,197
4,0.007621951219512195,177
3,0.47619047619047616,179
4,0.0020538098172109263,176
3,0.0004970178926441351,174
3,0.0007856693903205531,170
3,0.00018609844607797525,197
3,0.0006186587478346944,187
3,0.000370823599213854,181
3,0.47619047619047616,178
3,0.004073319755600814,194
3,0.0006941552131056504,168
3,0.0012610340479192938,195
3,0.0008990380293086397,168
4,0.4,202
3,0.00042471862391165854,201
3,0.0004860031104199067,158
3,0.00015964494963201838,193
3,0.0009428625306430323,183
4,0.0016265452179570592,168
3,0.0003083659687316908,175
4,0.2702702702702703,201
3,0.00017436183568140607,205
3,0.0007829627309740056,161
3,0.0001666500016665,166
3,0.0011775788977861517,173
3,0.0007648768548263729,173
3,0.00017326518236160444,211
3,0.35714285714285715,212
3,0.0005971218725741924,189
3,0.0004822996045143243,170
3,0.0007054176072234763,192
3,0.00009145951087453584,195
3,0.5555555555555556,201
3,0.00040668591646671274,185
3,0.47619047619047616,208
3,0.0014647722279185586,172
3,0.0009547450830628223,217
3,0.4,175
4,0.0005927330922885425,197
3,0.000342407122068139,213
3,0.0016753224995811693,173
3,0.625,216
3,0.0007672241829062452,180
3,0.9090909090909091,222
3,0.0001605162201640476,172
3,0.00216076058772688,181
3,0.43478260869565216,191
3,0.0009228497600590623,199
3,0.5555555555555556,187
3,0.004278990158322636,169
3,0.00010887079214388364,186
3,0.0017307026652821046,203
3,0.625,188
3,0.00046968202526889296,193
3,0.0001290705628767247,155
3,0.0004753981459472308,161
3,0.0010911074740861974,189
3,0.001231678778174652,180
3,0.003608805485384338,168
3,0.0002650129856362962,216
4,0.0009897070467141725,193
3,0.0021213406873143827,167
3,0.00019165165395377363,185
3,0.0006878525244187646,177
4,0.02386634844868735,159
3,0.0002592083776147645,217
3,0.00035803795202291446,169
3,0.0003618861506170159,194
3,0.0006831534362617844,161
4,0.011273957158962795,177
3,0.0006034274680183442,150
4,0.47619047619047616,181
3,0.0009443762394938143,199
3,0.7692307692307693,219
3,0.0002175805047867711,204
3,0.00016787536932581253,160
3,0.000481370944449793,164
3,0.03257328990228013,177
3,0.00036360991927859794,207
3,0.625,227
3,0.0007874015748031496,203
3,0.00017525104712500658,214
3,0.4,222
4,0.0007084661707403471,195
4,0.3448275862068966,206
3,0.00032347803584136637,166
3,0.0008702462796971543,178
4,0.002994908655286014,175
3,0.18867924528301888,196
3,0.00025933609958506224,145
3,0.0004367193641366058,192
3,0.003367003367003367,173
3,0.0001799888406918771,169
3,0.00045777065690089265,173
3,0.5263157894736842,199
3,0.0017143836790673753,179
3,0.0005778008898133703,183
3,0.00029175784099197665,166
3,0.0007556865412227009,159
3,0.0006919936336585703,189
3,0.0006570733950982324,202
3,0.0003958671469854717,153
3,0.0012832028743744385,180
4,0.5,206
4,0.625,181
3,0.00117000117000117,196
3,0.0001112545058074852,215
3,0.0002759610343019566,180
3,0.0012635835228708618,182
3,0.00004867056355645542,203
3,0.0005918560606060606,168
3,0.0002726727381796368,207
3,0.00015354614829487002,206
3,0.00033096144299189144,215
3,0.0014790711433219938,172
3,0.00020686373885521608,199
3,0.0003519515714637666,180
3,0.0003159657493127745,212
3,0.00124750499001996,185
4,0.4166666666666667,218
3,0.0010837758751490192,164
3,0.00047016784992242233,198
3,0.00024437927663734115,171
3,0.0008202772537117545,172
3,0.6666666666666666,167
3,0.45454545454545453,191
3,0.000994530084535057,182
3,0.0004939003309132218,153
3,0.0021141649048625794,206
3,0.0018162005085361425,152
4,0.0006393453104021483,189
3,0.09523809523809523,201
3,0.0037243947858473,196
3,0.0007184940364994971,203
3,0.00138811771238201,181
3,0.43478260869565216,161
3,0.00041630240206485993,180
3,0.0003683648285261723,185
3,0.00036038633415020905,206
3,0.000683667190811513,176
3,0.0007299802905321556,211
3,0.00026664533503986345,194
4,0.004649000464900047,173
4,0.0022251891410769915,184
3,0.00006570215897294385,214
4,0.43478260869565216,168
3,0.00040064102564102563,172
3,0.00020123963615873783,179
3,0.00029588425008136816,203
3,0.0003376211215773659,176
3,0.00028041052100274803,177
3,0.5,167
3,0.009242144177449169,164
3,0.0006399590426212722,142
3,0.0004168924834285238,195
3,0.004627487274409995,138
3,0.0006769105801123672,180
3,0.00040244687701223436,184
3,0.00028595939376608524,170
3,0.6666666666666666,186
3,0.625,203
3,0.0004514265077645359,200
3,0.5882352941176471,192
3,0.0009764671418806757,195
3,0.0002159407458593362,151
3,0.0009266981744045964,171
3,0.6666666666666666,214
3,0.0028935185185185184,170
3,0.00047899602433299805,176
3,0.0003716090672612412,211
3,0.47619047619047616,181
3,0.20833333333333334,202
3,0.0002993026248840202,180
3,0.00016442770935758095,172
3,0.09433962264150944,175
3,0.0005349882302589343,168
3,0.0006910372469076083,186
3,0.00026976719091424103,176
3,0.0015530361857431277,168
3,0.00027448397013614406,192
3,0.0008618460742911316,181
3,0.000265097290705689,179
3,0.5882352941176471,179
3,0.0009502090459901178,167
3,0.0004908457271879448,202
3,0.0002660494319844627,178
3,0.0004924167815639157,189
3,0.0007669888019634913,157
3,0.0008541898009737763,214
3,0.0011678150181011328,161
3,0.0007249003262051468,199
3,0.0005579423087652736,183
3,0.47619047619047616,201
3,0.0002516356316054353,185
3,0.0013271400132714001,197
4,0.00036631378438770654,209
4,0.38461538461538464,156
3,0.0004725227992250626,181
3,0.0002463661000246366,174
3,0.0026232948583420775,195
3,0.00031688690306429636,190
4,0.0015271838729383018,177
3,0.007987220447284345,171
3,0.0009947279419078882,162
3,0.0004439314569830418,188
3,0.000899847026005579,201
3,0.00014447109133462394,227
3,0.00015095251034024696,180
3,0.0014656309541257512,206
4,0.5882352941176471,191
3,0.625,183
3,0.0007364312541424258,176
3,0.0003004897983713453,223
3,0.003786444528587656,179
3,0.0025113008538422904,179
3,0.35714285714285715,190
3,0.0006045949214026602,217
3,0.00034321801208127403,204
3,0.0009849305623953512,176
4,0.04219409282700422,211
3,0.3333333333333333,204
3,0.0021706099413935317,189
3,0.0016423057973394646,188
3,0.0010855405992184109,168
3,0.0010043185698503565,212
3,0.0002994729276473407,198
3,0.00037348272642390287,206
3,0.000683526999316473,182
3,0.0006390593047034765,153
3,0.00033869602032176124,182
3,0.0001912301837722066,205
3,0.0005880623346074683,189
3,0.0006003121623244087,192
3,0.00019226702043798427,202
4,0.001341741580571582,195
3,0.00036844626211267084,209
3,0.7692307692307693,195
3,0.5263157894736842,206
5,0.35714285714285715,194
3,0.00010554758084944693,173
3,0.0002334594014100948,213
3,0.0016697278343629988,182
3,0.0005887547836326171,163
4,0.7692307692307693,187
3,0.0003750234389649353,176
4,0.43478260869565216,203
3,0.00011471178663607685,169
3,0.5263157894736842,221
3,0.0011398609369656903,211
3,0.0013435442697836894,149
3,0.0015946420028703557,188
3,0.0016539861065167053,207
4,0.5263157894736842,176
3,0.00070876745339854,198
3,0.004101722723543888,203
3,0.00019216726238518005,208
3,0.0003522615189516697,169
3,0.0003397662408263115,173
3,0.0006361323155216285,184
3,0.0017280110592707793,180
3,0.0008343066911396629,170
3,0.0023736055067647755,149
3,0.00010017731384550655,174
3,0.0001716531918911032,179
3,0.4,211
3,0.0013053126223730584,190
3,0.000561955605507165,170
3,0.0038299502106472617,185
3,0.03937007874015748,190
3,0.6666666666666666,236
3,0.5,200
3,0.6666666666666666,170
4,0.009337068160597572,197
3,0.0003781290176208122,179
4,0.0031877590054191903,221
3,0.0026845637583892616,186
3,0.0004073817574449016,180
3,0.0011887779362815027,164
3,0.0018372221201543267,192
3,0.00018600152521250674,175
3,0.00019732038911580733,184
3,0.0007382253063635022,201
4,0.0012512512512512512,179
3,0.00027471772753495785,218
3,0.0013939224979091162,217
3,0.0014496955639315744,164
3,0.47619047619047616,202
4,0.0011574074074074073,208
3,0.00021947151259766484,200
3,0.000657159755536571,212
3,0.0009926543577526306,176
3,0.0005097099750242112,194
3,0.0001285512276642242,178
3,0.0002021999352960207,165
3,0.0009580379383023567,179
4,0.0009427736400490242,171
3,0.0003679988224037683,189
3,0.0010807305738679347,155
3,0.0008426019548365353,188
3,0.0008043758043758043,186
4,0.001826817683595177,175
3,0.00006546130582212854,178
3,0.47619047619047616,164
3,0.0007100255609201931,169
3,0.0002516292997156589,218
3,0.0011152001784320285,177
3,0.4166666666666667,193
3,0.0003399626041135475,170
3,0.6666666666666666,190
3,0.5882352941176471,168
3,0.00022228643830439905,196
3,0.00011704393829443573,172
3,0.43478260869565216,202
3,0.00024828065645405564,176
3,0.0015832805573147563,190
3,0.000498231278959693,166
3,0.00018431141256266588,187
3,0.0006888001102080177,195
3,0.00149678191887442,206
3,0.0009008197459688316,174
3,0.0002358379321730107,176
3,0.0003358071123946405,178
3,0.0003930354124906654,197
4,0.47619047619047616,206
3,0.4,154
3,0.0005703530485370444,166
4,0.5,171
3,0.0002549004613698351,202
3,0.000737517516041006,192
3,0.0008666262241095416,184
3,0.43478260869565216,197
3,0.0019425019425019425,171
3,0.00196811651249754,172
3,0.2857142857142857,209
4,0.0004013485310643763,195
3,0.625,156
3,0.0007052186177715092,172
3,0.002345765892563922,174
3,0.6666666666666666,163
3,0.0020100502512562816,184
3,0.0005225479437738412,193
3,0.38461538461538464,170
3,0.0003921722420487078,170
3,0.00004471092153680379,173
3,0.00012134007984177253,192
3,0.0018814675446848542,183
3,0.0005198315745698394,196
3,0.43478260869565216,179
4,0.0009131586156515387,171
3,0.0004280638671289756,199
3,0.00045510399126200336,185
3,0.0006530399007379351,178
3,0.00025614097999538944,168
3,0.00035351928447696824,218
3,0.8333333333333334,195
3,0.001584786053882726,175
3,0.0006252735571812668,183
3,0.5882352941176471,179
3,0.0009237021984112322,173
4,0.03076923076923077,190
3,0.00044285018378282625,159
3,0.00035969929139239594,187
4,0.01126126126126126,178
3,0.00024410486745105698,183
3,0.0002573273976480276,162
3,0.0006255082254331644,179
3,0.0009167583425009168,190
3,0.0010499790004199917,169
3,0.0006883733737179045,209
3,0.0011773016246762421,207
3,0.0008852691218130312,185
3,0.0016228497241155468,184
3,0.0008710042679209128,180
3,0.001234110823151919,183
4,0.0008384338056510439,173
3,0.43478260869565216,203
4,0.9090909090909091,182
3,0.0002180929948530053,174
4,0.0013774104683195593,181
4,0.5882352941176471,178
3,0.06896551724137931,201
3,0.0002893267366837369,173
3,0.0002337049241627521,166
3,0.0002643824027072758,160
3,0.3225806451612903,160
3,0.0006703760809814306,165
3,0.0006938662225922842,200
3,0.0032185387833923397,180
3,0.00032035880185808104,174
3,0.00458295142071494,219
3,0.35714285714285715,185
3,0.0005528221571120571,166
3,0.00017511908097506306,178
4,0.0008743551630672379,177
3,0.23809523809523808,185
3,0.0004670060243777145,179
3,0.0009068649678062936,189
3,0.0005396945328943818,181
4,0.004078303425774877,169
3,0.014858841010401188,145
4,0.0036153289949385392,232
3,0.000821962847279303,167
3,0.00016360185851711274,202
3,0.0013326226012793177,176
3,0.00043616696471409256,167
3,0.0001907450501659482,154
4,0.00046153136105598377,205
3,0.00016405814220559766,170
4,0.000733998825601879,179
3,0.00011257331337033243,150
3,0.0002601321471307424,163
3,0.002696871628910464,160
3,0.011123470522803115,163
3,0.0013404825737265416,197
3,0.0011690437222352116,155
3,0.0001968542687848186,200
3,0.0006534239414532148,172
3,0.00018718529472324654,178
3,0.00031745023967493093,185
3,0.0006476683937823834,201
3,0.4,180
4,0.5263157894736842,194
3,0.001356300013563,177
3,0.625,191
3,0.5882352941176471,206
4,0.0013592496941688189,181
3,0.0004751270964983133,149
3,0.0008959770629871876,175
3,0.0008778089887640449,198
3,0.00024142926122646064,177
3,0.001682085786375105,200
3,0.005592841163310962,201
3,0.0020639834881320948,187
3,0.5882352941176471,156
4,0.625,189
3,0.0011862396204033216,175
3,0.0007479991024010772,154
3,0.00027159152634437803,189
3,0.0003201434242540658,198
4,0.002443195699975568,176
3,0.00011683880917885685,167
3,0.20408163265306123,191
4,0.16666666666666666,160
5,1,229
4,0.5555555555555556,204
3,0.6666666666666666,178
3,0.0005486065393899496,159
3,0.00034468495794843514,193
3,0.0005941417622244668,146
4,0.001574555188159345,204
3,0.0007865963973885,193
3,0.00014999250037498125,163
3,0.0004487121959974872,186
3,0.4166666666666667,174
3,0.013908205841446454,176
3,0.0008524422470377632,169
3,0.0021326508850501172,195
3,0.0004999000199960008,184
3,0.0007783918424534911,180
3,0.0018716077110237693,176
3,0.0001542947956365432,212
3,0.9090909090909091,192
3,0.38461538461538464,209
3,0.00020920502092050208,179
3,0.00007611334799783839,184
4,0.0037678975131876413,174
3,0.0016160310277957336,161
3,0.0015446400988569664,164
3,0.6666666666666666,172
3,0.0004985044865403788,174
3,0.008176614881439084,188
3,0.5555555555555556,192
3,0.0005958410296132992,213
3,0.0021706099413935317,173
3,0.47619047619047616,195
3,0.002720348204570185,183
3,0.0003391440005426304,166
3,0.0008028904054596548,202
3,0.00004949147509341516,168
3,0.5263157894736842,181
3,0.0003948355509930114,179
3,0.00041153956952961026,172
3,0.0014386419220256078,149
3,0.0009503896597605018,180
3,0.00020861583394179617,173
3,0.001003814495081309,160
3,0.00018707673887828787,176
3,0.0008616975441619991,177
3,0.0002536590315298176,161
3,0.6666666666666666,169
3,0.0018318373328448433,183
3,0.47619047619047616,216
3,0.0003472101663136697,163
3,0.0008920606601248885,196
3,0.0006299212598425197,203
3,0.5263157894736842,193
3,0.5882352941176471,189
3,0.0009062075215224287,211
3,0.43478260869565216,187
3,0.47619047619047616,184
3,0.0010221813349688236,167
3,0.0002803712114840048,194
3,0.5555555555555556,183
3,0.05,197
4,0.001122586439155815,192
3,0.0006116582053948253,167
3,0.009000900090009001,164
4,0.006697923643670462,182
3,0.47619047619047616,193
4,0.0041876046901172526,185
3,0.5882352941176471,172
3,0.0010439503079653408,176
3,0.5882352941176471,202
4,0.47619047619047616,170
3,0.0005033472592741732,202
3,0.001756543123133673,195
3,0.001697792869269949,206
3,0.00022513902334691673,196
3,0.0005687958591661453,156
3,0.0019860973187686196,201
3,0.0007462129691814044,183
4,0.0014486455164421266,187
3,0.00017201341704652963,190
3,0.0008039877793857533,166
4,0.0008124136810463888,145
3,0.0014624159110851126,157
3,0.00020297150280100673,179
3,0.001075268817204301,173
3,0.00041792042795051824,173
3,0.00048074611797509735,146
3,0.0009734254842791784,164
3,0.00043652872359001223,173
3,0.00037067239973311586,206
3,0.38461538461538464,185
3,0.0005593466830741693,179
3,0.0003068331748028597,193
3,0.0006032818532818533,160
3,0.0011310937676733402,180
3,0.0008303578842481109,181
3,0.0003308738378056447,162
3,0.0008558712769599452,183
3,0.0006601095781899795,205
4,0.47619047619047616,182
4,0.8333333333333334,176
3,0.0014415453366008362,208
3,0.00024221285665843143,173
3,0.0002942301468208433,168
3,0.45454545454545453,190
3,0.0025195263290501385,188
3,0.0005943536404160475,163
3,0.0002538135485672225,208
3,0.0010777023386140748,169
4,0.00105999576001696,195
3,0.0006327912421692084,173
3,0.1111111111111111,175
3,0.0017146776406035665,172
4,0.625,182
3,0.0001998321410015587,171
3,0.00023237440163591578,185
3,0.0004749691270067446,160
3,0.004164931278633903,182
3,0.43478260869565216,196
3,0.00009508324538133135,154
3,0.00023424689622862497,189
3,0.0013837000138370002,210
3,0.0004284490145672665,190
3,0.5555555555555556,184
3,0.0006042661187987189,169
3,0.00019594396002743216,177
3,0.0006245316012990258,193
3,0.5555555555555556,218
3,0.00025262094227611467,193
3,0.0013717421124828531,180
4,0.5263157894736842,196
3,0.5,168
4,0.0066181336863004635,195
3,0.5882352941176471,201
3,0.00039152734818527073,179
4,0.005688282138794084,197
3,0.00008684626474215344,167
3,0.03278688524590164,192
3,0.5882352941176471,203
3,0.0019334880123743233,160
3,0.00038948393378773126,199
4,0.009765625,190
3,0.001130965844831486,200
3,0.0004743833017077799,188
3,0.00033575073865162506,192
3,0.4,185
3,0.0002515153801654971,146
4,0.0039510075069142635,196
3,0.0006652474720596061,177
3,0.23255813953488372,186
3,0.0008025038118931064,213
4,0.001137915339098771,159
3,0.0008527330092947898,194
3,0.0005550313592717988,194
4,0.002455795677799607,162
3,0.016863406408094434,185
4,0.0008382229673093043,178
3,0.0021326508850501172,217
3,0.6666666666666666,185
3,0.15151515151515152,188
3,0.00036833769199602195,167
3,0.0005894488653109342,190
3,0.002168256721595837,175
