196,10,0.032467532467532464
202,10,0.04184100418410042
258,10,0.026385224274406333
264,10,0.02512562814070352
275,10,0.03773584905660377
258,10,0.05235602094240838
255,10,0.035842293906810034
199,10,0.06756756756756757
203,10,0.04739336492890995
275,10,0.023809523809523808
262,10,0.0273224043715847
375,10,0.005411255411255411
203,10,0.02564102564102564
276,10,0.037037037037037035
202,10,0.043478260869565216
464,10,0.013245033112582781
375,10,0.008361204013377926
203,10,0.05291005291005291
459,10,0.00778816199376947
266,10,0.02865329512893983
274,10,0.027932960893854747
204,10,0.03663003663003663
255,10,0.0423728813559322
232,10,0.02710027100271003
446,10,0.00643915003219575
269,10,0.056818181818181816
265,10,0.043859649122807015
370,10,0.007112375533428165
275,10,0.04081632653061224
375,10,0.010940919037199124
263,10,0.04219409282700422
442,10,0.005837711617046118
258,10,0.046948356807511735
373,10,0.0065832784726793945
447,10,0.007955449482895784
204,10,0.04830917874396135
257,10,0.04739336492890995
259,10,0.04219409282700422
484,10,0.0066844919786096255
265,10,0.024213075060532687
257,10,0.03460207612456748
441,10,0.00983284169124877
261,10,0.02881844380403458
381,10,0.007358351729212656
205,10,0.06944444444444445
434,10,0.004095004095004095
441,10,0.0044444444444444444
204,10,0.0353356890459364
257,10,0.02717391304347826
444,10,0.006844626967830253
206,10,0.03787878787878788
205,10,0.03389830508474576
207,10,0.04201680672268908
266,10,0.03558718861209965
197,10,0.04149377593360996
205,10,0.041666666666666664
203,10,0.043859649122807015
228,10,0.03787878787878788
259,10,0.050505050505050504
444,10,0.004110152075626798
255,10,0.025252525252525252
252,10,0.029069767441860465
448,10,0.006369426751592357
465,10,0.009652509652509652
263,10,0.021834061135371178
259,10,0.027700831024930747
261,10,0.03225806451612903
490,10,0.007199424046076314
204,10,0.062111801242236024
442,10,0.009891196834817012
259,10,0.033444816053511704
489,10,0.006729475100942127
260,10,0.057803468208092484
484,10,0.008431703204047217
204,10,0.03067484662576687
227,10,0.034722222222222224
204,10,0.029940119760479042
263,10,0.04065040650406504
378,10,0.007423904974016332
273,10,0.046948356807511735
202,10,0.028409090909090908
258,10,0.03484320557491289
441,10,0.009813542688910697
260,10,0.05102040816326531
227,10,0.027855153203342618
230,10,0.035211267605633804
263,10,0.03436426116838488
495,10,0.005045408678102927
259,10,0.02247191011235955
201,10,0.029940119760479042
258,10,0.02207505518763797
258,10,0.021645021645021644
471,10,0.006570302233902759
273,10,0.02262443438914027
263,10,0.03003003003003003
260,10,0.028901734104046242
259,10,0.01855287569573284
204,10,0.01644736842105263
256,10,0.0353356890459364
206,10,0.027700831024930747
267,10,0.027624309392265192
205,10,0.03558718861209965
208,10,0.04132231404958678
445,10,0.007262164124909223
254,10,0.03484320557491289
439,10,0.005592841163310962
200,10,0.03968253968253968
205,10,0.02288329519450801
377,10,0.009082652134423252
226,10,0.0411522633744856
197,10,0.019230769230769232
268,10,0.024752475247524754
196,10,0.05025125628140704
271,10,0.027700831024930747
263,10,0.045454545454545456
229,10,0.029069767441860465
482,10,0.00700770847932726
501,10,0.0059031877213695395
203,10,0.020366598778004074
202,10,0.03164556962025317
206,10,0.027247956403269755
369,10,0.0048828125
203,10,0.07518796992481203
471,10,0.005717552887364208
277,10,0.03003003003003003
197,10,0.040983606557377046
203,10,0.026954177897574125
374,10,0.009624639076034648
201,10,0.028169014084507043
261,10,0.033444816053511704
201,10,0.01876172607879925
