8,0.14705882352941177,89
8,0.04032258064516129,89
8,0.5,84
8,0.5882352941176471,80
8,0.029498525073746312,87
8,0.059880239520958084,84
8,0.5263157894736842,89
8,0.625,90
8,0.035842293906810034,65
8,0.29411764705882354,98
8,0.35714285714285715,110
8,0.02824858757062147,89
8,0.02032520325203252,65
8,0.12345679012345678,90
8,0.8333333333333334,79
8,0.5,73
8,0.04716981132075472,92
8,0.08264462809917356,97
8,0.47619047619047616,84
8,0.37037037037037035,98
8,0.5,76
8,0.2702702702702703,75
8,0.5555555555555556,84
8,0.6666666666666666,91
8,0.5,86
8,0.03496503496503497,95
8,0.3225806451612903,100
8,0.35714285714285715,108
8,0.3125,71
8,0.5555555555555556,96
8,0.027855153203342618,97
8,0.06896551724137931,76
8,0.02262443438914027,87
8,0.5882352941176471,96
8,0.07246376811594203,85
8,0.053475935828877004,94
8,0.03759398496240601,78
8,0.5882352941176471,87
8,0.2222222222222222,79
8,0.2777777777777778,110
9,0.5263157894736842,85
8,0.015197568389057751,117
8,0.4166666666666667,89
8,0.47619047619047616,101
8,0.03816793893129771,105
8,0.45454545454545453,85
8,0.031545741324921134,100
8,0.47619047619047616,105
8,0.5882352941176471,91
8,0.2857142857142857,95
8,0.5882352941176471,79
8,0.06097560975609756,78
8,0.5882352941176471,89
8,0.2857142857142857,116
8,0.8333333333333334,91
8,0.38461538461538464,87
8,0.026954177897574125,91
8,0.625,92
8,0.21739130434782608,83
8,0.5263157894736842,104
8,0.19607843137254902,93
8,0.03115264797507788,88
8,0.021367521367521368,98
8,0.4166666666666667,98
8,0.5882352941176471,100
8,0.6666666666666666,93
8,0.06134969325153374,83
8,0.5882352941176471,109
8,0.056818181818181816,79
8,0.04975124378109453,67
8,0.03389830508474576,101
8,0.019120458891013385,101
8,0.0398406374501992,74
8,0.06060606060606061,92
8,0.028735632183908046,108
8,0.03571428571428571,80
8,0.8333333333333334,110
8,0.5,108
8,0.5263157894736842,100
8,0.04424778761061947,87
8,0.04484304932735426,79
8,0.47619047619047616,97
8,0.05128205128205128,77
8,0.30303030303030304,107
8,0.7692307692307693,82
8,0.2127659574468085,97
8,0.026595744680851064,69
8,0.03663003663003663,95
8,0.45454545454545453,81
8,0.4166666666666667,91
8,0.5555555555555556,122
8,0.5263157894736842,92
8,0.625,101
8,0.45454545454545453,85
8,0.5,95
8,0.09345794392523364,92
8,0.1282051282051282,82
8,0.046948356807511735,103
8,0.04950495049504951,88
8,0.2702702702702703,104
8,0.3448275862068966,91
8,0.11363636363636363,82
8,0.038314176245210725,106
8,0.05235602094240838,94
8,0.6666666666666666,95
8,0.7692307692307693,93
8,0.9090909090909091,100
8,0.038314176245210725,85
8,0.15625,95
8,0.01773049645390071,79
8,1,94
8,1,83
8,0.029850746268656716,93
8,0.04405286343612335,106
8,0.027855153203342618,94
8,0.025906735751295335,77
8,0.030211480362537766,92
8,0.03787878787878788,107
8,0.35714285714285715,99
8,0.03322259136212625,101
8,0.3225806451612903,115
8,0.5882352941176471,100
8,0.029498525073746312,103
8,0.6666666666666666,102
8,0.05917159763313609,77
8,0.5555555555555556,83
8,0.03215434083601286,92
8,0.125,81
8,0.03058103975535168,108
8,0.03508771929824561,113
8,0.5882352941176471,83
8,0.05917159763313609,78
8,0.0199203187250996,112
8,0.5,83
8,0.03389830508474576,88
8,0.6666666666666666,89
8,0.046296296296296294,95
8,0.02967359050445104,103
8,0.37037037037037035,106
8,0.625,106
8,0.7692307692307693,106
8,0.43478260869565216,97
8,0.3448275862068966,95
8,0.5,89
8,0.02336448598130841,81
8,0.2777777777777778,76
8,0.625,105
8,0.1282051282051282,57
8,0.7142857142857143,88
8,0.034013605442176874,103
8,0.5263157894736842,80
8,0.040160642570281124,90
8,0.036231884057971016,102
8,0.03134796238244514,101
8,0.45454545454545453,73
8,0.4,75
8,0.05102040816326531,77
8,0.4,86
8,0.05714285714285714,105
8,0.5555555555555556,93
8,0.625,102
8,0.6666666666666666,79
8,0.034722222222222224,82
8,0.4166666666666667,100
8,0.7692307692307693,89
8,0.04672897196261682,98
8,0.625,93
8,0.4,99
8,0.1724137931034483,107
8,0.020366598778004074,90
8,0.45454545454545453,103
8,0.6666666666666666,86
8,0.5882352941176471,87
8,0.5882352941176471,82
8,0.03257328990228013,96
8,0.072992700729927,86
8,0.136986301369863,106
8,0.10752688172043011,97
8,0.9090909090909091,94
8,0.027247956403269755,103
8,0.4,88
8,0.03773584905660377,92
8,0.08928571428571429,85
8,0.047619047619047616,94
8,1,99
8,0.7692307692307693,104
8,0.4166666666666667,77
8,0.47619047619047616,94
8,0.0546448087431694,92
8,0.125,95
8,0.057803468208092484,97
8,0.19607843137254902,80
8,0.021691973969631236,79
8,0.10638297872340426,96
8,0.062111801242236024,91
8,0.03355704697986577,108
9,0.5263157894736842,93
8,0.02336448598130841,74
8,0.023923444976076555,85
8,0.23255813953488372,88
8,0.04201680672268908,80
8,0.13333333333333333,112
8,0.625,81
8,0.05813953488372093,93
8,0.0970873786407767,90
8,0.03194888178913738,91
8,0.5882352941176471,85
8,0.5882352941176471,93
8,0.9090909090909091,100
8,0.0641025641025641,96
8,0.03367003367003367,105
8,0.7142857142857143,80
8,0.033112582781456956,83
8,0.04032258064516129,93
8,0.11764705882352941,102
8,0.29411764705882354,91
8,0.5882352941176471,83
8,0.7142857142857143,100
8,0.14285714285714285,98
8,0.47619047619047616,65
8,0.08264462809917356,92
8,0.026525198938992044,83
8,0.43478260869565216,89
8,0.5,103
8,0.5882352941176471,98
8,0.04504504504504504,85
8,0.02028397565922921,86
8,0.10989010989010989,92
8,0.03048780487804878,86
8,0.03205128205128205,97
8,0.47619047619047616,84
8,0.02358490566037736,102
8,0.625,105
8,0.046296296296296294,103
8,0.625,95
8,0.12195121951219512,104
8,0.05181347150259067,84
8,0.47619047619047616,88
8,0.5555555555555556,80
8,0.03636363636363636,89
8,0.5882352941176471,76
8,0.30303030303030304,85
8,0.8333333333333334,86
8,0.056818181818181816,101
8,0.5,94
8,0.09345794392523364,75
8,0.03460207612456748,87
8,0.02666666666666667,106
8,0.4166666666666667,84
8,0.02666666666666667,92
8,0.4166666666666667,93
8,0.03496503496503497,97
8,0.23809523809523808,75
8,0.21739130434782608,95
8,0.7142857142857143,87
8,0.4166666666666667,86
8,0.5555555555555556,84
8,0.04405286343612335,102
8,0.45454545454545453,75
8,0.3225806451612903,96
8,0.05263157894736842,88
8,0.9090909090909091,83
8,0.625,85
8,0.04132231404958678,70
8,0.45454545454545453,98
8,0.036231884057971016,84
8,0.43478260869565216,83
8,0.03861003861003861,114
8,0.08264462809917356,95
8,0.0546448087431694,96
8,0.47619047619047616,93
8,0.5882352941176471,78
8,0.04329004329004329,87
8,0.43478260869565216,93
8,0.02617801047120419,104
8,0.030120481927710843,87
8,0.02610966057441253,86
8,0.04329004329004329,99
8,0.7692307692307693,87
8,0.5,84
8,0.47619047619047616,97
8,0.05319148936170213,99
8,0.08928571428571429,78
8,0.7692307692307693,96
8,0.2631578947368421,79
8,0.5263157894736842,82
8,0.04081632653061224,101
8,0.5555555555555556,112
8,0.30303030303030304,97
8,0.7692307692307693,111
8,0.625,111
8,0.028735632183908046,94
8,0.06666666666666667,103
8,0.4,92
8,0.3448275862068966,89
8,0.7142857142857143,105
8,0.125,95
8,0.04065040650406504,98
8,0.43478260869565216,90
8,0.03636363636363636,99
8,0.02967359050445104,74
9,0.05747126436781609,86
8,0.08928571428571429,76
8,0.16129032258064516,91
8,0.08,97
8,0.050505050505050504,100
8,0.5555555555555556,99
8,0.43478260869565216,91
8,0.43478260869565216,96
8,0.03225806451612903,87
8,0.046511627906976744,88
8,0.38461538461538464,90
8,0.7142857142857143,100
8,0.05102040816326531,90
8,0.5,95
8,0.5,91
8,0.18181818181818182,87
8,0.5263157894736842,91
8,0.039525691699604744,94
8,0.125,94
8,0.2127659574468085,97
8,0.5,96
8,0.9090909090909091,120
8,0.2127659574468085,98
8,0.17543859649122806,92
8,0.625,96
8,0.04926108374384237,92
8,0.625,99
8,0.034722222222222224,75
8,0.024271844660194174,89
8,0.05555555555555555,97
8,0.625,88
8,0.4,113
8,0.16666666666666666,105
8,0.07092198581560284,86
8,0.625,86
8,0.2857142857142857,112
8,0.11904761904761904,62
8,0.2857142857142857,83
8,0.47619047619047616,101
8,0.5,78
8,0.37037037037037035,101
8,0.03058103975535168,88
8,0.05813953488372093,108
8,0.03058103975535168,87
8,0.5263157894736842,77
8,0.45454545454545453,108
8,0.625,88
8,0.3333333333333333,91
8,0.5263157894736842,113
8,0.0425531914893617,104
8,0.45454545454545453,74
8,0.17857142857142858,84
8,0.03773584905660377,85
8,0.23255813953488372,102
8,0.8333333333333334,101
8,0.08928571428571429,98
8,0.6666666666666666,81
8,0.041666666666666664,96
8,0.041666666666666664,99
8,0.7142857142857143,81
8,0.5555555555555556,112
8,0.02710027100271003,79
8,0.5882352941176471,90
8,0.5882352941176471,113
8,0.018867924528301886,91
8,0.040160642570281124,82
8,0.6666666666666666,101
8,0.02865329512893983,75
8,0.02577319587628866,87
8,0.056818181818181816,79
8,0.050505050505050504,107
8,0.07142857142857142,84
8,0.03875968992248062,78
8,0.6666666666666666,104
8,0.625,101
8,0.5263157894736842,83
8,0.45454545454545453,110
8,0.5882352941176471,120
8,0.04065040650406504,81
8,0.11764705882352941,113
9,0.5555555555555556,92
8,0.019417475728155338,77
8,0.053763440860215055,92
8,0.0390625,101
8,0.7692307692307693,114
8,0.7142857142857143,104
8,0.03636363636363636,97
8,0.0390625,86
8,0.03184713375796178,79
8,0.2702702702702703,87
8,0.45454545454545453,91
8,0.013568521031207599,88
8,0.7142857142857143,118
8,0.7692307692307693,108
8,0.07518796992481203,86
8,0.04975124378109453,95
8,0.03802281368821293,92
8,0.7142857142857143,93
8,0.06289308176100629,87
8,0.7692307692307693,73
8,0.3125,75
8,0.8333333333333334,121
8,0.5882352941176471,105
8,0.062111801242236024,88
8,0.5263157894736842,94
8,0.047619047619047616,98
8,0.030303030303030304,64
8,0.0641025641025641,92
8,0.37037037037037035,99
8,0.4,96
8,0.9090909090909091,117
8,0.033112582781456956,81
8,0.45454545454545453,95
8,0.625,102
8,0.01557632398753894,102
8,0.7692307692307693,92
8,0.03257328990228013,98
8,0.7142857142857143,108
8,0.5882352941176471,100
8,0.13333333333333333,82
8,0.0136986301369863,86
8,0.08547008547008547,93
8,0.35714285714285715,80
9,0.5555555555555556,85
8,0.0398406374501992,85
8,0.7142857142857143,101
8,0.5882352941176471,94
8,0.03355704697986577,90
8,0.5555555555555556,90
8,0.5555555555555556,89
8,0.08849557522123894,79
8,0.22727272727272727,80
8,0.5,110
8,0.041666666666666664,106
8,0.7142857142857143,115
8,0.03436426116838488,103
8,0.7142857142857143,92
8,0.02040816326530612,84
8,0.5,84
8,0.7692307692307693,77
8,0.6666666666666666,96
8,0.47619047619047616,120
8,0.8333333333333334,90
8,0.7692307692307693,89
8,0.14084507042253522,79
8,0.04854368932038835,75
8,0.04405286343612335,85
8,0.37037037037037035,87
8,0.5263157894736842,89
8,0.5263157894736842,86
8,0.4,96
8,0.7692307692307693,89
8,0.5263157894736842,105
8,0.043478260869565216,105
8,0.11494252873563218,97
8,0.625,77
8,0.7142857142857143,103
8,0.625,90
8,0.034482758620689655,121
8,0.03558718861209965,107
8,0.06369426751592357,93
8,0.17857142857142858,99
8,0.8333333333333334,91
8,0.5263157894736842,118
8,0.027548209366391185,85
8,0.5882352941176471,83
8,0.19607843137254902,96
8,0.04405286343612335,84
8,0.050505050505050504,85
8,0.04950495049504951,96
8,0.7142857142857143,86
8,0.030120481927710843,93
8,0.039525691699604744,87
8,0.03134796238244514,74
8,0.08196721311475409,106
8,0.038461538461538464,81
8,0.47619047619047616,75
8,0.9090909090909091,118
8,0.38461538461538464,73
8,0.06666666666666667,74
8,0.5,87
8,0.38461538461538464,91
8,0.15151515151515152,95
8,0.052083333333333336,105
8,0.37037037037037035,103
8,0.45454545454545453,92
8,0.10869565217391304,83
8,0.08130081300813008,85
8,0.7142857142857143,118
8,0.02849002849002849,87
8,0.5,89
8,0.3125,85
8,0.24390243902439024,89
8,0.12345679012345678,90
8,0.03215434083601286,71
8,0.5263157894736842,80
9,1,98
8,0.03205128205128205,91
8,0.0273972602739726,93
8,0.022779043280182234,99
8,0.45454545454545453,90
8,0.09090909090909091,82
8,0.0390625,90
8,0.06802721088435375,74
8,0.04048582995951417,72
8,0.4166666666666667,97
8,0.026954177897574125,94
8,0.6666666666666666,92
8,0.034129692832764506,82
8,0.058823529411764705,79
8,0.29411764705882354,84
8,0.014858841010401188,91
8,0.043668122270742356,69
8,0.09900990099009901,93
8,0.47619047619047616,87
8,0.47619047619047616,82
8,0.5882352941176471,114
8,0.5882352941176471,109
8,0.06097560975609756,66
8,0.5555555555555556,91
8,0.045454545454545456,83
8,0.5555555555555556,95
8,0.7142857142857143,96
8,0.03861003861003861,102
8,0.45454545454545453,98
8,0.16129032258064516,86
8,0.7142857142857143,109
8,0.08130081300813008,79
8,0.07142857142857142,93
8,0.04201680672268908,92
8,0.053763440860215055,96
8,0.04854368932038835,102
8,0.09345794392523364,71
8,0.9090909090909091,104
8,0.4,84
8,0.07352941176470588,84
8,0.5882352941176471,95
8,0.2631578947368421,67
8,0.016474464579901153,86
8,0.45454545454545453,102
8,0.029498525073746312,89
8,0.6666666666666666,105
8,0.37037037037037035,130
8,0.04672897196261682,97
8,0.5555555555555556,88
8,0.4166666666666667,93
8,0.023696682464454975,95
8,0.08849557522123894,87
8,0.056818181818181816,89
9,0.8333333333333334,90
8,0.47619047619047616,89
8,0.5263157894736842,82
8,0.29411764705882354,94
8,0.04201680672268908,90
8,0.11235955056179775,78
8,0.45454545454545453,84
8,0.02881844380403458,96
8,0.050505050505050504,82
8,0.37037037037037035,100
8,0.06289308176100629,94
8,0.5882352941176471,84
8,0.04291845493562232,102
8,0.7692307692307693,94
8,0.7142857142857143,93
8,0.11363636363636363,91
8,0.4,95
8,0.7142857142857143,101
8,0.02570694087403599,86
8,0.08928571428571429,84
8,0.03787878787878788,87
8,0.07407407407407407,84
8,0.5555555555555556,76
8,0.2857142857142857,80
8,0.02557544757033248,114
8,0.05,83
8,0.11363636363636363,80
8,0.0684931506849315,97
8,0.5263157894736842,97
8,0.5263157894736842,78
8,0.08,103
8,0.45454545454545453,105
8,0.02358490566037736,74
8,0.0411522633744856,85
8,0.5555555555555556,85
8,0.12345679012345678,86
8,0.625,104
8,0.4166666666666667,98
8,0.9090909090909091,92
8,1,88
8,0.04149377593360996,105
8,0.5263157894736842,92
8,0.47619047619047616,91
8,0.040983606557377046,105
8,0.47619047619047616,105
8,0.1,88
8,0.026455026455026454,87
8,0.5,101
8,0.43478260869565216,81
8,0.04716981132075472,83
8,0.12048192771084337,103
8,0.8333333333333334,104
8,0.5263157894736842,101
8,0.047619047619047616,86
8,0.8333333333333334,80
8,0.3333333333333333,107
8,0.03484320557491289,92
8,0.8333333333333334,90
8,0.136986301369863,101
8,0.04926108374384237,86
8,0.4166666666666667,104
8,0.057803468208092484,83
8,0.47619047619047616,97
8,0.16393442622950818,84
8,0.7692307692307693,93
8,0.5555555555555556,107
8,0.29411764705882354,92
8,0.3125,102
8,0.25,77
8,0.2857142857142857,98
8,0.43478260869565216,105
8,0.9090909090909091,96
8,0.10309278350515463,94
8,0.47619047619047616,101
8,0.8333333333333334,98
8,0.625,72
8,0.050761421319796954,86
8,0.5882352941176471,108
8,0.039525691699604744,89
8,0.5882352941176471,85
8,0.7142857142857143,106
9,0.625,92
8,0.35714285714285715,97
8,0.04219409282700422,99
8,0.07633587786259542,83
8,0.5,92
8,0.03184713375796178,86
8,0.5555555555555556,84
8,0.2777777777777778,97
8,0.02881844380403458,95
8,0.625,83
8,0.7692307692307693,83
8,0.3225806451612903,112
8,0.43478260869565216,94
8,0.6666666666666666,87
8,0.5882352941176471,81
8,0.027624309392265192,95
8,0.2777777777777778,117
8,0.03496503496503497,87
8,0.14925373134328357,127
8,0.07936507936507936,95
8,0.0423728813559322,100
8,0.625,100
8,0.9090909090909091,95
8,0.05952380952380952,71
8,0.028409090909090908,88
8,0.023980815347721823,94
8,0.05434782608695652,84
8,0.47619047619047616,96
8,0.09900990099009901,92
8,0.5263157894736842,96
8,0.02710027100271003,86
8,0.043478260869565216,89
8,0.5,89
8,0.3333333333333333,91
8,0.6666666666666666,100
8,0.05102040816326531,83
8,0.04,91
9,0.12048192771084337,86
8,0.050761421319796954,102
8,0.4,90
8,0.37037037037037035,88
8,0.6666666666666666,96
8,0.7142857142857143,95
8,0.6666666666666666,83
8,0.47619047619047616,101
8,0.47619047619047616,104
8,0.16666666666666666,84
8,0.07142857142857142,74
8,0.044444444444444446,86
8,0.10416666666666667,86
8,0.021929824561403508,81
8,0.044642857142857144,89
8,0.43478260869565216,86
8,0.046296296296296294,103
8,0.07246376811594203,82
8,0.06289308176100629,81
8,0.043668122270742356,114
8,0.5882352941176471,110
8,0.7142857142857143,89
8,0.625,85
8,0.23809523809523808,74
8,0.09433962264150944,91
8,0.02145922746781116,89
8,0.43478260869565216,92
8,0.23255813953488372,86
8,0.6666666666666666,103
8,0.19607843137254902,97
8,0.10416666666666667,97
8,0.3225806451612903,79
8,0.02666666666666667,86
8,0.06060606060606061,73
8,0.06993006993006994,72
8,0.1388888888888889,94
8,0.17857142857142858,87
8,0.43478260869565216,94
8,1,91
8,0.033783783783783786,86
8,0.030395136778115502,85
8,0.09433962264150944,68
8,0.8333333333333334,92
8,0.23255813953488372,80
8,0.2564102564102564,89
8,0.03759398496240601,81
8,0.0970873786407767,91
8,0.02066115702479339,106
8,0.03333333333333333,111
8,0.0684931506849315,103
8,0.43478260869565216,102
8,0.1282051282051282,94
8,0.5263157894736842,94
8,0.625,86
8,0.0392156862745098,107
8,0.7692307692307693,102
8,0.45454545454545453,83
8,0.9090909090909091,108
8,0.11235955056179775,80
8,0.2,86
8,0.0364963503649635,107
8,0.5,90
8,0.7692307692307693,108
8,0.5,96
8,0.45454545454545453,111
8,0.032679738562091505,81
8,0.5555555555555556,111
8,0.15384615384615385,91
8,0.8333333333333334,115
8,0.5555555555555556,109
8,0.032362459546925564,81
8,0.08403361344537816,91
8,0.8333333333333334,106
8,0.7692307692307693,100
8,0.22727272727272727,97
8,0.05319148936170213,98
8,0.0423728813559322,84
8,0.07142857142857142,95
8,0.046511627906976744,85
8,0.5,86
8,0.5882352941176471,94
8,0.5263157894736842,92
8,0.06711409395973154,86
8,0.4166666666666667,108
8,0.4166666666666667,111
8,0.4,101
8,0.5555555555555556,103
8,0.02012072434607646,102
8,0.25,104
8,0.11235955056179775,81
8,0.11764705882352941,83
8,0.034482758620689655,95
8,0.8333333333333334,91
8,0.17857142857142858,98
8,0.023529411764705882,80
8,0.05102040816326531,73
8,0.05405405405405406,92
8,0.5555555555555556,92
8,0.02074688796680498,93
8,0.45454545454545453,88
8,0.43478260869565216,86
8,0.5555555555555556,76
8,0.25,80
8,0.5555555555555556,90
8,0.029850746268656716,102
8,0.06711409395973154,90
8,1,131
8,0.45454545454545453,73
8,0.06369426751592357,104
8,0.05154639175257732,85
8,0.5263157894736842,102
8,0.14705882352941177,81
8,0.07874015748031496,98
8,0.3333333333333333,85
8,0.25,82
8,0.5882352941176471,102
8,0.0684931506849315,69
8,0.2127659574468085,79
8,0.5,74
8,0.38461538461538464,85
8,0.12195121951219512,81
8,0.5555555555555556,111
8,0.04032258064516129,83
8,0.7142857142857143,95
8,0.02074688796680498,73
8,0.029585798816568046,79
8,0.5555555555555556,95
9,0.43478260869565216,100
8,0.7692307692307693,104
8,0.028409090909090908,84
8,0.3125,97
8,0.20408163265306123,86
8,0.2127659574468085,88
8,0.625,82
8,0.053763440860215055,83
8,0.9090909090909091,102
8,0.5263157894736842,113
8,0.10101010101010101,78
8,0.06289308176100629,82
8,0.7692307692307693,98
8,0.43478260869565216,109
9,0.47619047619047616,105
8,0.02518891687657431,112
8,0.05952380952380952,91
8,0.10204081632653061,75
8,0.5263157894736842,92
8,0.6666666666666666,105
8,0.038461538461538464,91
8,0.45454545454545453,91
8,0.625,107
8,1,104
8,0.625,79
8,0.043859649122807015,110
8,0.35714285714285715,81
8,0.0411522633744856,101
8,0.5263157894736842,109
8,0.38461538461538464,83
8,0.9090909090909091,82
8,0.09433962264150944,105
8,0.3333333333333333,93
8,0.03546099290780142,90
8,0.5555555555555556,100
8,0.4166666666666667,80
8,0.4166666666666667,109
8,0.5882352941176471,73
8,0.8333333333333334,96
8,0.6666666666666666,101
8,0.6666666666666666,78
8,0.04132231404958678,85
8,0.053475935828877004,100
8,0.03367003367003367,63
8,0.8333333333333334,103
8,0.2777777777777778,87
8,0.7142857142857143,101
8,0.03322259136212625,75
8,0.5555555555555556,104
8,0.4166666666666667,82
8,0.43478260869565216,107
8,0.04716981132075472,103
8,0.05434782608695652,90
8,0.02074688796680498,86
8,0.47619047619047616,95
8,0.05154639175257732,108
8,0.02207505518763797,93
8,0.050505050505050504,97
8,0.22727272727272727,84
8,0.040160642570281124,90
8,0.05434782608695652,93
8,0.7692307692307693,91
8,0.5555555555555556,79
8,0.35714285714285715,88
8,0.027247956403269755,84
8,0.18518518518518517,96
8,0.05102040816326531,107
8,0.03164556962025317,86
8,0.03663003663003663,84
8,0.04975124378109453,81
8,0.9090909090909091,85
8,0.028328611898016998,109
8,0.5882352941176471,84
8,0.45454545454545453,111
8,0.06711409395973154,86
8,0.8333333333333334,89
8,0.7142857142857143,76
8,0.03875968992248062,100
8,0.7142857142857143,103
8,0.38461538461538464,90
8,0.20408163265306123,89
8,0.03424657534246575,93
8,0.20833333333333334,78
8,0.04032258064516129,79
8,0.5263157894736842,84
8,0.04807692307692308,86
8,0.072992700729927,95
8,0.03003003003003003,86
8,0.031545741324921134,100
8,0.5,87
8,0.04504504504504504,92
8,0.04524886877828054,83
8,0.06666666666666667,97
8,0.625,102
8,0.036101083032490974,82
8,0.19607843137254902,85
8,1,124
8,0.06535947712418301,88
8,0.07246376811594203,82
9,0.7142857142857143,85
8,0.20833333333333334,99
8,0.3448275862068966,88
8,0.6666666666666666,88
8,0.5263157894736842,93
8,0.05714285714285714,85
8,0.23809523809523808,90
8,0.03333333333333333,88
8,0.6666666666666666,76
8,0.026385224274406333,103
8,0.7692307692307693,91
8,0.4,82
8,0.04975124378109453,98
8,0.053475935828877004,84
8,0.0684931506849315,89
8,0.45454545454545453,113
8,0.026595744680851064,91
8,0.07407407407407407,91
8,0.625,74
8,0.7692307692307693,88
8,0.03745318352059925,90
8,0.5263157894736842,117
8,0.0425531914893617,84
8,0.049019607843137254,95
8,0.0273972602739726,85
8,0.08403361344537816,90
8,0.10101010101010101,90
8,0.9090909090909091,105
8,0.23255813953488372,92
8,0.2857142857142857,86
8,0.033003300330033,101
8,0.06896551724137931,93
8,0.5555555555555556,86
8,0.5555555555555556,104
8,0.2857142857142857,101
8,0.042735042735042736,114
8,0.04716981132075472,80
8,0.030303030303030304,101
8,0.38461538461538464,87
8,0.04291845493562232,104
8,0.022988505747126436,76
8,0.03717472118959108,89
8,0.7692307692307693,76
8,0.6666666666666666,83
8,0.10309278350515463,88
8,0.02617801047120419,95
8,0.35714285714285715,90
8,0.031055900621118012,106
8,0.13333333333333333,80
8,0.5263157894736842,112
8,0.06802721088435375,101
8,0.05154639175257732,83
9,0.045662100456621,105
8,0.7142857142857143,101
8,1,94
8,0.08695652173913043,93
8,0.14925373134328357,89
8,0.18867924528301888,79
8,0.04329004329004329,96
8,0.07042253521126761,102
8,0.5,104
8,0.09090909090909091,80
8,0.2222222222222222,81
8,0.06060606060606061,88
8,0.044642857142857144,80
8,0.3333333333333333,101
8,0.5263157894736842,105
8,0.08264462809917356,85
8,0.06666666666666667,79
8,0.6666666666666666,95
8,0.7142857142857143,98
8,0.04524886877828054,80
8,0.35714285714285715,98
8,0.9090909090909091,94
8,0.2777777777777778,91
8,0.4,98
8,0.062111801242236024,90
8,0.5555555555555556,90
8,0.042735042735042736,76
8,0.43478260869565216,98
8,0.7142857142857143,88
8,0.04329004329004329,123
8,0.7142857142857143,100
8,0.8333333333333334,101
8,0.5555555555555556,83
8,0.43478260869565216,85
8,0.062111801242236024,106
8,0.030959752321981424,85
8,0.47619047619047616,113
8,0.02857142857142857,97
8,0.47619047619047616,90
8,0.031746031746031744,93
8,0.5555555555555556,99
8,0.12345679012345678,106
8,0.625,102
8,0.06060606060606061,98
8,0.0970873786407767,86
8,0.4166666666666667,82
8,0.03424657534246575,85
8,0.023923444976076555,83
8,0.4,88
8,0.3448275862068966,84
8,0.21739130434782608,77
8,0.6666666666666666,87
8,0.5555555555555556,88
8,0.06993006993006994,88
8,0.47619047619047616,98
8,0.034013605442176874,86
8,0.47619047619047616,102
8,0.37037037037037035,83
8,0.032467532467532464,79
8,0.04784688995215311,86
8,0.029585798816568046,90
8,0.7692307692307693,90
8,0.03076923076923077,104
9,0.036101083032490974,102
8,0.07092198581560284,88
8,0.03759398496240601,81
8,0.45454545454545453,90
8,0.7692307692307693,87
8,0.03875968992248062,80
8,0.12987012987012986,98
8,0.027548209366391185,84
8,0.5,90
8,0.05319148936170213,72
8,0.9090909090909091,95
8,0.04032258064516129,105
8,0.06711409395973154,75
8,0.2857142857142857,91
8,0.3125,95
8,0.4166666666666667,78
8,0.07194244604316546,100
8,0.37037037037037035,102
8,0.044642857142857144,95
8,0.03125,85
8,0.5,70
8,0.19230769230769232,82
8,0.03508771929824561,102
8,0.4166666666666667,100
8,0.03333333333333333,91
8,0.02976190476190476,89
8,0.625,94
8,0.03937007874015748,90
8,0.45454545454545453,107
8,0.05747126436781609,92
8,0.035842293906810034,104
8,0.43478260869565216,92
8,0.021929824561403508,72
8,0.7142857142857143,99
8,0.1724137931034483,94
8,0.625,97
8,0.028011204481792718,93
8,0.7142857142857143,84
8,0.19607843137254902,105
8,0.5263157894736842,101
8,0.027548209366391185,86
8,0.019305019305019305,91
8,0.03508771929824561,83
8,0.14285714285714285,72
8,0.6666666666666666,92
8,0.06289308176100629,88
8,0.07352941176470588,89
8,0.047619047619047616,95
8,0.02967359050445104,94
8,0.062111801242236024,78
8,0.7692307692307693,78
8,0.052083333333333336,99
8,0.625,90
8,0.16129032258064516,91
8,0.11904761904761904,97
8,0.03773584905660377,100
8,0.050505050505050504,96
8,0.15625,83
8,0.03636363636363636,74
8,0.08403361344537816,82
8,0.5882352941176471,90
8,0.6666666666666666,94
8,0.5882352941176471,90
8,0.7142857142857143,96
9,0.18867924528301888,79
8,0.5555555555555556,101
8,0.5555555555555556,89
8,0.7692307692307693,92
8,0.08849557522123894,82
8,0.02444987775061125,95
8,0.47619047619047616,89
8,0.47619047619047616,108
8,0.04,75
8,0.07692307692307693,104
8,0.027548209366391185,73
8,0.04807692307692308,77
8,0.14285714285714285,97
8,0.03424657534246575,96
8,0.5555555555555556,87
8,0.18518518518518517,87
8,0.14285714285714285,96
8,0.43478260869565216,104
8,0.5555555555555556,103
8,0.5555555555555556,89
8,0.2564102564102564,95
9,0.35714285714285715,100
8,0.03355704697986577,88
9,0.5,81
8,0.035211267605633804,103
8,0.5263157894736842,83
8,0.625,81
8,0.7142857142857143,122
8,0.03496503496503497,100
8,0.04854368932038835,78
8,0.7692307692307693,90
8,0.027247956403269755,84
8,0.23809523809523808,78
8,0.4166666666666667,82
8,0.053763440860215055,67
8,0.4166666666666667,107
8,0.5555555555555556,73
8,0.625,88
8,0.021413276231263382,101
8,0.1724137931034483,107
8,0.5263157894736842,101
8,0.6666666666666666,97
8,0.06666666666666667,94
8,0.5555555555555556,96
8,0.08333333333333333,91
8,0.024271844660194174,102
8,0.7692307692307693,85
8,0.15151515151515152,83
8,0.05714285714285714,82
8,0.3448275862068966,79
8,0.5882352941176471,102
8,0.47619047619047616,81
8,0.046296296296296294,93
8,0.04784688995215311,87
8,0.05813953488372093,79
8,0.03759398496240601,79
8,0.18181818181818182,85
8,0.04132231404958678,92
8,0.04950495049504951,84
8,0.0392156862745098,88
8,0.5,89
8,0.8333333333333334,89
8,0.0398406374501992,88
8,0.02557544757033248,97
8,0.018656716417910446,87
8,0.5882352941176471,121
8,0.027855153203342618,80
8,0.625,98
8,0.0411522633744856,91
8,0.7142857142857143,93
8,0.18518518518518517,77
8,0.45454545454545453,93
8,0.47619047619047616,93
8,0.37037037037037035,92
8,0.5882352941176471,83
8,0.07575757575757576,98
8,0.025,81
8,0.47619047619047616,106
8,0.06535947712418301,79
8,0.3225806451612903,86
8,0.055865921787709494,74
8,0.09090909090909091,83
8,0.8333333333333334,115
8,0.04405286343612335,78
8,0.04672897196261682,85
8,0.043859649122807015,121
8,0.43478260869565216,90
8,0.0390625,76
8,0.38461538461538464,101
8,0.03745318352059925,92
8,0.23255813953488372,91
8,0.4166666666666667,98
8,0.38461538461538464,109
8,0.7142857142857143,99
8,0.08849557522123894,92
8,0.6666666666666666,87
8,0.7692307692307693,90
8,0.034482758620689655,77
8,0.5263157894736842,84
8,0.7692307692307693,117
8,0.0398406374501992,82
8,0.37037037037037035,95
8,0.017889087656529516,91
8,0.05319148936170213,101
8,0.5,110
8,0.5882352941176471,91
8,0.24390243902439024,84
8,0.35714285714285715,96
8,0.03289473684210526,101
8,0.03424657534246575,96
8,0.7142857142857143,84
8,0.35714285714285715,108
8,0.02444987775061125,93
8,0.18181818181818182,75
8,0.038910505836575876,92
8,0.5,115
8,0.9090909090909091,108
8,0.7142857142857143,104
8,0.04329004329004329,81
8,0.43478260869565216,97
8,0.05235602094240838,104
8,0.046511627906976744,104
8,0.38461538461538464,80
8,0.5,86
8,0.029850746268656716,85
8,0.2222222222222222,80
8,0.3333333333333333,96
8,0.12987012987012986,70
8,0.43478260869565216,103
8,0.5555555555555556,101
8,0.16666666666666666,93
8,0.35714285714285715,81
8,0.4,96
8,0.06060606060606061,92
8,1,119
8,0.032679738562091505,96
8,0.11235955056179775,78
8,0.1724137931034483,58
8,0.6666666666666666,97
8,0.6666666666666666,99
8,0.2222222222222222,94
8,0.07462686567164178,84
8,0.03787878787878788,101
8,0.1694915254237288,88
8,0.033783783783783786,94
8,0.6666666666666666,91
8,0.07518796992481203,89
8,0.5,99
8,0.07092198581560284,90
8,0.05128205128205128,90
8,0.7142857142857143,100
8,0.5263157894736842,84
8,0.7142857142857143,103
8,0.03333333333333333,77
8,0.2857142857142857,78
8,0.033444816053511704,102
8,0.04524886877828054,97
8,0.24390243902439024,83
8,0.7692307692307693,98
8,0.8333333333333334,91
8,0.05154639175257732,86
8,0.06369426751592357,105
8,0.14925373134328357,81
8,0.02506265664160401,98
8,0.031746031746031744,84
8,0.9090909090909091,90
8,0.5555555555555556,112
8,0.5882352941176471,78
8,0.028089887640449437,87
8,0.43478260869565216,101
8,0.43478260869565216,87
8,0.7142857142857143,96
8,0.017152658662092625,95
8,0.8333333333333334,86
8,0.7142857142857143,91
8,0.12195121951219512,69
8,0.05847953216374269,84
8,0.03322259136212625,96
8,0.5555555555555556,96
8,0.125,74
8,0.5882352941176471,84
8,0.04950495049504951,80
8,0.02857142857142857,114
8,0.030211480362537766,113
8,0.8333333333333334,94
8,0.053475935828877004,82
8,0.5263157894736842,89
8,0.06802721088435375,86
8,0.057803468208092484,106
8,0.625,97
8,0.026525198938992044,93
8,0.08333333333333333,83
8,0.29411764705882354,92
8,0.05813953488372093,92
8,0.06060606060606061,86
8,0.04032258064516129,103
8,0.5882352941176471,89
8,0.45454545454545453,94
8,0.04310344827586207,101
8,0.30303030303030304,77
8,0.03861003861003861,84
8,0.050761421319796954,76
8,0.03968253968253968,92
8,0.5263157894736842,97
8,0.07751937984496124,81
9,0.7692307692307693,98
8,0.052083333333333336,88
8,0.07352941176470588,71
8,0.037037037037037035,77
8,0.06535947712418301,102
8,0.06666666666666667,82
8,0.062111801242236024,90
8,0.4,125
8,0.03787878787878788,109
8,0.06535947712418301,90
8,0.45454545454545453,98
8,0.03496503496503497,82
8,0.04219409282700422,104
8,0.6666666666666666,84
8,0.6666666666666666,93
8,0.5882352941176471,100
8,0.625,120
8,0.11363636363636363,81
8,0.09090909090909091,102
8,0.14492753623188406,90
8,0.06756756756756757,72
8,0.43478260869565216,92
8,0.07518796992481203,95
8,0.06451612903225806,86
8,0.2777777777777778,76
8,0.30303030303030304,111
8,0.08771929824561403,88
8,0.023255813953488372,82
8,0.055248618784530384,103
8,0.04926108374384237,102
8,0.03389830508474576,84
8,0.3448275862068966,81
8,0.028089887640449437,80
8,0.02824858757062147,73
8,0.8333333333333334,85
8,0.18518518518518517,84
8,0.0411522633744856,80
8,0.45454545454545453,93
8,0.049019607843137254,92
8,0.054945054945054944,84
8,0.036231884057971016,97
8,0.18867924528301888,84
8,0.08130081300813008,91
8,0.8333333333333334,93
8,0.3333333333333333,87
8,0.5,95
8,0.5555555555555556,93
8,0.3448275862068966,93
8,0.2777777777777778,93
8,0.05235602094240838,98
8,0.4166666666666667,93
8,0.03225806451612903,87
8,0.6666666666666666,83
8,0.02197802197802198,90
8,0.15873015873015872,89
8,0.35714285714285715,96
8,0.9090909090909091,103
8,0.43478260869565216,110
8,0.4166666666666667,97
8,0.5555555555555556,94
8,0.7142857142857143,117
8,0.4,95
8,0.16129032258064516,65
8,0.625,103
8,0.6666666666666666,104
8,0.43478260869565216,103
8,0.049019607843137254,91
8,0.07246376811594203,85
8,0.7692307692307693,89
8,0.03367003367003367,99
8,0.02577319587628866,105
8,0.04975124378109453,79
8,0.5,103
8,0.29411764705882354,84
8,0.625,81
8,0.15151515151515152,78
8,0.47619047619047616,95
8,0.5,120
8,0.43478260869565216,104
8,0.07874015748031496,80
8,0.7142857142857143,117
8,0.0425531914893617,96
8,0.06289308176100629,68
8,0.5882352941176471,120
8,0.046296296296296294,82
8,0.06172839506172839,90
8,0.06944444444444445,87
8,0.04739336492890995,93
8,0.6666666666666666,95
8,0.625,94
8,0.5263157894736842,98
8,0.7142857142857143,93
8,0.5555555555555556,75
8,0.02570694087403599,104
8,0.7142857142857143,102
8,0.026455026455026454,107
8,0.625,105
8,0.45454545454545453,95
8,0.5,113
8,0.02506265664160401,84
8,0.03690036900369004,98
8,0.04672897196261682,96
8,0.7142857142857143,99
8,0.062111801242236024,89
8,0.047619047619047616,96
8,0.47619047619047616,78
8,0.07633587786259542,89
8,0.18867924528301888,84
8,0.08333333333333333,80
8,0.47619047619047616,103
8,1,97
8,0.43478260869565216,118
8,0.03367003367003367,94
8,0.4166666666666667,118
8,0.5882352941176471,88
8,0.5555555555555556,95
8,0.625,77
8,0.5263157894736842,82
8,0.35714285714285715,72
8,0.45454545454545453,93
8,0.16129032258064516,94
8,0.032679738562091505,87
8,0.027247956403269755,87
8,0.38461538461538464,112
8,0.044642857142857144,78
8,0.028985507246376812,63
8,0.025839793281653745,103
8,0.7142857142857143,83
8,0.021929824561403508,81
8,0.04081632653061224,79
8,0.5882352941176471,83
8,0.5,85
8,0.2564102564102564,89
8,0.5882352941176471,108
8,0.06944444444444445,103
8,0.04048582995951417,84
8,0.5263157894736842,80
8,0.5,83
8,0.045871559633027525,100
8,0.046296296296296294,79
8,0.8333333333333334,106
8,0.9090909090909091,104
8,0.30303030303030304,82
8,0.04784688995215311,88
8,0.125,83
8,0.43478260869565216,101
8,0.29411764705882354,81
8,0.7142857142857143,75
8,0.10309278350515463,96
8,0.5882352941176471,92
8,0.2564102564102564,102
8,0.2702702702702703,88
8,0.5263157894736842,81
8,0.45454545454545453,101
8,0.027548209366391185,98
8,0.1111111111111111,78
8,0.3448275862068966,112
8,0.053763440860215055,92
8,0.10526315789473684,100
8,0.45454545454545453,93
8,0.05102040816326531,101
8,0.03067484662576687,94
8,0.8333333333333334,98
8,0.03184713375796178,110
8,0.04405286343612335,97
8,0.35714285714285715,72
8,0.026041666666666668,101
8,0.5882352941176471,96
8,0.19607843137254902,88
8,0.4166666666666667,82
8,0.6666666666666666,99
8,0.025510204081632654,90
8,0.5263157894736842,98
8,0.8333333333333334,84
8,0.625,90
8,0.18181818181818182,76
8,1,106
8,0.18867924528301888,82
8,0.030395136778115502,87
8,0.9090909090909091,138
8,0.4,94
8,0.1694915254237288,98
8,0.04608294930875576,90
8,0.7692307692307693,99
8,0.43478260869565216,93
8,0.023696682464454975,110
8,0.03690036900369004,103
8,0.5263157894736842,95
8,0.8333333333333334,87
8,0.625,78
8,0.37037037037037035,103
8,0.4166666666666667,100
8,0.47619047619047616,82
8,0.16393442622950818,98
8,0.044642857142857144,97
8,0.03787878787878788,78
8,0.15151515151515152,72
8,0.5882352941176471,99
8,0.025839793281653745,101
8,0.5555555555555556,95
8,0.04524886877828054,98
8,0.021321961620469083,102
8,0.5882352941176471,104
8,0.09009009009009009,81
8,0.45454545454545453,92
8,0.23809523809523808,88
8,0.04,82
8,0.7142857142857143,89
8,0.02577319587628866,99
8,0.6666666666666666,97
8,0.2702702702702703,82
8,0.7692307692307693,103
8,0.625,92
8,0.7142857142857143,94
8,1,104
8,0.2564102564102564,93
8,0.029940119760479042,76
8,0.13513513513513514,72
8,0.7142857142857143,87
8,0.22727272727272727,106
8,0.7692307692307693,114
8,0.07142857142857142,88
8,0.04854368932038835,91
8,0.050761421319796954,101
8,0.3333333333333333,102
8,0.30303030303030304,79
8,0.7692307692307693,105
8,0.7692307692307693,89
8,0.06535947712418301,105
8,0.4,98
8,0.053763440860215055,95
8,0.6666666666666666,93
8,0.03690036900369004,72
8,0.5263157894736842,105
8,0.19230769230769232,89
8,0.050761421319796954,98
8,0.09009009009009009,77
8,0.3125,89
8,0.47619047619047616,79
8,0.7692307692307693,110
8,0.7692307692307693,93
9,0.7692307692307693,81
8,0.9090909090909091,101
8,0.3125,90
8,0.04132231404958678,84
8,0.5555555555555556,99
8,0.07692307692307693,77
8,0.35714285714285715,106
8,0.8333333333333334,109
8,0.16666666666666666,93
8,0.0847457627118644,89
8,0.9090909090909091,96
8,0.02570694087403599,95
8,0.029850746268656716,80
8,0.35714285714285715,96
8,0.5,105
8,0.6666666666666666,89
8,0.022321428571428572,97
8,0.5263157894736842,103
8,0.03184713375796178,90
8,0.05813953488372093,89
8,0.7692307692307693,100
8,0.08264462809917356,87
8,0.43478260869565216,87
8,0.026246719160104987,86
8,0.15151515151515152,122
8,0.8333333333333334,94
8,0.3225806451612903,94
8,0.7142857142857143,103
8,0.5882352941176471,109
8,0.0847457627118644,75
8,0.625,74
8,0.19607843137254902,77
8,0.6666666666666666,102
8,0.05181347150259067,86
8,0.025380710659898477,106
8,0.08333333333333333,89
8,0.15151515151515152,102
8,0.11764705882352941,94
8,0.04975124378109453,88
8,0.059880239520958084,106
8,0.08,101
8,0.046296296296296294,104
8,0.030303030303030304,94
8,0.5555555555555556,120
8,0.625,101
8,0.5882352941176471,90
8,0.22727272727272727,91
8,0.021929824561403508,78
8,0.040160642570281124,89
8,0.04807692307692308,98
8,0.3333333333333333,98
8,0.7142857142857143,96
8,1,84
8,0.625,117
8,0.5882352941176471,79
8,0.2222222222222222,83
8,0.625,87
8,0.04405286343612335,101
8,0.5555555555555556,100
8,0.06172839506172839,97
8,0.10752688172043011,98
8,0.10989010989010989,81
8,0.04132231404958678,78
8,0.2127659574468085,106
9,0.3448275862068966,107
8,0.04219409282700422,106
8,0.23809523809523808,84
8,0.024390243902439025,85
8,0.2222222222222222,72
8,0.03289473684210526,78
8,0.0234192037470726,101
8,0.5555555555555556,84
8,0.45454545454545453,96
8,0.031446540880503145,83
8,0.02457002457002457,80
8,0.45454545454545453,91
8,0.03717472118959108,105
8,0.06711409395973154,79
8,0.055865921787709494,76
8,0.07633587786259542,84
8,0.7692307692307693,96
8,0.7692307692307693,103
8,0.25,74
8,0.026525198938992044,81
8,0.8333333333333334,108
8,0.24390243902439024,109
8,0.15625,94
8,0.031055900621118012,105
8,0.07092198581560284,77
8,0.04081632653061224,82
8,0.38461538461538464,89
8,0.5,94
8,0.04149377593360996,82
8,0.8333333333333334,101
8,0.06369426751592357,94
8,0.04830917874396135,106
8,0.02824858757062147,96
8,0.046948356807511735,82
8,0.031746031746031744,90
8,0.019880715705765408,108
8,0.04484304932735426,82
8,0.5263157894736842,94
8,0.03484320557491289,98
8,0.7692307692307693,119
8,0.625,84
8,0.08849557522123894,80
8,0.05917159763313609,87
8,0.10416666666666667,93
8,0.7692307692307693,104
8,0.04132231404958678,94
8,0.5882352941176471,104
8,0.8333333333333334,106
8,0.030211480362537766,104
8,0.7692307692307693,97
8,0.023923444976076555,98
8,0.046511627906976744,93
8,0.3125,88
8,0.35714285714285715,87
8,0.6666666666666666,101
8,0.058823529411764705,104
8,0.45454545454545453,95
8,0.06289308176100629,84
8,0.026455026455026454,102
8,0.2564102564102564,102
8,0.625,90
8,0.47619047619047616,94
8,0.6666666666666666,101
8,0.033003300330033,87
8,0.1282051282051282,82
8,0.7142857142857143,117
8,0.031545741324921134,95
8,0.08403361344537816,85
8,0.10526315789473684,90
8,0.04329004329004329,83
8,0.03861003861003861,85
8,0.2222222222222222,97
8,0.45454545454545453,104
8,0.04504504504504504,75
8,0.4166666666666667,107
8,0.2631578947368421,81
8,0.22727272727272727,99
8,0.045662100456621,87
8,0.29411764705882354,76
8,0.47619047619047616,111
8,0.5555555555555556,87
8,0.03571428571428571,95
8,0.060240963855421686,94
8,0.05555555555555555,98
8,0.03546099290780142,77
8,0.018691588785046728,90
8,0.38461538461538464,101
8,0.5,98
8,0.027247956403269755,87
8,0.030303030303030304,103
8,0.07936507936507936,84
8,0.03802281368821293,102
8,0.03690036900369004,98
8,0.5,105
8,0.06134969325153374,85
8,0.6666666666666666,106
8,0.7692307692307693,99
8,0.03496503496503497,88
8,0.5263157894736842,98
8,0.12048192771084337,82
8,0.11363636363636363,88
8,0.7142857142857143,85
8,0.05747126436781609,80
8,0.4,88
8,0.6666666666666666,93
8,0.04975124378109453,97
8,0.7142857142857143,96
8,0.08064516129032258,64
8,0.4166666666666667,95
8,0.08403361344537816,84
8,0.23255813953488372,75
8,0.050505050505050504,73
8,0.03816793893129771,80
8,0.7692307692307693,77
8,0.625,122
8,0.06134969325153374,95
8,0.37037037037037035,81
8,0.2857142857142857,103
8,0.05813953488372093,104
8,0.45454545454545453,87
8,0.020491803278688523,86
8,0.5263157894736842,90
8,0.025906735751295335,100
8,0.5263157894736842,101
8,0.21739130434782608,86
8,0.7692307692307693,96
8,0.0970873786407767,78
8,0.47619047619047616,96
8,0.0546448087431694,67
8,0.5882352941176471,94
8,0.9090909090909091,108
8,0.028089887640449437,101
8,0.21739130434782608,82
8,0.625,87
8,0.5882352941176471,99
8,0.035842293906810034,112
8,0.2631578947368421,80
8,0.5882352941176471,83
8,0.04149377593360996,98
8,0.9090909090909091,115
8,0.07142857142857142,74
8,0.04716981132075472,96
8,0.11904761904761904,77
8,0.044444444444444446,83
8,0.08,104
8,0.5882352941176471,88
8,0.04854368932038835,91
8,0.6666666666666666,106
8,0.5263157894736842,98
8,0.06060606060606061,113
8,0.11363636363636363,85
8,0.5,108
8,0.1282051282051282,82
8,0.11627906976744186,82
8,0.7142857142857143,91
8,0.47619047619047616,80
8,0.03597122302158273,79
8,0.625,82
8,0.5555555555555556,99
8,0.5555555555555556,82
8,0.6666666666666666,98
8,0.5263157894736842,105
8,0.09523809523809523,95
8,0.5555555555555556,89
8,0.9090909090909091,109
8,0.03571428571428571,80
8,0.8333333333333334,95
8,0.05714285714285714,92
8,0.05181347150259067,104
8,0.23809523809523808,103
8,0.08196721311475409,73
8,0.4166666666666667,90
8,0.5,81
8,0.023923444976076555,95
8,0.4166666666666667,109
8,0.45454545454545453,113
8,0.7142857142857143,87
8,0.03571428571428571,66
8,0.6666666666666666,88
8,0.0684931506849315,90
8,0.18518518518518517,97
8,0.04081632653061224,95
8,0.03278688524590164,86
8,0.45454545454545453,86
8,0.5555555555555556,98
8,0.2857142857142857,90
8,0.38461538461538464,84
8,0.0423728813559322,92
8,0.10416666666666667,78
8,0.7142857142857143,91
8,0.9090909090909091,103
8,0.06493506493506493,97
8,0.07407407407407407,86
8,0.054945054945054944,93
8,0.02178649237472767,78
8,0.6666666666666666,81
8,0.43478260869565216,104
8,0.47619047619047616,120
8,0.6666666666666666,96
8,0.0353356890459364,87
8,0.038910505836575876,83
8,0.03875968992248062,104
8,0.8333333333333334,104
8,0.03125,78
8,0.03115264797507788,100
8,0.06622516556291391,92
8,0.12658227848101267,102
8,0.5882352941176471,84
8,0.7692307692307693,102
8,0.7692307692307693,86
8,0.039525691699604744,82
8,0.9090909090909091,101
8,0.08,78
8,0.16666666666666666,88
8,0.7142857142857143,90
8,0.023696682464454975,75
8,0.47619047619047616,79
8,0.3448275862068966,90
8,0.37037037037037035,75
8,0.7142857142857143,84
8,0.16666666666666666,90
8,0.02237136465324385,98
8,0.05235602094240838,83
8,0.04716981132075472,91
8,0.2631578947368421,92
8,0.5882352941176471,72
8,0.5555555555555556,84
8,0.06060606060606061,98
8,0.060240963855421686,87
8,0.5263157894736842,92
8,0.033112582781456956,91
8,0.030303030303030304,97
8,0.45454545454545453,95
8,0.5263157894736842,83
8,0.04184100418410042,94
8,0.45454545454545453,102
8,0.5882352941176471,116
8,0.22727272727272727,82
8,0.7692307692307693,87
8,0.37037037037037035,94
8,0.03745318352059925,99
8,0.37037037037037035,99
8,0.028985507246376812,87
8,0.6666666666666666,111
8,0.3448275862068966,88
8,0.5263157894736842,88
8,0.06802721088435375,90
8,0.03333333333333333,80
8,0.04504504504504504,83
8,0.08620689655172414,91
8,0.45454545454545453,80
8,0.25,88
8,0.07936507936507936,88
8,0.4166666666666667,101
8,0.016025641025641024,89
8,0.0684931506849315,90
8,0.5555555555555556,102
8,0.040160642570281124,84
8,0.03690036900369004,88
9,0.47619047619047616,94
8,0.04926108374384237,94
8,0.45454545454545453,108
8,0.04739336492890995,78
8,0.0205761316872428,85
8,0.03125,99
8,0.37037037037037035,82
8,0.5555555555555556,83
8,0.625,90
8,0.03355704697986577,103
8,0.06134969325153374,99
8,0.03571428571428571,56
8,0.7692307692307693,80
8,0.7142857142857143,93
8,0.5882352941176471,80
8,0.7692307692307693,101
8,0.053763440860215055,93
8,0.027624309392265192,97
8,0.05405405405405406,92
8,0.5,102
8,0.5263157894736842,96
8,0.03731343283582089,83
8,0.9090909090909091,135
8,0.5,77
8,0.029585798816568046,101
8,0.04032258064516129,78
8,0.625,84
8,0.16129032258064516,104
8,0.8333333333333334,83
8,0.13513513513513514,97
8,0.625,103
8,0.022321428571428572,106
8,0.030395136778115502,102
8,0.7692307692307693,97
8,0.7142857142857143,98
8,0.09900990099009901,87
8,0.0364963503649635,123
8,0.5263157894736842,93
8,0.5555555555555556,96
8,0.3448275862068966,82
8,0.9090909090909091,101
8,0.3125,99
8,0.3125,97
8,0.6666666666666666,87
8,0.5,98
8,0.026525198938992044,95
8,0.07751937984496124,86
8,0.036101083032490974,96
8,0.03367003367003367,89
8,0.03389830508474576,98
8,0.027932960893854747,84
8,0.4,88
8,0.027932960893854747,91
8,0.07692307692307693,93
8,0.7142857142857143,102
8,0.024509803921568627,87
8,0.029154518950437316,105
8,0.5263157894736842,99
8,0.8333333333333334,98
8,0.02824858757062147,96
8,0.02717391304347826,111
8,0.6666666666666666,88
8,0.5263157894736842,83
8,0.5,89
8,0.6666666666666666,110
8,0.9090909090909091,93
8,0.02849002849002849,95
8,0.5882352941176471,128
8,0.10309278350515463,93
8,0.6666666666666666,110
8,0.8333333333333334,91
8,0.15873015873015872,93
8,0.4166666666666667,68
8,0.1724137931034483,88
8,0.022935779816513763,88
8,0.5,90
8,0.2631578947368421,84
8,0.04926108374384237,101
8,0.38461538461538464,95
8,0.7692307692307693,91
8,0.04424778761061947,95
8,0.5555555555555556,103
8,1,89
8,0.05,79
8,0.8333333333333334,99
8,0.06451612903225806,73
8,0.5263157894736842,80
8,0.02824858757062147,84
8,0.5,85
8,0.07352941176470588,90
8,0.01838235294117647,72
8,0.09433962264150944,104
8,0.06097560975609756,92
8,0.03134796238244514,86
8,0.4,90
8,0.03257328990228013,98
8,0.04739336492890995,71
8,0.07246376811594203,82
8,0.625,93
8,0.5,94
8,0.7692307692307693,99
8,0.43478260869565216,82
8,0.16393442622950818,119
8,0.2127659574468085,115
8,0.7692307692307693,91
8,0.17543859649122806,95
8,0.1,81
8,0.5263157894736842,93
8,0.5555555555555556,96
8,0.03125,94
8,0.38461538461538464,95
8,0.47619047619047616,97
8,0.10638297872340426,100
8,0.05025125628140704,108
8,0.03225806451612903,96
8,0.38461538461538464,85
8,0.2702702702702703,102
8,0.046296296296296294,132
8,0.03289473684210526,98
8,0.7692307692307693,113
8,0.8333333333333334,110
8,0.05555555555555555,96
8,0.2127659574468085,82
8,0.03424657534246575,91
8,0.056818181818181816,104
8,0.03496503496503497,80
8,0.6666666666666666,94
8,0.06493506493506493,105
8,0.5263157894736842,86
8,0.03496503496503497,86
8,0.7142857142857143,84
8,0.047619047619047616,91
8,0.16666666666666666,91
8,0.5263157894736842,84
8,0.5,87
8,0.0684931506849315,83
8,0.06993006993006994,92
8,0.5555555555555556,108
8,0.11904761904761904,84
8,0.040983606557377046,105
8,0.046296296296296294,82
8,0.5882352941176471,86
8,0.03436426116838488,88
8,0.625,96
8,0.04524886877828054,79
8,0.04975124378109453,83
8,0.625,84
8,0.5,81
8,0.06097560975609756,86
8,0.47619047619047616,95
8,0.4,102
8,0.029585798816568046,88
8,0.5,64
8,0.04032258064516129,95
8,0.12987012987012986,96
8,0.03460207612456748,91
8,0.03289473684210526,108
8,0.09900990099009901,102
8,0.03184713375796178,107
