8,0.05917159763313609,2116
8,0.004539264639128461,676
8,0.7692307692307693,1225
8,0.7142857142857143,961
8,0.008298755186721992,1024
8,0.003627130939426913,2304
8,1,1600
8,0.5882352941176471,1296
8,0.625,1024
8,0.01447178002894356,2025
8,0.35714285714285715,1225
8,0.006906077348066298,784
8,0.625,900
8,0.6666666666666666,1156
8,0.0034059945504087193,784
8,0.38461538461538464,2209
8,0.7142857142857143,1024
8,0.3448275862068966,1296
8,0.6666666666666666,1156
8,0.37037037037037035,900
8,0.2631578947368421,784
8,0.011148272017837236,1936
8,0.13157894736842105,1296
8,0.009551098376313277,1444
8,0.01182033096926714,1024
8,0.009140767824497258,1156
8,0.3125,1936
8,0.0026232948583420775,676
8,0.02127659574468085,1521
8,0.004816955684007707,1225
8,0.00333000333000333,841
8,0.47619047619047616,1225
8,0.011876484560570071,1369
8,0.011061946902654867,1600
8,0.006002400960384154,1024
8,0.7142857142857143,1089
8,0.5882352941176471,3136
8,0.5555555555555556,529
8,0.9090909090909091,3600
8,0.006309148264984227,5476
8,0.47619047619047616,900
8,0.5263157894736842,1089
8,0.0228310502283105,676
8,0.7142857142857143,1225
8,0.625,1681
8,0.008620689655172414,961
8,0.019267822736030827,1600
8,0.007057163020465773,2304
8,0.43478260869565216,1156
8,0.004456327985739751,676
8,0.5263157894736842,1156
8,0.011037527593818985,1156
8,0.01023541453428864,676
8,0.625,1024
8,0.47619047619047616,961
8,0.5882352941176471,961
8,0.5882352941176471,1444
8,0.21739130434782608,676
8,0.9090909090909091,1936
8,0.06493506493506493,1089
8,0.6666666666666666,2704
8,0.018315018315018316,841
8,0.7692307692307693,841
8,0.006544502617801047,2116
8,0.5882352941176471,4356
8,0.005241090146750524,1156
8,0.017605633802816902,1296
8,0.012391573729863693,1024
8,0.5263157894736842,841
8,0.45454545454545453,900
8,0.5555555555555556,1369
8,0.3225806451612903,1225
8,0.7692307692307693,2116
8,0.01282051282051282,729
8,0.010976948408342482,1369
8,0.0036496350364963502,1444
8,0.19607843137254902,729
8,0.020202020202020204,2304
8,0.018975332068311195,1521
8,0.007974481658692184,676
8,0.00949667616334283,1089
8,0.6666666666666666,1089
8,0.43478260869565216,1521
8,0.011876484560570071,1521
8,0.8333333333333334,3600
8,0.0049382716049382715,576
8,0.5263157894736842,1156
8,0.005189413596263622,2401
8,0.005141388174807198,2209
8,0.007616146230007616,1444
8,0.8333333333333334,1156
8,0.00594883997620464,841
8,0.008620689655172414,1024
8,0.004597701149425287,1681
8,0.625,900
8,0.005681818181818182,2401
8,0.012062726176115802,1764
8,0.11904761904761904,1225
8,0.38461538461538464,841
