293,16,0.10204081632653061
500,16,0.03115264797507788
533,16,0.024509803921568627
428,16,0.20408163265306123
376,16,0.02976190476190476
136,16,0.3225806451612903
497,16,0.045871559633027525
331,16,0.11904761904761904
411,16,0.047619047619047616
532,16,0.03802281368821293
389,16,0.05649717514124294
412,16,0.029850746268656716
876,16,0.10752688172043011
483,16,0.02320185614849188
490,16,0.09433962264150944
390,16,0.11627906976744186
633,16,0.09345794392523364
309,16,0.14705882352941177
635,16,0.08064516129032258
222,16,0.14705882352941177
396,16,0.09345794392523364
636,16,0.09523809523809523
222,16,0.2127659574468085
254,16,0.47619047619047616
287,16,0.2777777777777778
289,16,0.09803921568627451
536,16,0.03322259136212625
239,16,0.3225806451612903
823,16,0.10638297872340426
391,16,0.17543859649122806
280,16,0.4166666666666667
497,16,0.028011204481792718
691,16,0.20408163265306123
843,16,0.08849557522123894
401,16,0.0425531914893617
665,16,0.09900990099009901
509,16,0.0199203187250996
617,16,0.136986301369863
260,16,0.25
322,16,0.033783783783783786
522,16,0.02032520325203252
790,16,0.2127659574468085
411,16,0.12345679012345678
420,16,0.10416666666666667
413,16,0.02237136465324385
444,16,0.045454545454545456
303,16,0.12195121951219512
796,16,0.059880239520958084
330,16,0.04184100418410042
414,16,0.07692307692307693
223,16,0.15151515151515152
280,16,0.5882352941176471
787,16,0.07692307692307693
465,16,0.06535947712418301
622,16,0.14925373134328357
526,16,0.043668122270742356
315,16,0.11363636363636363
720,16,0.10752688172043011
217,16,0.1694915254237288
463,16,0.030395136778115502
234,16,0.15151515151515152
557,16,0.038461538461538464
235,16,0.22727272727272727
229,16,0.2222222222222222
294,16,0.08333333333333333
279,16,0.2127659574468085
510,16,0.10638297872340426
465,16,0.05181347150259067
592,16,0.05405405405405406
497,16,0.03333333333333333
535,16,0.04424778761061947
482,16,0.02710027100271003
146,16,0.625
470,16,0.02506265664160401
785,16,0.059880239520958084
150,16,0.47619047619047616
464,16,0.031055900621118012
457,16,0.03076923076923077
811,16,0.05263157894736842
323,16,0.08
628,16,0.12195121951219512
403,16,0.0847457627118644
335,16,0.0970873786407767
782,16,0.04081632653061224
636,16,0.16393442622950818
467,16,0.08928571428571429
476,16,0.10989010989010989
850,16,0.043478260869565216
522,16,0.034013605442176874
150,16,0.29411764705882354
487,16,0.03067484662576687
229,16,0.14705882352941177
406,16,0.03058103975535168
493,16,0.2127659574468085
395,16,0.04
429,16,0.12658227848101267
274,16,0.06711409395973154
436,16,0.10416666666666667
368,16,0.10869565217391304
432,16,0.030211480362537766
360,16,0.11627906976744186
456,16,0.028089887640449437
375,16,0.16666666666666666
458,16,0.028409090909090908
458,16,0.02557544757033248
410,16,0.09803921568627451
532,16,0.030959752321981424
636,16,0.10416666666666667
441,16,0.043668122270742356
418,16,0.03968253968253968
635,16,0.09615384615384616
367,16,0.04132231404958678
507,16,0.10309278350515463
476,16,0.022573363431151242
320,16,0.08695652173913043
450,16,0.09433962264150944
523,16,0.034482758620689655
716,16,0.06802721088435375
617,16,0.17543859649122806
448,16,0.11764705882352941
228,16,0.14084507042253522
226,16,0.18181818181818182
410,16,0.10638297872340426
495,16,0.023809523809523808
406,16,0.09345794392523364
538,16,0.04310344827586207
416,16,0.14084507042253522
483,16,0.08771929824561403
501,16,0.04219409282700422
591,16,0.12987012987012986
410,16,0.06134969325153374
457,16,0.09345794392523364
282,16,0.38461538461538464
252,16,0.5263157894736842
540,16,0.06711409395973154
337,16,0.03968253968253968
140,16,0.3225806451612903
467,16,0.10416666666666667
144,16,0.5882352941176471
486,16,0.035211267605633804
572,16,0.11904761904761904
296,16,0.08849557522123894
336,16,0.14492753623188406
534,16,0.018656716417910446
144,16,0.5
367,16,0.22727272727272727
288,16,0.5263157894736842
443,16,0.04950495049504951
474,16,0.030959752321981424
363,16,0.17857142857142858
530,16,0.02967359050445104
401,16,0.03745318352059925
142,16,0.37037037037037035
607,16,0.07575757575757576
325,16,0.12048192771084337
806,16,0.07194244604316546
223,16,0.1694915254237288
223,16,0.2222222222222222
493,16,0.029239766081871343
508,16,0.025510204081632654
494,16,0.05154639175257732
236,16,0.14925373134328357
457,16,0.032679738562091505
772,16,0.08
768,16,0.04081632653061224
516,16,0.04201680672268908
819,16,0.04807692307692308
638,16,0.08333333333333333
311,16,0.125
248,16,0.38461538461538464
226,16,0.3333333333333333
280,16,0.10752688172043011
277,16,0.3333333333333333
278,16,0.37037037037037035
455,16,0.039525691699604744
500,16,0.06578947368421052
265,16,0.4166666666666667
223,16,0.11363636363636363
774,16,0.05263157894736842
533,16,0.028985507246376812
496,16,0.02188183807439825
791,16,0.06535947712418301
422,16,0.043478260869565216
397,16,0.04504504504504504
502,16,0.03731343283582089
459,16,0.03134796238244514
417,16,0.09803921568627451
548,16,0.037037037037037035
346,16,0.10638297872340426
777,16,0.055248618784530384
429,16,0.08849557522123894
637,16,0.14285714285714285
485,16,0.05917159763313609
449,16,0.050505050505050504
452,16,0.038314176245210725
824,16,0.0625
489,16,0.07092198581560284
286,16,0.38461538461538464
412,16,0.12987012987012986
377,16,0.14285714285714285
528,16,0.028409090909090908
249,16,0.37037037037037035
331,16,0.08403361344537816
478,16,0.034129692832764506
369,16,0.14705882352941177
255,16,0.22727272727272727
353,16,0.035211267605633804
521,16,0.03875968992248062
223,16,0.14084507042253522
352,16,0.17857142857142858
285,16,0.37037037037037035
377,16,0.24390243902439024
313,16,0.13333333333333333
418,16,0.1724137931034483
866,16,0.043478260869565216
352,16,0.029239766081871343
234,16,0.08771929824561403
146,16,0.2631578947368421
404,16,0.06802721088435375
254,16,0.4
394,16,0.033444816053511704
317,16,0.16666666666666666
390,16,0.032679738562091505
254,16,0.3125
379,16,0.10752688172043011
403,16,0.030395136778115502
226,16,0.17857142857142858
457,16,0.15151515151515152
594,16,0.06993006993006994
400,16,0.12987012987012986
288,16,0.4166666666666667
252,16,0.43478260869565216
499,16,0.03367003367003367
830,16,0.05952380952380952
625,16,0.10869565217391304
620,16,0.05847953216374269
470,16,0.04081632653061224
431,16,0.12987012987012986
444,16,0.06944444444444445
306,16,0.10638297872340426
465,16,0.17857142857142858
371,16,0.028169014084507043
622,16,0.078125
499,16,0.0392156862745098
237,16,0.12048192771084337
612,16,0.09259259259259259
504,16,0.043859649122807015
494,16,0.0392156862745098
460,16,0.03257328990228013
231,16,0.10869565217391304
144,16,0.3333333333333333
144,16,0.3333333333333333
311,16,0.12345679012345678
448,16,0.0273224043715847
476,16,0.028985507246376812
219,16,0.18867924528301888
217,16,0.1388888888888889
391,16,0.1
409,16,0.03717472118959108
503,16,0.02336448598130841
528,16,0.04310344827586207
402,16,0.0196078431372549
627,16,0.1111111111111111
391,16,0.02717391304347826
441,16,0.02631578947368421
608,16,0.2
361,16,0.1388888888888889
403,16,0.02358490566037736
769,16,0.05102040816326531
398,16,0.0425531914893617
226,16,0.1694915254237288
413,16,0.021367521367521368
399,16,0.1282051282051282
326,16,0.08333333333333333
404,16,0.11363636363636363
274,16,0.09345794392523364
144,16,0.3125
576,16,0.02881844380403458
707,16,0.08849557522123894
412,16,0.17857142857142858
379,16,0.21739130434782608
482,16,0.04405286343612335
234,16,0.16129032258064516
416,16,0.06172839506172839
368,16,0.1724137931034483
466,16,0.034129692832764506
330,16,0.021231422505307854
499,16,0.03115264797507788
627,16,0.15384615384615385
317,16,0.13157894736842105
492,16,0.04065040650406504
831,16,0.07352941176470588
558,16,0.02457002457002457
144,16,0.30303030303030304
148,16,0.25
440,16,0.09900990099009901
421,16,0.14925373134328357
352,16,0.12048192771084337
503,16,0.12987012987012986
253,16,0.5
472,16,0.03558718861209965
460,16,0.04739336492890995
802,16,0.04291845493562232
479,16,0.023310023310023312
400,16,0.03134796238244514
483,16,0.0411522633744856
651,16,0.13157894736842105
447,16,0.07042253521126761
260,16,0.18181818181818182
308,16,0.09803921568627451
600,16,0.13513513513513514
477,16,0.0398406374501992
323,16,0.032467532467532464
233,16,0.1724137931034483
659,16,0.11494252873563218
280,16,0.3125
831,16,0.06329113924050633
446,16,0.11363636363636363
737,16,0.07936507936507936
387,16,0.024752475247524754
134,16,0.4166666666666667
675,16,0.17543859649122806
481,16,0.04
536,16,0.028901734104046242
640,16,0.15384615384615385
318,16,0.12658227848101267
404,16,0.13333333333333333
227,16,0.16393442622950818
794,16,0.06451612903225806
366,16,0.017035775127768313
429,16,0.027932960893854747
550,16,0.035211267605633804
501,16,0.029940119760479042
226,16,0.18518518518518517
142,16,0.2702702702702703
449,16,0.03164556962025317
634,16,0.18867924528301888
373,16,0.18867924528301888
477,16,0.04065040650406504
475,16,0.02570694087403599
651,16,0.17857142857142858
510,16,0.10204081632653061
502,16,0.02403846153846154
641,16,0.09433962264150944
810,16,0.040160642570281124
426,16,0.02570694087403599
458,16,0.04739336492890995
864,16,0.0398406374501992
445,16,0.040160642570281124
346,16,0.02570694087403599
418,16,0.09433962264150944
321,16,0.026881720430107527
474,16,0.03424657534246575
473,16,0.017094017094017096
481,16,0.033444816053511704
443,16,0.07407407407407407
395,16,0.04405286343612335
280,16,0.15873015873015872
445,16,0.08196721311475409
842,16,0.08264462809917356
804,16,0.0425531914893617
254,16,0.37037037037037035
332,16,0.03115264797507788
274,16,0.37037037037037035
641,16,0.11363636363636363
224,16,0.16393442622950818
504,16,0.02976190476190476
469,16,0.16393442622950818
366,16,0.21739130434782608
493,16,0.03802281368821293
284,16,0.125
441,16,0.04784688995215311
385,16,0.1724137931034483
686,16,0.08928571428571429
325,16,0.11904761904761904
415,16,0.15384615384615385
628,16,0.08
874,16,0.06289308176100629
292,16,0.3125
519,16,0.03367003367003367
223,16,0.2
272,16,0.2564102564102564
617,16,0.14285714285714285
223,16,0.15873015873015872
469,16,0.019880715705765408
548,16,0.03460207612456748
320,16,0.10638297872340426
781,16,0.03690036900369004
596,16,0.078125
483,16,0.033112582781456956
471,16,0.02262443438914027
440,16,0.02631578947368421
510,16,0.03787878787878788
457,16,0.09433962264150944
771,16,0.05128205128205128
295,16,0.17857142857142858
515,16,0.026525198938992044
375,16,0.028409090909090908
386,16,0.02976190476190476
453,16,0.1388888888888889
777,16,0.15873015873015872
