380,32,0.1694915254237288
548,32,0.23809523809523808
839,32,0.24390243902439024
593,32,0.2702702702702703
1189,32,0.18867924528301888
601,32,0.23809523809523808
816,32,0.20833333333333334
1218,32,0.14084507042253522
825,32,0.21739130434782608
609,32,0.2127659574468085
828,32,0.2777777777777778
593,32,0.25
902,32,0.19230769230769232
896,32,0.14492753623188406
845,32,0.11363636363636363
900,32,0.24390243902439024
611,32,0.4
693,32,0.18867924528301888
728,32,0.16393442622950818
830,32,0.35714285714285715
716,32,0.15625
384,32,0.20833333333333334
601,32,0.15151515151515152
653,32,0.15625
829,32,0.12195121951219512
863,32,0.22727272727272727
1055,32,0.35714285714285715
859,32,0.19607843137254902
818,32,0.2564102564102564
817,32,0.17857142857142858
724,32,0.38461538461538464
804,32,0.22727272727272727
717,32,0.125
1010,32,0.1694915254237288
840,32,0.38461538461538464
477,32,0.3225806451612903
600,32,0.18518518518518517
849,32,0.2702702702702703
849,32,0.23255813953488372
370,32,0.2127659574468085
394,32,0.2857142857142857
881,32,0.2702702702702703
616,32,0.2777777777777778
783,32,0.1694915254237288
644,32,0.16666666666666666
895,32,0.2222222222222222
475,32,0.22727272727272727
856,32,0.19230769230769232
1000,32,0.20833333333333334
490,32,0.2857142857142857
879,32,0.14705882352941177
640,32,0.20408163265306123
474,32,0.2127659574468085
382,32,0.37037037037037035
462,32,0.23255813953488372
1021,32,0.3448275862068966
841,32,0.37037037037037035
845,32,0.24390243902439024
891,32,0.2127659574468085
999,32,0.25
918,32,0.25
993,32,0.2
743,32,0.29411764705882354
817,32,0.17543859649122806
744,32,0.2777777777777778
506,32,0.1694915254237288
390,32,0.2564102564102564
605,32,0.17857142857142858
396,32,0.14705882352941177
809,32,0.30303030303030304
925,32,0.29411764705882354
647,32,0.2222222222222222
952,32,0.30303030303030304
829,32,0.30303030303030304
1057,32,0.2222222222222222
513,32,0.17857142857142858
1023,32,0.23809523809523808
895,32,0.2777777777777778
863,32,0.19230769230769232
1202,32,0.18181818181818182
867,32,0.23255813953488372
869,32,0.14285714285714285
650,32,0.2702702702702703
1204,32,0.3225806451612903
736,32,0.19607843137254902
665,32,0.2127659574468085
585,32,0.3333333333333333
655,32,0.3225806451612903
891,32,0.17857142857142858
874,32,0.2777777777777778
682,32,0.4
877,32,0.21739130434782608
676,32,0.18867924528301888
888,32,0.18181818181818182
898,32,0.17857142857142858
611,32,0.3125
834,32,0.3125
700,32,0.15873015873015872
579,32,0.22727272727272727
916,32,0.15625
820,32,0.18518518518518517
709,32,0.3125
734,32,0.1111111111111111
716,32,0.21739130434782608
1061,32,0.2777777777777778
705,32,0.24390243902439024
917,32,0.20833333333333334
705,32,0.23255813953488372
867,32,0.24390243902439024
839,32,0.18518518518518517
1043,32,0.22727272727272727
941,32,0.20833333333333334
398,32,0.24390243902439024
389,32,0.1388888888888889
474,32,0.14084507042253522
1008,32,0.16393442622950818
391,32,0.29411764705882354
849,32,0.2631578947368421
860,32,0.19230769230769232
634,32,0.23255813953488372
874,32,0.2857142857142857
661,32,0.2857142857142857
642,32,0.16129032258064516
720,32,0.37037037037037035
607,32,0.21739130434782608
465,32,0.3448275862068966
875,32,0.2564102564102564
1000,32,0.24390243902439024
657,32,0.2127659574468085
728,32,0.1724137931034483
382,32,0.38461538461538464
831,32,0.23255813953488372
876,32,0.16129032258064516
719,32,0.1724137931034483
837,32,0.2777777777777778
651,32,0.21739130434782608
463,32,0.12987012987012986
990,32,0.22727272727272727
895,32,0.4
832,32,0.19607843137254902
837,32,0.13333333333333333
598,32,0.2
829,32,0.2
832,32,0.15151515151515152
581,32,0.14925373134328357
887,32,0.23809523809523808
1176,32,0.20833333333333334
572,32,0.18518518518518517
513,32,0.2127659574468085
902,32,0.2631578947368421
372,32,0.2857142857142857
539,32,0.14925373134328357
918,32,0.23255813953488372
378,32,0.20833333333333334
864,32,0.21739130434782608
840,32,0.15384615384615385
368,32,0.16129032258064516
851,32,0.17543859649122806
1010,32,0.19607843137254902
500,32,0.2631578947368421
626,32,0.30303030303030304
478,32,0.21739130434782608
877,32,0.16393442622950818
912,32,0.15625
1001,32,0.136986301369863
597,32,0.2857142857142857
834,32,0.14705882352941177
846,32,0.19607843137254902
397,32,0.2222222222222222
613,32,0.3225806451612903
921,32,0.125
595,32,0.15625
1186,32,0.2
878,32,0.18518518518518517
895,32,0.4
571,32,0.24390243902439024
809,32,0.2222222222222222
812,32,0.17543859649122806
1042,32,0.4
811,32,0.15384615384615385
476,32,0.16393442622950818
1169,32,0.18518518518518517
1194,32,0.1694915254237288
624,32,0.17543859649122806
835,32,0.23809523809523808
740,32,0.29411764705882354
839,32,0.2564102564102564
852,32,0.20408163265306123
