1616,28,0.00315059861373661
1026,28,0.004424778761061947
980,28,0.0076511094108645756
1617,28,0.005543237250554324
1410,28,0.0030238887208950713
1390,28,0.007369196757553427
703,28,0.003132832080200501
1500,28,0.005411255411255411
751,28,0.005208333333333333
547,28,0.0037650602409638554
1315,28,0.005577244841048522
1406,28,0.004593477262287551
567,28,0.004514672686230248
559,28,0.0036443148688046646
1413,28,0.002770083102493075
1603,28,0.005282620179609086
721,28,0.005324813631522897
702,28,0.008319467554076539
601,28,0.002574002574002574
546,28,0.0030404378230465185
1299,28,0.003003003003003003
563,28,0.008748906386701663
1348,28,0.005589714924538848
969,28,0.0024758603614756128
759,28,0.14705882352941177
732,28,0.2
1029,28,0.21739130434782608
717,28,0.24390243902439024
726,28,0.3448275862068966
572,28,0.2222222222222222
1566,28,0.004051863857374392
1039,28,0.30303030303030304
595,28,0.005473453749315818
1417,28,0.004522840343735866
731,28,0.002473410833539451
1379,28,0.003031221582297666
604,28,0.005045408678102927
619,28,0.0042643923240938165
1341,28,0.004415011037527594
1008,28,0.0035298270384751147
1326,28,0.004016064257028112
776,28,0.0030543677458766036
1029,28,0.004734848484848485
1579,28,0.004105090311986864
1601,28,0.0066181336863004635
1614,28,0.003399048266485384
942,28,0.00846740050804403
644,28,0.16393442622950818
588,28,0.17543859649122806
562,28,0.004306632213608958
553,28,0.2127659574468085
563,28,0.21739130434782608
785,28,0.17857142857142858
668,28,0.2702702702702703
1596,28,0.004982561036372696
1479,28,0.002815315315315315
726,28,0.004380201489268506
524,28,0.0036456434560699965
999,28,0.0037313432835820895
1566,28,0.00411522633744856
971,28,0.005506607929515419
577,28,0.009587727708533078
1560,28,0.002555583950932788
533,28,0.002107037505267594
736,28,0.0035803795202291443
1414,28,0.0032113037893384713
1577,28,0.006939625260235947
622,28,0.2777777777777778
771,28,0.22727272727272727
1401,28,0.0026455026455026454
605,28,0.11627906976744186
1587,28,0.003027550711474417
979,28,0.00333555703802535
1388,28,0.004570383912248629
704,28,0.0016
1300,28,0.0067842605156037995
1347,28,0.0027005130974885228
1321,28,0.003486750348675035
738,28,0.005431830526887561
1610,28,0.00408997955010225
596,28,0.005681818181818182
799,28,0.1724137931034483
772,28,0.2564102564102564
534,28,0.3125
721,28,0.24390243902439024
719,28,0.0043782837127845885
1619,28,0.004156275976724855
606,28,0.43478260869565216
1641,28,0.004564125969876769
1355,28,0.00227842333105491
1050,28,0.0030807147258163892
1423,28,0.0024479804161566705
742,28,0.003290556103981573
1380,28,0.005851375073142188
1010,28,0.002538715410002539
1615,28,0.005449591280653951
623,28,0.20833333333333334
1610,28,0.00314070351758794
1394,28,0.0037650602409638554
1043,28,0.0017082336863682953
1433,28,0.003683241252302026
807,28,0.2222222222222222
1583,28,0.0050327126321087065
1424,28,0.00612369871402327
515,28,0.004923682914820286
1592,28,0.004384042086804033
984,28,0.0030175015087507543
1455,28,0.0035676061362825543
754,28,0.0022361359570661895
1623,28,0.004448398576512456
1417,28,0.00449034575662326
1631,28,0.003998400639744102
1005,28,0.0036913990402362494
738,28,0.004096681687832855
1374,28,0.004310344827586207
606,28,0.0031220730565095223
1006,28,0.003812428516965307
709,28,0.005737234652897304
545,28,0.004178854993731718
739,28,0.14084507042253522
540,28,0.35714285714285715
1041,28,0.4
506,28,0.30303030303030304
718,28,0.15625
1091,28,0.20833333333333334
714,28,0.20408163265306123
775,28,0.16393442622950818
1402,28,0.008598452278589854
709,28,0.005574136008918618
936,28,0.003239390994493035
1378,28,0.0026198585276395073
1588,28,0.003370407819346141
1373,28,0.004723665564478035
1582,28,0.0053533190578158455
733,28,0.00594883997620464
722,28,0.0040192926045016075
960,28,0.002940311673037342
991,28,0.0040683482506102524
1345,28,0.006064281382656155
718,28,0.0058823529411764705
1071,28,0.004166666666666667
764,28,0.004033884630899556
533,28,0.004539264639128461
1085,28,0.004670714619336758
1636,28,0.0027247956403269754
805,28,0.136986301369863
540,28,0.18518518518518517
982,28,0.0033222591362126247
577,28,0.35714285714285715
627,28,0.16666666666666666
550,28,0.0033134526176275677
1445,28,0.0023089355806972986
1552,28,0.0041893590280687055
574,28,0.0032916392363396972
1031,28,0.004297378599054577
953,28,0.003083564600678384
722,28,0.005834305717619603
1428,28,0.008976660682226212
615,28,0.0041459369817578775
1381,28,0.005733944954128441
529,28,0.003675119441381845
651,28,0.0038684719535783366
1377,28,0.0028835063437139563
1474,28,0.004032258064516129
550,28,0.0029985007496251873
561,28,0.00425531914893617
741,28,0.18867924528301888
578,28,0.003987240829346092
790,28,0.15873015873015872
603,28,0.004987531172069825
1036,28,0.002672367717797969
1027,28,0.008025682182985553
728,28,0.18518518518518517
645,28,0.2564102564102564
332,28,0.23255813953488372
532,28,0.17543859649122806
1604,28,0.004151100041511001
546,28,0.0042863266180882984
799,28,0.20833333333333334
737,28,0.002087246921310791
1335,28,0.00425531914893617
634,28,0.0043975373790677225
548,28,0.004240882103477523
966,28,0.004030632809351068
1369,28,0.0022763487366264513
616,28,0.0032797638570022957
1383,28,0.002846569883290635
600,28,0.14925373134328357
989,28,0.006702412868632708
1347,28,0.003654970760233918
1433,28,0.0037678975131876413
1361,28,0.003641660597232338
577,28,0.003372681281618887
1379,28,0.004372540445999125
685,28,0.2777777777777778
1378,28,0.0026441036488630354
621,28,0.006963788300835654
1460,28,0.004508566275924256
850,28,0.0032113037893384713
958,28,0.006635700066357001
1608,28,0.007942811755361398
735,28,0.18867924528301888
570,28,0.0035536602700781805
1584,28,0.003522367030644593
528,28,0.0038109756097560975
579,28,0.005268703898840885
698,28,0.004178854993731718
1595,28,0.0034106412005457027
954,28,0.004697040864255519
1443,28,0.0036656891495601175
1578,28,0.0028935185185185184
1585,28,0.004222972972972973
1597,28,0.00209819555182543
544,28,0.15873015873015872
755,28,0.0037078235076010383
1597,28,0.0053705692803437165
532,28,0.13513513513513514
723,28,0.0031877590054191903
710,28,0.004977600796416127
730,28,0.005189413596263622
