10,0.16129032258064516,80
10,0.2857142857142857,68
10,0.08547008547008547,87
10,1,68
10,0.47619047619047616,77
10,0.625,91
10,0.19607843137254902,63
10,0.5,88
10,0.8333333333333334,74
10,0.30303030303030304,64
10,0.11363636363636363,88
10,0.5263157894736842,74
10,0.625,63
10,0.12987012987012986,73
10,0.45454545454545453,81
10,0.10204081632653061,78
10,0.5882352941176471,80
10,0.1,75
10,0.2631578947368421,68
10,0.8333333333333334,87
10,0.08264462809917356,72
10,0.7142857142857143,68
10,0.12345679012345678,76
10,0.7692307692307693,86
10,0.22727272727272727,78
10,0.1694915254237288,78
10,0.2777777777777778,46
10,1,86
10,0.5555555555555556,68
10,0.45454545454545453,67
10,0.5555555555555556,69
10,0.15873015873015872,78
10,0.5,88
10,0.09174311926605505,81
11,0.4,70
10,0.5,78
10,0.9090909090909091,72
10,0.4,75
10,0.9090909090909091,97
10,0.05714285714285714,77
10,1,71
10,0.3225806451612903,62
10,0.13157894736842105,67
10,0.45454545454545453,80
10,0.11235955056179775,68
10,0.9090909090909091,94
10,0.7692307692307693,74
10,0.43478260869565216,66
10,0.45454545454545453,77
10,0.2777777777777778,69
10,0.136986301369863,74
10,0.47619047619047616,84
10,0.5555555555555556,94
10,0.35714285714285715,77
10,0.056179775280898875,65
10,0.8333333333333334,87
10,0.12195121951219512,76
10,0.45454545454545453,87
10,0.43478260869565216,75
10,0.5263157894736842,75
10,0.25,83
10,0.15873015873015872,64
10,0.5882352941176471,71
10,0.5555555555555556,66
10,0.7692307692307693,70
10,0.7142857142857143,87
10,0.6666666666666666,72
10,0.5882352941176471,65
10,0.37037037037037035,85
10,0.3448275862068966,67
10,0.6666666666666666,86
10,0.16393442622950818,71
10,0.08695652173913043,79
10,0.7692307692307693,93
10,0.6666666666666666,69
10,0.625,77
10,0.8333333333333334,65
10,0.7692307692307693,79
10,0.7692307692307693,101
10,0.43478260869565216,78
10,0.07407407407407407,77
10,0.625,72
10,0.7692307692307693,80
10,0.38461538461538464,74
10,0.15625,62
10,0.3333333333333333,73
10,0.14925373134328357,74
10,0.24390243902439024,70
10,0.5882352941176471,59
10,0.37037037037037035,91
10,0.7692307692307693,75
10,0.3225806451612903,72
10,0.09090909090909091,65
10,0.6666666666666666,74
10,0.7142857142857143,62
10,0.7142857142857143,81
10,0.7692307692307693,86
10,0.5,65
10,0.125,69
10,0.5882352941176471,89
10,0.5,78
10,0.11363636363636363,81
10,0.6666666666666666,74
10,0.21739130434782608,67
10,0.15873015873015872,79
10,0.5882352941176471,80
10,0.22727272727272727,72
10,0.7142857142857143,89
10,0.14925373134328357,57
10,0.625,73
10,0.9090909090909091,95
10,0.45454545454545453,68
10,0.05263157894736842,74
10,0.4166666666666667,67
10,0.5882352941176471,86
10,0.14285714285714285,80
10,0.09433962264150944,69
10,0.625,80
10,0.2857142857142857,79
10,0.5,69
10,0.7142857142857143,74
10,0.12987012987012986,70
10,0.625,58
10,0.4166666666666667,87
10,0.1111111111111111,84
10,0.625,77
10,0.3333333333333333,80
10,0.625,88
10,0.15873015873015872,76
10,0.18518518518518517,93
10,0.7142857142857143,83
10,0.7142857142857143,76
10,0.5555555555555556,74
10,0.7142857142857143,79
10,0.38461538461538464,86
10,0.16129032258064516,72
10,0.47619047619047616,76
10,0.45454545454545453,69
10,0.7142857142857143,61
10,0.11904761904761904,55
10,0.2,68
10,0.43478260869565216,70
10,0.4,85
10,0.24390243902439024,84
10,0.7142857142857143,58
10,0.38461538461538464,70
10,0.3448275862068966,97
10,0.5,72
10,0.5555555555555556,100
10,0.2631578947368421,77
10,0.2127659574468085,72
10,0.11627906976744186,94
10,0.8333333333333334,78
10,0.625,61
10,0.23255813953488372,73
10,0.14492753623188406,57
10,0.9090909090909091,91
10,0.24390243902439024,83
10,0.4166666666666667,67
10,0.09345794392523364,75
10,0.5,78
10,1,75
10,0.625,78
10,0.5,68
10,0.35714285714285715,77
10,0.7692307692307693,70
10,0.47619047619047616,68
10,0.9090909090909091,69
10,0.12195121951219512,77
10,0.16666666666666666,74
10,0.12048192771084337,68
10,0.18518518518518517,75
10,0.625,95
10,0.3333333333333333,82
10,0.16393442622950818,62
10,0.08064516129032258,68
10,0.16393442622950818,67
10,0.07575757575757576,67
10,0.625,74
10,0.30303030303030304,71
10,0.10638297872340426,68
10,0.08620689655172414,79
10,0.16393442622950818,63
10,0.4166666666666667,81
10,0.43478260869565216,86
10,0.47619047619047616,56
10,0.6666666666666666,70
10,0.625,65
10,0.7142857142857143,70
10,0.09174311926605505,74
10,0.7142857142857143,78
10,0.11764705882352941,60
10,0.5263157894736842,81
10,0.8333333333333334,78
10,0.21739130434782608,77
10,0.2222222222222222,83
10,0.6666666666666666,85
10,0.625,76
10,0.06711409395973154,83
10,0.43478260869565216,82
10,0.7692307692307693,66
10,0.5882352941176471,78
10,0.08771929824561403,75
10,0.14492753623188406,62
10,0.08849557522123894,63
10,0.6666666666666666,73
10,0.09615384615384616,80
10,0.136986301369863,81
10,0.625,74
10,0.625,90
10,0.21739130434782608,63
10,0.14925373134328357,66
11,0.7692307692307693,58
10,0.9090909090909091,74
10,0.23809523809523808,71
10,0.625,61
10,0.47619047619047616,71
10,0.10204081632653061,81
10,0.9090909090909091,77
10,0.47619047619047616,72
10,0.6666666666666666,75
10,0.12048192771084337,55
10,0.5555555555555556,83
10,0.5,82
10,0.7142857142857143,86
10,1,72
10,0.9090909090909091,78
10,0.7692307692307693,86
10,0.7692307692307693,79
10,0.625,65
10,0.7142857142857143,71
10,0.09900990099009901,74
10,0.19607843137254902,99
10,0.072992700729927,72
10,1,78
10,0.625,78
10,0.7142857142857143,73
10,0.2222222222222222,61
10,0.5,82
10,0.5263157894736842,73
10,0.5882352941176471,93
10,0.9090909090909091,78
10,0.8333333333333334,84
10,0.5555555555555556,79
10,0.5555555555555556,85
10,0.8333333333333334,78
10,0.16666666666666666,80
10,0.43478260869565216,68
10,0.5,81
10,0.7142857142857143,91
10,0.5263157894736842,75
10,0.7142857142857143,95
10,0.11904761904761904,74
10,0.125,77
10,0.7692307692307693,70
10,0.4166666666666667,63
10,0.7692307692307693,76
10,0.625,74
10,0.5263157894736842,83
10,0.7692307692307693,83
10,0.47619047619047616,65
10,1,86
10,0.6666666666666666,87
10,0.08333333333333333,58
10,0.6666666666666666,71
10,0.5555555555555556,82
10,0.14285714285714285,74
10,0.19607843137254902,75
10,0.08264462809917356,83
10,0.125,74
10,0.09900990099009901,72
10,0.5263157894736842,68
10,0.5882352941176471,71
10,0.07936507936507936,74
10,0.23255813953488372,69
10,0.5882352941176471,68
10,0.7692307692307693,86
10,0.2702702702702703,74
10,0.37037037037037035,70
10,0.4166666666666667,70
10,0.6666666666666666,87
10,0.7692307692307693,76
10,0.6666666666666666,66
10,0.07936507936507936,76
10,0.6666666666666666,82
10,0.45454545454545453,75
10,0.625,70
10,0.4166666666666667,70
10,0.2127659574468085,62
10,0.6666666666666666,84
10,0.06134969325153374,75
10,0.1388888888888889,87
10,0.7692307692307693,86
10,0.47619047619047616,83
10,0.5,77
10,0.2857142857142857,69
10,0.7692307692307693,74
10,0.9090909090909091,100
10,0.12345679012345678,80
10,0.7692307692307693,79
10,0.05747126436781609,79
10,0.04291845493562232,65
10,0.9090909090909091,86
10,0.35714285714285715,79
10,0.7692307692307693,93
10,0.5882352941176471,77
10,0.37037037037037035,73
10,0.078125,78
10,0.9090909090909091,69
10,0.8333333333333334,64
10,0.10101010101010101,85
10,0.9090909090909091,80
10,0.5555555555555556,93
10,0.38461538461538464,85
10,0.7692307692307693,65
10,0.45454545454545453,78
10,0.8333333333333334,92
10,0.11363636363636363,61
10,0.7692307692307693,67
10,0.47619047619047616,88
10,0.2564102564102564,54
10,0.5882352941176471,85
10,0.6666666666666666,73
10,0.5555555555555556,66
10,0.16393442622950818,70
10,0.10101010101010101,77
10,0.11235955056179775,81
10,0.7142857142857143,79
10,0.4166666666666667,66
10,0.19607843137254902,66
10,0.5555555555555556,71
10,0.47619047619047616,71
10,0.2564102564102564,74
10,0.6666666666666666,78
10,0.43478260869565216,83
10,0.12195121951219512,72
10,0.8333333333333334,80
10,0.7142857142857143,66
10,0.14285714285714285,70
10,0.4,79
10,0.5,100
10,0.625,62
10,0.6666666666666666,80
10,0.6666666666666666,79
10,0.9090909090909091,70
10,0.18518518518518517,51
10,0.5263157894736842,81
10,0.625,80
10,0.29411764705882354,69
10,0.10309278350515463,82
10,0.47619047619047616,91
10,0.22727272727272727,78
10,0.37037037037037035,74
10,0.19607843137254902,64
10,0.15151515151515152,87
10,0.7692307692307693,74
10,0.9090909090909091,80
10,0.4,65
10,0.4,76
10,0.7692307692307693,71
10,0.5882352941176471,82
10,0.18867924528301888,78
10,0.3125,71
10,0.7692307692307693,72
10,0.11764705882352941,78
10,0.35714285714285715,72
10,0.09009009009009009,58
10,0.43478260869565216,82
10,0.43478260869565216,54
10,0.09259259259259259,77
10,0.22727272727272727,80
10,0.15873015873015872,72
10,0.7142857142857143,59
10,0.6666666666666666,87
10,0.10989010989010989,66
10,0.19230769230769232,65
10,0.43478260869565216,77
10,0.8333333333333334,57
10,0.3333333333333333,80
10,0.45454545454545453,85
10,0.0847457627118644,74
10,0.8333333333333334,95
10,0.15625,63
10,0.5882352941176471,77
10,0.13333333333333333,74
10,0.7692307692307693,78
10,0.37037037037037035,80
10,0.7142857142857143,88
10,0.08849557522123894,61
10,0.35714285714285715,87
10,0.058823529411764705,74
10,0.6666666666666666,76
10,0.6666666666666666,82
10,0.625,67
10,0.5882352941176471,76
10,0.9090909090909091,81
10,0.625,66
10,0.6666666666666666,87
10,0.06666666666666667,70
10,0.5882352941176471,87
10,0.8333333333333334,77
10,0.4,68
10,0.5555555555555556,80
10,0.38461538461538464,108
10,0.9090909090909091,71
10,0.9090909090909091,87
10,0.3333333333333333,77
10,0.7142857142857143,67
10,0.2857142857142857,77
10,0.47619047619047616,77
10,0.2857142857142857,70
10,0.3448275862068966,69
10,0.625,82
10,0.7692307692307693,74
10,0.5,82
10,0.16393442622950818,75
10,0.0970873786407767,71
10,0.43478260869565216,79
10,0.5882352941176471,70
10,0.07692307692307693,69
10,0.45454545454545453,81
10,0.14925373134328357,67
10,0.12195121951219512,72
10,0.9090909090909091,72
10,0.06756756756756757,71
10,0.07142857142857142,66
10,0.37037037037037035,75
10,0.29411764705882354,74
10,0.15151515151515152,69
10,0.47619047619047616,84
10,0.7692307692307693,89
10,0.45454545454545453,71
10,0.11627906976744186,60
10,0.625,76
10,0.17543859649122806,82
10,0.11363636363636363,68
10,0.06711409395973154,102
10,0.4,73
10,1,64
10,0.3125,66
10,0.18181818181818182,90
10,0.23255813953488372,81
10,0.20408163265306123,66
10,0.16129032258064516,84
10,0.8333333333333334,83
10,0.09803921568627451,75
10,0.30303030303030304,75
10,0.6666666666666666,76
10,0.4,78
10,0.2222222222222222,66
10,0.5,96
10,0.37037037037037035,74
10,0.06666666666666667,70
10,0.45454545454545453,74
10,0.125,84
10,0.9090909090909091,76
10,0.078125,80
10,0.09433962264150944,82
10,0.12345679012345678,72
10,0.09174311926605505,57
10,0.8333333333333334,70
11,0.7142857142857143,72
10,0.10638297872340426,64
10,0.37037037037037035,77
10,0.5,74
10,0.07575757575757576,82
10,0.078125,65
10,0.9090909090909091,75
10,0.43478260869565216,82
10,0.5555555555555556,84
10,0.18518518518518517,63
10,0.47619047619047616,78
10,0.8333333333333334,88
10,1,84
10,0.2631578947368421,70
10,0.47619047619047616,88
10,0.5263157894736842,88
10,0.8333333333333334,65
10,0.2631578947368421,65
10,0.12658227848101267,68
10,0.2702702702702703,77
10,0.14925373134328357,77
10,0.5,68
10,0.14925373134328357,79
10,0.7692307692307693,98
10,0.23255813953488372,86
10,0.1111111111111111,76
10,0.7692307692307693,93
10,0.7142857142857143,77
10,0.5882352941176471,70
10,0.625,66
10,0.08333333333333333,91
10,0.3225806451612903,81
10,0.625,84
10,0.2127659574468085,72
10,0.43478260869565216,81
10,0.21739130434782608,77
10,0.45454545454545453,82
10,0.5,76
10,0.136986301369863,70
10,0.05291005291005291,70
10,0.7142857142857143,73
10,0.10638297872340426,67
10,0.625,77
10,0.7142857142857143,71
10,0.6666666666666666,74
10,0.9090909090909091,81
10,0.11494252873563218,58
10,0.20833333333333334,74
10,0.3333333333333333,73
10,0.8333333333333334,90
10,0.3333333333333333,83
10,0.5555555555555556,81
10,0.16666666666666666,83
10,0.12987012987012986,81
10,0.1111111111111111,64
10,0.2857142857142857,78
10,0.47619047619047616,90
10,0.38461538461538464,77
10,0.43478260869565216,66
10,0.11764705882352941,84
10,0.5555555555555556,79
10,0.11363636363636363,66
10,0.7142857142857143,72
10,0.2777777777777778,67
10,0.07462686567164178,55
10,0.12658227848101267,63
10,0.8333333333333334,78
10,0.04975124378109453,79
10,0.13157894736842105,63
10,0.15873015873015872,64
10,0.16393442622950818,68
10,0.9090909090909091,86
10,0.08849557522123894,66
10,0.3125,65
10,0.43478260869565216,59
10,0.25,78
10,0.8333333333333334,82
10,0.8333333333333334,72
10,0.5555555555555556,66
10,0.6666666666666666,67
10,1,92
10,0.9090909090909091,73
10,0.136986301369863,73
10,0.5263157894736842,69
10,0.05649717514124294,71
10,0.14492753623188406,78
10,0.07751937984496124,63
10,0.1111111111111111,82
10,0.4166666666666667,77
10,0.2631578947368421,69
10,0.3333333333333333,90
10,0.7692307692307693,72
10,0.19230769230769232,68
10,0.22727272727272727,66
10,0.10989010989010989,73
10,0.5555555555555556,85
10,0.10869565217391304,83
10,0.6666666666666666,65
10,0.14492753623188406,77
10,0.9090909090909091,88
10,0.21739130434782608,58
10,0.1694915254237288,62
10,0.2127659574468085,66
10,0.18181818181818182,73
10,0.16393442622950818,82
10,0.5,76
10,0.35714285714285715,77
10,0.08620689655172414,60
10,0.5555555555555556,84
10,0.10204081632653061,77
10,0.7142857142857143,56
10,0.47619047619047616,66
10,0.5555555555555556,79
10,0.38461538461538464,74
10,0.16129032258064516,79
10,0.5882352941176471,89
10,0.8333333333333334,74
10,0.06172839506172839,87
10,0.43478260869565216,82
10,1,79
10,0.625,75
10,0.5555555555555556,72
10,1,74
10,0.06896551724137931,81
10,0.9090909090909091,89
10,0.4,76
10,0.13157894736842105,76
10,0.8333333333333334,67
10,0.43478260869565216,80
10,0.20408163265306123,70
10,0.18181818181818182,71
10,1,83
10,0.625,82
10,0.17543859649122806,58
10,0.5,71
10,0.09009009009009009,66
10,0.09090909090909091,65
10,0.37037037037037035,64
10,0.12345679012345678,67
10,0.5263157894736842,80
10,0.7692307692307693,75
10,0.7142857142857143,64
10,0.15151515151515152,76
10,0.19607843137254902,65
10,1,93
10,0.10101010101010101,82
10,0.37037037037037035,63
10,0.6666666666666666,77
10,0.8333333333333334,92
10,0.7692307692307693,79
10,0.18181818181818182,80
10,0.2127659574468085,81
10,0.5,74
10,0.43478260869565216,56
10,0.3225806451612903,84
10,0.6666666666666666,85
10,0.5263157894736842,88
10,0.6666666666666666,89
10,0.2702702702702703,81
10,0.2127659574468085,81
10,0.5555555555555556,64
10,0.2127659574468085,53
10,0.19607843137254902,80
10,0.7142857142857143,85
10,0.4,71
10,0.6666666666666666,74
10,0.12345679012345678,79
10,0.08403361344537816,65
10,0.9090909090909091,79
10,0.5882352941176471,69
10,0.11627906976744186,85
10,0.10416666666666667,76
10,0.7692307692307693,98
10,0.10309278350515463,87
10,0.5882352941176471,98
10,0.30303030303030304,64
10,0.7142857142857143,90
10,0.07936507936507936,76
10,0.8333333333333334,75
10,0.07407407407407407,64
10,0.23809523809523808,73
10,0.5882352941176471,77
10,0.5,83
10,0.0970873786407767,84
10,0.7692307692307693,72
10,0.16393442622950818,77
10,0.13157894736842105,85
10,0.7692307692307693,81
10,0.4166666666666667,87
10,0.9090909090909091,99
10,0.0684931506849315,76
10,0.20833333333333334,87
10,0.7692307692307693,60
10,0.15384615384615385,63
10,0.625,76
10,0.2631578947368421,74
10,0.6666666666666666,72
10,0.7692307692307693,82
10,0.45454545454545453,85
10,0.10204081632653061,71
10,0.45454545454545453,74
10,0.3125,78
10,0.13513513513513514,91
10,0.11235955056179775,64
10,0.25,88
10,0.5555555555555556,81
10,0.05714285714285714,74
10,0.2857142857142857,70
10,0.7692307692307693,84
10,0.11235955056179775,73
10,0.4166666666666667,98
10,0.05847953216374269,78
10,0.21739130434782608,78
10,0.14285714285714285,81
10,0.47619047619047616,91
10,0.625,81
10,0.7692307692307693,82
10,0.7692307692307693,71
10,0.625,76
10,0.10309278350515463,65
10,0.5882352941176471,76
10,0.7692307692307693,81
10,0.45454545454545453,80
10,0.625,83
10,0.5882352941176471,82
10,0.24390243902439024,74
10,0.625,81
10,0.9090909090909091,75
10,0.6666666666666666,83
10,0.625,78
10,0.8333333333333334,59
10,0.13513513513513514,67
10,0.7142857142857143,73
10,0.6666666666666666,80
10,0.1,76
10,0.08695652173913043,72
10,0.1282051282051282,56
10,0.625,80
10,0.43478260869565216,95
10,0.24390243902439024,89
10,0.17543859649122806,66
10,0.21739130434782608,66
10,0.2631578947368421,75
10,0.5,76
10,0.17857142857142858,81
10,0.6666666666666666,72
10,0.13513513513513514,66
10,0.5555555555555556,72
10,0.09345794392523364,66
10,0.5882352941176471,75
10,0.47619047619047616,73
10,0.5263157894736842,84
10,0.1724137931034483,69
10,0.3448275862068966,82
10,0.5555555555555556,73
10,0.5555555555555556,86
10,0.10204081632653061,70
10,0.09090909090909091,68
10,0.09803921568627451,76
10,0.2564102564102564,70
10,0.5555555555555556,56
10,0.6666666666666666,77
10,1,95
10,0.08333333333333333,80
10,0.8333333333333334,89
10,0.13333333333333333,67
10,0.10638297872340426,51
10,0.47619047619047616,80
10,0.7142857142857143,97
10,0.20408163265306123,83
10,0.9090909090909091,87
10,0.5263157894736842,92
10,0.9090909090909091,72
10,0.22727272727272727,69
10,0.7692307692307693,68
10,0.8333333333333334,81
10,0.21739130434782608,64
10,0.11494252873563218,52
10,0.5882352941176471,74
10,0.20833333333333334,70
10,0.16393442622950818,66
10,1,96
10,0.5555555555555556,78
10,0.6666666666666666,71
10,0.8333333333333334,84
10,0.10416666666666667,81
10,0.5555555555555556,74
10,0.9090909090909091,82
10,0.5,85
10,0.8333333333333334,81
10,0.19607843137254902,83
10,0.5263157894736842,77
10,0.5882352941176471,72
10,0.15625,62
10,0.5,64
10,0.7692307692307693,89
10,0.20833333333333334,76
10,0.625,89
10,0.06097560975609756,65
10,0.14925373134328357,78
10,0.6666666666666666,76
10,0.11494252873563218,101
10,0.5,70
10,0.5263157894736842,61
10,0.43478260869565216,81
10,0.7692307692307693,76
10,0.9090909090909091,78
10,1,87
10,0.8333333333333334,67
10,0.5,100
10,0.5,58
10,0.7142857142857143,81
10,0.14492753623188406,73
10,0.10101010101010101,66
10,0.2777777777777778,79
10,0.15625,64
10,0.08849557522123894,61
10,0.6666666666666666,66
10,0.8333333333333334,89
10,0.5555555555555556,63
10,0.0847457627118644,86
10,0.45454545454545453,98
10,0.6666666666666666,84
10,0.8333333333333334,89
10,0.5263157894736842,72
10,0.2702702702702703,59
10,0.20408163265306123,68
10,0.9090909090909091,83
10,0.5882352941176471,80
10,0.057803468208092484,82
10,0.5882352941176471,72
10,0.5555555555555556,80
10,0.0970873786407767,66
10,0.3333333333333333,65
10,0.5,80
10,0.14084507042253522,80
10,0.10309278350515463,71
10,0.1694915254237288,54
10,0.5555555555555556,84
10,0.45454545454545453,78
10,0.8333333333333334,77
10,0.37037037037037035,66
10,0.5263157894736842,60
10,0.15384615384615385,75
10,0.7142857142857143,70
10,0.5,77
10,0.23809523809523808,69
10,0.47619047619047616,73
10,0.47619047619047616,61
10,0.6666666666666666,74
10,0.4,73
10,0.10869565217391304,73
10,0.2702702702702703,60
10,0.08064516129032258,64
10,0.7692307692307693,72
11,0.7692307692307693,86
10,0.12987012987012986,67
10,0.23809523809523808,60
10,0.3333333333333333,74
10,0.2564102564102564,75
10,0.5263157894736842,71
10,0.09803921568627451,85
10,0.7142857142857143,87
10,0.6666666666666666,56
10,0.8333333333333334,74
10,1,92
10,0.13333333333333333,58
10,0.08064516129032258,76
10,0.625,72
10,0.10869565217391304,72
10,0.9090909090909091,79
10,0.7142857142857143,68
10,0.3333333333333333,98
10,0.17857142857142858,70
10,0.7692307692307693,83
10,0.09009009009009009,72
10,0.5882352941176471,75
10,0.5263157894736842,92
10,0.2857142857142857,75
10,0.5882352941176471,81
10,0.5555555555555556,91
10,0.07042253521126761,83
10,0.7142857142857143,100
10,0.08333333333333333,70
10,0.14925373134328357,87
10,0.6666666666666666,78
10,0.30303030303030304,81
10,0.4166666666666667,53
10,0.7692307692307693,59
10,0.15384615384615385,90
10,0.16666666666666666,84
10,0.8333333333333334,79
10,0.5555555555555556,73
10,0.6666666666666666,67
10,0.625,82
10,0.9090909090909091,92
10,0.16129032258064516,67
10,0.11627906976744186,61
10,0.7692307692307693,83
10,0.625,61
10,0.07751937984496124,57
10,0.18867924528301888,77
10,0.5555555555555556,81
10,0.5555555555555556,76
10,0.14492753623188406,64
10,0.8333333333333334,77
10,0.09615384615384616,87
10,0.20408163265306123,82
10,0.47619047619047616,73
10,0.5,74
10,0.5882352941176471,80
10,0.5882352941176471,73
10,0.6666666666666666,78
10,0.5882352941176471,87
10,0.11235955056179775,76
10,0.8333333333333334,83
10,0.8333333333333334,73
10,0.1282051282051282,83
10,0.45454545454545453,78
10,0.7692307692307693,73
10,0.5882352941176471,80
10,0.18518518518518517,67
10,0.23255813953488372,76
10,0.15625,58
10,0.6666666666666666,64
10,0.5555555555555556,74
10,0.7142857142857143,89
10,0.7142857142857143,90
10,0.1694915254237288,88
10,0.6666666666666666,85
10,0.7692307692307693,76
10,0.136986301369863,72
10,0.7692307692307693,76
10,0.9090909090909091,89
10,0.8333333333333334,79
10,1,82
10,0.07092198581560284,84
10,0.050505050505050504,78
10,0.6666666666666666,81
10,0.23255813953488372,65
10,0.058823529411764705,66
10,0.07575757575757576,79
10,0.15873015873015872,80
10,0.1282051282051282,77
10,0.45454545454545453,59
10,0.21739130434782608,80
10,0.10101010101010101,86
10,0.43478260869565216,95
10,0.7692307692307693,87
10,1,81
10,1,101
10,0.3333333333333333,86
10,1,70
10,0.2777777777777778,89
10,0.45454545454545453,55
10,0.5555555555555556,82
10,0.13333333333333333,68
10,0.15625,82
10,0.7142857142857143,99
10,0.38461538461538464,82
10,0.078125,81
10,0.5882352941176471,72
10,0.43478260869565216,83
10,0.8333333333333334,75
10,0.15384615384615385,75
10,0.11627906976744186,58
10,0.8333333333333334,82
10,0.625,91
10,0.30303030303030304,68
10,0.5,89
10,0.25,80
10,0.7692307692307693,75
10,0.5555555555555556,92
10,0.136986301369863,70
10,0.30303030303030304,75
10,0.10309278350515463,72
10,0.9090909090909091,59
10,0.625,81
10,0.7142857142857143,85
10,0.11494252873563218,75
10,0.8333333333333334,93
10,0.0847457627118644,79
10,0.8333333333333334,107
10,0.9090909090909091,82
10,0.9090909090909091,93
10,0.37037037037037035,92
10,0.8333333333333334,73
10,0.3333333333333333,73
10,0.5,55
10,0.5,85
10,0.7142857142857143,76
10,0.37037037037037035,88
10,0.7142857142857143,63
10,0.4166666666666667,78
10,0.3333333333333333,79
10,0.1694915254237288,79
10,0.14492753623188406,59
10,0.8333333333333334,81
10,0.625,62
10,0.5263157894736842,82
10,0.2857142857142857,84
10,0.5,82
10,0.5882352941176471,72
10,0.8333333333333334,119
10,0.7692307692307693,84
10,0.5555555555555556,85
10,0.11363636363636363,60
10,0.625,86
11,1,72
10,0.1388888888888889,72
10,0.6666666666666666,83
10,0.5,66
10,0.9090909090909091,102
10,0.5555555555555556,94
10,0.7142857142857143,66
10,0.47619047619047616,80
10,0.5882352941176471,86
10,0.625,90
10,0.5882352941176471,83
10,0.23255813953488372,62
10,0.4166666666666667,85
10,0.07042253521126761,96
10,0.09615384615384616,66
10,0.6666666666666666,72
10,0.12658227848101267,63
10,0.9090909090909091,78
10,0.09345794392523364,59
10,0.8333333333333334,82
10,0.23809523809523808,64
10,0.47619047619047616,76
10,0.7142857142857143,83
10,0.7142857142857143,79
10,0.06756756756756757,68
10,0.35714285714285715,84
10,0.8333333333333334,58
10,0.625,93
10,0.4,67
10,0.15151515151515152,81
10,0.18518518518518517,71
10,0.625,100
10,0.8333333333333334,67
10,0.09433962264150944,63
10,0.8333333333333334,79
10,0.15151515151515152,81
10,0.5263157894736842,51
10,0.6666666666666666,71
10,0.8333333333333334,72
10,0.7142857142857143,91
10,0.45454545454545453,85
10,0.2,67
10,0.35714285714285715,80
10,0.5882352941176471,69
10,0.18181818181818182,76
10,0.11904761904761904,55
10,0.12345679012345678,72
10,0.9090909090909091,96
10,0.625,74
10,0.6666666666666666,83
10,0.14084507042253522,84
10,0.14925373134328357,61
10,0.7692307692307693,88
10,0.06802721088435375,81
10,0.5263157894736842,71
10,0.08547008547008547,83
10,0.6666666666666666,84
10,0.6666666666666666,86
10,0.4166666666666667,74
10,0.5882352941176471,71
10,0.5555555555555556,73
10,0.10989010989010989,79
10,0.15625,72
10,0.5555555555555556,61
10,0.20408163265306123,67
10,0.5263157894736842,79
10,0.9090909090909091,94
10,0.136986301369863,70
10,0.3125,64
10,0.19230769230769232,90
10,0.4,74
10,0.20408163265306123,70
10,0.6666666666666666,85
10,0.9090909090909091,89
10,0.18181818181818182,78
10,0.6666666666666666,73
10,0.6666666666666666,81
10,0.15151515151515152,74
10,0.37037037037037035,80
10,0.625,76
10,0.7692307692307693,64
10,0.7142857142857143,73
10,0.12345679012345678,75
10,0.6666666666666666,64
10,0.17543859649122806,86
10,0.8333333333333334,75
10,0.6666666666666666,79
10,0.5,86
10,0.12345679012345678,76
10,0.7692307692307693,83
10,0.7692307692307693,64
10,0.625,65
10,0.625,81
10,0.625,79
10,0.7692307692307693,89
10,0.47619047619047616,96
10,0.2777777777777778,67
10,0.625,74
10,0.136986301369863,65
10,0.6666666666666666,98
10,0.125,89
10,0.43478260869565216,71
10,0.1,70
10,0.15384615384615385,66
10,1,81
10,0.37037037037037035,78
10,0.10526315789473684,74
10,0.7142857142857143,79
10,0.22727272727272727,71
10,0.9090909090909091,97
10,0.19230769230769232,77
10,0.9090909090909091,71
10,0.5263157894736842,84
10,0.43478260869565216,70
10,0.25,81
10,0.6666666666666666,86
10,0.2857142857142857,76
10,0.6666666666666666,103
10,0.7692307692307693,73
10,0.17543859649122806,71
10,0.19607843137254902,82
10,0.16129032258064516,68
10,0.7692307692307693,75
10,0.04716981132075472,76
10,0.625,75
10,0.5555555555555556,73
10,0.9090909090909091,72
10,0.15384615384615385,81
10,0.5,73
10,0.7692307692307693,81
10,0.7692307692307693,95
10,0.7142857142857143,80
10,0.11904761904761904,83
10,0.15384615384615385,83
10,0.5263157894736842,82
10,0.3225806451612903,73
10,0.25,68
10,0.5882352941176471,97
10,0.625,79
10,0.43478260869565216,82
10,0.37037037037037035,74
10,0.47619047619047616,82
10,0.5555555555555556,82
10,0.14925373134328357,78
10,0.078125,61
10,0.5,75
10,0.8333333333333334,78
10,0.9090909090909091,81
10,0.21739130434782608,86
10,0.4,74
10,0.9090909090909091,65
10,0.10752688172043011,77
10,0.5,72
10,0.6666666666666666,68
10,0.19607843137254902,95
10,0.5882352941176471,78
10,0.7692307692307693,74
10,0.13333333333333333,68
10,0.5263157894736842,73
10,0.8333333333333334,90
10,0.5,90
10,0.7142857142857143,74
10,0.7692307692307693,67
10,0.43478260869565216,65
10,0.14492753623188406,81
10,0.1388888888888889,74
10,0.6666666666666666,78
10,0.5882352941176471,73
10,0.47619047619047616,76
10,0.7142857142857143,82
10,0.2631578947368421,59
10,0.7142857142857143,74
10,0.5555555555555556,76
10,0.625,69
10,0.7142857142857143,72
10,0.9090909090909091,66
10,0.9090909090909091,63
10,0.7142857142857143,76
10,0.7142857142857143,89
10,0.08,81
10,0.7692307692307693,66
10,0.625,63
10,0.7142857142857143,71
10,0.16129032258064516,73
10,0.5882352941176471,86
10,0.5882352941176471,70
10,0.1724137931034483,52
10,0.43478260869565216,88
10,0.09174311926605505,71
10,0.5263157894736842,85
10,0.7142857142857143,61
10,0.10638297872340426,76
10,0.8333333333333334,77
10,0.47619047619047616,57
10,0.8333333333333334,95
10,0.30303030303030304,63
10,0.45454545454545453,67
10,0.37037037037037035,89
10,0.5,78
10,0.7692307692307693,80
10,0.7692307692307693,70
10,0.5882352941176471,97
10,0.43478260869565216,71
10,0.8333333333333334,76
10,0.23255813953488372,67
10,0.11363636363636363,70
10,0.11363636363636363,62
10,0.5555555555555556,76
10,0.04716981132075472,74
10,0.47619047619047616,81
10,0.07407407407407407,93
10,0.2857142857142857,71
10,0.7142857142857143,75
10,0.7692307692307693,98
10,0.35714285714285715,67
10,0.625,68
10,0.07874015748031496,83
10,0.625,86
10,0.072992700729927,71
10,0.15625,70
10,0.45454545454545453,83
10,0.5555555555555556,66
10,0.47619047619047616,56
10,0.5555555555555556,83
10,0.3125,81
10,0.09615384615384616,89
10,0.19607843137254902,71
10,0.7142857142857143,71
10,0.18518518518518517,82
10,0.7692307692307693,68
10,1,78
10,0.30303030303030304,80
10,0.06756756756756757,73
10,0.17543859649122806,87
10,0.625,75
10,0.12987012987012986,55
10,0.072992700729927,81
10,0.47619047619047616,85
10,0.12195121951219512,75
10,0.22727272727272727,72
10,0.5263157894736842,67
10,0.16129032258064516,89
10,0.2857142857142857,81
10,0.22727272727272727,67
10,0.2631578947368421,71
10,0.7692307692307693,76
10,0.5882352941176471,93
10,1,90
10,0.5555555555555556,69
10,0.43478260869565216,92
10,0.4,96
10,0.14705882352941177,70
10,0.625,74
10,0.9090909090909091,72
10,0.08333333333333333,81
10,0.3448275862068966,63
10,0.5263157894736842,54
10,0.8333333333333334,86
10,0.5882352941176471,63
10,0.4,69
10,0.12658227848101267,66
10,0.09523809523809523,65
10,0.9090909090909091,74
10,0.7692307692307693,80
10,0.7142857142857143,64
10,0.3125,88
10,0.5882352941176471,75
10,0.1694915254237288,78
10,0.625,67
10,0.8333333333333334,65
10,0.35714285714285715,48
10,0.07352941176470588,66
10,0.4166666666666667,67
10,0.5,61
10,0.7692307692307693,75
10,0.6666666666666666,87
10,0.12048192771084337,77
10,0.8333333333333334,42
10,0.45454545454545453,64
10,0.38461538461538464,74
10,0.5555555555555556,67
10,0.43478260869565216,62
10,0.9090909090909091,80
10,0.7142857142857143,85
10,0.6666666666666666,58
10,0.5555555555555556,80
10,0.10416666666666667,84
10,0.08695652173913043,62
10,0.8333333333333334,74
10,0.47619047619047616,78
10,0.47619047619047616,77
10,0.10638297872340426,70
10,0.5555555555555556,79
10,0.0847457627118644,83
10,0.12195121951219512,71
10,0.5555555555555556,75
10,0.23809523809523808,59
10,0.11764705882352941,60
10,0.3448275862068966,75
10,0.16129032258064516,76
10,0.6666666666666666,91
10,0.7142857142857143,86
10,0.7142857142857143,80
10,0.8333333333333334,84
10,0.2777777777777778,85
10,0.10526315789473684,65
10,0.7142857142857143,65
10,0.47619047619047616,86
10,0.5555555555555556,82
10,0.8333333333333334,78
10,0.8333333333333334,60
10,0.4166666666666667,70
10,0.5263157894736842,83
10,0.12345679012345678,72
10,0.38461538461538464,87
10,0.7692307692307693,76
10,0.19230769230769232,61
10,0.4166666666666667,68
10,0.07042253521126761,82
10,0.5,83
10,0.04854368932038835,56
10,1,99
10,0.37037037037037035,82
10,0.14705882352941177,68
10,0.16129032258064516,83
10,0.8333333333333334,72
10,0.14285714285714285,88
10,0.6666666666666666,79
10,0.45454545454545453,76
10,0.43478260869565216,68
10,0.6666666666666666,54
10,0.35714285714285715,60
10,0.37037037037037035,76
10,0.8333333333333334,79
10,0.3225806451612903,97
10,1,96
10,0.47619047619047616,68
10,0.125,66
10,0.7142857142857143,89
10,0.8333333333333334,81
10,0.7142857142857143,70
10,0.7142857142857143,68
10,0.5555555555555556,71
10,0.4,73
10,0.5,63
10,0.18181818181818182,79
10,0.6666666666666666,77
10,0.625,70
10,0.10989010989010989,59
10,0.3448275862068966,68
10,0.2127659574468085,64
10,0.5263157894736842,74
10,0.09900990099009901,82
10,0.08196721311475409,85
10,0.8333333333333334,62
10,0.2777777777777778,80
10,0.052083333333333336,68
10,0.4,75
10,0.05714285714285714,66
10,0.125,82
10,0.9090909090909091,87
10,0.12658227848101267,86
10,0.4166666666666667,73
10,0.38461538461538464,69
10,1,87
10,0.4,69
10,0.5263157894736842,78
10,0.10309278350515463,66
10,0.6666666666666666,77
10,0.1388888888888889,87
10,0.07194244604316546,84
10,0.14285714285714285,73
10,0.12345679012345678,82
10,0.38461538461538464,74
10,0.23809523809523808,83
10,0.13513513513513514,85
10,0.5555555555555556,56
10,0.625,84
10,0.2127659574468085,85
10,0.47619047619047616,84
10,0.21739130434782608,78
10,0.7692307692307693,75
10,0.47619047619047616,80
10,0.625,59
10,0.7692307692307693,77
10,0.16666666666666666,70
10,0.5263157894736842,70
10,0.43478260869565216,79
10,0.10526315789473684,59
10,0.6666666666666666,65
10,0.7142857142857143,70
10,0.19230769230769232,91
10,0.2,69
10,0.6666666666666666,83
10,0.16129032258064516,82
10,0.9090909090909091,73
10,0.3333333333333333,74
10,0.8333333333333334,78
10,0.47619047619047616,79
10,0.625,69
10,0.17543859649122806,70
10,0.7142857142857143,82
10,0.38461538461538464,66
10,0.5555555555555556,91
10,0.15151515151515152,62
10,0.35714285714285715,65
10,0.17543859649122806,74
10,0.625,68
10,0.38461538461538464,69
10,0.7692307692307693,85
10,0.10416666666666667,66
10,0.5882352941176471,94
10,0.5555555555555556,65
10,0.4,78
10,0.47619047619047616,80
10,0.47619047619047616,72
10,0.8333333333333334,109
10,0.47619047619047616,83
10,0.06944444444444445,74
10,0.5263157894736842,65
10,0.10989010989010989,59
10,0.625,84
10,0.09090909090909091,80
10,0.7692307692307693,84
10,0.7142857142857143,85
10,0.47619047619047616,81
10,0.9090909090909091,81
10,0.5882352941176471,74
10,0.47619047619047616,77
10,0.3225806451612903,77
10,0.07751937984496124,67
10,0.5882352941176471,62
10,0.45454545454545453,86
10,0.7142857142857143,86
10,0.625,81
10,0.6666666666666666,81
10,0.5882352941176471,71
10,0.5555555555555556,65
10,0.5,89
10,0.8333333333333334,72
10,0.10638297872340426,77
10,0.2631578947368421,76
10,0.5263157894736842,73
10,0.9090909090909091,76
10,0.7142857142857143,39
10,0.21739130434782608,59
10,0.4166666666666667,58
10,0.07352941176470588,51
10,0.6666666666666666,66
10,0.5882352941176471,76
10,0.7142857142857143,79
10,0.2777777777777778,61
10,0.7142857142857143,97
10,0.43478260869565216,67
10,0.07518796992481203,77
10,0.10526315789473684,72
10,0.5882352941176471,75
10,0.07462686567164178,87
10,0.7142857142857143,85
10,0.6666666666666666,102
10,0.08547008547008547,67
10,0.3125,64
10,0.3448275862068966,94
10,0.38461538461538464,63
10,0.5263157894736842,72
10,0.10204081632653061,57
10,0.5555555555555556,67
10,0.5555555555555556,79
10,0.8333333333333334,73
10,0.625,102
10,0.11494252873563218,68
10,0.3333333333333333,63
10,0.7142857142857143,77
10,0.7692307692307693,69
10,0.9090909090909091,82
10,0.18518518518518517,70
10,0.6666666666666666,87
10,0.09900990099009901,80
10,0.16666666666666666,72
10,0.10204081632653061,80
10,0.625,83
10,1,110
11,0.2127659574468085,64
10,0.5555555555555556,78
10,0.9090909090909091,84
10,0.5263157894736842,70
10,0.10416666666666667,57
10,0.47619047619047616,78
10,0.14285714285714285,96
10,0.625,69
10,0.6666666666666666,75
10,0.5555555555555556,77
10,0.5555555555555556,80
10,0.7692307692307693,83
10,0.06535947712418301,61
10,0.7692307692307693,74
10,0.14492753623188406,70
10,0.5,89
10,0.6666666666666666,88
10,0.4166666666666667,75
10,0.6666666666666666,75
10,0.35714285714285715,69
10,0.10869565217391304,70
10,0.10309278350515463,75
10,0.3125,79
10,0.5263157894736842,67
10,0.3225806451612903,66
10,0.7692307692307693,79
10,0.6666666666666666,80
10,0.13513513513513514,60
10,0.38461538461538464,95
10,0.5263157894736842,75
10,0.6666666666666666,73
10,0.12987012987012986,82
10,0.14285714285714285,78
10,0.5,78
10,0.7142857142857143,69
10,0.3333333333333333,68
10,0.6666666666666666,76
10,0.5882352941176471,95
10,0.11494252873563218,86
10,0.7692307692307693,79
10,0.09174311926605505,61
10,0.5,80
10,0.8333333333333334,83
10,0.10638297872340426,72
10,0.07352941176470588,76
10,0.7692307692307693,95
10,0.24390243902439024,89
10,0.7142857142857143,80
10,0.15625,60
10,0.16393442622950818,66
10,0.6666666666666666,76
10,0.9090909090909091,94
10,0.5555555555555556,79
10,0.9090909090909091,68
10,0.7142857142857143,88
10,0.6666666666666666,74
10,0.7692307692307693,78
10,0.8333333333333334,83
10,0.6666666666666666,67
10,0.21739130434782608,84
10,0.17543859649122806,78
10,0.37037037037037035,80
10,0.13333333333333333,76
10,0.12987012987012986,76
10,0.4166666666666667,73
10,0.5882352941176471,80
10,0.19607843137254902,83
10,0.15384615384615385,61
10,0.5555555555555556,70
10,0.5,62
10,0.7142857142857143,63
10,0.5263157894736842,58
10,0.2564102564102564,63
10,0.43478260869565216,71
10,0.7142857142857143,70
10,0.47619047619047616,76
10,0.4,76
10,1,111
10,0.625,81
10,0.625,63
10,0.9090909090909091,95
10,0.5882352941176471,81
10,0.8333333333333334,83
10,0.0847457627118644,73
10,0.6666666666666666,78
10,0.1282051282051282,73
10,0.625,86
10,0.16393442622950818,78
10,0.07462686567164178,76
10,0.5555555555555556,78
10,0.10416666666666667,73
10,0.625,89
10,0.2564102564102564,83
10,0.7142857142857143,72
10,0.6666666666666666,64
10,0.47619047619047616,76
10,0.5882352941176471,88
10,0.45454545454545453,75
10,0.7142857142857143,75
10,0.43478260869565216,84
10,0.8333333333333334,78
10,0.2222222222222222,82
10,0.5,77
10,0.5,81
10,0.6666666666666666,79
10,0.07751937984496124,95
10,0.4,78
10,0.2127659574468085,74
10,0.5882352941176471,79
10,0.35714285714285715,78
10,0.9090909090909091,92
10,0.7692307692307693,84
10,0.18867924528301888,76
10,0.7692307692307693,75
10,0.5263157894736842,80
10,0.13333333333333333,67
10,0.9090909090909091,100
10,1,71
10,0.7142857142857143,75
10,0.6666666666666666,57
10,0.07874015748031496,76
10,0.9090909090909091,90
10,0.7142857142857143,74
10,0.12048192771084337,64
10,0.8333333333333334,76
10,0.7692307692307693,85
10,0.7692307692307693,66
10,0.2631578947368421,73
10,1,75
10,0.30303030303030304,65
10,0.14492753623188406,71
10,0.10416666666666667,91
10,1,81
10,0.2564102564102564,69
10,0.5882352941176471,67
10,0.47619047619047616,83
10,0.5555555555555556,62
10,0.13513513513513514,73
10,0.19230769230769232,83
10,0.6666666666666666,99
10,0.5,64
10,0.11494252873563218,80
10,0.07874015748031496,82
10,0.10309278350515463,70
10,0.7692307692307693,63
10,0.7142857142857143,87
10,0.5263157894736842,74
10,0.072992700729927,84
10,0.9090909090909091,96
10,0.15873015873015872,84
10,0.7692307692307693,96
10,0.10869565217391304,71
10,0.38461538461538464,49
10,0.5555555555555556,71
10,0.5,83
10,0.12987012987012986,75
10,0.47619047619047616,59
10,0.7692307692307693,73
10,0.7692307692307693,87
10,0.2,84
10,0.5263157894736842,66
10,0.3225806451612903,58
10,0.45454545454545453,69
10,0.9090909090909091,105
10,0.7142857142857143,78
10,0.3225806451612903,59
10,0.9090909090909091,83
10,0.2631578947368421,61
10,0.20833333333333334,80
10,0.37037037037037035,66
10,0.14285714285714285,73
10,0.35714285714285715,82
10,0.4,76
10,0.15625,60
10,0.45454545454545453,68
10,0.7142857142857143,77
10,0.23809523809523808,82
10,0.7142857142857143,75
10,0.625,90
10,0.5555555555555556,68
10,0.8333333333333334,69
10,0.19230769230769232,80
10,0.4,90
10,0.9090909090909091,86
10,0.20408163265306123,74
10,0.29411764705882354,83
10,0.29411764705882354,79
10,0.09345794392523364,77
10,0.5882352941176471,79
10,0.5555555555555556,79
10,0.7142857142857143,69
10,0.15873015873015872,74
10,0.7692307692307693,87
10,0.5555555555555556,87
10,0.09009009009009009,77
10,0.18181818181818182,72
10,0.47619047619047616,79
10,0.9090909090909091,85
10,0.5882352941176471,65
10,0.6666666666666666,75
10,0.5,71
10,0.11627906976744186,71
10,0.625,63
10,0.7692307692307693,85
10,0.8333333333333334,77
10,0.47619047619047616,76
10,0.15873015873015872,65
10,0.7692307692307693,80
10,0.47619047619047616,70
10,0.5555555555555556,83
10,0.1724137931034483,78
10,0.5882352941176471,68
10,0.5,84
10,0.2777777777777778,71
10,0.15873015873015872,66
10,0.43478260869565216,67
10,0.4,88
10,0.45454545454545453,82
10,0.17543859649122806,84
10,0.5263157894736842,75
10,0.057803468208092484,71
10,0.6666666666666666,78
10,0.6666666666666666,60
10,1,79
10,0.38461538461538464,74
10,1,97
10,0.20408163265306123,77
10,0.47619047619047616,90
10,0.9090909090909091,77
10,0.9090909090909091,81
10,1,70
10,0.7142857142857143,85
10,0.5263157894736842,65
10,0.7142857142857143,69
10,0.8333333333333334,78
10,0.38461538461538464,76
10,0.4,69
10,0.35714285714285715,67
10,0.7142857142857143,77
10,0.5882352941176471,86
10,0.7142857142857143,85
10,0.6666666666666666,90
10,0.3448275862068966,76
10,0.5263157894736842,75
10,0.2631578947368421,82
10,0.15625,83
10,0.15151515151515152,73
10,0.7142857142857143,70
10,0.11363636363636363,85
10,0.45454545454545453,81
10,0.24390243902439024,66
10,0.43478260869565216,83
10,0.0847457627118644,71
10,0.3333333333333333,70
10,0.5555555555555556,73
10,0.1111111111111111,76
10,0.18867924528301888,64
10,0.08620689655172414,70
10,0.5555555555555556,79
10,0.7692307692307693,79
10,0.12195121951219512,91
10,0.19607843137254902,74
10,0.18518518518518517,77
10,0.35714285714285715,77
10,0.5,72
10,0.19607843137254902,80
10,0.5555555555555556,72
10,0.07936507936507936,75
10,0.10638297872340426,66
10,0.6666666666666666,87
10,0.13333333333333333,83
10,0.8333333333333334,77
10,0.22727272727272727,90
10,0.7142857142857143,87
10,0.13157894736842105,71
10,0.5263157894736842,71
10,0.5555555555555556,79
10,0.29411764705882354,71
10,0.19230769230769232,74
10,0.09009009009009009,76
10,0.3448275862068966,60
10,0.5882352941176471,77
10,0.24390243902439024,72
10,0.5,62
10,0.12195121951219512,77
10,0.2777777777777778,92
10,0.4166666666666667,83
10,0.19607843137254902,84
10,0.7142857142857143,68
10,0.5555555555555556,79
10,0.5,84
10,0.4166666666666667,71
10,0.23255813953488372,83
10,0.8333333333333334,69
10,0.625,72
10,0.09259259259259259,87
10,0.12987012987012986,66
10,0.45454545454545453,60
10,0.5,69
10,0.625,74
10,0.43478260869565216,92
10,0.625,90
10,0.5555555555555556,77
10,0.9090909090909091,88
10,0.5882352941176471,85
10,0.1724137931034483,77
10,0.7692307692307693,63
10,0.7692307692307693,92
10,0.625,74
10,0.5555555555555556,78
10,0.9090909090909091,67
10,0.7692307692307693,76
10,0.5555555555555556,76
10,0.08620689655172414,73
10,0.8333333333333334,86
10,0.16129032258064516,79
10,0.5263157894736842,61
10,0.21739130434782608,51
10,0.07874015748031496,86
10,0.8333333333333334,90
10,0.625,72
10,0.5555555555555556,76
10,0.7692307692307693,78
10,0.8333333333333334,82
10,0.5263157894736842,67
10,0.8333333333333334,86
10,0.7142857142857143,76
10,0.6666666666666666,74
10,0.3333333333333333,58
10,0.43478260869565216,88
10,1,104
10,0.8333333333333334,84
10,0.05263157894736842,67
10,0.9090909090909091,88
10,0.9090909090909091,90
10,0.5,61
10,0.7142857142857143,71
10,0.5263157894736842,86
10,0.08,77
10,0.625,79
10,0.08130081300813008,61
10,0.6666666666666666,73
10,0.5882352941176471,77
10,0.136986301369863,63
10,0.7142857142857143,70
10,0.5263157894736842,95
10,0.17857142857142858,69
10,0.2777777777777778,79
10,0.10204081632653061,87
10,0.45454545454545453,71
10,0.07042253521126761,78
10,0.3125,78
10,0.6666666666666666,65
10,0.14285714285714285,64
10,0.7692307692307693,98
10,0.9090909090909091,78
10,0.06493506493506493,74
10,0.1694915254237288,92
10,0.6666666666666666,61
10,0.25,93
10,0.7142857142857143,68
10,0.10752688172043011,83
10,0.09803921568627451,71
10,0.23255813953488372,81
10,0.6666666666666666,75
10,0.35714285714285715,59
10,0.5263157894736842,76
10,0.9090909090909091,65
10,0.6666666666666666,68
10,0.10989010989010989,81
10,0.45454545454545453,86
10,0.23255813953488372,77
10,0.7692307692307693,90
10,0.07575757575757576,61
10,0.7692307692307693,86
10,0.47619047619047616,89
10,0.7692307692307693,76
10,0.5555555555555556,74
10,0.07042253521126761,66
10,1,83
10,0.17543859649122806,75
10,0.08333333333333333,66
10,0.8333333333333334,89
10,0.35714285714285715,65
10,0.43478260869565216,68
10,1,88
10,0.062111801242236024,84
10,0.7692307692307693,78
10,0.125,73
10,0.5555555555555556,65
10,0.07246376811594203,77
10,0.9090909090909091,73
10,0.47619047619047616,74
10,0.07194244604316546,68
10,0.625,72
10,0.9090909090909091,76
10,0.625,90
10,0.38461538461538464,72
10,0.5882352941176471,90
10,0.7692307692307693,90
10,0.1388888888888889,85
10,0.11904761904761904,72
10,0.21739130434782608,82
10,0.07692307692307693,74
10,0.12987012987012986,66
10,0.5263157894736842,72
10,0.5,73
10,0.625,81
10,0.16666666666666666,58
10,0.625,64
10,0.06493506493506493,68
10,0.11235955056179775,66
10,0.5882352941176471,93
10,0.5263157894736842,68
10,0.10989010989010989,65
10,0.625,76
10,0.9090909090909091,70
10,0.2777777777777778,83
10,0.4166666666666667,60
10,0.0847457627118644,71
10,0.3125,61
10,0.2222222222222222,88
10,0.5263157894736842,75
10,1,89
10,0.19230769230769232,76
10,0.43478260869565216,76
10,0.6666666666666666,72
10,0.9090909090909091,77
10,0.45454545454545453,79
10,0.21739130434782608,80
10,0.35714285714285715,60
10,0.5882352941176471,65
10,0.5263157894736842,78
10,0.7142857142857143,71
10,0.09900990099009901,78
10,0.6666666666666666,70
10,1,75
10,0.23809523809523808,68
10,0.43478260869565216,74
10,0.5263157894736842,78
10,0.11235955056179775,64
10,0.45454545454545453,92
10,0.5882352941176471,74
10,0.7692307692307693,88
10,0.5,72
10,0.43478260869565216,83
10,0.07042253521126761,69
10,0.6666666666666666,79
10,0.7692307692307693,79
10,0.7142857142857143,92
10,0.09803921568627451,80
10,0.14925373134328357,61
10,0.8333333333333334,88
10,0.7692307692307693,67
10,0.5882352941176471,82
10,0.10752688172043011,57
10,0.06944444444444445,92
10,0.12987012987012986,81
10,0.6666666666666666,91
10,0.6666666666666666,86
10,1,90
10,0.5882352941176471,83
10,0.18518518518518517,67
10,0.9090909090909091,75
10,0.7142857142857143,82
10,0.6666666666666666,74
10,0.6666666666666666,80
10,0.5555555555555556,75
10,0.15873015873015872,65
10,0.5555555555555556,93
10,0.9090909090909091,66
10,0.18518518518518517,69
10,0.625,87
10,0.12345679012345678,61
10,0.5882352941176471,81
10,0.12345679012345678,85
10,0.625,74
10,1,91
10,0.09345794392523364,68
10,0.9090909090909091,71
10,0.625,91
10,0.5263157894736842,65
10,0.1388888888888889,76
10,0.5882352941176471,73
10,0.7692307692307693,78
10,0.7692307692307693,80
10,0.5882352941176471,61
10,0.6666666666666666,65
10,0.625,82
10,0.07633587786259542,77
10,0.1694915254237288,71
10,0.43478260869565216,74
10,0.5263157894736842,49
10,0.5882352941176471,73
10,0.07042253521126761,74
10,0.5263157894736842,79
10,0.9090909090909091,80
10,0.07518796992481203,79
10,0.7692307692307693,88
10,0.08928571428571429,66
10,0.625,84
10,0.6666666666666666,70
10,0.04149377593360996,80
10,0.47619047619047616,91
10,0.5263157894736842,94
10,0.11235955056179775,72
10,0.7692307692307693,84
10,1,69
10,0.47619047619047616,72
10,0.1282051282051282,56
10,0.11363636363636363,77
10,0.5,72
10,0.8333333333333334,73
10,0.2702702702702703,73
10,0.5,76
10,0.7142857142857143,80
10,0.07194244604316546,69
10,0.7692307692307693,74
10,0.5555555555555556,75
10,0.3225806451612903,84
10,0.7142857142857143,60
10,0.47619047619047616,85
10,1,86
10,0.8333333333333334,83
10,0.10204081632653061,103
10,0.9090909090909091,67
10,0.7142857142857143,97
10,0.47619047619047616,84
10,0.2564102564102564,65
10,0.5882352941176471,111
10,0.8333333333333334,87
10,0.16666666666666666,68
10,0.14492753623188406,72
10,0.08547008547008547,69
10,0.23255813953488372,99
10,1,84
10,0.6666666666666666,70
10,0.5882352941176471,83
10,0.7142857142857143,77
10,0.1724137931034483,82
10,0.45454545454545453,90
10,0.5882352941176471,66
10,0.7692307692307693,73
10,0.9090909090909091,87
10,0.8333333333333334,73
10,0.9090909090909091,94
10,0.38461538461538464,87
10,0.6666666666666666,83
10,0.13157894736842105,69
10,0.5882352941176471,78
