1083,10,0.0023820867079561697
1178,10,0.0019282684149633628
1026,10,0.004807692307692308
1054,10,0.002935995302407516
988,10,0.003669724770642202
1015,10,0.0033211557622052474
1029,10,0.00422654268808115
991,10,0.0023872045834328003
685,10,0.000008731443499702258
1249,10,0.000007433380188406454
1627,10,0.000005052714975337698
1195,10,0.0000055143571803547715
1116,10,0.000005178897236695801
1631,10,0.000004566489456432494
1694,10,0.0000042421270364330835
1340,10,0.000004059685496164612
1568,10,0.000004561904357850376
1321,10,0.000007398441592263006
1272,10,0.000003724222791945549
854,10,0.00000656830843725492
1753,10,0.0027533039647577094
1568,10,0.005050505050505051
937,10,0.001986886548778065
1863,10,0.0024764735017335313
1857,10,0.000006491934096481826
