8,1,32
4,0.3448275862068966,22
4,0.43478260869565216,22
4,0.2857142857142857,24
4,0.5,30
4,0.4166666666666667,30
4,0.30303030303030304,22
4,0.5555555555555556,28
4,0.29411764705882354,31
4,0.3225806451612903,22
4,0.45454545454545453,24
8,1,32
4,0.4166666666666667,22
4,0.29411764705882354,34
4,0.3125,28
4,0.4,28
4,0.5555555555555556,22
4,0.4,22
4,0.2702702702702703,22
4,0.29411764705882354,26
4,0.3125,30
8,1,32
8,1,32
4,0.3225806451612903,22
4,0.2857142857142857,22
4,0.43478260869565216,28
4,0.43478260869565216,36
4,0.38461538461538464,30
8,1,32
4,0.4,22
4,0.4,22
4,0.3125,22
4,0.37037037037037035,22
4,0.35714285714285715,22
4,0.35714285714285715,29
4,0.2857142857142857,28
4,0.4,26
8,1,32
4,0.37037037037037035,22
4,0.29411764705882354,24
4,0.30303030303030304,22
4,0.4166666666666667,22
4,0.3225806451612903,30
4,0.3225806451612903,22
4,0.3125,22
4,0.45454545454545453,28
4,0.3225806451612903,32
4,0.43478260869565216,22
8,1,32
4,0.4,22
4,0.20833333333333334,32
8,1,32
4,0.37037037037037035,28
4,0.47619047619047616,30
4,0.4166666666666667,30
8,0.9090909090909091,32
4,0.5263157894736842,24
4,0.47619047619047616,28
4,0.625,22
4,0.43478260869565216,24
4,0.35714285714285715,34
4,0.3333333333333333,22
4,0.29411764705882354,22
8,0.9090909090909091,32
4,0.35714285714285715,40
4,0.2857142857142857,28
4,0.38461538461538464,28
4,0.38461538461538464,26
4,0.2702702702702703,22
4,0.25,22
4,0.4166666666666667,24
4,0.5,28
4,0.45454545454545453,30
4,0.45454545454545453,30
4,0.37037037037037035,22
8,0.9090909090909091,32
4,0.3333333333333333,22
8,1,32
4,0.3225806451612903,28
4,0.5555555555555556,26
4,0.2857142857142857,22
4,0.5263157894736842,22
4,0.30303030303030304,22
4,0.45454545454545453,34
4,0.45454545454545453,30
4,0.3225806451612903,22
4,0.6666666666666666,22
4,0.29411764705882354,30
4,0.5555555555555556,28
4,0.21739130434782608,32
4,0.5,22
4,0.43478260869565216,26
4,0.5,28
4,0.4166666666666667,22
4,0.38461538461538464,28
4,0.625,24
4,0.37037037037037035,22
4,0.2857142857142857,22
4,0.2631578947368421,24
4,0.3448275862068966,24
4,0.25,22
4,0.24390243902439024,28
4,0.35714285714285715,22
4,0.38461538461538464,22
8,0.9090909090909091,32
4,0.30303030303030304,28
4,0.4,28
4,0.2564102564102564,28
4,0.37037037037037035,22
4,0.4166666666666667,22
8,1,32
4,0.5263157894736842,22
4,0.3125,22
4,0.5,24
4,0.5,22
4,0.43478260869565216,31
4,0.4166666666666667,22
4,0.29411764705882354,22
4,0.35714285714285715,28
4,0.5,22
4,0.19230769230769232,28
4,0.2702702702702703,22
4,0.7142857142857143,22
4,0.2857142857142857,22
4,0.37037037037037035,28
4,0.35714285714285715,36
4,0.20408163265306123,22
4,0.30303030303030304,28
4,0.5263157894736842,28
4,0.29411764705882354,24
8,1,32
4,0.5555555555555556,24
8,1,32
4,0.38461538461538464,24
4,0.37037037037037035,22
4,0.29411764705882354,24
4,0.47619047619047616,22
4,0.5263157894736842,34
4,0.29411764705882354,22
4,0.4,30
4,0.22727272727272727,38
4,0.3448275862068966,22
4,0.3333333333333333,34
4,0.3125,30
4,0.5555555555555556,30
4,0.25,30
4,0.2777777777777778,24
4,0.4166666666666667,22
4,0.3448275862068966,30
4,0.29411764705882354,28
4,0.5,22
4,0.4166666666666667,26
4,0.4166666666666667,22
8,1,32
4,0.4166666666666667,26
4,0.4,24
4,0.37037037037037035,24
4,0.37037037037037035,24
4,0.30303030303030304,22
4,0.5882352941176471,28
4,0.5,22
4,0.2857142857142857,22
4,0.4,22
4,0.17857142857142858,30
4,0.30303030303030304,26
4,0.3225806451612903,32
4,0.4166666666666667,22
4,0.37037037037037035,28
4,0.20833333333333334,40
8,1,32
4,0.3333333333333333,22
4,0.25,29
4,0.4166666666666667,22
4,0.2857142857142857,29
4,0.3225806451612903,24
4,0.2777777777777778,24
4,0.5263157894736842,22
4,0.24390243902439024,26
4,0.43478260869565216,22
4,0.43478260869565216,30
4,0.5555555555555556,26
4,0.3448275862068966,22
4,0.2631578947368421,24
4,0.35714285714285715,22
4,0.22727272727272727,30
4,0.4,22
4,0.29411764705882354,26
8,1,32
4,0.45454545454545453,28
4,0.38461538461538464,22
4,0.29411764705882354,30
4,0.4,24
4,0.29411764705882354,22
4,0.25,22
4,0.35714285714285715,28
4,0.24390243902439024,22
4,0.30303030303030304,28
4,0.47619047619047616,28
4,0.25,32
4,0.45454545454545453,26
4,0.37037037037037035,28
4,0.3448275862068966,34
8,1,32
4,0.4166666666666667,22
4,0.3333333333333333,22
4,0.5263157894736842,28
4,0.47619047619047616,22
4,0.3333333333333333,22
4,0.3333333333333333,22
4,0.5555555555555556,22
4,0.35714285714285715,30
4,0.29411764705882354,22
4,0.37037037037037035,28
4,0.24390243902439024,24
4,0.38461538461538464,26
4,0.30303030303030304,22
4,0.2127659574468085,22
4,0.4166666666666667,24
4,0.23809523809523808,22
4,0.2857142857142857,22
4,0.43478260869565216,24
4,0.2631578947368421,24
4,0.2631578947368421,28
4,0.3225806451612903,22
4,0.35714285714285715,22
4,0.2702702702702703,22
4,0.3125,24
4,0.5555555555555556,28
4,0.3333333333333333,24
4,0.3333333333333333,24
4,0.23255813953488372,28
4,0.3225806451612903,22
4,0.43478260869565216,28
4,0.4,22
4,0.5555555555555556,22
4,0.5263157894736842,24
4,0.35714285714285715,28
4,0.2702702702702703,24
4,0.25,22
8,1,32
8,1,32
4,0.47619047619047616,22
4,0.45454545454545453,22
4,0.3225806451612903,22
4,0.38461538461538464,28
4,0.5,22
4,0.4,22
4,0.45454545454545453,24
4,0.3125,24
4,0.38461538461538464,22
4,0.29411764705882354,28
4,0.37037037037037035,28
4,0.2631578947368421,28
4,0.4,28
4,0.6666666666666666,30
4,0.4,22
4,0.25,22
4,0.5,30
4,0.2857142857142857,22
4,0.22727272727272727,28
8,1,32
4,0.37037037037037035,22
4,0.35714285714285715,28
4,0.4,22
4,0.3125,28
4,0.2777777777777778,22
4,0.29411764705882354,22
4,0.3448275862068966,24
4,0.4166666666666667,22
4,0.5555555555555556,24
4,0.2857142857142857,24
4,0.47619047619047616,28
4,0.38461538461538464,24
4,0.2857142857142857,30
4,0.4166666666666667,32
4,0.3225806451612903,22
4,0.20833333333333334,22
4,0.38461538461538464,22
4,0.47619047619047616,30
4,0.5555555555555556,30
4,0.23255813953488372,36
4,0.3448275862068966,28
4,0.43478260869565216,32
4,0.30303030303030304,24
4,0.35714285714285715,28
4,0.37037037037037035,22
4,0.2777777777777778,28
4,0.30303030303030304,28
4,0.25,22
4,0.37037037037037035,24
4,0.47619047619047616,26
4,0.3448275862068966,24
4,0.2857142857142857,22
4,0.35714285714285715,26
4,0.45454545454545453,28
4,0.2857142857142857,30
8,1,32
4,0.3448275862068966,22
4,0.43478260869565216,28
4,0.5,22
4,0.3125,24
4,0.38461538461538464,28
4,0.17857142857142858,24
4,0.25,30
4,0.45454545454545453,26
4,0.625,22
4,0.38461538461538464,28
4,0.45454545454545453,24
4,0.24390243902439024,22
4,0.3448275862068966,28
4,0.3448275862068966,22
4,0.3225806451612903,30
4,0.22727272727272727,24
4,0.4,22
4,0.3125,22
4,0.35714285714285715,22
4,0.5555555555555556,30
4,0.6666666666666666,26
4,0.18518518518518517,28
4,0.45454545454545453,22
4,0.4,22
4,0.29411764705882354,22
4,0.2857142857142857,22
4,0.3448275862068966,28
4,0.5263157894736842,22
4,0.38461538461538464,28
4,0.5,22
8,0.9090909090909091,32
4,0.45454545454545453,22
4,0.5555555555555556,28
4,0.2127659574468085,20
4,0.5555555555555556,28
4,0.3125,28
4,0.3448275862068966,22
4,0.4,22
4,0.5555555555555556,24
4,0.4,22
4,0.45454545454545453,22
4,0.43478260869565216,22
4,0.4166666666666667,22
4,0.3448275862068966,22
4,0.3125,22
4,0.22727272727272727,22
4,0.29411764705882354,22
4,0.4166666666666667,22
4,0.7692307692307693,38
4,0.30303030303030304,26
4,0.43478260869565216,26
4,0.3225806451612903,31
4,0.3125,32
4,0.37037037037037035,22
8,1,32
4,0.3125,24
4,0.4166666666666667,22
4,0.29411764705882354,22
4,0.47619047619047616,24
4,0.24390243902439024,22
4,0.3225806451612903,22
4,0.24390243902439024,22
4,0.4,28
4,0.23809523809523808,28
4,0.38461538461538464,22
4,0.3125,28
4,0.3125,22
4,0.3333333333333333,22
4,0.3448275862068966,28
4,0.38461538461538464,22
4,0.3125,22
4,0.35714285714285715,38
4,0.47619047619047616,24
4,0.30303030303030304,22
4,0.5,30
4,0.30303030303030304,28
4,0.2127659574468085,22
4,0.37037037037037035,22
4,0.625,28
4,0.43478260869565216,28
4,0.2631578947368421,30
4,0.5263157894736842,22
4,0.38461538461538464,22
4,0.5263157894736842,24
8,0.9090909090909091,32
4,0.2702702702702703,28
4,0.43478260869565216,28
4,0.38461538461538464,26
8,1,32
8,1,32
4,0.3448275862068966,22
4,0.4166666666666667,22
4,0.5555555555555556,32
4,0.47619047619047616,22
4,0.29411764705882354,28
4,0.3225806451612903,28
4,0.3448275862068966,26
4,0.2857142857142857,26
4,0.4166666666666667,30
4,0.2127659574468085,28
4,0.3448275862068966,30
4,0.35714285714285715,26
8,1,32
8,1,32
8,1,32
4,0.23809523809523808,22
4,0.37037037037037035,22
4,0.30303030303030304,22
4,0.5555555555555556,34
4,0.2222222222222222,28
4,0.3333333333333333,22
4,0.43478260869565216,22
4,0.3448275862068966,26
8,0.9090909090909091,32
4,0.3225806451612903,22
8,1,32
4,0.29411764705882354,30
4,0.24390243902439024,28
4,0.25,24
4,0.45454545454545453,30
4,0.2702702702702703,22
4,0.3333333333333333,22
4,0.35714285714285715,22
4,0.35714285714285715,28
4,0.47619047619047616,30
4,0.30303030303030304,24
4,0.23255813953488372,22
4,0.24390243902439024,22
4,0.24390243902439024,24
4,0.38461538461538464,22
4,0.5263157894736842,28
4,0.29411764705882354,26
4,0.5555555555555556,22
4,0.4166666666666667,28
4,0.2777777777777778,24
4,0.5,24
4,0.45454545454545453,24
4,0.38461538461538464,24
4,0.35714285714285715,28
4,0.2631578947368421,26
4,0.35714285714285715,22
4,0.2222222222222222,22
4,0.3448275862068966,32
4,0.2857142857142857,22
8,0.9090909090909091,32
4,0.35714285714285715,28
4,0.4166666666666667,22
4,0.4,36
4,0.3333333333333333,26
4,0.5,22
4,0.4,30
4,0.4,22
4,0.2857142857142857,22
4,0.17857142857142858,22
4,0.45454545454545453,28
4,0.25,22
4,0.45454545454545453,22
4,0.3333333333333333,28
8,1,32
4,0.2631578947368421,22
4,0.3333333333333333,32
4,0.29411764705882354,28
4,0.38461538461538464,28
4,0.37037037037037035,22
4,0.3448275862068966,30
4,0.23809523809523808,24
4,0.37037037037037035,38
4,0.2857142857142857,28
4,0.5,22
4,0.3333333333333333,22
4,0.35714285714285715,30
4,0.5263157894736842,22
4,0.45454545454545453,22
4,0.35714285714285715,28
8,1,32
4,0.23809523809523808,22
4,0.4,22
4,0.3333333333333333,24
4,0.4166666666666667,28
4,0.30303030303030304,22
4,0.47619047619047616,24
8,0.9090909090909091,32
4,0.47619047619047616,24
4,0.4,22
4,0.2857142857142857,28
4,0.2857142857142857,40
4,0.625,32
4,0.43478260869565216,22
4,0.21739130434782608,28
4,0.5,30
4,0.5,22
4,0.3225806451612903,22
4,0.47619047619047616,28
8,1,32
4,0.3448275862068966,22
4,0.3333333333333333,22
4,0.37037037037037035,24
4,0.3225806451612903,31
4,0.47619047619047616,24
4,0.2857142857142857,30
4,0.2631578947368421,32
4,0.37037037037037035,28
4,0.4,24
4,0.2777777777777778,30
4,0.47619047619047616,22
8,1,32
4,0.3125,28
4,0.2777777777777778,22
4,0.4166666666666667,22
8,1,32
4,0.38461538461538464,28
4,0.5,30
4,0.29411764705882354,24
8,0.8333333333333334,32
4,0.5555555555555556,24
4,0.21739130434782608,22
8,0.8333333333333334,32
4,0.2702702702702703,22
4,0.2631578947368421,24
4,0.2702702702702703,24
4,0.3333333333333333,28
4,0.3125,22
4,0.3333333333333333,28
4,0.35714285714285715,22
4,0.45454545454545453,22
8,1,32
4,0.2631578947368421,22
4,0.2777777777777778,24
4,0.4,28
4,0.3125,24
4,0.29411764705882354,24
4,0.5,22
4,0.47619047619047616,22
4,0.5882352941176471,28
4,0.5,22
4,0.3448275862068966,22
4,0.25,22
4,0.5882352941176471,22
4,0.5,22
4,0.43478260869565216,22
4,0.2702702702702703,26
4,0.2702702702702703,28
4,0.4166666666666667,28
4,0.37037037037037035,22
4,0.35714285714285715,30
4,0.43478260869565216,22
4,0.47619047619047616,24
4,0.37037037037037035,30
4,0.45454545454545453,28
4,0.2127659574468085,30
4,0.4166666666666667,22
4,0.38461538461538464,24
4,0.4,22
4,0.29411764705882354,22
4,0.37037037037037035,22
4,0.2777777777777778,22
4,0.35714285714285715,22
4,0.3333333333333333,22
4,0.37037037037037035,22
4,0.29411764705882354,24
4,0.37037037037037035,22
4,0.38461538461538464,28
4,0.4166666666666667,22
4,0.25,24
4,0.3225806451612903,22
4,0.43478260869565216,22
4,0.47619047619047616,28
4,0.4166666666666667,22
4,0.2857142857142857,28
8,1,32
4,0.47619047619047616,22
4,0.35714285714285715,22
4,0.7142857142857143,22
4,0.4166666666666667,22
4,0.29411764705882354,28
4,0.3333333333333333,22
4,0.37037037037037035,28
4,0.43478260869565216,28
4,0.3225806451612903,28
4,0.2222222222222222,28
4,0.29411764705882354,24
4,0.37037037037037035,30
8,1,32
4,0.3125,22
4,0.5,24
4,0.45454545454545453,28
4,0.37037037037037035,24
4,0.2857142857142857,22
4,0.37037037037037035,24
4,0.37037037037037035,28
4,0.47619047619047616,22
4,0.30303030303030304,28
4,0.5263157894736842,26
4,0.30303030303030304,22
4,0.19607843137254902,22
4,0.37037037037037035,28
4,0.3333333333333333,26
4,0.35714285714285715,32
4,0.47619047619047616,24
4,0.45454545454545453,22
4,0.47619047619047616,28
4,0.4166666666666667,22
4,0.45454545454545453,28
4,0.47619047619047616,22
4,0.4166666666666667,28
4,0.2564102564102564,22
4,0.4166666666666667,22
4,0.2702702702702703,22
4,0.38461538461538464,22
4,0.37037037037037035,22
4,0.3125,28
4,0.3448275862068966,24
4,0.37037037037037035,22
4,0.45454545454545453,28
4,0.47619047619047616,22
4,0.25,22
4,0.3225806451612903,26
4,0.38461538461538464,24
4,0.3448275862068966,36
4,0.5,22
4,0.37037037037037035,22
4,0.30303030303030304,34
4,0.2857142857142857,22
4,0.2702702702702703,22
4,0.30303030303030304,22
4,0.24390243902439024,22
4,0.38461538461538464,22
4,0.4166666666666667,24
4,0.4,28
4,0.3225806451612903,28
4,0.35714285714285715,26
4,0.4,26
8,1,32
4,0.30303030303030304,24
4,0.3125,22
4,0.30303030303030304,28
8,1,32
4,0.4166666666666667,24
4,0.29411764705882354,24
4,0.3448275862068966,28
4,0.2777777777777778,24
4,0.3225806451612903,22
4,0.3333333333333333,28
4,0.3448275862068966,30
8,0.9090909090909091,32
4,0.30303030303030304,28
4,0.4,30
4,0.3448275862068966,22
4,0.4,22
4,0.3333333333333333,28
4,0.4,28
4,0.29411764705882354,32
4,0.43478260869565216,22
4,0.5263157894736842,24
4,0.25,22
4,0.38461538461538464,22
8,1,32
4,0.47619047619047616,28
4,0.29411764705882354,28
4,0.2564102564102564,30
4,0.3448275862068966,30
4,0.4166666666666667,26
4,0.3125,22
4,0.2564102564102564,30
4,0.3125,22
4,0.47619047619047616,24
4,0.38461538461538464,22
4,0.4166666666666667,22
4,0.43478260869565216,22
4,0.37037037037037035,22
4,0.3333333333333333,34
4,0.7692307692307693,22
4,0.5,24
8,1,32
4,0.3225806451612903,22
4,0.29411764705882354,22
4,0.3448275862068966,28
4,0.4166666666666667,22
8,1,32
4,0.23255813953488372,32
4,0.2702702702702703,22
4,0.625,30
4,0.3225806451612903,26
8,1,32
4,0.38461538461538464,24
4,0.3448275862068966,22
4,0.35714285714285715,24
4,0.37037037037037035,30
4,0.23809523809523808,28
4,0.625,22
4,0.3225806451612903,28
4,0.35714285714285715,22
4,0.25,28
4,0.38461538461538464,26
4,0.2127659574468085,24
4,0.38461538461538464,22
4,0.3333333333333333,22
8,0.9090909090909091,32
4,0.35714285714285715,28
8,1,32
4,0.2857142857142857,22
4,0.3448275862068966,24
4,0.2777777777777778,24
4,0.37037037037037035,24
4,0.4166666666666667,22
4,0.37037037037037035,24
4,0.45454545454545453,36
4,0.47619047619047616,22
8,0.9090909090909091,32
4,0.2631578947368421,22
4,0.37037037037037035,22
4,0.3448275862068966,40
4,0.23255813953488372,22
4,0.5,28
4,0.625,28
4,0.3448275862068966,28
4,0.4166666666666667,22
4,0.38461538461538464,24
4,0.2564102564102564,28
4,0.24390243902439024,24
4,0.4166666666666667,32
4,0.25,22
4,0.47619047619047616,34
4,0.5263157894736842,34
4,0.30303030303030304,28
4,0.3225806451612903,28
4,0.7142857142857143,28
4,0.7142857142857143,20
4,0.3333333333333333,30
4,0.38461538461538464,22
4,0.5263157894736842,26
4,0.23809523809523808,30
8,1,32
4,0.35714285714285715,26
4,0.3125,22
4,0.3125,22
4,0.5263157894736842,28
4,0.22727272727272727,22
4,0.29411764705882354,22
4,0.4,28
4,0.3333333333333333,22
4,0.38461538461538464,28
4,0.43478260869565216,32
4,0.23809523809523808,24
4,0.30303030303030304,26
4,0.5263157894736842,28
4,0.5263157894736842,22
4,0.24390243902439024,24
4,0.38461538461538464,28
4,0.3125,28
4,0.43478260869565216,28
4,0.35714285714285715,24
4,0.38461538461538464,22
4,0.3333333333333333,28
4,0.47619047619047616,24
4,0.2857142857142857,22
4,0.45454545454545453,22
4,0.47619047619047616,22
4,0.3448275862068966,24
4,0.29411764705882354,28
4,0.2702702702702703,22
4,0.2631578947368421,26
4,0.38461538461538464,24
4,0.5,22
4,0.3333333333333333,28
4,0.5263157894736842,22
4,0.3125,28
4,0.2777777777777778,22
8,0.9090909090909091,32
4,0.2702702702702703,22
4,0.3125,28
4,0.25,22
4,0.43478260869565216,22
4,0.5,22
4,0.24390243902439024,28
4,0.2777777777777778,22
4,0.5263157894736842,22
4,0.23255813953488372,29
4,0.3225806451612903,26
4,0.3125,22
4,0.3333333333333333,24
4,0.4166666666666667,24
4,0.2857142857142857,24
4,0.35714285714285715,22
4,0.3333333333333333,30
4,0.47619047619047616,24
4,0.2702702702702703,28
4,0.35714285714285715,22
4,0.43478260869565216,22
4,0.29411764705882354,22
8,1,32
4,0.5555555555555556,22
4,0.23255813953488372,22
4,0.3448275862068966,22
4,0.2222222222222222,32
4,0.5,22
4,0.35714285714285715,28
4,0.3448275862068966,22
4,0.4,24
4,0.47619047619047616,22
4,0.2777777777777778,28
4,0.3333333333333333,22
4,0.3448275862068966,29
4,0.625,22
4,0.23809523809523808,34
4,0.5,22
4,0.2702702702702703,22
4,0.25,28
4,0.20408163265306123,22
4,0.4166666666666667,22
4,0.29411764705882354,22
4,0.5263157894736842,24
4,0.3333333333333333,24
4,0.3125,22
4,0.43478260869565216,32
4,0.38461538461538464,26
4,0.2777777777777778,22
8,1,32
4,0.30303030303030304,22
4,0.5263157894736842,28
4,0.35714285714285715,30
4,0.3225806451612903,24
4,0.38461538461538464,22
4,0.38461538461538464,22
4,0.3125,28
4,0.25,22
4,0.37037037037037035,24
8,1,32
4,0.45454545454545453,22
4,0.2702702702702703,22
4,0.25,28
4,0.3448275862068966,22
4,0.5555555555555556,22
4,0.3125,38
4,0.3333333333333333,26
4,0.4,22
4,0.2777777777777778,24
4,0.2702702702702703,22
4,0.35714285714285715,26
4,0.2631578947368421,22
4,0.625,22
4,0.3225806451612903,28
4,0.3125,26
4,0.4166666666666667,24
4,0.3125,28
4,0.23809523809523808,22
4,0.3333333333333333,22
4,0.29411764705882354,30
4,0.3225806451612903,28
4,0.2702702702702703,24
4,0.2702702702702703,24
4,0.29411764705882354,22
8,0.7692307692307693,32
4,0.47619047619047616,30
4,0.47619047619047616,24
4,0.2857142857142857,22
4,0.5555555555555556,28
4,0.43478260869565216,26
4,0.45454545454545453,28
4,0.24390243902439024,22
4,0.45454545454545453,22
4,0.3448275862068966,24
4,0.5882352941176471,24
4,0.5,24
4,0.35714285714285715,22
4,0.37037037037037035,28
4,0.3448275862068966,28
4,0.37037037037037035,22
4,0.29411764705882354,22
4,0.2702702702702703,22
4,0.30303030303030304,22
4,0.38461538461538464,24
4,0.47619047619047616,28
4,0.3448275862068966,22
4,0.3448275862068966,34
4,0.35714285714285715,22
4,0.4166666666666667,22
4,0.47619047619047616,22
4,0.5555555555555556,28
4,0.3448275862068966,22
4,0.2702702702702703,22
4,0.5,24
4,0.2631578947368421,28
4,0.3448275862068966,22
4,0.45454545454545453,24
4,0.3125,38
4,0.43478260869565216,26
4,0.3448275862068966,22
4,0.37037037037037035,30
4,0.35714285714285715,22
4,0.45454545454545453,28
4,0.4,22
4,0.45454545454545453,24
4,0.35714285714285715,22
4,0.45454545454545453,31
4,0.3333333333333333,22
4,0.37037037037037035,28
4,0.29411764705882354,22
4,0.3333333333333333,26
4,0.3125,28
4,0.38461538461538464,24
4,0.30303030303030304,34
4,0.3333333333333333,24
4,0.5,22
4,0.2857142857142857,28
4,0.37037037037037035,24
4,0.37037037037037035,34
8,1,32
4,0.3125,22
4,0.35714285714285715,28
4,0.2777777777777778,30
4,0.4,22
4,0.3225806451612903,22
4,0.3225806451612903,24
4,0.29411764705882354,28
4,0.43478260869565216,28
8,1,32
4,0.38461538461538464,28
4,0.3448275862068966,24
4,0.3448275862068966,22
4,0.2777777777777778,24
4,0.19230769230769232,26
4,0.3333333333333333,30
4,0.4,22
4,0.3333333333333333,22
4,0.5555555555555556,24
4,0.43478260869565216,24
4,0.3333333333333333,22
8,1,32
4,0.6666666666666666,28
4,0.37037037037037035,22
8,1,32
4,0.2777777777777778,24
4,0.3448275862068966,28
4,0.45454545454545453,22
4,0.23809523809523808,36
4,0.38461538461538464,22
4,0.4166666666666667,26
4,0.35714285714285715,28
4,0.3333333333333333,28
4,0.35714285714285715,22
4,0.37037037037037035,22
8,1,32
4,0.45454545454545453,24
4,0.29411764705882354,28
4,0.35714285714285715,26
4,0.38461538461538464,22
4,0.2702702702702703,24
4,0.2857142857142857,22
4,0.4166666666666667,28
4,0.30303030303030304,28
4,0.2564102564102564,28
4,0.35714285714285715,28
4,0.3333333333333333,30
4,0.35714285714285715,34
4,0.35714285714285715,28
4,0.38461538461538464,22
4,0.3125,22
4,0.25,24
4,0.43478260869565216,22
4,0.43478260869565216,24
4,0.29411764705882354,22
4,0.4166666666666667,28
4,0.24390243902439024,26
4,0.47619047619047616,26
4,0.3333333333333333,22
4,0.3448275862068966,22
4,0.2857142857142857,22
4,0.37037037037037035,22
4,0.2857142857142857,24
4,0.38461538461538464,36
4,0.7142857142857143,31
4,0.35714285714285715,22
4,0.38461538461538464,26
4,0.2857142857142857,32
4,0.5555555555555556,29
4,0.35714285714285715,28
4,0.35714285714285715,26
4,0.47619047619047616,28
4,0.37037037037037035,22
4,0.2777777777777778,28
4,0.43478260869565216,30
4,0.37037037037037035,22
4,0.43478260869565216,22
4,0.8333333333333334,22
4,0.35714285714285715,24
4,0.3333333333333333,24
4,0.30303030303030304,22
4,0.5882352941176471,26
4,0.38461538461538464,28
4,0.2857142857142857,40
4,0.2777777777777778,22
4,0.23809523809523808,22
4,0.3225806451612903,22
4,0.47619047619047616,22
4,0.5,22
8,1,32
4,0.29411764705882354,26
4,0.3125,22
4,0.3448275862068966,26
4,0.25,22
4,0.3125,28
4,0.37037037037037035,22
4,0.43478260869565216,24
4,0.2564102564102564,24
4,0.4,22
8,0.9090909090909091,32
4,0.43478260869565216,28
4,0.4,28
8,0.9090909090909091,32
8,0.9090909090909091,32
4,0.3225806451612903,31
4,0.4,32
4,0.30303030303030304,26
4,0.2777777777777778,26
4,0.3448275862068966,28
4,0.38461538461538464,24
4,0.2857142857142857,24
4,0.5,28
4,0.35714285714285715,22
4,0.30303030303030304,30
4,0.38461538461538464,22
4,0.4166666666666667,30
4,0.30303030303030304,31
4,0.24390243902439024,28
4,0.3225806451612903,32
4,0.35714285714285715,22
4,0.47619047619047616,30
4,0.35714285714285715,22
4,0.3225806451612903,30
4,0.3125,28
4,0.3225806451612903,28
4,0.5882352941176471,32
4,0.38461538461538464,28
4,0.4166666666666667,26
4,0.2702702702702703,24
4,0.29411764705882354,22
4,0.37037037037037035,22
4,0.35714285714285715,22
4,0.4166666666666667,28
4,0.3125,24
4,0.45454545454545453,22
4,0.5,22
4,0.38461538461538464,24
4,0.21739130434782608,30
4,0.4,29
4,0.43478260869565216,22
4,0.25,22
4,0.43478260869565216,30
4,0.45454545454545453,22
4,0.24390243902439024,28
4,0.35714285714285715,22
4,0.3448275862068966,40
4,0.3225806451612903,34
4,0.3125,28
4,0.2564102564102564,28
4,0.4166666666666667,22
4,0.23255813953488372,22
4,0.3225806451612903,24
4,0.3448275862068966,22
4,0.47619047619047616,24
4,0.24390243902439024,28
4,0.35714285714285715,28
4,0.3448275862068966,34
4,0.45454545454545453,28
4,0.38461538461538464,38
4,0.37037037037037035,22
4,0.20408163265306123,22
4,0.37037037037037035,22
4,0.3448275862068966,28
4,0.3225806451612903,30
4,0.4,30
4,0.4166666666666667,28
4,0.3125,22
4,0.3125,22
4,0.2564102564102564,22
4,0.29411764705882354,28
4,0.24390243902439024,24
4,0.5263157894736842,28
4,0.3125,20
4,0.37037037037037035,22
4,0.43478260869565216,22
4,0.25,32
4,0.4166666666666667,28
4,0.37037037037037035,22
4,0.3448275862068966,24
4,0.3448275862068966,26
4,0.29411764705882354,22
4,0.37037037037037035,28
4,0.43478260869565216,22
4,0.25,24
4,0.3125,24
4,0.37037037037037035,24
4,0.2702702702702703,30
4,0.3333333333333333,31
8,0.9090909090909091,32
4,0.29411764705882354,24
4,0.4166666666666667,24
4,0.21739130434782608,24
4,0.3225806451612903,24
4,0.5263157894736842,22
8,0.8333333333333334,32
4,0.35714285714285715,22
4,0.4166666666666667,29
4,0.3225806451612903,30
4,0.3448275862068966,28
4,0.43478260869565216,26
4,0.7692307692307693,22
4,0.4,24
4,0.3125,22
4,0.625,26
4,0.3225806451612903,30
4,0.2702702702702703,28
8,1,32
4,0.45454545454545453,22
4,0.625,30
4,0.3225806451612903,22
4,0.20408163265306123,28
4,0.29411764705882354,26
4,0.38461538461538464,26
4,0.43478260869565216,32
4,0.3333333333333333,30
4,0.4,28
4,0.25,28
4,0.3448275862068966,28
4,0.45454545454545453,22
4,0.3448275862068966,22
4,0.3448275862068966,24
4,0.2857142857142857,31
4,0.18518518518518517,34
4,0.30303030303030304,22
4,0.43478260869565216,34
4,0.43478260869565216,22
4,0.4166666666666667,22
4,0.35714285714285715,22
4,0.3333333333333333,26
4,0.38461538461538464,22
8,0.9090909090909091,32
4,0.38461538461538464,24
4,0.4166666666666667,32
4,0.38461538461538464,24
4,0.5,22
4,0.4,30
4,0.4,22
4,0.23809523809523808,22
4,0.5263157894736842,22
8,0.9090909090909091,32
8,1,32
4,0.37037037037037035,26
4,0.30303030303030304,34
8,0.7692307692307693,32
4,0.2857142857142857,29
4,0.35714285714285715,22
4,0.5263157894736842,34
4,0.35714285714285715,22
4,0.2564102564102564,22
4,0.43478260869565216,22
4,0.3125,28
4,0.35714285714285715,22
4,0.4166666666666667,22
4,0.23809523809523808,30
4,0.47619047619047616,28
4,0.45454545454545453,22
4,0.47619047619047616,36
4,0.23255813953488372,22
4,0.30303030303030304,22
4,0.25,24
4,0.3125,22
4,0.625,28
4,0.4,28
4,0.3333333333333333,26
4,0.4166666666666667,22
4,0.29411764705882354,24
4,0.3333333333333333,22
4,0.37037037037037035,28
4,0.5263157894736842,22
4,0.45454545454545453,40
4,0.24390243902439024,22
4,0.23809523809523808,34
4,0.7142857142857143,30
4,0.23255813953488372,22
4,0.3448275862068966,22
4,0.5263157894736842,28
4,0.4,22
4,0.2702702702702703,22
4,0.45454545454545453,26
4,0.37037037037037035,22
4,0.7142857142857143,22
4,0.7142857142857143,22
4,0.3225806451612903,22
4,0.37037037037037035,22
4,0.47619047619047616,22
4,0.3333333333333333,28
4,0.4,22
8,1,32
4,0.5263157894736842,30
4,0.24390243902439024,28
4,0.3448275862068966,24
4,0.35714285714285715,30
4,0.4,28
4,0.3333333333333333,28
4,0.2631578947368421,28
4,0.45454545454545453,28
4,0.2222222222222222,30
4,0.5555555555555556,22
4,0.2222222222222222,22
4,0.3125,34
4,0.3225806451612903,28
4,0.4166666666666667,28
4,0.35714285714285715,22
4,0.30303030303030304,22
4,0.4166666666666667,22
4,0.4,28
4,0.38461538461538464,22
4,0.5555555555555556,26
4,0.2702702702702703,24
4,0.30303030303030304,22
4,0.30303030303030304,30
4,0.3448275862068966,22
4,0.45454545454545453,22
4,0.5882352941176471,30
4,0.2702702702702703,24
4,0.30303030303030304,28
4,0.2564102564102564,22
4,0.4166666666666667,28
8,0.9090909090909091,32
4,0.3125,24
4,0.3225806451612903,24
4,0.3448275862068966,26
4,0.5263157894736842,24
4,0.37037037037037035,22
4,0.4,30
4,0.2127659574468085,28
4,0.45454545454545453,22
4,0.4166666666666667,31
4,0.4166666666666667,28
4,0.2857142857142857,38
4,0.24390243902439024,28
4,0.4166666666666667,26
4,0.3225806451612903,31
4,0.625,22
4,0.25,26
4,0.45454545454545453,22
4,0.37037037037037035,22
4,0.2,28
4,0.47619047619047616,22
4,0.2857142857142857,30
4,0.3448275862068966,22
4,0.2564102564102564,22
4,0.2631578947368421,22
4,0.3448275862068966,28
4,0.45454545454545453,24
4,0.37037037037037035,30
4,0.37037037037037035,22
4,0.45454545454545453,22
4,0.43478260869565216,22
4,0.3333333333333333,32
4,0.4,22
4,0.3333333333333333,30
4,0.2777777777777778,22
4,0.3225806451612903,30
4,0.625,22
4,0.4166666666666667,28
4,0.47619047619047616,22
4,0.38461538461538464,26
4,0.2631578947368421,22
4,0.4,28
4,0.43478260869565216,22
4,0.2777777777777778,30
4,0.5263157894736842,22
4,0.4166666666666667,22
4,0.3448275862068966,24
4,0.2564102564102564,28
4,0.3125,26
4,0.5555555555555556,22
4,0.3225806451612903,30
4,0.25,22
4,0.5555555555555556,26
4,0.43478260869565216,22
4,0.21739130434782608,22
4,0.3225806451612903,28
4,0.5555555555555556,24
8,1,32
4,0.3333333333333333,24
4,0.45454545454545453,22
4,0.45454545454545453,22
4,0.25,22
4,0.38461538461538464,22
4,0.4166666666666667,22
4,0.3333333333333333,22
4,0.29411764705882354,22
4,0.29411764705882354,28
4,0.4,24
4,0.3125,22
4,0.29411764705882354,22
4,0.5,30
4,0.625,24
4,0.3448275862068966,22
4,0.5882352941176471,22
4,0.45454545454545453,22
4,0.5882352941176471,36
4,0.2631578947368421,24
4,0.25,28
4,0.3333333333333333,28
4,0.3225806451612903,22
4,0.25,28
4,0.3125,22
4,0.4166666666666667,22
4,0.2777777777777778,24
4,0.35714285714285715,22
4,0.47619047619047616,22
4,0.5263157894736842,30
4,0.4166666666666667,22
8,0.8333333333333334,32
4,0.5263157894736842,28
4,0.4,24
4,0.35714285714285715,30
4,0.6666666666666666,22
4,0.47619047619047616,22
4,0.2631578947368421,22
4,0.3125,30
4,0.5555555555555556,30
8,0.9090909090909091,32
4,0.4,28
4,0.5263157894736842,30
4,0.5,22
4,0.5,28
4,0.35714285714285715,22
4,0.20408163265306123,28
4,0.5,32
4,0.35714285714285715,24
4,0.45454545454545453,22
4,0.2777777777777778,28
4,0.4,22
4,0.29411764705882354,28
4,0.2631578947368421,22
8,1,32
4,0.5263157894736842,22
4,0.35714285714285715,24
4,0.5,34
4,0.22727272727272727,22
4,0.38461538461538464,28
4,0.35714285714285715,22
4,0.38461538461538464,24
4,0.4,22
8,1,32
4,0.30303030303030304,28
4,0.2777777777777778,26
4,0.4166666666666667,29
4,0.47619047619047616,22
4,0.5555555555555556,28
8,0.9090909090909091,32
4,0.25,24
4,0.4166666666666667,22
4,0.22727272727272727,28
4,0.4,22
4,0.29411764705882354,28
4,0.4166666666666667,28
4,0.29411764705882354,26
4,0.5263157894736842,26
4,0.7142857142857143,32
4,0.4,30
4,0.2631578947368421,30
4,0.625,24
4,0.3225806451612903,24
4,0.43478260869565216,22
8,1,32
8,1,32
4,0.2564102564102564,24
4,0.43478260869565216,30
4,0.2777777777777778,24
4,0.43478260869565216,24
4,0.3125,22
4,0.47619047619047616,26
4,0.5263157894736842,32
4,0.47619047619047616,24
4,0.37037037037037035,22
4,0.2702702702702703,28
4,0.47619047619047616,28
4,0.30303030303030304,28
4,0.4,22
4,0.3333333333333333,24
4,0.3448275862068966,40
4,0.3448275862068966,26
4,0.30303030303030304,28
4,0.30303030303030304,22
4,0.3448275862068966,22
4,0.2702702702702703,24
4,0.43478260869565216,24
4,0.38461538461538464,26
4,0.35714285714285715,34
4,0.3333333333333333,22
8,1,32
4,0.3125,30
8,0.9090909090909091,32
4,0.4,28
8,0.7692307692307693,32
4,0.35714285714285715,24
4,0.45454545454545453,24
4,0.29411764705882354,28
4,0.21739130434782608,28
4,0.43478260869565216,22
8,1,32
4,0.5555555555555556,30
4,0.37037037037037035,34
4,0.3225806451612903,22
4,0.4,24
8,1,32
4,0.45454545454545453,22
4,0.43478260869565216,24
4,0.2631578947368421,22
4,0.3125,22
4,0.3333333333333333,28
8,1,32
4,0.4,24
4,0.25,28
4,0.38461538461538464,28
4,0.5555555555555556,30
4,0.3125,22
4,0.5,22
4,0.35714285714285715,28
4,0.3225806451612903,22
4,0.29411764705882354,22
4,0.4,22
4,0.2702702702702703,22
4,0.3333333333333333,22
4,0.3333333333333333,28
4,0.45454545454545453,22
4,0.3125,28
4,0.3333333333333333,28
4,0.5,22
4,0.3125,40
8,0.8333333333333334,32
4,0.35714285714285715,24
4,0.45454545454545453,22
4,0.29411764705882354,28
4,0.2631578947368421,22
4,0.3333333333333333,22
8,0.9090909090909091,32
4,0.2777777777777778,22
4,0.24390243902439024,22
4,0.2127659574468085,24
4,0.3333333333333333,22
4,0.37037037037037035,24
4,0.3125,22
4,0.45454545454545453,22
4,0.2127659574468085,22
4,0.24390243902439024,30
4,0.18518518518518517,22
4,0.38461538461538464,22
4,0.25,22
4,0.45454545454545453,40
4,0.3125,30
4,0.29411764705882354,22
4,0.35714285714285715,24
4,0.35714285714285715,34
4,0.45454545454545453,22
4,0.43478260869565216,28
4,0.45454545454545453,24
4,0.3125,34
4,0.18867924528301888,22
4,0.29411764705882354,22
8,1,32
4,0.30303030303030304,24
4,0.24390243902439024,22
4,0.45454545454545453,31
4,0.37037037037037035,28
4,0.2777777777777778,22
4,0.625,28
4,0.2857142857142857,24
4,0.4166666666666667,26
4,0.3225806451612903,28
8,1,32
4,0.5555555555555556,22
4,0.3225806451612903,32
4,0.47619047619047616,31
4,0.3125,28
4,0.35714285714285715,28
4,0.30303030303030304,32
4,0.3333333333333333,30
8,1,32
4,0.35714285714285715,22
4,0.25,32
8,0.9090909090909091,32
4,0.3448275862068966,28
4,0.37037037037037035,22
4,0.2631578947368421,32
4,0.3225806451612903,28
4,0.2857142857142857,28
4,0.29411764705882354,24
4,0.38461538461538464,31
4,0.3125,22
4,0.45454545454545453,36
4,0.3125,30
4,0.37037037037037035,22
4,0.3225806451612903,24
4,0.4166666666666667,20
4,0.38461538461538464,28
4,0.22727272727272727,40
8,1,32
8,0.9090909090909091,32
4,0.45454545454545453,32
4,0.3125,28
4,0.2631578947368421,22
4,0.30303030303030304,22
4,0.3225806451612903,22
4,0.5,26
4,0.35714285714285715,26
4,0.3333333333333333,22
8,1,32
4,0.47619047619047616,24
4,0.3125,24
4,0.3125,22
4,0.29411764705882354,22
4,0.3225806451612903,26
4,0.3125,26
4,0.2564102564102564,22
4,0.43478260869565216,28
4,0.2564102564102564,22
4,0.3125,22
4,0.38461538461538464,22
4,0.5555555555555556,26
4,0.3333333333333333,24
4,0.4,22
8,0.9090909090909091,32
4,0.37037037037037035,22
4,0.38461538461538464,22
4,0.23809523809523808,36
4,0.3225806451612903,22
4,0.3448275862068966,22
4,0.43478260869565216,24
4,0.2777777777777778,28
4,0.29411764705882354,22
4,0.20833333333333334,24
4,0.30303030303030304,28
4,0.4166666666666667,24
4,0.3333333333333333,28
4,0.3448275862068966,28
4,0.5555555555555556,22
4,0.3225806451612903,30
4,0.3333333333333333,22
4,0.35714285714285715,22
4,0.4,28
4,0.45454545454545453,22
4,0.3225806451612903,22
4,0.25,28
4,0.38461538461538464,24
4,0.43478260869565216,22
8,1,32
4,0.35714285714285715,22
4,0.2564102564102564,28
4,0.3225806451612903,22
4,0.38461538461538464,22
4,0.3448275862068966,22
4,0.30303030303030304,22
4,0.3125,22
4,0.38461538461538464,28
4,0.3333333333333333,22
4,0.2631578947368421,28
4,0.2702702702702703,24
4,0.4166666666666667,28
4,0.24390243902439024,26
4,0.3448275862068966,22
4,0.4,28
8,1,32
4,0.3225806451612903,24
4,0.25,22
4,0.2564102564102564,22
4,0.3125,28
4,0.3125,22
4,0.4,22
4,0.43478260869565216,28
4,0.4,22
4,0.2,28
4,0.24390243902439024,28
4,0.45454545454545453,28
8,0.9090909090909091,32
4,0.4,32
4,0.5,28
4,0.2564102564102564,26
4,0.5555555555555556,28
4,0.23809523809523808,22
4,0.5555555555555556,22
4,0.43478260869565216,22
4,0.5555555555555556,26
8,1,32
4,0.38461538461538464,26
4,0.3448275862068966,26
4,0.2631578947368421,22
4,0.30303030303030304,22
4,0.2564102564102564,22
4,0.5555555555555556,22
4,0.4166666666666667,22
8,0.8333333333333334,32
4,0.3448275862068966,24
4,0.45454545454545453,32
4,0.35714285714285715,22
4,0.2631578947368421,22
4,0.2631578947368421,22
4,0.3448275862068966,22
4,0.3333333333333333,24
4,0.3448275862068966,22
4,0.5882352941176471,22
4,0.2857142857142857,22
4,0.17857142857142858,30
4,0.24390243902439024,22
8,0.9090909090909091,32
4,0.18867924528301888,22
4,0.19607843137254902,28
4,0.38461538461538464,22
4,0.23809523809523808,28
4,0.4166666666666667,22
4,0.37037037037037035,22
4,0.2857142857142857,22
4,0.37037037037037035,22
4,0.4,30
4,0.3333333333333333,28
4,0.43478260869565216,22
4,0.5882352941176471,30
4,0.45454545454545453,22
4,0.47619047619047616,31
4,0.3448275862068966,30
4,0.35714285714285715,22
4,0.23809523809523808,22
4,0.3125,24
4,0.5882352941176471,30
4,0.23809523809523808,28
4,0.23809523809523808,22
4,0.37037037037037035,30
4,0.3333333333333333,24
8,1,32
4,0.35714285714285715,30
8,1,32
4,0.625,28
4,0.5263157894736842,28
4,0.3333333333333333,26
4,0.30303030303030304,22
4,0.4166666666666667,22
4,0.4166666666666667,24
4,0.38461538461538464,22
4,0.3448275862068966,28
8,1,32
4,0.22727272727272727,22
4,0.47619047619047616,22
4,0.2631578947368421,26
4,0.35714285714285715,22
4,0.35714285714285715,22
4,0.30303030303030304,30
4,0.5882352941176471,24
4,0.43478260869565216,32
4,0.45454545454545453,22
4,0.4,22
8,0.9090909090909091,32
4,0.37037037037037035,22
4,0.4,22
4,0.2857142857142857,28
4,0.3125,22
4,0.37037037037037035,26
4,0.3225806451612903,24
4,0.3333333333333333,22
4,0.23809523809523808,24
4,0.3225806451612903,22
4,0.35714285714285715,28
4,0.30303030303030304,24
4,0.3448275862068966,24
4,0.22727272727272727,30
4,0.25,22
4,0.2777777777777778,24
4,0.4166666666666667,26
4,0.3225806451612903,22
8,1,32
4,0.47619047619047616,22
4,0.3125,28
4,0.4166666666666667,28
4,0.47619047619047616,22
4,0.45454545454545453,22
4,0.30303030303030304,22
4,0.43478260869565216,22
4,0.43478260869565216,28
4,0.23255813953488372,24
4,0.4166666666666667,26
4,0.5555555555555556,26
4,0.24390243902439024,24
8,1,32
4,0.37037037037037035,22
4,0.4,22
4,0.3448275862068966,22
8,1,32
4,0.45454545454545453,28
4,0.2564102564102564,28
4,0.3125,22
4,0.5,34
8,0.9090909090909091,32
4,0.3448275862068966,28
4,0.5263157894736842,28
4,0.47619047619047616,28
8,0.9090909090909091,32
4,0.37037037037037035,28
4,0.3125,28
4,0.5263157894736842,22
4,0.5,28
8,0.9090909090909091,32
4,0.43478260869565216,22
4,0.37037037037037035,28
4,0.5882352941176471,22
4,0.2702702702702703,24
4,0.4166666666666667,22
4,0.625,24
4,0.5,22
4,0.35714285714285715,26
4,0.37037037037037035,24
8,0.9090909090909091,32
4,0.3333333333333333,30
4,0.4166666666666667,28
4,0.8333333333333334,28
4,0.7692307692307693,22
4,0.4166666666666667,29
4,0.4,28
8,0.8333333333333334,32
4,0.43478260869565216,22
4,0.38461538461538464,24
4,0.5,22
4,0.5,22
4,0.20833333333333334,22
4,0.45454545454545453,24
4,0.4166666666666667,28
4,0.4,22
4,0.37037037037037035,32
4,0.35714285714285715,22
4,0.43478260869565216,30
4,0.2222222222222222,22
4,0.20408163265306123,28
4,0.43478260869565216,22
4,0.3333333333333333,26
4,0.2564102564102564,24
4,0.37037037037037035,22
4,0.3125,28
4,0.3125,22
4,0.20408163265306123,22
4,0.30303030303030304,24
8,0.9090909090909091,32
4,0.47619047619047616,22
4,0.37037037037037035,28
4,0.5555555555555556,22
4,0.20408163265306123,30
4,0.45454545454545453,22
4,0.29411764705882354,24
4,0.2631578947368421,28
4,0.3333333333333333,28
4,0.35714285714285715,24
4,0.2564102564102564,22
4,0.37037037037037035,24
4,0.24390243902439024,22
4,0.2777777777777778,24
4,0.45454545454545453,22
4,0.2564102564102564,26
4,0.35714285714285715,22
4,0.35714285714285715,24
4,0.5,24
4,0.4166666666666667,28
4,0.3125,22
4,0.3448275862068966,28
4,0.35714285714285715,24
4,0.2777777777777778,30
4,0.2631578947368421,22
4,0.22727272727272727,22
4,0.3448275862068966,28
4,0.35714285714285715,22
4,0.47619047619047616,24
4,0.3125,22
4,0.5882352941176471,22
4,0.6666666666666666,28
4,0.2631578947368421,28
4,0.2564102564102564,28
4,0.4166666666666667,24
4,0.37037037037037035,22
8,1,32
4,0.3333333333333333,22
4,0.3125,26
4,0.4,22
4,0.37037037037037035,26
4,0.2222222222222222,24
4,0.4166666666666667,24
4,0.4,36
4,0.4166666666666667,28
4,0.3125,30
4,0.4,22
4,0.43478260869565216,30
4,0.3125,22
4,0.20833333333333334,22
4,0.5263157894736842,24
8,1,32
4,0.5263157894736842,22
4,0.4,28
4,0.38461538461538464,34
4,0.37037037037037035,24
4,0.35714285714285715,22
4,0.4,22
4,0.38461538461538464,22
4,0.47619047619047616,20
4,0.5263157894736842,22
4,0.2777777777777778,22
4,0.35714285714285715,28
8,1,32
4,0.3125,28
4,0.35714285714285715,30
4,0.4166666666666667,30
4,0.35714285714285715,22
8,1,32
4,0.35714285714285715,28
4,0.4166666666666667,30
4,0.2857142857142857,28
4,0.2564102564102564,30
4,0.2222222222222222,24
4,0.3225806451612903,28
4,0.3333333333333333,30
4,0.2857142857142857,28
4,0.38461538461538464,30
4,0.37037037037037035,28
4,0.23255813953488372,22
4,0.4,24
4,0.2564102564102564,26
4,0.37037037037037035,22
4,0.29411764705882354,22
4,0.5555555555555556,24
4,0.37037037037037035,20
4,0.625,28
4,0.2222222222222222,26
4,0.4,28
4,0.5263157894736842,28
4,0.22727272727272727,22
4,0.3333333333333333,22
4,0.4,22
4,0.29411764705882354,28
4,0.30303030303030304,22
4,0.3333333333333333,22
4,0.5555555555555556,28
4,0.2631578947368421,28
4,0.47619047619047616,24
8,1,32
4,0.37037037037037035,24
4,0.5,22
4,0.38461538461538464,22
4,0.37037037037037035,22
4,0.2857142857142857,22
4,0.5882352941176471,22
4,0.3333333333333333,28
4,0.29411764705882354,28
4,0.2857142857142857,22
4,0.29411764705882354,30
8,1,32
4,0.3125,32
4,0.37037037037037035,29
4,0.2564102564102564,22
4,0.45454545454545453,24
4,0.4166666666666667,24
4,0.3225806451612903,24
4,0.2857142857142857,22
4,0.3125,26
4,0.30303030303030304,28
4,0.38461538461538464,24
4,0.38461538461538464,22
4,0.37037037037037035,24
4,0.2857142857142857,28
4,0.2777777777777778,30
4,0.35714285714285715,28
4,0.5555555555555556,24
4,0.3333333333333333,36
4,0.45454545454545453,26
4,0.2857142857142857,22
4,0.35714285714285715,30
4,0.43478260869565216,28
4,0.38461538461538464,26
4,0.3125,28
4,0.43478260869565216,28
4,0.16129032258064516,22
4,0.22727272727272727,22
4,0.38461538461538464,24
4,0.30303030303030304,22
4,0.3125,22
4,0.29411764705882354,26
4,0.2564102564102564,28
8,1,32
4,0.35714285714285715,28
4,0.45454545454545453,22
4,0.47619047619047616,24
4,0.2857142857142857,24
4,0.4166666666666667,28
4,0.3225806451612903,22
4,0.2631578947368421,29
4,0.47619047619047616,28
4,0.3333333333333333,24
4,0.35714285714285715,28
4,0.2777777777777778,22
4,0.4166666666666667,22
4,0.3448275862068966,26
4,0.4,22
4,0.30303030303030304,28
8,0.9090909090909091,32
8,1,32
4,0.47619047619047616,28
4,0.3225806451612903,22
4,0.25,28
4,0.29411764705882354,24
8,0.9090909090909091,32
4,0.30303030303030304,26
4,0.3333333333333333,24
8,0.8333333333333334,32
4,0.23809523809523808,22
8,0.8333333333333334,32
4,0.24390243902439024,24
4,0.5882352941176471,32
4,0.4166666666666667,22
4,0.35714285714285715,22
4,0.35714285714285715,22
4,0.4,24
4,0.25,28
8,1,32
4,0.47619047619047616,38
4,0.4166666666666667,28
4,0.29411764705882354,24
4,0.2702702702702703,22
4,0.45454545454545453,28
4,0.2857142857142857,24
4,0.5555555555555556,22
8,0.9090909090909091,32
4,0.29411764705882354,22
4,0.5263157894736842,22
4,0.2777777777777778,22
4,0.4,30
4,0.35714285714285715,32
4,0.43478260869565216,22
4,0.2631578947368421,22
4,0.3333333333333333,30
8,1,32
4,0.38461538461538464,32
4,0.5,22
4,0.5263157894736842,22
4,0.3448275862068966,28
4,0.35714285714285715,28
4,0.38461538461538464,28
4,0.23255813953488372,24
4,0.2702702702702703,28
4,0.5263157894736842,24
4,0.4,24
4,0.5,24
4,0.5882352941176471,22
4,0.3333333333333333,32
4,0.5263157894736842,22
4,0.38461538461538464,24
4,0.3448275862068966,22
4,0.3448275862068966,30
4,0.29411764705882354,22
4,0.3225806451612903,28
4,0.3125,22
4,0.3125,22
4,0.3333333333333333,22
4,0.23255813953488372,24
4,0.3225806451612903,24
4,0.25,24
8,1,32
4,0.625,22
4,0.35714285714285715,34
4,0.29411764705882354,22
4,0.38461538461538464,28
8,0.9090909090909091,32
4,0.47619047619047616,28
4,0.45454545454545453,22
4,0.3448275862068966,30
4,0.4166666666666667,30
4,0.47619047619047616,28
4,0.6666666666666666,22
4,0.5882352941176471,24
4,0.43478260869565216,28
4,0.2222222222222222,22
4,0.3225806451612903,34
4,0.20833333333333334,22
4,0.2857142857142857,30
4,0.5263157894736842,28
4,0.43478260869565216,24
4,0.2857142857142857,28
4,0.3225806451612903,28
4,0.38461538461538464,22
4,0.38461538461538464,22
4,0.47619047619047616,28
4,0.3333333333333333,22
4,0.3333333333333333,24
4,0.4166666666666667,22
4,0.3333333333333333,22
4,0.37037037037037035,22
4,0.3333333333333333,22
4,0.3333333333333333,22
4,0.2857142857142857,24
4,0.23255813953488372,34
4,0.3225806451612903,22
4,0.3125,22
4,0.3333333333333333,22
8,1,32
4,0.2631578947368421,26
4,0.35714285714285715,28
4,0.35714285714285715,28
4,0.3125,24
4,0.3225806451612903,28
4,0.2857142857142857,22
