3,0.001561524047470331,95
3,0.0017409470752089136,120
3,0.0012094823415578133,118
3,0.0010706638115631692,127
3,0.0010376673238559717,148
3,0.0016385384237260364,146
3,0.0018034265103697023,127
3,0.0007210845111047015,100
3,0.0014486455164421266,157
3,0.0009713453132588635,138
3,0.0014762326542663124,75
3,0.0018446781036709095,85
3,0.0018453589223103894,125
3,0.0013943112102621305,95
3,0.0014212620807276862,148
3,0.0015262515262515263,82
3,0.000692952671332548,151
3,0.001035303861683404,111
3,0.0016191709844559584,98
3,0.0011170688114387846,168
3,0.0017667844522968198,125
3,0.0019062142584826535,140
3,0.0013633265167007499,96
3,0.0014078558355624384,95
3,0.0012655024044545685,86
3,0.0017959770114942528,128
3,0.0011209505660800358,129
3,0.0015257857796765334,142
3,0.0010193679918450561,155
3,0.0017470300489168414,167
3,0.0009225943352707814,142
3,0.001224889759921607,78
3,0.0020060180541624875,102
3,0.0020100502512562816,85
3,0.00117813383600377,111
3,0.0012554927809165098,93
3,0.001771479185119575,135
3,0.001340662287169862,156
3,0.0017803097739006587,94
3,0.0008726764988218868,85
3,0.0018744142455482662,91
3,0.0019630938358853552,107
3,0.0013631406761177754,127
3,0.001416029453412631,127
3,0.0010862480990658267,124
3,0.000959877135726627,130
3,0.0016350555918901242,84
3,0.002576655501159495,131
3,0.001621271076523995,119
3,0.0012596044841919638,80
3,0.0007840677434530343,150
3,0.0016321201240411295,108
3,0.0012733987011333248,146
3,0.00169548999660902,88
3,0.0018989745537409798,138
3,0.00116918040453642,130
3,0.0010167768174885613,145
3,0.0018782870022539444,118
3,0.0010558547143912998,157
3,0.0014624159110851126,132
3,0.0010006003602161296,111
3,0.0016869095816464238,146
3,0.0015559358954411078,75
3,0.0013833171946327292,107
3,0.001145869141744013,143
3,0.0022207417277370642,140
3,0.001216397031991242,100
3,0.0015225334957369061,110
3,0.0014718869590815426,147
3,0.001084010840108401,133
3,0.0007428316743425939,93
3,0.0012916559028674762,129
3,0.001210946960523129,95
3,0.0013285505513484788,100
3,0.0020181634712411706,194
3,0.0009838646202282567,147
3,0.001063264221158958,140
3,0.0008925383791503035,151
3,0.0010330578512396695,98
3,0.0010926573426573427,185
3,0.0013201320132013201,138
3,0.001697792869269949,133
3,0.0014699397324709686,128
3,0.0009280742459396752,94
3,0.0027525461051472614,115
3,0.0014624159110851126,108
3,0.0013130252100840337,115
3,0.001034875297526648,139
3,0.0010087763542822555,161
3,0.0010372368011617053,110
3,0.0018515089798185522,146
3,0.001994813484939158,141
3,0.001290822253775655,122
3,0.0013633265167007499,125
3,0.001033805437816603,107
3,0.001397624039133473,140
3,0.0009644131545954287,133
3,0.0019550342130987292,136
3,0.0015218383807639629,80
3,0.0015850372483753369,151
3,0.001927153594141453,130
3,0.0010144045445323595,126
3,0.002737476047084588,187
3,0.000999000999000999,128
3,0.0014602803738317756,105
3,0.0013437248051599033,141
3,0.0015979546180888463,148
3,0.0009151642719868216,144
3,0.0008807468733485996,133
3,0.0015475085112968121,115
3,0.0015098897780462027,112
3,0.0015332720024532351,135
3,0.001676727028839705,128
3,0.0021767522855899,89
3,0.0009579461634256155,137
3,0.0012017786323759163,112
3,0.0010751532093323298,91
3,0.00166472448809722,142
3,0.0015379883112888342,137
3,0.0013572204125950054,101
3,0.0015738117721120553,139
3,0.0018730099269526129,135
3,0.0010755001075500108,126
3,0.0010450412791305256,76
3,0.0012971851083149566,134
3,0.0009745638826625085,146
3,0.0010329511414110112,108
3,0.0010197838058331635,109
3,0.0012405408758218582,86
3,0.001212856276531231,139
3,0.0021204410517387615,90
3,0.001531628120692296,77
3,0.001195886151638364,124
3,0.0012564392511622063,136
3,0.0011892020454275182,110
3,0.0011911852293031567,129
3,0.0017328019407381737,84
3,0.0014494854326714017,141
3,0.0014912019087384432,142
3,0.0012779552715654952,120
3,0.000962000962000962,124
3,0.00211999152003392,117
3,0.001777145903678692,170
3,0.001282051282051282,125
3,0.0010981770261366132,112
3,0.0009064539521392314,99
3,0.001278281989006775,119
3,0.000876731544800982,82
3,0.0009350163627863488,117
3,0.002277904328018223,126
3,0.0011742602160638798,125
3,0.0010738831615120276,186
3,0.001041124414367517,120
3,0.0016257519102584946,85
3,0.0014734050390452335,142
3,0.0010344470880314471,191
3,0.00111123458162018,122
3,0.0018053800324968406,85
3,0.0011900511722004047,124
3,0.00111000111000111,153
3,0.0013422818791946308,143
3,0.0012274456855284155,180
3,0.0022941041523285156,126
3,0.001821161901293025,125
3,0.0009909820632246556,149
3,0.0016302575806977503,140
3,0.0017064846416382253,127
3,0.0014019346698443853,112
3,0.0015117157974300832,126
3,0.0014104372355430183,79
3,0.0012495314257153568,128
3,0.0015420200462606013,132
3,0.0015556938394523958,148
3,0.0009319664492078285,98
3,0.0009635767970707265,139
3,0.0018702075930428278,136
3,0.0025673940949935813,96
3,0.002551020408163265,123
3,0.0010458063166701526,142
3,0.0009790483649892304,148
3,0.0022502250225022503,151
3,0.0022326412145568207,96
3,0.0014291839359725598,152
3,0.0014841199168892847,136
3,0.0011574074074074073,162
3,0.001218769043266301,111
3,0.0015105740181268882,128
3,0.0008955758552749418,126
3,0.0011719207781553968,152
3,0.0008862105636299185,138
3,0.0011841326228537595,127
3,0.0012271444348999877,123
3,0.0006559097468188378,131
3,0.0012457954403886883,134
3,0.0015248551387618177,93
3,0.0008003201280512205,127
3,0.0011416828405069071,95
3,0.0014336917562724014,93
3,0.0013430029546065002,96
3,0.0017467248908296944,108
3,0.0012244398187829068,104
3,0.0016283992835043153,184
3,0.0013374348000534974,94
3,0.0014382281029771322,144
3,0.0010782833728703904,160
3,0.003027550711474417,171
3,0.0014112334180073384,124
3,0.0019455252918287938,140
3,0.0011893434823977164,116
3,0.0009753242953281966,113
3,0.001450536698578474,152
3,0.0014654161781946073,75
3,0.0012165450121654502,139
3,0.0011009578333149841,139
3,0.001166452816983553,145
3,0.0018740629685157421,181
3,0.0014251104460595695,116
3,0.0016663889351774704,127
3,0.0017857142857142857,111
3,0.0014970059880239522,113
3,0.003301419610432486,134
3,0.00163826998689384,134
3,0.0007447125409591898,118
3,0.0007713668620796051,136
3,0.0011046062078868884,129
3,0.0025994281258123215,152
3,0.0014486455164421266,134
3,0.001314060446780552,150
3,0.000671366230278617,106
3,0.0019766752322593396,180
3,0.0010228086325048584,98
3,0.0013430029546065002,138
3,0.001934984520123839,100
3,0.0011358473421172195,164
3,0.0011779950524207798,126
3,0.0012487512487512488,154
3,0.0015598190609889253,135
3,0.001584786053882726,111
3,0.0016675004168751042,128
3,0.0006833401667350006,147
3,0.001239771881973717,128
3,0.002594706798131811,97
3,0.0012955045990413266,102
3,0.0007782101167315176,135
3,0.00138217000691085,119
3,0.0016600265604249668,146
3,0.0011973180076628352,130
3,0.0008744316194473592,105
3,0.0010642826734780758,125
3,0.001348435814455232,80
3,0.0009952229299363057,127
3,0.0009876543209876543,182
3,0.0013215276860050217,97
3,0.0005650675255693056,146
3,0.000991178511249876,93
3,0.0014721036360959812,119
3,0.001223391240518718,75
3,0.0011196954428395476,117
3,0.0010208248264597796,126
3,0.000966183574879227,194
3,0.0012444001991040318,150
3,0.001694053870913095,109
3,0.0016291951775822744,93
3,0.0012836970474967907,81
3,0.0014847809948032665,138
3,0.0017053206002728514,140
3,0.001638001638001638,152
3,0.001483019427554501,116
3,0.0010705491917353603,93
3,0.0017129153819801302,126
3,0.001554243083618278,112
3,0.0010127607859023698,141
3,0.0021358393848782574,116
3,0.001373060551970342,134
3,0.00132890365448505,78
3,0.001596678907871627,124
3,0.0017283097131005876,207
3,0.0012608750472828142,135
3,0.0012113870381586917,108
3,0.0008959770629871876,139
3,0.0016170763260025874,179
3,0.001412030499858797,129
3,0.0011500862564692352,139
3,0.001754693805930865,130
3,0.0014314342971657602,155
3,0.001366120218579235,151
3,0.0011668611435239206,122
3,0.0014011489421325487,124
3,0.00175530981218185,147
3,0.0012245897624295861,80
3,0.0012992074834351046,136
3,0.0014398848092152627,125
3,0.0017476406850751485,163
3,0.001532097441397273,111
3,0.001277791975466394,125
3,0.00089126559714795,93
3,0.0014210601108426886,140
3,0.0025529742149604288,112
3,0.0011519410206197443,97
3,0.001203804020705429,149
3,0.001728608470181504,75
3,0.0013704262025489927,129
3,0.0015910898965791568,99
3,0.000978760888714887,78
3,0.0015586034912718205,131
3,0.0017009695526450078,125
3,0.0020234722784297854,109
3,0.0016173378618793467,144
3,0.0011358473421172195,99
3,0.0015299877600979193,139
3,0.0015255530129672007,93
3,0.0009219138932423711,78
3,0.0010992634934593821,138
3,0.003957261574990107,175
3,0.0011507479861910242,146
3,0.001483679525222552,138
3,0.0019904458598726115,142
3,0.0009392317084624777,109
3,0.0018625442354255914,95
3,0.0036429872495446266,112
3,0.0009164222873900294,138
3,0.0010499790004199917,138
3,0.0013933398355858995,120
3,0.0014641288433382138,145
3,0.0010465724751439038,93
3,0.0011753643629525152,128
3,0.0014705882352941176,138
3,0.0012075836251660428,151
3,0.001238390092879257,125
3,0.0010879025239338555,110
3,0.001545833977430824,100
3,0.0026260504201680674,142
3,0.0012280486307257768,83
3,0.0017556179775280898,143
3,0.001208605269518975,126
3,0.0012437810945273632,144
3,0.0019550342130987292,103
3,0.0016095284081764044,181
3,0.00163826998689384,136
3,0.000842034355001684,140
3,0.0007668123610152595,98
3,0.0010702054794520547,156
3,0.0016477179106936892,115
3,0.00140964195094446,140
3,0.0011319900384876612,137
3,0.001447178002894356,144
3,0.002067397146991937,127
3,0.002525890376357666,135
3,0.0011475786091347257,117
3,0.0016589250165892503,118
3,0.0021724961981316533,93
3,0.0016515276630883566,130
3,0.001444669170759896,120
3,0.001514004542013626,120
3,0.0009553835865099838,137
3,0.0010636034886194426,150
3,0.001908761213972132,108
3,0.0012368583797155227,131
3,0.0018040772145047808,190
3,0.0021920210434020165,93
3,0.0024307243558580457,99
3,0.0012998830105290524,181
3,0.0010951702989814916,129
3,0.001047559187094071,93
3,0.0019588638589618022,145
3,0.0013622122326658493,124
3,0.0024330900243309003,128
3,0.0015787811809283233,102
3,0.0010686044026501388,93
3,0.0015479876160990713,128
3,0.0009689922480620155,79
3,0.0010711225364181663,115
3,0.001295001295001295,75
3,0.0013236267372600927,113
3,0.0014251104460595695,119
3,0.0012090436464756377,145
3,0.001223540927444023,124
3,0.0012097749818533753,162
3,0.0010309278350515464,154
3,0.0012399256044637321,124
3,0.0019588638589618022,126
3,0.0012445550715619166,81
3,0.001443001443001443,163
3,0.001142204454597373,144
3,0.002069108214359611,176
3,0.0008231130134167421,140
3,0.0017079419299743809,181
3,0.0008064516129032258,128
3,0.0013513513513513514,189
3,0.0013274923669188902,125
3,0.000814000814000814,116
3,0.0024527839097375523,144
3,0.0016228497241155468,97
3,0.0017455053237912376,93
3,0.0012049644535486203,128
3,0.0018436578171091445,147
3,0.001392369813422445,133
3,0.0008624407072013799,149
3,0.002663115845539281,154
3,0.001072271070126528,139
3,0.00125344697919278,96
3,0.001221001221001221,84
3,0.0013144058885383807,138
3,0.00158052789631737,136
3,0.0011279043537108053,95
3,0.0007598784194528875,116
3,0.001337613697164259,175
3,0.0012714558169103624,119
3,0.0010907504363001745,146
3,0.001665001665001665,128
3,0.001904036557501904,136
3,0.0012894906511927789,123
3,0.0013704262025489927,131
3,0.0013539128080151638,134
3,0.0025176233635448137,98
3,0.0010998680158380994,132
3,0.0008679048776254123,199
3,0.001210800339024095,164
3,0.0018786398647379298,83
3,0.0012943308309603934,143
3,0.001160631383472609,96
3,0.0014549687181725592,124
3,0.0013020833333333333,113
3,0.0012605571662674903,99
3,0.0011974613818704347,115
3,0.0009518370454978108,133
3,0.001692047377326565,104
3,0.001035625517812759,80
3,0.0017708517797060386,94
3,0.0017056114617090227,86
3,0.0015520720161415489,173
3,0.0014029180695847362,174
3,0.0016144656118824668,87
3,0.0020567667626491155,119
3,0.0016909029421711193,113
3,0.002131741632914091,139
3,0.0011495574203931487,136
3,0.0012125621438098702,150
3,0.001869158878504673,110
3,0.0010324179227751394,126
3,0.0011695906432748538,138
3,0.0010774701002047194,131
3,0.004180602006688963,131
3,0.0015186028853454822,99
3,0.0014186409419775854,138
3,0.0015748031496062992,155
3,0.0011832919181161993,154
3,0.001177856301531213,103
3,0.0013239772275916854,153
3,0.001539408866995074,154
3,0.0009991008092716555,93
3,0.0021645021645021645,127
3,0.0012653422750854106,163
3,0.0011669973159061733,93
3,0.0013025921583952064,156
3,0.001483019427554501,135
3,0.0014664906877841326,103
3,0.000947597839476926,107
3,0.0013728720483250961,155
3,0.001217878455730118,86
3,0.0013774104683195593,137
3,0.000983477576711251,75
3,0.0015384615384615385,147
3,0.0016652789342214821,131
3,0.0010410160316468874,137
3,0.0010637166258908627,138
3,0.001474708745022858,149
3,0.0012800819252432156,129
3,0.0011018069634200088,142
3,0.0009266123054114158,141
3,0.0013173494928204453,85
3,0.0016567263088137839,108
3,0.0016795431642593216,152
3,0.0010003000900270082,138
3,0.0016963528413910093,115
3,0.0007498500299940012,155
3,0.0014992503748125937,110
3,0.000947597839476926,140
3,0.0012830382345393892,182
3,0.0021061499578770007,137
3,0.001195457262402869,115
3,0.00201450443190975,175
3,0.0014158289678606825,152
3,0.0010124531740407007,123
3,0.0014384349827387803,187
3,0.001076889941847943,139
3,0.0012313754463735994,79
3,0.000946521533364884,82
3,0.0006393044367727912,122
3,0.0018978933383943823,96
3,0.0007080648587410607,85
3,0.0020999580008399833,135
3,0.0011313497001923295,84
3,0.0014664906877841326,102
3,0.0013451708366962604,129
3,0.00209819555182543,131
3,0.0013116474291710388,94
3,0.0011337868480725624,122
3,0.001143379830779785,122
3,0.0018726591760299626,127
3,0.0021810250817884407,81
3,0.001743071291615827,122
3,0.002184837229626393,89
3,0.0015713387806411063,144
3,0.0013886960144424386,121
3,0.0012410027302060065,104
3,0.0015535187199005747,125
3,0.0015019525382997897,119
3,0.0015446400988569664,126
3,0.0011276499774470004,138
3,0.0012966804979253112,76
3,0.0018181818181818182,95
3,0.001645548790521639,150
3,0.0009749439407234084,115
3,0.0011926058437686344,126
3,0.0018480872297172426,134
3,0.001694053870913095,154
3,0.0026917900403768506,102
3,0.002564102564102564,93
3,0.0012883277505797476,148
3,0.0009023641941887746,92
3,0.0007359434795407713,105
3,0.0018433179723502304,129
3,0.0018726591760299626,122
3,0.0012351778656126482,185
3,0.001443001443001443,166
3,0.00105318588730911,144
3,0.0010774701002047194,101
3,0.001542495758136665,84
3,0.0015629884338855893,149
3,0.0014856633486851878,131
3,0.0014949917775452235,113
3,0.0015213753232922562,128
3,0.0015730690577316344,84
3,0.0009847365829640572,117
3,0.0011435105774728416,183
3,0.0022893772893772895,186
3,0.001321178491214163,126
3,0.0011753643629525152,89
3,0.0007999360051195904,108
3,0.0014478065730418417,131
3,0.0015837820715869496,153
3,0.00099930048965724,136
3,0.0008541898009737763,108
3,0.002186748305270063,143
3,0.0009959167413604222,182
3,0.001988862370723946,139
3,0.0008857395925597874,136
3,0.00235626767200754,99
3,0.0010400416016640667,180
3,0.0007784524365561264,176
3,0.0013999720005599889,133
3,0.0010969723562966214,112
3,0.0009720062208398134,107
3,0.0013457139012245996,113
3,0.0016095284081764044,191
3,0.0012904890953671442,127
3,0.0012134449702705982,121
3,0.0012948336138806163,124
3,0.0009285051067780873,138
3,0.0006854949273375377,160
3,0.0010556317956296843,129
3,0.0010842459069717013,137
3,0.0013776002204160353,99
3,0.0017966223499820337,108
3,0.0008465250148141877,80
3,0.0012509382036527395,117
3,0.0012017786323759163,111
3,0.00315059861373661,124
3,0.0008693384334521429,140
3,0.0015051173991571343,126
3,0.0011463945890175398,93
3,0.001121830827911151,157
3,0.0014637002341920376,123
3,0.0019338619222587507,158
3,0.0016675004168751042,113
3,0.003465003465003465,149
3,0.0007751337105650725,122
3,0.0009872642906506072,126
3,0.001245019920318725,155
3,0.00244081034903588,159
3,0.0012846865364850976,122
3,0.0013361838588989846,177
3,0.0017325017325017325,159
3,0.0008600670852326481,129
3,0.0013734377145996428,185
3,0.00238038562247084,135
3,0.001786033220217896,127
3,0.001509206157561123,130
3,0.0015372790161414297,118
3,0.001596678907871627,126
3,0.0018155410312273058,112
3,0.001195457262402869,124
3,0.0015956598053295037,104
3,0.0008504847763225039,91
3,0.0018590816136828407,129
3,0.001966955153422502,169
3,0.0015035333032626672,142
3,0.0019940179461615153,135
3,0.00241196333815726,182
3,0.002055076037813399,137
3,0.001444460494005489,145
3,0.0017035775127768314,108
3,0.0018604651162790699,149
3,0.0014624159110851126,97
3,0.0013260840737302744,138
3,0.0012893243940175349,146
3,0.0008530239699735563,140
3,0.001222792858889704,119
3,0.001040582726326743,146
3,0.0008983111749910168,115
3,0.0012858428700012858,151
3,0.001838235294117647,84
3,0.0015738117721120553,138
3,0.0023153507756425097,118
3,0.0012677484787018255,187
3,0.0016385384237260364,119
3,0.00151952590791673,108
3,0.001026588645929576,138
3,0.0020742584526031943,142
3,0.0015098897780462027,124
3,0.0012256403971074887,142
3,0.0018615040953090098,192
3,0.0010967317394165387,114
3,0.0012648621300278269,126
3,0.001759014951627089,147
3,0.0022999080036798527,85
3,0.0009230201218386561,195
3,0.0018248175182481751,141
3,0.0012735608762098828,121
3,0.0008261731658955717,136
3,0.0011926058437686344,117
3,0.0008770391159445711,145
3,0.00249500998003992,103
3,0.0010949304719150333,104
3,0.0011694538650450239,130
3,0.0011737089201877935,93
3,0.0016273393002441008,200
3,0.0014208581983518045,118
3,0.002043318348998774,97
3,0.0017921146953405018,111
3,0.0012232415902140672,181
3,0.001348254011055683,126
3,0.001238850346878097,139
3,0.0014639145073927682,153
3,0.0009041591320072332,84
3,0.0014273479874393378,149
3,0.001228803145736053,79
3,0.0010282776349614395,125
3,0.0021482277121374865,93
3,0.001112470797641562,150
3,0.0019972039145196726,108
3,0.0017649135192375574,151
3,0.0011784115012962526,119
3,0.0011574074074074073,141
3,0.00141643059490085,99
3,0.0016619577862722287,127
3,0.0013842746400885937,114
3,0.0019447685725398677,170
3,0.0015257857796765334,119
3,0.002592016588906169,140
3,0.0009620935154897056,127
3,0.0015375153751537515,144
3,0.0012659830358273199,185
3,0.0009029345372460496,109
3,0.0010847163466753444,137
3,0.0019398642095053346,117
3,0.0011739845034045551,125
3,0.0024277737314882253,96
3,0.001027326895418122,99
3,0.001610305958132045,108
3,0.0011825922421948912,97
3,0.0015255530129672007,125
3,0.001187789523696401,147
3,0.0011002310485201893,143
3,0.0016374652038644178,172
3,0.0021635655560363477,134
3,0.0017117425539198905,143
3,0.0017439832577607255,106
3,0.0016722408026755853,127
3,0.00105999576001696,146
3,0.0016302575806977503,164
3,0.0014019346698443853,140
3,0.0011599582415033058,161
3,0.0013453518094981838,176
3,0.0008230452674897119,122
3,0.0014887598630340926,119
3,0.0012042389210019267,100
3,0.0034059945504087193,128
3,0.001059322033898305,115
3,0.0017959770114942528,151
3,0.0019409937888198758,93
3,0.0008254230293025176,122
3,0.000999900009999,184
3,0.0014170327334561428,151
3,0.0012394645513138325,136
3,0.000804052424218059,124
3,0.00166472448809722,103
3,0.0016337199803953602,116
3,0.0011548677676406051,163
3,0.002166377816291161,111
3,0.001986491855383393,154
3,0.0011388224575788635,135
3,0.0010698619878035734,90
3,0.0013823610727121925,167
3,0.0014956625785222854,84
3,0.00211954217888936,84
3,0.0016818028927009755,123
3,0.0018786398647379298,180
3,0.0025713551041398816,93
3,0.0010922992900054614,151
3,0.0008936550491510277,169
3,0.001463057790782736,167
3,0.0015216068167985392,127
3,0.001614987080103359,111
3,0.001430615164520744,77
3,0.0010670081092616305,159
3,0.0008007046200656577,76
3,0.0017593244194229415,126
3,0.0015360983102918587,91
3,0.0024703557312252965,118
3,0.0012386968908708038,112
3,0.0011552680221811461,148
3,0.0012396181975951406,129
3,0.0009003331232556045,130
3,0.002233638597274961,81
3,0.0006489292667099286,93
3,0.0010851871947911015,108
3,0.0012948336138806163,136
3,0.000996710854181202,146
3,0.001986491855383393,136
3,0.0016929067208396817,108
3,0.0014541224371092047,97
3,0.0017406440382941688,117
3,0.0009811616954474097,94
3,0.0014007564084605687,77
3,0.0008192692118630182,136
3,0.0013846579894765993,117
3,0.001841959845275373,96
3,0.0016342539630658604,108
3,0.002858776443682104,169
3,0.0016730801405387319,163
3,0.0007624275693809088,93
3,0.0006935774726036898,77
3,0.002144082332761578,133
3,0.0011375270162666364,135
3,0.002027986209693774,136
3,0.001072961373390558,119
3,0.0008644536652835408,149
3,0.0017044486108743822,144
3,0.0017455053237912376,88
3,0.001310100877767588,98
3,0.0014308198597796538,123
3,0.002849814762040467,88
3,0.0014936519790888724,124
3,0.001335291761249833,119
3,0.0008342370901810295,93
3,0.0010996261271167802,86
3,0.0018446781036709095,142
3,0.0010639429726566655,183
3,0.0020933640360058614,117
3,0.0009720062208398134,104
3,0.0005064060363599534,137
3,0.000869414014953921,181
3,0.002315886984715146,127
3,0.002229654403567447,124
3,0.0015688735487919673,175
3,0.0013871549452073796,95
3,0.0009696499563657519,108
3,0.0024125452352231603,126
3,0.0024021138601969735,93
3,0.0015003750937734434,136
3,0.0007346459006758742,143
3,0.0014382281029771322,142
3,0.0012146240738491437,87
3,0.0013356484573260317,127
3,0.0011687704534829358,138
3,0.0016874789065136687,156
3,0.0012618296529968455,134
3,0.0011534025374855825,127
3,0.0010357327809425167,121
3,0.0034118048447628795,145
3,0.002101281781886951,122
3,0.001380071763731714,89
3,0.001893222264293828,163
3,0.0012481278082875687,142
3,0.0010860121633362294,80
3,0.0010310341272296113,124
3,0.0009617234083477592,119
3,0.0018635855385762206,108
3,0.0009939369843951894,176
3,0.0015691197238349285,165
3,0.000939584703561026,126
3,0.001180498170227836,128
3,0.0010817827780181739,159
3,0.002940311673037342,141
3,0.0012583364791745313,81
3,0.0008639308855291577,113
3,0.0010996261271167802,126
3,0.0010744600838078866,132
3,0.0017642907551164433,108
3,0.0014705882352941176,138
3,0.0012841916013869269,176
3,0.0022007042253521128,188
3,0.001397233477714126,144
3,0.0012171372930866603,126
3,0.001452643811737362,123
3,0.0012815583749839804,156
3,0.0013696753869332967,130
3,0.001281722635221738,144
3,0.0011742602160638798,161
3,0.0020116676725005027,139
3,0.0022148394241417496,117
3,0.0011077877478675086,132
3,0.001772735330615139,127
3,0.0020064205457463883,110
3,0.0017376194613379669,136
3,0.0012706480304955528,96
3,0.0016702856188408218,141
3,0.0014324595330181922,135
3,0.0012165450121654502,144
3,0.0020567667626491155,146
3,0.005022601707684581,84
3,0.001160631383472609,93
3,0.001000100010001,122
3,0.0016046213093709885,140
3,0.001434308663224326,129
3,0.0019421246844047388,114
3,0.001239771881973717,142
3,0.001377220768489189,131
3,0.0009853187506158243,180
3,0.0010721561059290233,112
3,0.0012135922330097086,139
3,0.00224870699347875,146
3,0.0019331142470520007,88
3,0.0019596315892612187,83
3,0.0017838030681412772,117
3,0.0038639876352395673,84
3,0.0012147716229348883,146
3,0.0011784115012962526,119
3,0.0014522218995062445,121
3,0.0007686395080707148,125
3,0.0017863522686673813,87
3,0.0015527950310559005,138
3,0.0008102414519526819,122
3,0.000896700143472023,97
3,0.001954652071931196,133
3,0.003314550878355983,110
3,0.001322226629644321,155
3,0.0014675667742882301,150
3,0.0006485925541574783,123
3,0.0010310341272296113,112
3,0.001121327651939897,165
3,0.0016139444803098773,142
3,0.0015715857300015717,118
3,0.0013365410318096765,126
3,0.0018073377914332189,183
3,0.00212630236019562,160
3,0.0009957184108334164,159
3,0.0020781379883624274,80
3,0.0016900456312320432,125
3,0.002068680182043856,141
3,0.0014092446448703494,127
3,0.0008331944675887352,154
3,0.0007266913741733886,114
3,0.0005321979776476849,95
3,0.0036403349108117948,139
3,0.0013303179459890914,128
3,0.0018712574850299401,143
3,0.0037397157816005983,130
3,0.0014357501794687725,107
3,0.000735456350665588,110
3,0.0010559662090813093,121
3,0.0016223231667748216,118
3,0.001128668171557562,125
3,0.0008019889325527308,125
3,0.0014090460758066788,140
3,0.0007870916961826052,134
3,0.0013861935126143609,182
3,0.0016911889058007779,125
3,0.0027114967462039045,116
3,0.0013861935126143609,149
3,0.0017736786094359701,105
3,0.0015815277558121146,119
3,0.001252191334835963,132
3,0.0016175994823681655,131
3,0.0015405946695424434,78
3,0.0011767474699929394,103
3,0.001768033946251768,79
3,0.0008765778401122019,120
3,0.0008649770781074302,140
3,0.0018221574344023323,138
3,0.0015403573629081946,130
3,0.001621271076523995,147
3,0.0012648621300278269,150
3,0.0013561160835367507,93
3,0.0010629251700680273,134
3,0.0013491635186184566,139
3,0.0015926102882624622,95
3,0.0009349289454001496,111
3,0.0011301989150090416,130
3,0.0012973533990659055,143
3,0.0010826025765941322,161
3,0.0013015749056358194,154
3,0.0019758940920766646,144
3,0.001368738023542294,148
3,0.0013663068725235689,119
3,0.00111123458162018,128
3,0.0012140342357654485,93
3,0.0017412502176562773,136
3,0.001854943424225561,75
3,0.001397624039133473,181
3,0.0016160310277957336,91
3,0.0013736263736263737,145
3,0.0012496875781054736,107
3,0.002110595187842972,146
3,0.002538715410002539,175
3,0.001160227404571296,92
3,0.001023331968890708,124
3,0.0021949078138718174,148
3,0.001671402306535183,75
3,0.0012768130745658835,134
3,0.001564210855623338,101
3,0.0015213753232922562,93
3,0.001474708745022858,147
3,0.0011761938367442955,109
3,0.0013170025023047543,123
3,0.002457606291472106,139
3,0.001804402742692169,167
3,0.0016291951775822744,111
3,0.0008257638315441783,93
3,0.0010857763300760044,115
3,0.001007252215954875,98
3,0.0018460402436773122,127
3,0.0007817997029161129,93
3,0.0008227743952608195,130
3,0.0008733624454148472,150
3,0.0011802195208308745,77
3,0.0017331022530329288,140
3,0.0007378440197742198,180
3,0.0014100394811054709,120
3,0.0009728572818367545,186
3,0.0011242270938729624,123
3,0.0024396194193705783,137
3,0.0014367816091954023,139
3,0.001108770373655616,127
3,0.0010817827780181739,151
3,0.0012913223140495868,178
3,0.001746114894360049,107
3,0.001885369532428356,148
3,0.00128783000643915,142
3,0.0025826446280991736,93
3,0.001143379830779785,131
3,0.0026483050847457626,119
3,0.0013935340022296545,93
3,0.0009066183136899365,133
3,0.0010310341272296113,189
3,0.0016998130205677375,109
3,0.0011427265455376528,132
3,0.000795671546785487,124
3,0.0007073636556553725,144
3,0.0026702269692923898,117
3,0.0014382281029771322,181
3,0.001010407194099222,131
3,0.0015931177314003505,75
3,0.0012597631645250692,156
3,0.0010548523206751054,138
3,0.0011774402449075709,85
3,0.0026322716504343247,178
3,0.0009645992090286486,144
3,0.0015142337976983646,120
3,0.001235941169200346,107
3,0.0015323322096230463,116
3,0.0015552099533437014,144
3,0.001979414093428345,138
3,0.0019308746862328635,144
3,0.0010694043417816277,118
3,0.0015556938394523958,119
3,0.001607717041800643,119
3,0.0016228497241155468,181
3,0.0010799136069114472,125
3,0.001440299582313121,104
3,0.0011263798152737104,93
3,0.001904036557501904,96
3,0.0019565642731363725,144
3,0.002942907592701589,131
3,0.0008944543828264759,145
3,0.002037905033625433,130
3,0.0006965243435258062,128
3,0.0009604302727621974,147
3,0.0028368794326241137,116
3,0.0017470300489168414,180
3,0.0017164435290078957,80
3,0.0012871669455528382,83
3,0.0014983518130056938,119
3,0.0014374011786689666,77
3,0.0013370771493515176,139
3,0.0018228217280349982,134
3,0.0011003521126760564,167
3,0.0013338668800853674,142
3,0.0009382623381497466,109
3,0.0016883336147222692,108
3,0.0018590816136828407,107
3,0.0013550135501355014,135
3,0.001596678907871627,116
3,0.0011564704521799469,75
3,0.0013154433043935806,133
3,0.003031221582297666,153
3,0.0008797395970792645,162
3,0.001049097775912715,117
3,0.0011791062374719961,112
3,0.0007975753708725474,124
3,0.0011636025133814289,85
3,0.0016809547823163557,172
3,0.0014452955629426219,146
3,0.0008041817450743868,129
3,0.0016781339150864238,131
3,0.0014641288433382138,84
3,0.0012281994595922379,141
3,0.0012405408758218582,121
3,0.0007583225904299689,125
3,0.001769598301185631,124
3,0.001367801942278758,100
3,0.0015236934328813044,166
3,0.0009255831173639393,146
3,0.0010848340203948796,123
3,0.0011158223610801161,120
3,0.0012746972594008922,141
3,0.001256281407035176,185
3,0.0020798668885191347,151
3,0.0005852744937375629,106
3,0.0010940919037199124,144
3,0.0032541490400260333,126
3,0.0011571395510298543,155
3,0.0013166556945358788,185
3,0.0023685457129322598,140
3,0.002168256721595837,104
3,0.0016196954972465176,198
3,0.0015309246785058174,140
3,0.0009592326139088729,110
3,0.0013846579894765993,95
3,0.0007757951900698216,122
3,0.0010975743606629349,115
3,0.0013738150844896278,114
3,0.0011649580615097856,129
3,0.001021659174499387,134
3,0.0022466861379465287,189
3,0.0009072763563781528,115
3,0.0010656436487638534,126
3,0.002147766323024055,85
3,0.0016220600162206002,143
3,0.0007176690110521028,111
3,0.0010853049706967658,113
3,0.0015274171376202842,124
3,0.000947597839476926,155
3,0.001070090957731407,110
3,0.00078976465013426,100
3,0.001184834123222749,96
3,0.001257071024512885,116
3,0.0013601741022850925,157
3,0.0014452955629426219,110
3,0.001738828029907842,142
3,0.000940379913485048,95
3,0.0011614401858304297,118
3,0.001607717041800643,137
3,0.0019646365422396855,95
3,0.0012006243246488173,96
3,0.0011983223487118035,99
3,0.0009230201218386561,119
3,0.0011547344110854503,96
3,0.002113271344040575,135
3,0.002533569799847986,99
3,0.0028851702250432777,134
3,0.001026694045174538,180
3,0.0017905102954341987,118
3,0.0017608733932030288,119
3,0.0016784155756965425,93
3,0.0018278194114421495,117
3,0.0010435145570280705,139
3,0.0021231422505307855,139
3,0.0015780337699226763,98
3,0.0015956598053295037,123
3,0.0007620208793720948,202
3,0.0009753242953281966,130
3,0.001417434443656981,83
3,0.0020995171110644553,104
3,0.00084774499830451,134
3,0.0011486331265793705,110
3,0.002155636990730761,129
3,0.0012297097884899164,115
3,0.0012675877804537963,177
3,0.002180549498473615,124
3,0.002871088142405972,111
3,0.0012965123816932453,100
3,0.0011139578923916676,92
3,0.0008440243079000675,111
3,0.0009381743127873159,99
3,0.0016289297931259162,130
3,0.002140869192892314,129
3,0.0008337502084375521,126
3,0.0020721094073767096,134
3,0.0015008254539997,147
3,0.0012642225031605564,132
3,0.0008340979230961714,96
3,0.000948676596148373,81
3,0.0007396449704142012,95
3,0.0012696800406297613,85
3,0.0009845426799251747,94
3,0.0011439029970258523,82
3,0.0010777023386140748,112
3,0.0029231218941829875,146
3,0.0010909884355225835,185
3,0.0017247326664367024,156
3,0.0015578750584203146,95
3,0.0009897070467141725,138
3,0.0014615609470914938,146
3,0.0008413259296651522,95
3,0.0013572204125950054,97
3,0.002103049421661409,125
3,0.0015344483658124904,93
3,0.0012454851164528584,144
3,0.0012714558169103624,103
3,0.0011409013120365088,158
3,0.001260239445494644,103
3,0.0012799180852425445,118
3,0.0014196479273140261,113
3,0.0011889192723814053,133
3,0.0010374520178441746,127
3,0.0011031439602868175,162
3,0.0011394712853236098,139
3,0.0012703252032520325,145
3,0.0007707129094412332,141
3,0.0010615711252653928,105
3,0.0013892747985551543,140
3,0.0013448090371167294,95
3,0.0007597052343690648,140
3,0.0008082114281095934,108
3,0.001315270288044193,123
3,0.0011038745998454575,154
3,0.001418238547723727,147
3,0.001155802126675913,97
3,0.0007341065922771986,138
3,0.0008710801393728223,148
3,0.0008435970980259828,156
3,0.0020008003201280513,109
3,0.0020907380305247754,98
3,0.0012125621438098702,123
3,0.0022346368715083797,185
3,0.0014896469536719798,140
3,0.0009034239768723462,131
3,0.0009517464547444561,128
3,0.000994233446013124,84
3,0.0021987686895338612,128
3,0.0012759984688018374,134
3,0.0009859016070196194,142
3,0.0012465719272001994,128
3,0.001292156609381057,134
3,0.0014632718759145448,111
3,0.0016512549537648614,85
3,0.002177226213803614,137
3,0.0009353661958656814,155
3,0.001597444089456869,107
3,0.001288825879623663,120
3,0.001426330052774212,95
3,0.001771793054571226,135
3,0.0009943323058566173,100
3,0.001147842056932966,108
3,0.0011900511722004047,131
3,0.001434308663224326,111
3,0.001514692517418964,142
3,0.0009009820704567979,126
3,0.0011284134506883321,122
3,0.0008599191675982457,84
3,0.0012447099825740602,93
3,0.0013063357282821686,101
3,0.0016056518946692357,126
3,0.00209819555182543,76
3,0.0016,94
3,0.0011532695190866105,122
3,0.002280501710376283,94
3,0.0010278548668927947,176
3,0.0010990218705352237,94
3,0.002384358607534573,127
3,0.0013914011409489355,160
3,0.0028768699654775605,95
3,0.0014522218995062445,111
3,0.0010218679746576743,132
3,0.0014602803738317756,113
3,0.001884303749764462,106
3,0.0010569707219110032,100
3,0.0017029972752043597,119
3,0.001026694045174538,136
3,0.0020721094073767096,126
3,0.0013984058173682002,133
3,0.0015634771732332708,84
3,0.0017930787161556392,106
3,0.0012039489525644113,138
3,0.0005848979353102883,122
3,0.00183452577508714,175
3,0.0014405070584845865,136
3,0.0015479876160990713,95
3,0.00209819555182543,125
3,0.0013125082031762699,190
3,0.0012348728081007657,129
3,0.0008971828458639871,109
3,0.0017358097552508246,127
3,0.0026939655172413795,135
3,0.001846381093057607,125
3,0.0008416799932665601,143
3,0.0017806267806267807,116
3,0.0014357501794687725,138
3,0.0011441647597254005,139
3,0.0009035056017347307,172
3,0.0015142337976983646,185
3,0.0010619093129446745,93
3,0.0025799793601651187,93
3,0.001691761123329386,139
3,0.0008773469029654326,115
3,0.000841609156707625,124
3,0.0012812299807815502,129
3,0.0008447372867038351,136
3,0.0017905102954341987,134
3,0.0011770244821092278,101
3,0.001486546751895347,143
3,0.0012632642748863063,119
3,0.001027115858668858,132
3,0.001124985937675779,158
3,0.0013335111348179757,77
3,0.0017525411847178409,129
3,0.0009673986649898423,122
3,0.0016608536787908986,125
3,0.0009936406995230524,131
3,0.001908761213972132,124
3,0.001257387149503332,110
3,0.0011768859597505001,108
3,0.0012627857052658164,138
3,0.001643655489809336,104
3,0.0017618040873854828,152
3,0.0023889154323936935,139
3,0.00175377060680463,118
3,0.0012113870381586917,145
3,0.0013306719893546241,147
3,0.001479727730097662,188
3,0.0026034886748242643,139
3,0.001524390243902439,136
3,0.00145985401459854,127
3,0.0016025641025641025,124
3,0.0015167602002123465,140
3,0.0011185682326621924,108
3,0.0020329335230737954,152
3,0.0012135922330097086,143
3,0.000996512207274539,143
3,0.0008954956568460643,84
3,0.0006569007422978388,128
3,0.0012551776076314798,101
3,0.0015271838729383018,138
3,0.001024485196188915,116
3,0.0013189132155104195,150
3,0.0027442371020856204,151
3,0.0016798252981689904,128
3,0.0016147263038914905,129
3,0.0011469205184080743,127
3,0.001052520787285549,127
3,0.0015971889474524837,113
3,0.0009144111192392099,132
3,0.0012386968908708038,123
3,0.0011154489682097045,114
3,0.0021376656690893546,140
3,0.0012205541315757353,124
3,0.0015961691939345571,131
3,0.0015030813166992333,128
3,0.0016479894528675016,113
3,0.0010649627263045794,122
3,0.0022701475595913734,137
3,0.0015021781583295778,156
3,0.0011690437222352116,130
3,0.0016943409013893595,79
3,0.001129305477131564,139
3,0.0013970382788488405,93
3,0.0013243279035889286,156
3,0.0025906735751295338,139
3,0.0012565971349585323,104
3,0.0022158209616662972,118
3,0.0020116676725005027,84
3,0.00133422281521014,133
3,0.002041649652919559,156
3,0.0014690759512266784,186
3,0.001457301078402798,84
3,0.0016625103906899418,127
3,0.0014039028499227854,145
3,0.0015691197238349285,121
3,0.0011046062078868884,105
3,0.0007339449541284404,126
3,0.0019135093761959434,134
3,0.0031735956839098697,157
3,0.001575547502757208,112
3,0.0015055706112616681,142
3,0.0020785699438786117,138
3,0.001266784899923993,119
3,0.0018429782528566164,108
3,0.001890359168241966,87
3,0.0018556318426424198,186
3,0.0008338197281747686,127
3,0.0012171372930866603,138
3,0.001026167265264238,172
3,0.0007395902669920864,135
3,0.0011198208286674132,113
3,0.001292824822236587,120
3,0.0009247272054743851,85
3,0.0011702750146284377,117
3,0.0011894849530153444,125
3,0.00209819555182543,146
3,0.000733998825601879,128
3,0.0010920607185759528,138
3,0.0007702380035430948,99
3,0.0010395010395010396,104
3,0.0010757314974182443,136
3,0.001145475372279496,85
3,0.0022461814914645105,108
3,0.001054407423028258,188
3,0.0020189783969311527,120
3,0.0019219680953296175,102
3,0.0013083867591259977,109
3,0.0010828370330265296,88
3,0.0012078753472641623,136
3,0.00216169476869866,184
3,0.0013700506918755994,109
3,0.0008589589417625838,75
3,0.0014247043738424277,130
3,0.0011209505660800358,106
3,0.0010022048506714773,95
3,0.0008421761832575374,95
3,0.0013997760358342665,124
3,0.0015190642564180464,138
3,0.0015188335358444715,180
3,0.001266624445851805,84
3,0.001721466689619556,115
3,0.0012434717731907485,93
3,0.0013453518094981838,138
3,0.001323276432446738,117
3,0.0016691704223001167,125
3,0.002016942315449778,118
3,0.0011113580795732384,125
3,0.0013747594171020072,137
3,0.0009044044496698924,134
3,0.0032927230819888046,117
3,0.0011918951132300357,177
3,0.0011642798928862498,160
3,0.0008813678829543451,78
3,0.0010256410256410256,124
3,0.0012064181445288937,84
3,0.0011621150493898896,126
3,0.0009996001599360256,183
3,0.001692047377326565,148
3,0.0010789814415192059,117
3,0.0010414496979795876,95
3,0.0011345586566825505,93
3,0.0012561236025624921,179
3,0.0029824038174768863,117
3,0.002050440844781628,127
3,0.0012301636117603642,148
3,0.0008107669855683476,152
3,0.0015183723048891589,135
3,0.0019496977968414895,108
3,0.0011444266422522317,141
3,0.0015021781583295778,114
3,0.001384083044982699,84
3,0.0013633265167007499,144
3,0.0012445550715619166,125
3,0.0025575447570332483,105
3,0.000726480203414457,121
3,0.0012948336138806163,145
3,0.0019116803670426305,137
3,0.0018539117538005192,199
3,0.0011546010853250202,138
3,0.0031416902293433867,187
3,0.0012239902080783353,148
3,0.001279754287176862,128
3,0.0013883104262113009,111
3,0.0011851149561507466,115
3,0.001839587932303164,131
3,0.000750581700818134,86
3,0.0014322543683758235,103
3,0.0011957431543704413,115
3,0.001104728236853734,75
3,0.0015915963711602738,126
3,0.0017035775127768314,86
3,0.0012904890953671442,125
3,0.0022251891410769915,138
3,0.0015021781583295778,109
3,0.0010679196924391287,116
3,0.0011548677676406051,137
3,0.0009391435011269722,133
3,0.0009301460329271695,139
3,0.0016539861065167053,181
3,0.0010957703265395574,140
3,0.0010004001600640256,128
3,0.002325581395348837,140
3,0.0007445461990916537,119
3,0.0009169264624977076,146
3,0.002173913043478261,127
3,0.0009493971328206589,176
3,0.0008320852055250458,123
3,0.001367053998632946,163
3,0.0010778184953653806,97
3,0.0014092446448703494,145
3,0.0014188422247446084,154
3,0.0023512814483893723,156
3,0.001702127659574468,131
3,0.0014054813773717498,166
3,0.0016053941242575051,129
3,0.0016239038648911985,147
3,0.0012106537530266344,140
3,0.00176772140710624,103
3,0.0011092623405435386,164
3,0.0009134922809902257,128
3,0.0015508684863523574,104
3,0.0012043839576056847,93
3,0.001027115858668858,127
3,0.0018063583815028901,142
3,0.0009995002498750624,130
3,0.0025031289111389237,150
3,0.0017448961786773686,110
3,0.0016474464579901153,105
3,0.001448225923244026,127
3,0.0007807620237351655,84
3,0.001428775539362766,146
3,0.0023180343069077423,137
3,0.0022696323195642307,107
3,0.0010890873448050533,134
3,0.0012335019119279634,125
3,0.001866368047779022,133
3,0.001541782300339192,104
3,0.001233654083395016,166
3,0.0018328445747800588,147
3,0.0017114495978093444,105
3,0.0012512512512512512,156
3,0.0011107408641563923,137
3,0.0018248175182481751,140
3,0.002129471890971039,108
3,0.0018501387604070306,85
3,0.002485089463220676,91
3,0.0010111223458038423,123
3,0.0016969285593076533,155
3,0.0021431633090441492,117
3,0.001191753068764152,155
3,0.0012904890953671442,118
3,0.0008513536523071684,125
3,0.0012758356723653994,139
3,0.0018086453246518358,121
3,0.002345765892563922,121
3,0.0014652014652014652,118
3,0.001052520787285549,143
3,0.0010325245224574084,81
3,0.0019719976336028395,133
3,0.0009116601331023794,137
3,0.0009186110600771634,135
3,0.0013257324671881213,142
3,0.002055921052631579,177
3,0.0010567473317129874,112
3,0.001288659793814433,129
3,0.0019342359767891683,156
3,0.00126806999746386,128
3,0.0012916559028674762,105
3,0.0009678668215253581,119
3,0.0008031483414986748,127
3,0.0016548072149594572,151
3,0.0010548523206751054,93
3,0.0018950161076369148,163
3,0.0012084592145015106,89
3,0.001021972406745018,100
3,0.0015571473061351605,95
3,0.0012408487405385284,125
3,0.0009793360101850944,162
3,0.00216076058772688,115
3,0.0008298755186721991,150
3,0.0016038492381716118,143
3,0.0022237046920169003,109
3,0.0009328358208955224,153
3,0.0013966480446927375,172
3,0.0010890873448050533,84
3,0.001200192030724916,120
3,0.0012149192078726764,157
3,0.0014275517487508922,129
3,0.0014843402107763098,141
3,0.0010113268608414239,162
3,0.0015762925598991173,177
3,0.0011279043537108053,136
3,0.0014417531718569781,143
3,0.001452643811737362,95
3,0.0008979078746520607,127
3,0.0012841916013869269,92
3,0.0018733608092918695,134
3,0.0009733307377846992,110
3,0.0010297600659046442,81
3,0.0013651877133105802,135
3,0.0014634860237084735,109
3,0.0017516202487300753,126
3,0.0016542597187758478,127
3,0.0011196954428395476,152
3,0.002277904328018223,93
3,0.0019538882375928096,98
3,0.001658649859014762,122
3,0.0009272137227630969,107
3,0.0018814675446848542,183
3,0.0014539110206455365,128
3,0.0011280315848843769,110
3,0.0016423057973394646,93
3,0.0009076057360682519,117
3,0.0008702462796971543,108
3,0.0009366804046459348,127
3,0.0015520720161415489,101
3,0.0013250298131707962,139
3,0.0012439358129120537,150
3,0.0018301610541727673,142
3,0.0010005002501250625,115
3,0.0015569048731122529,93
3,0.0012330456226880395,140
3,0.0015126304643775525,114
3,0.0012348728081007657,154
3,0.00536480686695279,127
3,0.0013145786775338505,144
3,0.001128158844765343,144
3,0.001192890373374687,132
3,0.001002104419280489,124
3,0.0014652014652014652,141
3,0.0010452597470471411,97
3,0.0011631964638827497,124
3,0.000875196919306844,90
3,0.0015762925598991173,125
3,0.0014838996883810654,136
3,0.0011029006286533583,96
3,0.0015720798616569722,126
3,0.002110149820637265,151
3,0.0014615609470914938,125
3,0.002008435428800964,147
3,0.000828225940036442,151
3,0.002222716159146477,148
3,0.0012640626975097965,139
3,0.0013041210224308817,77
3,0.0011845534233593934,109
3,0.0013689253935660506,94
3,0.0014963339817447255,119
3,0.0019353590090961873,131
3,0.001813236627379873,98
3,0.0007259001161440186,190
3,0.0010757314974182443,117
3,0.0006370238246910434,127
3,0.001216397031991242,125
3,0.001661681621801263,100
3,0.0007336757153338225,130
3,0.0015910898965791568,183
3,0.0014009526478005044,180
3,0.0011690437222352116,84
3,0.0013640703860319193,142
3,0.002236636099306643,113
3,0.0030553009471432934,109
3,0.000860141063134354,142
3,0.0008026326350429408,130
3,0.000858074480864939,104
3,0.0026716537536735237,171
3,0.0008493290300662477,189
3,0.0018964536317087046,100
3,0.0008280887711162637,118
3,0.0011838522552385462,145
3,0.003389830508474576,95
3,0.0012642225031605564,118
3,0.0013886960144424386,124
3,0.0009129085265656381,99
3,0.0020764119601328905,108
3,0.0015401201293700909,93
3,0.0010008006405124099,121
3,0.0007471607890017932,79
3,0.0010419922892570595,157
3,0.0013915947676036739,123
3,0.0012732365673542145,78
3,0.0015026296018031556,143
3,0.0029967036260113876,176
3,0.0015053439710973958,159
3,0.0025322866548493288,115
3,0.0013297872340425532,153
3,0.0011997600479904018,98
3,0.0017661603673613563,84
3,0.0017056114617090227,93
3,0.001422070534698521,130
3,0.0012850167052171678,80
3,0.0009511128019783146,160
3,0.00128783000643915,137
3,0.0018982536066818527,93
3,0.0011813349084465446,131
3,0.0011535355865728459,81
3,0.0013564839934888768,127
3,0.0009884353069091628,114
3,0.0010501995379122034,85
3,0.0011144544745347153,110
3,0.0013844662882458812,125
3,0.0010211375472276116,86
3,0.0010167768174885613,100
3,0.001539882968894364,139
3,0.0013252054068380599,127
3,0.0011920371915603767,119
3,0.0018027762754642149,127
3,0.001428775539362766,103
3,0.0015938795027095952,139
3,0.0014066676044450696,97
3,0.001350621285791464,126
3,0.0013954786491766676,128
3,0.0008606592649969877,116
3,0.0007556865412227009,112
3,0.001154334526145677,94
3,0.0016986580601324954,126
3,0.0008852691218130312,104
3,0.0014925373134328358,152
3,0.0007293946024799417,141
3,0.0007765783955890347,93
3,0.001989258006763477,85
3,0.0012929919834497026,149
3,0.0011682242990654205,161
3,0.0010088781275221952,142
3,0.0005994844433786943,145
3,0.0009407337723424271,140
3,0.0017232465965879718,77
3,0.0014132278123233466,93
3,0.0013215276860050217,126
3,0.0013539128080151638,108
3,0.0013537295248409367,127
3,0.001402524544179523,126
3,0.0009231053263177328,84
3,0.0014011489421325487,126
3,0.0017259233690024164,137
3,0.0016257519102584946,91
3,0.0011524720525527255,136
3,0.0014467592592592592,147
3,0.0018570102135561746,159
3,0.0018484288354898336,175
3,0.002379819133745835,133
3,0.0014382281029771322,172
3,0.001205836247437598,95
3,0.0008530967411704487,95
3,0.0010558547143912998,163
3,0.0017455053237912376,110
3,0.000971722864639005,75
3,0.0014438348252959862,138
3,0.0015262515262515263,107
3,0.0019249278152069298,145
3,0.0013448090371167294,132
3,0.0015923566878980893,87
3,0.000924898261191269,162
3,0.0008649770781074302,165
3,0.0013157894736842105,133
3,0.0009910802775024777,106
3,0.0015617679212868967,143
3,0.0009125752874612155,159
3,0.002202158114952654,145
3,0.002372479240806643,79
3,0.0015064778547755348,140
3,0.0008435970980259828,174
3,0.0015518311607697084,134
3,0.001574555188159345,139
3,0.0012561236025624921,135
3,0.0009894132779261898,94
3,0.002533569799847986,103
3,0.0016960651289009499,99
3,0.0008946944618412812,179
3,0.001093972213105787,143
3,0.0017001020061203672,115
3,0.001088494611951671,137
3,0.0012448649321548612,111
3,0.0014382281029771322,109
3,0.0009175153683824204,93
3,0.0016663889351774704,142
3,0.0018092998009770218,190
3,0.0010804970286331713,95
3,0.0014100394811054709,138
3,0.0007922047056959518,111
3,0.002025111381125962,112
3,0.0012719409819384382,154
3,0.002190580503833516,141
3,0.0009161704076958314,95
3,0.001435544071202986,121
3,0.0014619883040935672,130
3,0.0014438348252959862,178
3,0.001318217769575534,95
3,0.001513317191283293,140
3,0.0016803898504453034,137
3,0.0018608113137327876,102
3,0.0010035122930255895,124
3,0.0013044612575006521,110
3,0.0010777023386140748,131
3,0.0006825006825006825,123
3,0.0026116479498563593,125
3,0.0012768130745658835,106
3,0.0011014428901861438,126
3,0.001100715465052284,107
3,0.0014954389113204726,107
3,0.00166333998669328,129
3,0.0010790978741771879,153
3,0.0013401232913428035,97
3,0.0014066676044450696,122
3,0.001203079884504331,111
3,0.0010376673238559717,119
3,0.0012727504136438843,134
3,0.0013908205841446453,118
3,0.0013404825737265416,143
3,0.0012790995139421847,135
3,0.002161227577263886,155
3,0.002369106846718787,98
3,0.0015837820715869496,124
3,0.0011827321111768185,126
3,0.001095890410958904,112
3,0.0012846865364850976,131
3,0.0017667844522968198,131
3,0.0016084928422068522,145
3,0.0015710919088766694,98
3,0.0020454080589077522,124
3,0.0011655011655011655,128
3,0.0009887284951552303,117
3,0.0008220979940808945,150
3,0.0011735711770918906,153
3,0.001490979573579842,128
3,0.0014600671630895022,98
3,0.0009340556697179152,111
3,0.0013966480446927375,122
3,0.0010073536818777072,127
3,0.0009728572818367545,85
3,0.0006882312456985547,139
3,0.002890173410404624,126
3,0.001774622892635315,98
3,0.0015688735487919673,95
3,0.0017143836790673753,174
3,0.0011852554225435582,147
3,0.0014764506127270044,147
3,0.0015051173991571343,85
3,0.0009200478424878093,127
3,0.0010323113451016826,120
3,0.0009347541596560105,135
3,0.0009720062208398134,153
3,0.00092824654228163,131
3,0.001546551190844417,135
3,0.0014033118158854898,133
3,0.0009005763688760807,84
3,0.0011914690813773384,130
3,0.002533569799847986,96
3,0.0012990387113535984,121
3,0.001781895937277263,180
3,0.001016053647632595,140
3,0.0013970382788488405,78
3,0.000999900009999,132
3,0.001222344456667889,158
3,0.0011571395510298543,180
3,0.001256913021618904,104
3,0.0007624857033930614,87
3,0.001416029453412631,150
3,0.0015179113539769277,116
3,0.0020116676725005027,115
3,0.0009473285335354301,136
3,0.0013039509714434737,93
3,0.000999000999000999,106
3,0.0013766519823788547,93
3,0.0014054813773717498,150
3,0.001417233560090703,100
3,0.0019105846388995033,144
3,0.0015003750937734434,106
3,0.0011064394777605664,93
3,0.0008850340738118418,147
3,0.0011676786548341896,135
3,0.001505797319680771,139
3,0.0012955045990413266,124
3,0.003037667071688943,95
3,0.0017117425539198905,94
3,0.0023293733985557887,120
3,0.0017397355601948504,84
3,0.001902587519025875,100
3,0.0014314342971657602,151
3,0.001363884342607747,146
3,0.0018782870022539444,84
3,0.0015339776039269826,94
3,0.0013131976362442547,139
3,0.0012239902080783353,142
3,0.002229157378510923,144
3,0.0010499790004199917,132
3,0.0015625,121
3,0.001335291761249833,103
3,0.0010726161106939826,95
3,0.0011407711613050423,139
3,0.0007841907151819323,107
3,0.0011994722322178242,112
3,0.001411631846414455,124
3,0.0008664760419374404,135
3,0.001115324559446799,143
3,0.001239771881973717,135
3,0.0008160600620205648,150
3,0.0013363624214887077,104
3,0.002135383301302584,129
3,0.0016105653084232566,110
3,0.0016204829039053639,109
3,0.0015337423312883436,110
3,0.0018604651162790699,131
3,0.0013757050488375291,95
3,0.0008640801866413203,134
3,0.0011209505660800358,134
3,0.0026845637583892616,125
3,0.0017328019407381737,112
3,0.001098297638660077,120
3,0.000779423226812159,148
3,0.0016305233980107615,128
3,0.0013442667025137787,144
3,0.0019204916458613404,101
3,0.0011556685542586387,94
3,0.0018311664530305805,132
3,0.0013381506757660913,102
3,0.0022461814914645105,97
3,0.0009278159213212099,148
3,0.0020631318341242004,132
3,0.001926040061633282,174
3,0.0028977108084613156,95
3,0.0009794319294809011,155
3,0.0016409583196586807,83
3,0.0010050251256281408,106
3,0.0013869625520110957,136
3,0.0018040772145047808,106
3,0.001986491855383393,116
3,0.0014784151389710231,135
3,0.0013128528291978469,103
3,0.0016697278343629988,149
3,0.0016331863465621427,93
3,0.0016204829039053639,137
3,0.0011063170704723973,152
3,0.0007608034083992696,93
3,0.0010474494605635278,175
3,0.0013430029546065002,93
3,0.002010454362685967,137
3,0.0012439358129120537,123
3,0.0009137426900584795,108
3,0.0010957703265395574,111
3,0.001320829480914014,128
3,0.001827485380116959,128
3,0.0013360053440213762,136
3,0.0008462384700008462,96
3,0.002028809089064719,119
3,0.0010611205432937182,129
3,0.0021987686895338612,135
3,0.0013058239749281796,112
3,0.000885582713425434,108
3,0.001252191334835963,84
3,0.0013392259274139548,115
3,0.0016719612104999163,151
3,0.0011416828405069071,105
3,0.0017879492222420883,97
3,0.0014190435646374343,143
3,0.0013087292239235702,117
3,0.0012674271229404308,80
3,0.001222344456667889,139
3,0.0017382235355466714,171
3,0.001210800339024095,126
3,0.0012659830358273199,76
3,0.0014291839359725598,108
3,0.0014863258026159335,146
3,0.0009856100926473486,141
3,0.0009110787172011661,147
3,0.0014509576320371445,79
3,0.0012733987011333248,151
3,0.0011275228323373548,138
3,0.0015678896205707118,108
3,0.0011983223487118035,111
3,0.0008494733265375467,78
3,0.003104625892579944,119
3,0.0018092998009770218,157
3,0.001399384270920795,100
3,0.001288992008249549,134
3,0.0018335166850018336,107
3,0.0008529512111907199,131
3,0.0016488046166529267,96
3,0.0012205541315757353,123
3,0.0007501875468867217,125
3,0.0013354700854700855,111
3,0.0016302575806977503,188
3,0.0020977554017201595,134
3,0.0015915963711602738,88
3,0.0010026067776218166,150
3,0.0026595744680851063,84
3,0.0009642271719217047,112
3,0.001093972213105787,141
3,0.002485707183693761,153
3,0.0010443864229765013,139
3,0.0011641443538998836,138
3,0.001669449081803005,161
3,0.000869187309865276,148
3,0.003355704697986577,156
3,0.0013159626266614028,108
3,0.0011641443538998836,125
3,0.0015634771732332708,84
3,0.0012987012987012987,125
3,0.0021781746896101066,114
3,0.0013280212483399733,137
3,0.0013770311209033324,137
3,0.0011723329425556857,93
3,0.0011380448389666552,149
3,0.0023758612497030173,118
3,0.0014029180695847362,93
3,0.0012735608762098828,125
3,0.0007739938080495357,151
3,0.0010465724751439038,110
3,0.001804728388377549,115
3,0.0012868356710848024,141
3,0.0012125621438098702,93
3,0.0013966480446927375,128
3,0.0022104332449160036,149
3,0.0010843634786380394,142
3,0.0015048908954100827,135
3,0.001905850962454736,84
3,0.001071007818357074,95
3,0.003355704697986577,119
3,0.0013515339910798758,119
3,0.001990842126219391,141
3,0.0010249051962693452,114
3,0.0010576414595452142,133
3,0.0009603380389897244,181
3,0.0009031791907514451,146
3,0.0013419216317767043,149
3,0.0024931438544003987,117
3,0.0010866021949364338,158
3,0.0009871668311944718,158
3,0.0014779781259237363,85
3,0.002635740643120717,81
3,0.0016972165648336728,104
3,0.001327844907714779,120
3,0.0011934598400763815,114
3,0.0013157894736842105,130
3,0.0021929824561403508,102
3,0.0010315659170621002,118
3,0.0009641342074816814,147
3,0.0012172854534388314,109
3,0.0009794319294809011,125
3,0.0008327781479013991,120
3,0.001763046544428773,139
3,0.0015946420028703557,135
3,0.0012685525815045035,148
3,0.0016923337282112032,99
3,0.0016305233980107615,93
3,0.0018978933383943823,94
3,0.001483679525222552,85
3,0.0014279594459517349,100
3,0.001288825879623663,123
3,0.0028555111364934323,109
3,0.0018129079042784628,141
3,0.0015595757953836558,143
3,0.000963020030816641,136
3,0.0018786398647379298,148
3,0.0017988846914912754,93
3,0.0018258170531312763,99
3,0.00145602795573675,128
3,0.0016355904481517827,86
3,0.002048760499897562,98
3,0.0014590020426028597,104
3,0.0008126117341134406,172
3,0.00254323499491353,109
3,0.002101723413198823,105
3,0.0012968486577616392,144
3,0.0012135922330097086,127
3,0.0013385089010841923,84
3,0.0017001020061203672,109
3,0.0007176175098672408,118
3,0.0024067388688327317,148
3,0.002213368747233289,130
3,0.001188495364868077,105
3,0.0021321961620469083,143
3,0.0007985307035055498,145
3,0.00254323499491353,124
3,0.001531628120692296,138
3,0.001671681711802073,145
3,0.001169864295741694,147
3,0.0015830299192654742,128
3,0.0014887598630340926,153
3,0.001272264631043257,93
3,0.00194325689856199,116
3,0.0010903936321011885,160
3,0.0015820281601012498,108
3,0.001864975755315181,84
3,0.0010595465140919686,132
3,0.0020903010033444815,188
3,0.0014126289023873428,129
3,0.0011159468809284678,105
3,0.0012434717731907485,146
3,0.0013135426244581636,142
3,0.001026588645929576,148
3,0.0009355412105903266,93
3,0.0008499065102838688,142
3,0.0013469827586206897,182
3,0.0012911555842479018,94
3,0.0026406126221283337,113
3,0.002007226013649137,100
3,0.0010424267695194412,142
3,0.000709622480840193,195
3,0.0010902747492368076,162
3,0.001000100010001,127
3,0.0011049723756906078,141
3,0.001283532280836863,137
3,0.001112099644128114,138
3,0.0015299877600979193,127
3,0.0012431626056688214,136
