2,0.0008733624454148472,674
3,0.0001606090294396351,650
3,0.00011882835244489335,634
1,0.00011143675407022744,681
2,0.00048449612403100775,624
2,0.00008491415179253775,712
1,0.0011452130096197893,752
2,0.000681802686302584,702
2,0.0002098768023170399,699
1,0.00010124839268176618,638
2,0.002082032063293775,685
2,0.00006647124121748725,742
1,0.00009305961398872117,675
1,0.00003173635971259553,738
1,0.000016971445542874114,727
1,0.000046268449544255775,746
1,0.000009884939306472659,644
2,0.625,677
1,0.000010576615948267656,681
1,0.000014114585024142998,621
1,0.000009022811471963419,760
1,0.000008468970960745473,639
1,0.00006272778025204022,668
2,0.00003999984000064,643
2,0.00004994456153669427,693
1,0.0002694981943620978,705
1,0.0002790801518196026,709
1,0.00001551229349259288,684
1,0.0001451484142535743,640
1,0.000006285525001618523,709
2,0.00015608172439089107,662
2,0.0005060472648145337,728
1,0.000010127823257330772,636
1,0.000036187305493232976,752
1,0.000010453865002968897,687
2,0.001157809424568716,661
1,0.000005438323430146367,710
1,0.000012154153560437745,762
2,0.0028169014084507044,625
1,0.00003787692272728994,681
1,0.00002214290142866,629
2,0.00011108519123315671,671
1,0.000005042943182672044,642
2,0.000031907493793992455,635
2,0.00017776829680194833,713
2,0.00018532589558739043,680
2,0.00020083144217058623,693
2,0.0002761820592134335,674
1,0.00014470942347765686,613
2,0.00007023359694343386,725
3,0.00008976499524245525,740
2,0.00005856206700671707,607
2,0.00012718762718762718,701
2,0.00009313068097153926,700
2,0.0002086288909288158,730
1,0.00022065800216244843,678
1,0.000018447563722496988,704
1,0.00003067861087249969,670
1,0.00007897334649555775,727
2,0.0006047411707789066,684
1,0.00006920942078635744,651
1,0.000006911762368080375,656
1,0.000035527891170963766,693
1,0.00002771618625277162,660
2,0.00011430661606693796,702
1,0.000057181413753273634,628
2,0.0001819207189506813,590
2,0.00022410972412092962,732
1,0.00001846728889118704,680
1,0.00020409829373826434,657
1,0.00008323830293747971,779
1,0.00017233653879295487,666
1,0.0004959087527894868,729
2,0.0007710694733595497,617
1,0.00020802562875746293,694
1,0.0000037058352452355,711
2,0.0006869075422448139,677
2,0.00037210686909280345,653
1,0.000014478149576658906,731
1,0.00001492136440956161,771
1,0.00004489216901003789,653
3,0.0006996431819771917,702
2,0.00002870857352839852,720
2,0.00011307740148131396,651
