8,0.4166666666666667,491
8,0.011013215859030838,563
8,0.009017132551848512,544
8,0.008880994671403197,506
8,0.011587485515643106,564
8,0.0070921985815602835,484
8,0.0053705692803437165,552
8,0.010460251046025104,557
8,0.008628127696289905,569
8,0.006285355122564425,558
8,0.009950248756218905,458
8,0.003385240352064997,488
8,0.004257130693912303,548
8,0.004551661356395084,563
8,0.007656967840735069,530
8,0.005434782608695652,520
8,0.006464124111182934,494
8,0.01968503937007874,498
8,0.011834319526627219,486
8,0.01440922190201729,625
8,0.005927682276229994,533
8,0.0038182512409316535,499
8,0.007087172218284904,538
8,0.007189072609633357,491
8,0.015527950310559006,539
8,0.01607717041800643,470
8,0.005387931034482759,518
8,0.00881057268722467,548
8,0.008865248226950355,520
8,0.00851063829787234,516
8,0.00856898029134533,564
8,0.43478260869565216,557
8,0.008216926869350863,495
8,0.006765899864682003,546
8,0.004814636494944632,459
8,0.00966183574879227,510
8,0.006779661016949152,485
8,0.00496031746031746,587
8,0.021231422505307854,505
8,0.00655307994757536,487
8,0.003654970760233918,537
8,0.010050251256281407,538
8,0.0051387461459403904,577
8,0.008873114463176575,489
8,0.625,501
8,0.008051529790660225,492
8,0.01335113484646195,544
8,1,526
8,0.01092896174863388,503
8,0.009606147934678195,514
8,0.011627906976744186,557
8,0.006215040397762586,531
8,0.004206983592763988,557
8,0.007262164124909223,476
8,0.007352941176470588,504
8,0.008410428931875526,528
8,0.45454545454545453,493
8,0.01567398119122257,562
8,0.0073475385745775165,535
8,0.008517887563884156,574
8,0.005571030640668524,545
8,0.0053792361484669175,531
8,0.009433962264150943,460
8,0.11363636363636363,499
8,0.006635700066357001,543
8,0.13333333333333333,471
8,0.002416626389560174,473
8,0.01053740779768177,500
8,0.006321112515802781,487
8,0.012254901960784314,554
8,0.011574074074074073,466
8,0.006067961165048544,504
8,0.47619047619047616,473
8,0.6666666666666666,522
8,0.004173622704507512,519
8,0.022779043280182234,504
8,0.006006006006006006,559
8,0.006180469715698393,443
8,0.005184033177812338,513
8,0.012422360248447204,579
8,0.009970089730807577,578
8,0.0038729666924864447,503
8,0.00777000777000777,513
8,0.03508771929824561,485
8,0.010111223458038422,500
8,0.00998003992015968,543
8,0.011655011655011656,524
8,0.007886435331230283,538
8,0.011376564277588168,442
8,0.45454545454545453,430
8,0.005803830528148578,504
8,0.008216926869350863,458
8,0.004793863854266539,506
8,0.008064516129032258,539
8,0.031545741324921134,460
8,0.005810575246949448,492
8,0.004395604395604396,513
8,0.5882352941176471,546
8,0.3333333333333333,505
8,0.005518763796909493,493
8,0.009560229445506692,526
8,0.006854009595613434,493
8,0.00463821892393321,512
8,0.006075334143377886,514
8,0.0044365572315882874,532
8,0.018656716417910446,469
8,0.007112375533428165,557
8,0.4,480
8,0.012048192771084338,488
8,0.009115770282588878,528
8,0.008748906386701663,552
8,0.012360939431396786,541
8,0.009124087591240875,485
8,0.016556291390728478,539
8,0.0037650602409638554,492
8,0.018018018018018018,460
8,0.007668711656441718,526
8,0.006609385327164574,528
8,0.5555555555555556,519
8,0.00646830530401035,533
8,0.006715916722632639,461
8,0.007401924500370096,542
8,0.38461538461538464,486
8,0.008748906386701663,525
8,0.006097560975609756,560
8,0.4166666666666667,463
8,0.0056785917092561046,550
8,0.006169031462060457,538
8,0.005875440658049354,553
8,0.004952947003467063,534
8,0.00655307994757536,516
8,0.00436871996505024,549
8,0.006978367062107467,510
8,0.008764241893076249,558
8,0.009233610341643583,539
8,0.00655307994757536,466
8,0.0067842605156037995,536
8,0.009398496240601503,542
8,0.00510204081632653,506
8,0.008865248226950355,563
8,0.009606147934678195,528
8,0.006422607578676943,567
8,0.24390243902439024,509
8,0.010319917440660475,530
8,0.2857142857142857,525
8,0.010460251046025104,563
8,0.008375209380234505,566
8,0.01310615989515072,511
9,0.018050541516245487,506
8,0.23809523809523808,471
8,0.0051466803911477095,478
8,0.010277492291880781,551
8,0.011560693641618497,481
8,0.009823182711198428,546
8,0.006157635467980296,477
8,0.002948982601002654,547
8,0.041666666666666664,435
8,0.35714285714285715,574
8,0.0078125,470
8,0.0046816479400749065,488
8,0.01824817518248175,565
8,0.004777830864787387,515
8,0.01858736059479554,458
8,0.00877963125548727,540
8,0.003401360544217687,524
8,0.6666666666666666,507
8,0.014367816091954023,478
8,0.0046210720887245845,553
8,0.01001001001001001,515
8,0.0052603892688058915,550
8,0.5882352941176471,521
8,0.016366612111292964,468
8,0.006242197253433208,547
8,0.00922509225092251,589
8,0.014025245441795231,558
8,0.0060790273556231,475
8,0.0053734551316496505,469
8,0.004670714619336758,518
8,0.006060606060606061,606
8,0.014771048744460856,486
8,0.00942507068803016,524
8,0.005580357142857143,468
8,0.005321979776476849,546
8,0.006389776357827476,532
8,0.014084507042253521,509
8,0.5,504
8,0.0038580246913580245,509
8,0.015432098765432098,501
8,0.006540222367560497,491
8,0.014044943820224719,557
8,0.008103727714748784,540
8,0.0071581961345740875,537
8,0.005482456140350877,520
8,0.0053734551316496505,509
8,0.010460251046025104,460
8,0.01098901098901099,508
8,0.007473841554559043,456
8,0.010615711252653927,541
8,0.007598784194528876,477
8,0.008503401360544218,511
8,0.005115089514066497,548
8,0.02247191011235955,408
8,0.005411255411255411,534
8,0.018214936247723135,494
8,0.006743088334457181,539
8,0.5,502
8,0.0032175032175032173,578
8,0.003940110323089046,527
8,0.0038535645472061657,535
8,0.005652911249293386,473
8,0.006854009595613434,516
8,0.005611672278338945,530
8,0.011025358324145534,576
8,0.01037344398340249,518
8,0.009082652134423252,477
8,0.007052186177715092,526
8,0.007524454477050414,469
8,0.0063532401524777635,507
8,0.004551661356395084,503
8,0.006544502617801047,532
8,0.005367686527106817,534
8,0.01639344262295082,493
8,0.007401924500370096,499
8,0.007961783439490446,510
8,0.005906674542232723,542
8,0.00778816199376947,498
8,0.01015228426395939,510
8,0.006265664160401002,520
8,0.008084074373484237,498
8,0.00578368999421631,548
8,0.005924170616113744,537
8,0.0040453074433656954,554
8,0.0038639876352395673,563
8,0.05025125628140704,559
8,0.014245014245014245,470
8,0.008795074758135445,539
8,0.0027442371020856204,551
8,0.01658374792703151,528
8,0.009041591320072333,508
8,0.004748338081671415,487
8,0.004636068613815485,477
8,0.005797101449275362,511
8,0.005488474204171241,499
8,0.022222222222222223,500
8,0.008613264427217916,567
8,0.00594883997620464,459
8,0.008748906386701663,503
8,0.007032348804500703,490
8,0.008952551477170993,536
8,0.011641443538998836,515
9,0.011890606420927468,508
8,0.00819000819000819,481
8,0.0043159257660768235,549
8,0.010070493454179255,528
8,0.011061946902654867,528
8,0.004022526146419952,530
8,0.0052603892688058915,472
8,0.00846740050804403,557
8,0.005608524957936063,531
8,0.5555555555555556,546
8,0.010822510822510822,521
8,0.005390835579514825,466
8,0.0057273768613974796,557
8,0.005254860746190226,468
8,0.00511770726714432,496
8,0.004308487720809996,512
8,0.010330578512396695,555
8,0.0035285815102328866,513
8,0.5555555555555556,539
8,0.010090817356205853,512
8,0.005007511266900351,475
8,0.004819277108433735,513
8,0.007262164124909223,561
8,0.0039478878799842085,564
8,0.005555555555555556,444
8,0.01023541453428864,542
8,0.0066050198150594455,536
8,0.008841732979664015,543
8,0.013623978201634877,464
8,0.45454545454545453,516
8,0.005803830528148578,588
8,0.00794912559618442,536
8,0.45454545454545453,560
8,0.01594896331738437,490
8,0.011641443538998836,464
8,0.005871990604815032,556
8,0.01893939393939394,644
8,0.006734006734006734,518
8,0.0111731843575419,474
8,0.014749262536873156,536
8,0.006600660066006601,498
8,0.006024096385542169,561
8,0.0061162079510703364,601
8,0.006934812760055479,511
8,0.005200208008320333,521
8,0.008873114463176575,462
8,0.2857142857142857,548
8,0.011961722488038277,493
8,0.003937007874015748,487
8,0.0205761316872428,608
8,0.005040322580645161,490
8,0.005810575246949448,511
8,0.00940733772342427,480
8,0.0060901339829476245,510
8,0.004366812227074236,537
8,0.00727802037845706,484
8,0.008576329331046312,505
8,0.005681818181818182,503
8,0.0073475385745775165,509
8,0.0044286979627989375,497
8,0.008375209380234505,517
8,0.0074962518740629685,541
8,0.006476683937823834,526
8,0.00278473962684489,549
8,0.0049800796812749,488
8,0.006009615384615385,505
8,0.30303030303030304,472
8,0.010319917440660475,550
8,0.01126126126126126,474
8,0.002724053391446472,507
8,0.6666666666666666,571
8,0.009328358208955223,484
8,0.43478260869565216,530
8,0.009940357852882704,468
8,0.006385696040868455,490
8,0.003472222222222222,455
8,0.47619047619047616,547
8,0.008888888888888889,514
8,0.013210039630118891,551
8,0.01040582726326743,535
8,0.004033884630899556,554
8,0.003026634382566586,555
8,0.38461538461538464,534
8,0.01730103806228374,495
8,0.011350737797956867,463
8,0.004589261128958238,547
8,0.009881422924901186,512
8,0.007102272727272727,519
8,0.007194244604316547,541
8,0.005927682276229994,529
8,0.00823045267489712,533
8,0.006397952655150352,513
8,0.006540222367560497,482
8,0.005045408678102927,519
8,0.006872852233676976,518
8,0.0037064492216456633,534
8,0.005,477
8,0.006349206349206349,524
8,0.010683760683760684,458
8,0.0064808813998703824,481
8,0.006949270326615705,550
8,0.007751937984496124,497
8,0.005411255411255411,518
8,0.004306632213608958,485
8,0.005040322580645161,485
8,0.3333333333333333,532
8,0.00864304235090752,492
8,0.008143322475570033,523
8,0.008058017727639,579
8,0.007575757575757576,522
8,0.4166666666666667,507
8,0.019267822736030827,485
8,0.009233610341643583,504
8,0.009259259259259259,553
8,0.0066181336863004635,504
8,0.45454545454545453,531
8,0.5882352941176471,545
8,0.009398496240601503,517
8,0.010121457489878543,559
8,0.006997900629811057,448
8,0.010245901639344262,550
8,0.008291873963515755,525
8,0.006939625260235947,535
8,0.4,567
8,0.012254901960784314,561
8,0.008403361344537815,500
8,0.0043782837127845885,506
8,0.007267441860465116,530
8,0.5882352941176471,519
8,0.006455777921239509,521
8,0.014184397163120567,539
8,0.005773672055427252,429
8,0.5263157894736842,462
8,0.0050916496945010185,542
8,0.010111223458038422,543
8,0.00591016548463357,448
8,0.0046146746654360865,541
8,0.5,510
8,0.007892659826361484,470
8,0.01592356687898089,610
8,0.01466275659824047,485
8,0.004935834155972359,510
8,0.0074850299401197605,482
8,0.5882352941176471,574
8,0.37037037037037035,505
8,0.009587727708533078,580
8,0.020964360587002098,529
8,0.004299226139294927,474
8,0.009140767824497258,540
8,0.01002004008016032,504
8,0.013368983957219251,525
8,0.004526935264825713,503
8,0.00576036866359447,543
8,0.9090909090909091,540
8,0.008764241893076249,500
8,0.006020469596628537,480
8,0.005567928730512249,501
8,0.0046146746654360865,575
8,0.007037297677691766,461
8,0.43478260869565216,550
8,0.006858710562414266,567
8,0.004909180166912126,440
8,0.012953367875647668,463
8,0.006858710562414266,516
8,0.625,482
8,0.004796163069544364,472
8,0.05813953488372093,450
8,0.006574621959237344,486
8,0.00408997955010225,490
8,0.01937984496124031,535
8,0.012062726176115802,489
8,0.01440922190201729,488
8,0.0039494470774091624,493
8,0.7142857142857143,477
8,0.008688097306689836,540
8,0.005213764337851929,468
8,0.0054466230936819175,593
8,0.0034746351633078527,496
8,0.008920606601248885,527
8,0.013888888888888888,481
8,0.009523809523809525,511
8,0.005717552887364208,544
8,0.005817335660267597,538
8,0.009560229445506692,487
8,0.009208103130755065,537
8,0.014367816091954023,508
8,0.005810575246949448,558
8,0.00968054211035818,493
8,0.0055617352614015575,542
8,0.01455604075691412,546
8,0.011160714285714286,519
8,0.01020408163265306,488
8,0.005213764337851929,563
8,0.5263157894736842,587
8,0.008873114463176575,479
8,0.005668934240362812,582
8,0.008375209380234505,464
8,0.00727802037845706,477
8,0.019417475728155338,478
8,0.9090909090909091,547
8,0.013623978201634877,550
8,0.012180267965895249,532
8,0.007168458781362007,466
9,0.007680491551459293,528
8,0.007147962830593281,563
8,0.016129032258064516,477
8,0.013071895424836602,547
8,0.007535795026375283,520
8,0.00777000777000777,550
8,0.00831255195344971,563
8,0.00864304235090752,534
8,0.019011406844106463,534
8,0.005793742757821553,514
8,0.005878894767783657,572
8,0.009940357852882704,507
8,0.012048192771084338,569
8,0.005515719801434087,476
8,0.01675041876046901,458
8,0.008333333333333333,520
8,0.007363770250368188,495
8,0.007722007722007722,516
8,0.01288659793814433,505
8,0.005512679162072767,529
8,0.005479452054794521,504
8,0.009523809523809525,528
8,0.011160714285714286,565
8,0.009551098376313277,461
8,0.004103405826836274,533
8,0.00564652738565782,542
8,0.008333333333333333,529
8,0.010471204188481676,557
8,0.009523809523809525,527
8,0.004027386226339106,523
8,0.006188118811881188,519
8,0.010964912280701754,504
8,0.005871990604815032,458
8,0.0037439161362785474,468
8,0.010940919037199124,572
8,0.005414185165132647,528
8,0.005924170616113744,410
8,0.013175230566534914,529
8,0.033003300330033,555
8,0.008038585209003215,439
8,0.004518752824220515,470
8,0.00777000777000777,499
8,0.015128593040847202,515
8,0.009398496240601503,561
8,0.011947431302270013,511
8,0.09259259259259259,459
8,0.008123476848090982,533
8,0.0035855145213338113,564
8,0.004531037607612143,470
8,0.004755111745126011,515
8,0.010764262648008612,558
8,0.03731343283582089,476
8,0.009099181073703366,474
8,0.012626262626262626,473
8,0.004106776180698152,523
8,0.5,548
8,0.01855287569573284,525
8,0.006297229219143577,492
8,0.47619047619047616,499
8,0.016366612111292964,504
8,0.5,553
8,0.012610340479192938,502
8,0.005257623554153523,514
8,0.011235955056179775,503
8,0.017543859649122806,506
8,0.011135857461024499,610
8,0.00516795865633075,544
8,0.0044742729306487695,496
8,0.004670714619336758,509
8,0.007251631617113851,487
8,0.00949667616334283,552
8,0.016420361247947456,493
8,0.0034118048447628795,471
8,0.004777830864787387,540
8,0.011862396204033215,497
8,0.008176614881439084,522
8,0.007132667617689016,552
8,0.006640106241699867,549
8,0.0040683482506102524,564
8,0.006609385327164574,500
8,0.008703220191470844,483
8,0.00499001996007984,543
8,0.008598452278589854,568
8,0.008896797153024912,517
8,0.007739938080495356,462
8,0.010741138560687433,500
8,0.005515719801434087,534
8,0.009861932938856016,524
8,0.009191176470588236,521
8,0.014064697609001406,475
8,0.04608294930875576,489
8,0.00816326530612245,566
8,0.006958942240779402,487
8,0.35714285714285715,497
8,0.007429420505200594,592
8,0.009216589861751152,539
8,0.021141649048625793,435
8,0.0049800796812749,535
8,0.006305170239596469,506
8,0.005668934240362812,487
8,0.45454545454545453,462
8,0.0176678445229682,505
8,0.007342143906020558,484
8,0.3225806451612903,563
8,0.004975124378109453,522
8,0.007267441860465116,553
8,0.007473841554559043,499
8,0.5882352941176471,519
8,0.008203445447087777,571
8,0.005271481286241434,540
8,0.006016847172081829,513
8,0.0056401579244218835,490
8,0.005305039787798408,551
8,0.014265335235378032,478
8,0.01567398119122257,529
8,0.003727171077152441,452
8,0.0062932662051604785,467
8,0.014925373134328358,560
8,0.004415011037527594,536
8,0.005482456140350877,552
8,0.010548523206751054,475
8,0.007309941520467836,514
8,0.006548788474132285,454
8,0.01240694789081886,514
8,0.008410428931875526,496
8,0.008525149190110827,458
8,0.020366598778004074,506
8,0.014534883720930232,540
8,0.4166666666666667,560
8,0.005659309564233163,485
8,0.02178649237472767,491
8,0.008389261744966443,562
8,0.005773672055427252,547
8,0.016722408026755852,502
9,0.014903129657228018,527
8,0.006222775357809583,495
8,0.004543389368468878,488
8,0.006261740763932373,498
8,0.004746084480303749,485
8,0.015197568389057751,488
8,0.47619047619047616,517
8,0.011655011655011656,500
8,0.4,577
8,0.0040551500405515,555
8,0.004816955684007707,519
8,0.00757002271006813,540
8,0.5555555555555556,509
8,0.006734006734006734,543
8,0.0039904229848363925,507
8,0.004835589941972921,512
8,0.008347245409015025,566
8,0.009149130832570906,488
8,0.4,511
8,0.010649627263045794,529
8,0.007137758743754461,515
8,0.009124087591240875,574
8,0.023923444976076555,452
8,0.009643201542912247,517
8,0.017825311942959002,526
8,0.0065832784726793945,440
8,0.008673026886383347,518
8,0.005973715651135006,579
8,0.006868131868131868,511
8,0.09090909090909091,468
8,0.004541326067211626,496
8,0.009852216748768473,539
8,0.008244023083264633,500
8,0.35714285714285715,430
8,0.011890606420927468,515
8,0.009587727708533078,500
8,0.4,569
8,0.00501002004008016,502
8,0.013297872340425532,431
8,0.00856898029134533,493
8,0.0068775790921595595,489
8,0.008936550491510277,481
8,0.009587727708533078,519
8,0.16129032258064516,480
8,0.004970178926441352,550
8,0.009910802775024777,501
8,0.006720430107526882,520
8,0.010131712259371834,514
8,0.01050420168067227,484
8,0.006297229219143577,494
8,0.005820721769499418,517
8,0.004878048780487805,517
8,0.01001001001001001,483
8,0.00508646998982706,521
8,0.4166666666666667,539
8,0.625,535
8,0.0102880658436214,482
8,0.012755102040816327,515
8,0.013227513227513227,552
8,0.7692307692307693,507
8,0.006238303181534623,556
8,0.030120481927710843,508
8,0.01876172607879925,553
8,0.006257822277847309,536
8,0.00441306266548985,561
8,0.00599880023995201,468
8,0.01272264631043257,526
8,0.004269854824935952,504
8,0.01335113484646195,578
8,0.0196078431372549,467
8,0.5555555555555556,508
8,0.009009009009009009,466
8,0.009107468123861567,564
8,0.004842615012106538,454
8,0.005521811154058531,535
8,0.004464285714285714,530
8,0.014771048744460856,486
8,0.004372540445999125,476
8,0.01278772378516624,546
8,0.003998400639744102,547
8,0.29411764705882354,531
8,0.010834236186348862,505
8,0.018484288354898338,536
8,0.010660980810234541,529
8,0.0067613252197430695,493
8,0.005497526113249038,496
8,0.008873114463176575,511
8,0.011428571428571429,533
8,0.00471253534401508,507
8,0.007107320540156361,578
8,0.010741138560687433,585
8,0.025252525252525252,562
8,0.0069881201956673656,524
8,0.013755158184319119,498
8,0.017361111111111112,538
8,0.7142857142857143,551
8,0.006325110689437065,565
8,0.00646830530401035,512
8,0.01088139281828074,527
8,0.006666666666666667,486
8,0.0049261083743842365,510
8,0.006724949562878279,533
8,0.3225806451612903,515
8,0.007739938080495356,496
8,0.005321979776476849,502
8,0.007575757575757576,513
8,0.011337868480725623,527
8,0.011428571428571429,570
8,0.0074962518740629685,566
8,0.00599880023995201,492
8,0.007326007326007326,477
8,0.017452006980802792,445
8,0.007524454477050414,559
8,0.00801924619085806,613
8,0.004291845493562232,493
8,0.0036101083032490976,514
8,0.006373486297004461,492
8,0.007194244604316547,549
8,0.006377551020408163,540
8,0.009970089730807577,520
8,0.008896797153024912,477
8,0.2631578947368421,531
8,0.008071025020177562,466
8,0.019762845849802372,500
8,0.00864304235090752,469
8,0.005973715651135006,478
8,0.006920415224913495,593
8,0.00909090909090909,486
8,0.006993006993006993,534
8,0.005305039787798408,547
8,0.008865248226950355,480
8,0.005878894767783657,551
8,0.01639344262295082,505
8,0.011764705882352941,508
8,0.01001001001001001,506
8,0.0041753653444676405,467
8,0.37037037037037035,500
8,0.006565988181221274,500
8,0.01610305958132045,488
8,0.007776049766718507,524
8,0.0039494470774091624,480
8,0.013513513513513514,464
8,0.005770340450086555,550
8,0.011933174224343675,549
8,0.0125,496
8,0.0053734551316496505,490
8,0.007980845969672785,490
8,0.0039856516540454365,452
8,0.004006410256410256,536
8,0.011534025374855825,541
8,0.004987531172069825,530
8,0.046511627906976744,495
8,0.005927682276229994,490
8,0.0038550501156515036,566
8,0.006729475100942127,492
8,0.45454545454545453,559
8,0.0056785917092561046,558
8,0.006188118811881188,521
8,0.012195121951219513,454
8,0.005274261603375527,507
8,0.006587615283267457,490
8,0.009033423667570008,474
8,0.008064516129032258,569
8,0.005422993492407809,595
8,0.38461538461538464,466
8,0.009074410163339383,581
8,0.04739336492890995,494
8,0.01455604075691412,523
8,0.006872852233676976,505
8,0.007668711656441718,575
8,0.004035512510088781,483
8,0.011454753722794959,517
8,0.007524454477050414,501
8,0.00641025641025641,499
8,0.005387931034482759,520
8,0.013054830287206266,489
8,0.014970059880239521,560
8,0.008605851979345954,466
8,0.006738544474393531,474
8,0.010570824524312896,505
8,0.003938558487593541,541
8,0.008880994671403197,503
8,0.011111111111111112,499
8,0.008090614886731391,556
8,0.06451612903225806,473
8,0.5555555555555556,468
8,0.007358351729212656,492
8,0.00859106529209622,491
8,0.008257638315441783,429
9,0.019342359767891684,520
8,0.008375209380234505,419
8,0.01579778830963665,492
8,0.01443001443001443,535
8,0.017391304347826087,536
8,0.005717552887364208,509
8,0.006891798759476223,495
8,0.004982561036372696,478
8,0.6666666666666666,528
8,0.012195121951219513,472
8,0.013227513227513227,485
8,0.02100840336134454,489
8,0.007173601147776184,518
8,0.007097232079488999,534
8,0.47619047619047616,508
8,0.007849293563579277,501
8,0.004266211604095563,557
8,0.00946073793755913,490
8,0.003762227238525207,567
8,0.009442870632672332,545
8,0.006720430107526882,486
8,0.5882352941176471,509
8,0.005691519635742743,534
8,0.01349527665317139,559
8,0.01278772378516624,523
8,0.007304601899196494,572
8,0.006910850034554251,545
8,0.006910850034554251,562
8,0.009551098376313277,529
8,0.006702412868632708,489
8,0.007380073800738007,533
8,0.004730368968779565,505
8,0.006105006105006105,557
8,0.0039016777214202106,532
8,0.00303951367781155,533
8,0.008896797153024912,498
8,0.00423728813559322,577
8,0.009578544061302681,562
8,0.007710100231303007,553
8,0.0049382716049382715,524
8,0.5555555555555556,547
8,0.45454545454545453,603
8,0.0031655587211142765,507
8,0.005875440658049354,478
8,0.5555555555555556,574
8,0.005336179295624333,508
8,0.008445945945945946,563
8,0.01763668430335097,511
8,0.45454545454545453,536
8,0.00929368029739777,495
8,0.005035246727089627,531
8,0.004757373929590866,509
8,0.0078125,541
8,0.012987012987012988,513
8,0.02457002457002457,489
8,0.009578544061302681,489
8,0.011135857461024499,496
8,0.009099181073703366,540
8,0.012578616352201259,540
8,0.5263157894736842,569
8,0.004570383912248629,505
8,0.007993605115907274,512
8,0.0036982248520710057,508
8,0.003756574004507889,463
8,0.005271481286241434,494
8,0.005931198102016607,488
8,0.010298661174047374,451
8,0.008382229673093043,483
8,0.004734848484848485,530
8,0.5263157894736842,540
8,0.003969829297340214,505
8,0.005614823133071308,538
8,0.008216926869350863,522
8,0.008347245409015025,480
8,0.005330490405117271,445
8,0.0099601593625498,545
8,0.0030497102775236353,533
8,0.0056657223796034,549
8,0.004418912947414936,491
8,0.006793478260869565,491
8,0.009633911368015413,526
8,0.008389261744966443,529
8,0.005737234652897304,482
8,0.00501002004008016,530
8,0.005841121495327103,518
8,0.0034376074252320385,489
8,0.0037481259370314842,539
8,0.004921259842519685,524
8,0.0186219739292365,521
8,0.007423904974016332,509
8,0.00441696113074205,506
8,0.015015015015015015,495
8,0.35714285714285715,509
8,0.011778563015312132,470
8,0.004677268475210477,532
8,0.3225806451612903,507
8,0.009532888465204958,511
8,0.006798096532970768,530
8,0.003078817733990148,523
8,0.014144271570014143,508
8,0.0036403349108117948,535
8,0.010050251256281407,491
8,0.005747126436781609,548
8,0.007558578987150416,481
8,0.0031635558367605187,576
8,0.007739938080495356,492
8,0.0044603033006244425,481
8,0.005202913631633715,534
8,0.020242914979757085,500
8,0.01567398119122257,507
8,0.01579778830963665,546
8,0.012376237623762377,566
8,0.5555555555555556,461
8,0.006675567423230975,482
8,0.008183306055646482,529
8,0.005803830528148578,566
8,0.006756756756756757,530
8,0.008045052292839904,505
8,0.012300123001230012,469
8,0.004757373929590866,506
8,0.010787486515641856,476
8,0.006839945280437756,500
8,0.012254901960784314,474
8,0.00477326968973747,503
8,0.003746721618583739,524
8,0.011682242990654205,567
8,0.5882352941176471,568
8,0.012578616352201259,499
8,0.01256281407035176,499
8,0.006720430107526882,505
8,0.0038314176245210726,504
8,0.004008016032064128,562
8,0.004835589941972921,586
8,0.018214936247723135,563
8,0.00749063670411985,567
8,0.008984725965858042,564
8,0.47619047619047616,532
8,0.005773672055427252,526
8,0.005773672055427252,513
8,0.013986013986013986,476
8,0.00651890482398957,597
8,0.003485535029627048,478
8,0.007733952049497293,466
8,0.013605442176870748,530
8,0.014641288433382138,602
8,0.005704506560182544,503
8,0.006747638326585695,523
8,0.007194244604316547,494
8,0.0063411540900443885,498
8,0.004662004662004662,513
8,0.005649717514124294,596
8,0.004904364884747425,528
8,0.013458950201884253,500
8,0.005162622612287042,407
8,0.009551098376313277,525
8,0.00881057268722467,540
8,0.0027233115468409588,542
8,0.011286681715575621,518
8,0.005790387955993051,531
8,0.10989010989010989,523
8,0.45454545454545453,509
8,0.005136106831022085,512
8,0.016129032258064516,503
8,0.01447178002894356,547
8,0.004755111745126011,538
8,0.004651162790697674,561
8,0.005277044854881266,554
8,0.010515247108307046,561
8,0.005546311702717693,541
8,0.004755111745126011,500
8,0.006138735420503376,519
8,0.01006036217303823,541
8,0.010319917440660475,578
8,0.00859106529209622,486
8,0.006830601092896175,425
8,0.006872852233676976,597
8,0.008361204013377926,481
8,0.003946329913180742,494
8,0.009009009009009009,528
8,0.016638935108153077,568
8,0.005246589716684155,520
8,0.006715916722632639,471
8,0.010869565217391304,543
8,0.007898894154818325,479
8,0.007401924500370096,550
8,0.007524454477050414,525
8,0.007336757153338224,550
8,0.008764241893076249,491
8,0.004918839153959666,578
8,0.005467468562055768,456
8,0.47619047619047616,472
9,0.7692307692307693,576
8,0.00715307582260372,530
8,0.02544529262086514,525
8,0.0030450669914738123,457
8,0.005299417064122946,527
8,0.006609385327164574,454
8,0.47619047619047616,490
8,0.08928571428571429,546
8,0.007621951219512195,519
8,0.0043782837127845885,559
8,0.003995205753096284,472
8,0.022123893805309734,468
8,0.006064281382656155,520
8,0.003423485107839781,510
8,0.004488330341113106,474
8,0.005656108597285068,462
8,0.012515644555694618,539
8,0.35714285714285715,537
8,0.09900990099009901,529
8,0.023255813953488372,527
8,0.008084074373484237,501
8,0.006222775357809583,588
8,0.008771929824561403,516
8,0.0075075075075075074,527
8,0.010427528675703858,490
8,0.01592356687898089,494
8,0.008764241893076249,467
8,0.007763975155279503,508
8,0.009009009009009009,538
8,0.015527950310559006,535
8,0.014388489208633094,497
8,0.015432098765432098,506
8,0.006958942240779402,543
8,0.0030911901081916537,523
8,0.0036350418029807343,550
8,0.4166666666666667,517
8,0.005387931034482759,472
8,0.003976143141153081,522
8,0.003003003003003003,451
8,0.008084074373484237,490
8,0.008620689655172414,521
8,0.38461538461538464,564
8,0.005580357142857143,535
8,0.003898635477582846,546
8,0.008605851979345954,503
8,0.004668534080298786,536
8,0.004066693777958519,479
8,0.0034626038781163434,482
8,0.002428953121204761,518
8,0.004666355576294913,588
8,0.015625,495
8,0.0078003120124804995,489
8,0.014144271570014143,464
8,0.006680026720106881,506
8,0.006381620931716656,513
8,0.011148272017837236,483
9,0.02336448598130841,563
8,0.006031363088057901,506
8,0.013869625520110958,536
8,0.005202913631633715,460
8,0.4166666666666667,503
8,0.008203445447087777,472
8,0.006365372374283896,485
8,0.007022471910112359,553
9,0.010351966873706004,479
8,0.004387889425186486,464
8,0.00697350069735007,506
8,0.004633920296570899,473
8,0.01937984496124031,479
8,0.011990407673860911,564
8,0.007757951900698216,534
8,0.006493506493506494,595
8,0.004921259842519685,502
8,0.00585480093676815,504
8,0.006333122229259025,444
8,0.45454545454545453,492
8,0.12195121951219512,469
8,0.004456327985739751,499
8,0.3448275862068966,516
8,0.5263157894736842,471
8,0.014577259475218658,484
8,0.012135922330097087,516
8,0.47619047619047616,474
8,0.007178750897343862,492
8,0.010917030567685589,502
8,0.011737089201877934,505
8,0.006535947712418301,481
8,0.004719207173194903,495
8,0.006657789613848202,533
8,0.006075334143377886,502
8,0.007535795026375283,501
8,0.00408997955010225,536
8,0.011389521640091117,493
8,0.009900990099009901,491
8,0.012269938650306749,602
8,0.0070028011204481795,523
8,0.006020469596628537,488
8,0.010050251256281407,486
8,0.006596306068601583,519
8,0.007616146230007616,531
8,0.0059031877213695395,513
8,0.005970149253731343,512
8,0.008216926869350863,448
8,0.007704160246533128,468
8,0.01597444089456869,539
8,0.013927576601671309,483
8,0.005254860746190226,444
8,0.005995203836930456,544
8,0.43478260869565216,489
8,0.009033423667570008,524
8,0.009813542688910697,504
8,0.004835589941972921,523
8,0.6666666666666666,530
8,0.008658008658008658,520
8,0.008025682182985553,554
8,0.008503401360544218,541
8,0.005841121495327103,476
8,0.00825082508250825,508
8,0.00859106529209622,520
8,0.0064061499039077515,475
8,0.007390983000739098,590
8,0.0050025012506253125,515
8,0.007518796992481203,509
8,0.008857395925597875,527
8,0.008481764206955046,528
8,0.0061614294516327784,451
8,0.011876484560570071,520
8,0.006548788474132285,437
8,0.007102272727272727,482
8,0.005589714924538848,538
8,0.008116883116883116,505
8,0.006506180871828237,480
8,0.004651162790697674,497
8,0.009066183136899365,494
8,0.014245014245014245,540
8,0.7692307692307693,516
8,0.008802816901408451,531
8,0.013458950201884253,527
8,0.009514747859181731,499
8,0.38461538461538464,499
8,0.004332755632582322,548
8,0.0046168051708217915,481
8,0.006531678641410843,511
8,0.003780718336483932,491
8,0.00724112961622013,540
8,0.006640106241699867,482
8,0.004280821917808219,547
8,0.0074962518740629685,532
8,0.013089005235602094,480
8,0.005254860746190226,503
8,0.35714285714285715,558
8,0.011467889908256881,489
8,0.007342143906020558,516
8,0.00778816199376947,522
8,0.006459948320413436,561
8,0.004629629629629629,471
8,0.007674597083653108,492
8,0.008628127696289905,536
8,0.006548788474132285,528
8,0.024154589371980676,514
