6,0.08849557522123894,229
6,0.10869565217391304,236
6,0.09523809523809523,240
6,0.11764705882352941,224
6,0.14705882352941177,217
6,0.10989010989010989,256
6,0.13513513513513514,214
6,0.13157894736842105,200
6,0.15873015873015872,202
6,0.19230769230769232,242
6,0.15873015873015872,199
6,0.10204081632653061,219
6,0.10989010989010989,215
6,0.08928571428571429,224
6,0.2127659574468085,227
6,0.09009009009009009,232
6,0.08928571428571429,214
6,0.08620689655172414,202
6,0.1111111111111111,240
6,0.05405405405405406,223
6,0.11904761904761904,209
6,0.15151515151515152,216
6,0.1111111111111111,239
6,0.09900990099009901,249
6,0.05649717514124294,220
6,0.08771929824561403,218
6,0.08403361344537816,213
6,0.08620689655172414,206
6,0.1724137931034483,219
6,0.10309278350515463,245
6,0.12048192771084337,219
6,0.08264462809917356,229
6,0.22727272727272727,225
6,0.0970873786407767,229
6,0.14285714285714285,204
6,0.2631578947368421,244
6,0.13513513513513514,262
6,0.06802721088435375,236
6,0.10416666666666667,215
6,0.09523809523809523,239
6,0.14492753623188406,219
6,0.14285714285714285,87
6,0.1282051282051282,240
6,0.12658227848101267,218
6,0.1282051282051282,221
6,0.1282051282051282,215
6,0.06896551724137931,223
6,0.10989010989010989,218
6,0.12048192771084337,236
6,0.08130081300813008,244
6,0.15873015873015872,213
6,0.06493506493506493,232
6,0.10416666666666667,215
6,0.06944444444444445,208
6,0.11494252873563218,245
6,0.06097560975609756,221
6,0.19607843137254902,202
6,0.1111111111111111,248
6,0.12048192771084337,224
6,0.10309278350515463,198
6,0.05319148936170213,211
6,0.13157894736842105,237
6,0.08771929824561403,233
6,0.125,239
6,0.125,234
6,0.14492753623188406,84
6,0.1282051282051282,215
6,0.06622516556291391,249
6,0.14705882352941177,223
6,0.10869565217391304,213
6,0.14925373134328357,217
6,0.14084507042253522,92
6,0.10204081632653061,212
6,0.136986301369863,240
6,0.09090909090909091,229
6,0.10989010989010989,236
6,0.18181818181818182,90
6,0.10101010101010101,211
6,0.18518518518518517,226
6,0.11904761904761904,242
6,0.08547008547008547,223
6,0.12987012987012986,90
6,0.11494252873563218,227
6,0.1282051282051282,249
6,0.11627906976744186,237
6,0.10101010101010101,223
6,0.07194244604316546,217
6,0.13157894736842105,88
6,0.10309278350515463,227
6,0.16129032258064516,211
6,0.13513513513513514,217
6,0.11235955056179775,205
6,0.08620689655172414,234
6,0.10638297872340426,241
6,0.16393442622950818,89
6,0.12658227848101267,208
6,0.1388888888888889,227
6,0.21739130434782608,233
6,0.1282051282051282,223
6,0.078125,238
6,0.2857142857142857,223
6,0.125,203
6,0.10752688172043011,219
6,0.1,214
6,0.09009009009009009,216
6,0.10638297872340426,223
6,0.10416666666666667,219
6,0.10101010101010101,249
6,0.18867924528301888,266
6,0.10752688172043011,231
6,0.09803921568627451,94
6,0.10526315789473684,251
6,0.11494252873563218,219
6,0.15384615384615385,220
6,0.17857142857142858,211
6,0.08264462809917356,219
6,0.16129032258064516,218
6,0.10989010989010989,95
6,0.13333333333333333,209
6,0.12048192771084337,248
6,0.09523809523809523,224
6,0.08196721311475409,243
6,0.125,201
6,0.06711409395973154,242
6,0.18518518518518517,222
6,0.11904761904761904,221
6,0.06369426751592357,203
6,0.10526315789473684,231
6,0.14084507042253522,225
6,0.15151515151515152,209
6,0.14705882352941177,222
6,0.09615384615384616,226
6,0.16393442622950818,221
6,0.08547008547008547,225
6,0.11363636363636363,217
6,0.14084507042253522,213
6,0.0970873786407767,219
6,0.09523809523809523,96
6,0.23809523809523808,223
6,0.09009009009009009,223
6,0.11494252873563218,258
6,0.15625,213
6,0.13157894736842105,220
6,0.18867924528301888,270
6,0.12048192771084337,241
6,0.10416666666666667,234
6,0.15625,234
6,0.14285714285714285,238
6,0.07462686567164178,221
6,0.06711409395973154,228
6,0.09523809523809523,222
6,0.14705882352941177,213
6,0.14925373134328357,231
6,0.08620689655172414,241
6,0.09433962264150944,216
6,0.10752688172043011,90
6,0.06711409395973154,210
6,0.1,222
6,0.11904761904761904,89
6,0.16393442622950818,242
6,0.15873015873015872,220
6,0.14705882352941177,228
6,0.09259259259259259,212
6,0.11627906976744186,222
6,0.2631578947368421,210
6,0.10989010989010989,200
6,0.125,227
6,0.24390243902439024,213
6,0.14084507042253522,222
6,0.1,205
6,0.06993006993006994,241
6,0.08196721311475409,228
6,0.15384615384615385,259
6,0.08333333333333333,203
6,0.07751937984496124,235
6,0.11904761904761904,200
6,0.07092198581560284,247
6,0.13157894736842105,215
6,0.07936507936507936,229
6,0.078125,250
6,0.1111111111111111,217
6,0.11235955056179775,219
6,0.11764705882352941,204
6,0.11904761904761904,96
6,0.12195121951219512,239
6,0.11627906976744186,244
6,0.07575757575757576,211
6,0.21739130434782608,238
6,0.15625,221
6,0.07874015748031496,242
6,0.2,231
6,0.10752688172043011,252
6,0.15151515151515152,224
6,0.14492753623188406,214
6,0.13513513513513514,216
6,0.09433962264150944,224
6,0.12195121951219512,212
6,0.136986301369863,214
6,0.14285714285714285,239
6,0.13333333333333333,224
6,0.14285714285714285,206
6,0.12048192771084337,224
6,0.08333333333333333,213
6,0.10638297872340426,227
6,0.16129032258064516,227
6,0.08695652173913043,236
6,0.10526315789473684,214
6,0.16393442622950818,214
6,0.10204081632653061,229
6,0.125,226
6,0.12195121951219512,247
6,0.14492753623188406,237
6,0.07518796992481203,218
6,0.14285714285714285,221
6,0.11235955056179775,204
6,0.0847457627118644,212
6,0.11904761904761904,223
6,0.11904761904761904,230
6,0.12987012987012986,209
6,0.14084507042253522,219
6,0.12345679012345678,221
6,0.22727272727272727,228
6,0.1694915254237288,233
6,0.12345679012345678,225
6,0.11363636363636363,213
6,0.23255813953488372,216
6,0.08849557522123894,231
6,0.13333333333333333,225
6,0.12658227848101267,212
6,0.15873015873015872,91
6,0.18181818181818182,207
6,0.1111111111111111,271
6,0.07874015748031496,222
6,0.14705882352941177,217
6,0.14084507042253522,95
6,0.1282051282051282,209
6,0.09174311926605505,219
6,0.12195121951219512,205
6,0.15384615384615385,209
6,0.1282051282051282,224
6,0.072992700729927,232
6,0.16666666666666666,220
6,0.09433962264150944,226
6,0.10638297872340426,249
6,0.18518518518518517,237
6,0.14084507042253522,203
6,0.09259259259259259,239
6,0.0847457627118644,216
6,0.16393442622950818,249
6,0.07692307692307693,204
6,0.12987012987012986,241
6,0.06289308176100629,224
6,0.14084507042253522,250
6,0.10638297872340426,201
6,0.15151515151515152,244
6,0.09090909090909091,233
6,0.15873015873015872,221
6,0.16666666666666666,236
6,0.09433962264150944,238
6,0.12048192771084337,210
6,0.10869565217391304,239
6,0.04716981132075472,228
6,0.136986301369863,213
6,0.1282051282051282,217
6,0.09345794392523364,217
6,0.09433962264150944,223
6,0.08849557522123894,229
6,0.13333333333333333,225
6,0.13333333333333333,261
6,0.07194244604316546,255
6,0.07042253521126761,231
6,0.1282051282051282,214
6,0.13333333333333333,217
6,0.125,237
6,0.12987012987012986,230
6,0.15151515151515152,248
6,0.10204081632653061,212
6,0.10416666666666667,240
6,0.14492753623188406,237
6,0.07042253521126761,242
6,0.10309278350515463,235
6,0.12345679012345678,233
6,0.1282051282051282,92
6,0.08064516129032258,252
6,0.11235955056179775,218
6,0.06993006993006994,216
6,0.1388888888888889,221
6,0.16393442622950818,204
6,0.10204081632653061,94
6,0.125,213
6,0.07092198581560284,246
6,0.15384615384615385,217
6,0.07352941176470588,229
6,0.15384615384615385,258
6,0.12195121951219512,230
6,0.10869565217391304,230
6,0.11494252873563218,252
6,0.09345794392523364,214
6,0.11494252873563218,234
6,0.14925373134328357,231
6,0.078125,213
6,0.13157894736842105,226
6,0.09259259259259259,249
6,0.10989010989010989,212
6,0.14705882352941177,209
6,0.136986301369863,234
6,0.17543859649122806,223
6,0.12195121951219512,209
6,0.06289308176100629,232
6,0.13333333333333333,234
6,0.23809523809523808,230
6,0.14084507042253522,223
6,0.07142857142857142,244
6,0.12048192771084337,231
6,0.08771929824561403,215
6,0.10869565217391304,210
6,0.12658227848101267,222
6,0.12658227848101267,214
6,0.11235955056179775,209
6,0.12987012987012986,211
6,0.11764705882352941,216
6,0.136986301369863,203
6,0.1111111111111111,216
6,0.13333333333333333,207
6,0.13333333333333333,208
6,0.11764705882352941,230
6,0.09090909090909091,233
6,0.14705882352941177,251
6,0.17543859649122806,224
6,0.14925373134328357,201
6,0.18867924528301888,228
6,0.14925373134328357,220
6,0.08547008547008547,207
6,0.12048192771084337,218
6,0.08064516129032258,197
6,0.2777777777777778,233
6,0.12345679012345678,219
6,0.14285714285714285,229
6,0.1388888888888889,210
6,0.08695652173913043,93
6,0.10204081632653061,233
6,0.08620689655172414,232
6,0.11904761904761904,204
6,0.17543859649122806,213
6,0.05405405405405406,96
6,0.12658227848101267,218
6,0.09900990099009901,227
6,0.06578947368421052,253
6,0.07407407407407407,90
6,0.11363636363636363,238
6,0.12658227848101267,231
6,0.10101010101010101,223
6,0.1111111111111111,209
6,0.08547008547008547,223
6,0.09900990099009901,229
6,0.13333333333333333,219
6,0.1282051282051282,243
6,0.10101010101010101,221
6,0.11764705882352941,229
6,0.10638297872340426,201
6,0.078125,231
6,0.11627906976744186,221
6,0.12345679012345678,222
6,0.15873015873015872,221
6,0.08403361344537816,205
6,0.19230769230769232,204
6,0.136986301369863,262
6,0.1694915254237288,205
6,0.10752688172043011,228
6,0.08928571428571429,217
6,0.10752688172043011,95
6,0.08695652173913043,247
6,0.09615384615384616,223
6,0.08333333333333333,220
6,0.10526315789473684,199
6,0.10309278350515463,214
6,0.12987012987012986,205
6,0.14285714285714285,232
6,0.13333333333333333,223
6,0.12345679012345678,212
6,0.09523809523809523,230
6,0.0970873786407767,214
6,0.14492753623188406,237
6,0.08620689655172414,266
6,0.14925373134328357,207
6,0.17857142857142858,235
6,0.12658227848101267,230
6,0.15384615384615385,216
6,0.12658227848101267,212
6,0.12987012987012986,222
6,0.1388888888888889,230
6,0.15625,234
6,0.08403361344537816,210
6,0.1111111111111111,201
6,0.24390243902439024,91
6,0.20408163265306123,222
6,0.10638297872340426,230
6,0.10526315789473684,232
6,0.14084507042253522,237
6,0.13157894736842105,263
6,0.10309278350515463,220
6,0.10204081632653061,90
6,0.125,198
6,0.05555555555555555,213
6,0.14084507042253522,244
6,0.12345679012345678,246
6,0.11494252873563218,200
6,0.11363636363636363,224
6,0.11363636363636363,208
6,0.10638297872340426,209
6,0.17857142857142858,87
6,0.14705882352941177,206
6,0.060240963855421686,215
6,0.07692307692307693,235
6,0.09523809523809523,239
6,0.16393442622950818,233
6,0.09803921568627451,212
6,0.06134969325153374,217
6,0.125,223
6,0.09900990099009901,226
6,0.16129032258064516,219
6,0.10526315789473684,253
6,0.08849557522123894,235
6,0.14492753623188406,96
6,0.16666666666666666,247
6,0.15625,228
6,0.09345794392523364,230
6,0.16129032258064516,236
6,0.13513513513513514,214
6,0.11904761904761904,225
6,0.10869565217391304,224
6,0.14285714285714285,214
6,0.14084507042253522,206
6,0.1388888888888889,244
6,0.07751937984496124,223
6,0.16666666666666666,216
6,0.1,218
6,0.1388888888888889,224
6,0.12048192771084337,249
6,0.08333333333333333,216
6,0.14705882352941177,237
6,0.19607843137254902,236
6,0.0684931506849315,238
6,0.10309278350515463,233
6,0.08695652173913043,259
6,0.10526315789473684,229
6,0.16393442622950818,220
6,0.17857142857142858,220
6,0.19230769230769232,219
6,0.1282051282051282,214
6,0.14492753623188406,239
6,0.07194244604316546,223
6,0.11764705882352941,216
6,0.10989010989010989,244
6,0.09900990099009901,219
6,0.08064516129032258,209
6,0.136986301369863,254
6,0.20408163265306123,227
6,0.12048192771084337,201
6,0.10204081632653061,234
6,0.12658227848101267,201
6,0.1111111111111111,199
6,0.15625,255
6,0.18867924528301888,205
6,0.06578947368421052,230
6,0.125,228
6,0.16666666666666666,229
6,0.08771929824561403,236
6,0.09615384615384616,87
6,0.2,209
6,0.10416666666666667,209
6,0.13513513513513514,203
6,0.08547008547008547,211
6,0.2222222222222222,235
6,0.10869565217391304,232
6,0.11764705882352941,243
6,0.15873015873015872,219
6,0.20408163265306123,88
6,0.07936507936507936,230
6,0.08333333333333333,224
6,0.2222222222222222,235
6,0.10309278350515463,215
6,0.136986301369863,217
6,0.09900990099009901,89
6,0.16666666666666666,220
6,0.16129032258064516,221
6,0.11627906976744186,90
6,0.11494252873563218,198
6,0.06666666666666667,209
6,0.16393442622950818,229
6,0.11235955056179775,231
6,0.1724137931034483,233
6,0.12987012987012986,221
6,0.10526315789473684,210
6,0.07692307692307693,97
6,0.10309278350515463,239
6,0.12195121951219512,216
6,0.07194244604316546,212
6,0.0684931506849315,211
6,0.19607843137254902,230
6,0.10416666666666667,218
6,0.15625,209
6,0.14925373134328357,216
6,0.10101010101010101,248
6,0.16393442622950818,229
6,0.14705882352941177,231
6,0.125,234
6,0.15873015873015872,225
6,0.12195121951219512,217
6,0.08620689655172414,231
6,0.10526315789473684,236
6,0.08196721311475409,228
6,0.12195121951219512,213
6,0.0970873786407767,235
6,0.18867924528301888,249
6,0.1388888888888889,223
6,0.18518518518518517,241
6,0.14285714285714285,206
6,0.20408163265306123,230
6,0.07692307692307693,203
6,0.12658227848101267,234
6,0.09090909090909091,218
6,0.072992700729927,220
6,0.12658227848101267,96
6,0.15625,201
6,0.09174311926605505,225
6,0.15151515151515152,201
6,0.17543859649122806,267
6,0.14285714285714285,219
6,0.12345679012345678,220
6,0.10869565217391304,208
6,0.07575757575757576,226
6,0.13333333333333333,207
6,0.16129032258064516,218
6,0.14084507042253522,249
6,0.09803921568627451,222
6,0.1282051282051282,238
6,0.14492753623188406,225
6,0.07246376811594203,233
6,0.1,238
6,0.10869565217391304,217
6,0.14925373134328357,211
6,0.2127659574468085,242
6,0.10101010101010101,228
6,0.18181818181818182,208
6,0.10309278350515463,219
6,0.20408163265306123,219
6,0.10869565217391304,230
6,0.10638297872340426,228
6,0.125,235
6,0.2564102564102564,221
6,0.13513513513513514,217
6,0.16129032258064516,203
6,0.10204081632653061,225
6,0.15625,206
6,0.14084507042253522,203
6,0.23255813953488372,235
6,0.23255813953488372,212
6,0.11235955056179775,219
6,0.14285714285714285,200
6,0.10989010989010989,209
6,0.08695652173913043,211
6,0.12195121951219512,211
6,0.12987012987012986,253
6,0.09345794392523364,243
6,0.14705882352941177,260
6,0.09345794392523364,88
6,0.13513513513513514,229
6,0.06535947712418301,214
6,0.08333333333333333,227
6,0.08547008547008547,93
6,0.13157894736842105,262
6,0.11764705882352941,210
6,0.12345679012345678,220
6,0.19230769230769232,208
6,0.09090909090909091,222
6,0.05847953216374269,215
6,0.0684931506849315,214
6,0.10638297872340426,236
6,0.19230769230769232,241
6,0.09900990099009901,258
6,0.0625,219
6,0.10101010101010101,227
6,0.13513513513513514,232
6,0.08695652173913043,235
6,0.07142857142857142,203
6,0.09433962264150944,227
6,0.08620689655172414,91
6,0.08620689655172414,228
6,0.13333333333333333,229
6,0.12658227848101267,220
6,0.12987012987012986,233
6,0.09615384615384616,206
6,0.07692307692307693,233
6,0.11904761904761904,224
6,0.12987012987012986,220
6,0.12345679012345678,84
6,0.19607843137254902,228
6,0.08620689655172414,214
6,0.1388888888888889,221
6,0.14492753623188406,225
6,0.10869565217391304,217
6,0.11627906976744186,211
6,0.1282051282051282,218
6,0.08333333333333333,240
6,0.10416666666666667,258
6,0.09433962264150944,218
6,0.11235955056179775,219
6,0.06756756756756757,219
6,0.2222222222222222,201
6,0.16666666666666666,220
6,0.1111111111111111,221
6,0.2127659574468085,225
6,0.09345794392523364,215
6,0.14925373134328357,234
6,0.09259259259259259,220
6,0.09803921568627451,236
6,0.10309278350515463,233
6,0.10416666666666667,238
6,0.15625,225
6,0.15384615384615385,226
6,0.1388888888888889,216
6,0.12658227848101267,217
6,0.08130081300813008,216
6,0.12658227848101267,222
6,0.09803921568627451,215
6,0.14492753623188406,90
6,0.09523809523809523,226
6,0.15151515151515152,240
6,0.10416666666666667,239
6,0.14925373134328357,255
6,0.078125,236
6,0.125,229
6,0.08695652173913043,246
6,0.1388888888888889,258
6,0.09345794392523364,224
6,0.06666666666666667,222
6,0.09523809523809523,92
6,0.12987012987012986,247
6,0.12048192771084337,238
6,0.09174311926605505,199
6,0.15873015873015872,233
6,0.11235955056179775,223
6,0.08196721311475409,209
6,0.09523809523809523,225
6,0.10416666666666667,251
6,0.0970873786407767,225
6,0.07692307692307693,211
6,0.10416666666666667,243
6,0.13157894736842105,229
6,0.17857142857142858,220
6,0.09433962264150944,226
6,0.11764705882352941,279
6,0.09900990099009901,241
6,0.055248618784530384,229
6,0.08695652173913043,219
6,0.12987012987012986,227
6,0.07633587786259542,226
6,0.10309278350515463,232
6,0.11627906976744186,217
6,0.16393442622950818,225
6,0.17857142857142858,270
6,0.13333333333333333,90
6,0.16393442622950818,242
6,0.11627906976744186,243
6,0.11494252873563218,232
6,0.13513513513513514,201
6,0.08620689655172414,214
6,0.19607843137254902,244
6,0.06535947712418301,224
6,0.07352941176470588,258
6,0.10416666666666667,222
6,0.20408163265306123,92
6,0.10869565217391304,199
6,0.07352941176470588,210
6,0.12345679012345678,237
6,0.18181818181818182,223
6,0.23809523809523808,240
6,0.09090909090909091,220
6,0.06493506493506493,221
6,0.18867924528301888,238
6,0.09615384615384616,210
6,0.10309278350515463,202
6,0.12987012987012986,224
6,0.10526315789473684,215
6,0.11494252873563218,217
6,0.19607843137254902,230
6,0.14084507042253522,229
6,0.15384615384615385,236
6,0.15873015873015872,236
6,0.07142857142857142,207
6,0.14705882352941177,240
6,0.18518518518518517,254
6,0.09345794392523364,205
6,0.09900990099009901,230
6,0.08695652173913043,232
6,0.13157894736842105,226
6,0.10869565217391304,216
6,0.15384615384615385,217
6,0.16393442622950818,227
6,0.07092198581560284,212
6,0.11235955056179775,212
6,0.09523809523809523,216
6,0.15384615384615385,224
6,0.08620689655172414,245
6,0.11494252873563218,248
6,0.14925373134328357,195
6,0.10101010101010101,217
6,0.12987012987012986,210
6,0.1,246
6,0.11764705882352941,219
6,0.09259259259259259,220
6,0.11363636363636363,258
6,0.08695652173913043,222
6,0.11764705882352941,205
6,0.10752688172043011,221
6,0.10752688172043011,227
6,0.11764705882352941,212
6,0.13513513513513514,234
6,0.22727272727272727,219
6,0.19230769230769232,218
6,0.08130081300813008,218
6,0.10869565217391304,202
6,0.14084507042253522,86
6,0.11904761904761904,243
6,0.12658227848101267,206
6,0.125,84
6,0.11627906976744186,236
6,0.14285714285714285,210
6,0.10989010989010989,245
6,0.11764705882352941,217
6,0.1111111111111111,241
6,0.12195121951219512,202
6,0.07874015748031496,236
6,0.09259259259259259,234
6,0.16666666666666666,99
6,0.18867924528301888,200
6,0.1282051282051282,227
6,0.10752688172043011,217
6,0.10309278350515463,203
6,0.11235955056179775,221
6,0.08,216
6,0.09523809523809523,237
6,0.10989010989010989,216
6,0.10101010101010101,243
6,0.14925373134328357,227
6,0.09433962264150944,216
6,0.0970873786407767,221
6,0.16393442622950818,226
6,0.22727272727272727,222
6,0.10638297872340426,234
6,0.08547008547008547,248
6,0.11764705882352941,221
6,0.1,214
6,0.10638297872340426,215
6,0.14925373134328357,237
6,0.13157894736842105,216
6,0.12987012987012986,254
6,0.10309278350515463,211
6,0.09615384615384616,216
6,0.07874015748031496,204
6,0.125,202
6,0.14925373134328357,245
6,0.10309278350515463,227
6,0.09090909090909091,214
6,0.07092198581560284,202
6,0.13157894736842105,225
6,0.12345679012345678,212
6,0.15384615384615385,217
6,0.14492753623188406,216
6,0.0970873786407767,213
6,0.10638297872340426,257
6,0.10752688172043011,222
6,0.09433962264150944,201
6,0.10526315789473684,222
6,0.14925373134328357,235
6,0.0847457627118644,256
6,0.16129032258064516,240
6,0.2,241
6,0.16393442622950818,87
6,0.17857142857142858,223
6,0.06711409395973154,224
6,0.06578947368421052,237
6,0.078125,212
6,0.1388888888888889,209
6,0.11235955056179775,227
6,0.06451612903225806,222
6,0.12048192771084337,241
6,0.10416666666666667,235
6,0.11627906976744186,202
6,0.08264462809917356,207
6,0.09803921568627451,221
6,0.125,203
6,0.1111111111111111,244
6,0.17857142857142858,222
6,0.10526315789473684,216
6,0.08771929824561403,97
6,0.1282051282051282,221
6,0.18867924528301888,202
6,0.2702702702702703,255
6,0.14285714285714285,211
6,0.08196721311475409,88
6,0.14084507042253522,233
6,0.14285714285714285,213
6,0.06711409395973154,220
6,0.10752688172043011,219
6,0.10869565217391304,219
6,0.08849557522123894,213
6,0.16393442622950818,223
6,0.09009009009009009,214
6,0.10101010101010101,244
6,0.11764705882352941,227
6,0.1111111111111111,211
6,0.10989010989010989,234
6,0.15625,209
6,0.1111111111111111,230
6,0.1282051282051282,204
6,0.16666666666666666,200
6,0.14492753623188406,219
6,0.23255813953488372,217
6,0.10204081632653061,217
6,0.11904761904761904,245
6,0.14084507042253522,211
6,0.125,210
6,0.09615384615384616,258
6,0.09259259259259259,98
6,0.136986301369863,251
6,0.10638297872340426,221
6,0.10638297872340426,210
6,0.07352941176470588,218
6,0.11904761904761904,197
6,0.15384615384615385,235
6,0.14492753623188406,214
6,0.11494252873563218,238
6,0.09900990099009901,223
6,0.16129032258064516,240
6,0.1111111111111111,214
6,0.10204081632653061,223
6,0.10989010989010989,249
6,0.12987012987012986,244
6,0.08,90
6,0.07142857142857142,229
6,0.16666666666666666,220
6,0.10638297872340426,223
6,0.21739130434782608,220
6,0.08130081300813008,217
6,0.11494252873563218,92
6,0.13157894736842105,225
6,0.08928571428571429,201
6,0.0970873786407767,235
6,0.0970873786407767,217
6,0.11904761904761904,217
6,0.11363636363636363,200
6,0.08695652173913043,218
6,0.08403361344537816,229
6,0.08620689655172414,231
6,0.12345679012345678,222
6,0.0970873786407767,248
6,0.14084507042253522,211
6,0.11235955056179775,213
6,0.15625,248
6,0.10204081632653061,215
6,0.13333333333333333,95
6,0.16666666666666666,221
6,0.10416666666666667,221
6,0.10526315789473684,239
6,0.15873015873015872,202
6,0.136986301369863,220
6,0.10989010989010989,217
6,0.10752688172043011,247
6,0.13513513513513514,219
6,0.19230769230769232,226
6,0.06802721088435375,210
6,0.10526315789473684,203
6,0.14492753623188406,213
6,0.08620689655172414,235
6,0.0847457627118644,229
6,0.09433962264150944,215
6,0.09523809523809523,202
6,0.09900990099009901,250
6,0.2777777777777778,217
6,0.09900990099009901,225
6,0.09174311926605505,221
6,0.14925373134328357,224
6,0.14925373134328357,203
6,0.08849557522123894,225
6,0.10989010989010989,217
6,0.09803921568627451,253
6,0.18867924528301888,217
6,0.09615384615384616,219
6,0.09900990099009901,212
6,0.12658227848101267,209
6,0.14285714285714285,201
6,0.12658227848101267,242
6,0.1111111111111111,224
6,0.15384615384615385,216
6,0.12048192771084337,235
6,0.14925373134328357,228
6,0.20408163265306123,219
6,0.15151515151515152,222
6,0.1388888888888889,228
6,0.07246376811594203,220
6,0.07692307692307693,227
6,0.18518518518518517,239
6,0.07874015748031496,236
6,0.08771929824561403,216
6,0.08130081300813008,221
6,0.07518796992481203,222
6,0.10416666666666667,259
6,0.08064516129032258,244
6,0.08064516129032258,198
6,0.1694915254237288,220
6,0.17543859649122806,231
6,0.06896551724137931,217
6,0.13333333333333333,213
6,0.08403361344537816,223
6,0.08620689655172414,211
6,0.11494252873563218,221
6,0.08547008547008547,201
6,0.19230769230769232,209
6,0.1724137931034483,212
6,0.09009009009009009,86
6,0.10204081632653061,226
6,0.3225806451612903,204
6,0.11904761904761904,84
6,0.13513513513513514,226
6,0.07692307692307693,225
6,0.12658227848101267,234
6,0.10638297872340426,228
6,0.12195121951219512,217
6,0.0970873786407767,221
6,0.10638297872340426,221
6,0.1388888888888889,220
6,0.078125,213
6,0.1388888888888889,222
6,0.15873015873015872,210
6,0.12195121951219512,208
6,0.15873015873015872,243
6,0.10638297872340426,205
6,0.10869565217391304,212
6,0.136986301369863,231
6,0.12658227848101267,221
6,0.11494252873563218,204
6,0.10989010989010989,251
6,0.09259259259259259,93
6,0.10416666666666667,213
6,0.136986301369863,245
6,0.10416666666666667,235
6,0.10638297872340426,213
6,0.14492753623188406,236
6,0.08771929824561403,234
6,0.12345679012345678,221
6,0.136986301369863,227
6,0.07692307692307693,237
6,0.11363636363636363,211
6,0.08928571428571429,224
6,0.08264462809917356,218
6,0.2,208
6,0.07874015748031496,208
6,0.10204081632653061,199
6,0.2222222222222222,241
6,0.2,246
6,0.10416666666666667,233
6,0.23809523809523808,210
6,0.15625,213
6,0.11764705882352941,229
6,0.1282051282051282,223
6,0.09803921568627451,223
6,0.11904761904761904,226
6,0.1111111111111111,229
6,0.08130081300813008,237
6,0.11235955056179775,230
6,0.14492753623188406,229
6,0.06578947368421052,204
6,0.12658227848101267,235
6,0.14492753623188406,84
6,0.12195121951219512,219
6,0.09523809523809523,225
6,0.15151515151515152,258
6,0.1111111111111111,219
6,0.11494252873563218,201
6,0.20833333333333334,223
6,0.10416666666666667,229
6,0.08849557522123894,232
6,0.1282051282051282,221
6,0.12195121951219512,217
6,0.1388888888888889,237
6,0.125,218
6,0.11363636363636363,203
6,0.11764705882352941,212
6,0.23255813953488372,290
6,0.18181818181818182,232
6,0.09433962264150944,227
6,0.08264462809917356,240
6,0.078125,215
6,0.08771929824561403,215
6,0.10416666666666667,225
6,0.1282051282051282,208
6,0.08130081300813008,235
6,0.15873015873015872,284
6,0.07462686567164178,236
6,0.17857142857142858,204
6,0.08771929824561403,221
6,0.12195121951219512,216
6,0.10204081632653061,249
6,0.10869565217391304,219
6,0.13333333333333333,227
6,0.1694915254237288,238
6,0.14084507042253522,222
6,0.13513513513513514,229
6,0.0970873786407767,210
6,0.09345794392523364,238
6,0.11363636363636363,233
6,0.11363636363636363,225
6,0.13513513513513514,226
6,0.17857142857142858,236
6,0.10204081632653061,243
6,0.09090909090909091,235
6,0.2222222222222222,226
6,0.11627906976744186,197
6,0.10752688172043011,240
6,0.17543859649122806,246
6,0.058823529411764705,205
6,0.15625,222
6,0.15151515151515152,259
6,0.09009009009009009,220
6,0.0970873786407767,232
6,0.11235955056179775,245
6,0.10638297872340426,218
6,0.13513513513513514,221
6,0.07633587786259542,209
6,0.22727272727272727,205
6,0.09615384615384616,221
6,0.17543859649122806,234
6,0.06896551724137931,220
6,0.10989010989010989,266
6,0.06134969325153374,218
6,0.2,224
6,0.10526315789473684,209
6,0.10204081632653061,235
6,0.08333333333333333,230
6,0.0970873786407767,209
6,0.2564102564102564,223
6,0.12987012987012986,223
6,0.08620689655172414,236
6,0.07874015748031496,228
6,0.15151515151515152,200
6,0.12195121951219512,250
6,0.12987012987012986,202
6,0.14084507042253522,241
6,0.043668122270742356,240
6,0.11627906976744186,219
6,0.20833333333333334,227
6,0.16129032258064516,236
6,0.12658227848101267,233
6,0.12987012987012986,204
6,0.1694915254237288,242
6,0.20408163265306123,229
6,0.19607843137254902,242
6,0.12048192771084337,208
6,0.16666666666666666,229
6,0.13333333333333333,214
6,0.10526315789473684,205
6,0.07352941176470588,239
6,0.136986301369863,206
6,0.125,233
6,0.1282051282051282,219
6,0.18867924528301888,232
6,0.14925373134328357,220
6,0.07246376811594203,214
6,0.10526315789473684,84
6,0.09615384615384616,227
6,0.136986301369863,225
6,0.11904761904761904,224
6,0.08771929824561403,216
6,0.09900990099009901,220
6,0.0641025641025641,213
6,0.136986301369863,216
6,0.09174311926605505,249
6,0.12658227848101267,242
6,0.09900990099009901,253
6,0.136986301369863,215
6,0.05128205128205128,238
6,0.20408163265306123,228
6,0.11904761904761904,233
6,0.10869565217391304,229
6,0.14705882352941177,238
6,0.136986301369863,235
6,0.125,246
6,0.19230769230769232,222
6,0.08547008547008547,222
6,0.08695652173913043,217
6,0.18181818181818182,232
6,0.10416666666666667,214
6,0.12658227848101267,218
6,0.11494252873563218,202
6,0.08403361344537816,204
6,0.12658227848101267,233
6,0.14705882352941177,222
6,0.12195121951219512,239
6,0.10989010989010989,223
6,0.14285714285714285,230
6,0.1694915254237288,214
6,0.16393442622950818,209
6,0.16393442622950818,224
6,0.10638297872340426,240
6,0.2,228
6,0.07352941176470588,226
6,0.15873015873015872,227
6,0.12345679012345678,200
6,0.11494252873563218,242
6,0.12195121951219512,216
6,0.06622516556291391,228
6,0.15625,222
6,0.11494252873563218,233
6,0.08196721311475409,224
6,0.125,244
6,0.0970873786407767,252
6,0.1111111111111111,226
6,0.07575757575757576,231
6,0.1111111111111111,205
6,0.09803921568627451,226
6,0.136986301369863,238
6,0.08196721311475409,221
6,0.08695652173913043,249
6,0.08849557522123894,228
6,0.09433962264150944,237
6,0.136986301369863,240
6,0.09345794392523364,270
6,0.14705882352941177,206
6,0.09259259259259259,208
6,0.06802721088435375,222
6,0.059880239520958084,216
6,0.1694915254237288,240
6,0.13157894736842105,220
6,0.13157894736842105,243
6,0.1388888888888889,220
6,0.11904761904761904,205
6,0.11235955056179775,89
6,0.04784688995215311,209
6,0.10989010989010989,236
6,0.12658227848101267,211
6,0.10752688172043011,212
6,0.19607843137254902,202
6,0.10752688172043011,243
6,0.1,221
6,0.12345679012345678,203
6,0.136986301369863,233
6,0.11235955056179775,229
6,0.08620689655172414,238
6,0.09009009009009009,262
6,0.13333333333333333,201
6,0.15384615384615385,92
6,0.125,223
6,0.07874015748031496,216
6,0.05813953488372093,216
6,0.1282051282051282,246
6,0.14705882352941177,224
6,0.08547008547008547,215
6,0.10101010101010101,228
6,0.13157894736842105,228
6,0.1282051282051282,221
6,0.14492753623188406,200
6,0.14285714285714285,237
6,0.125,250
6,0.0970873786407767,233
6,0.09615384615384616,214
6,0.125,216
6,0.10416666666666667,246
6,0.12048192771084337,246
6,0.14285714285714285,240
6,0.15625,219
6,0.14084507042253522,219
6,0.08403361344537816,238
6,0.12048192771084337,222
6,0.11764705882352941,235
6,0.10869565217391304,212
6,0.11764705882352941,234
6,0.20408163265306123,238
6,0.18867924528301888,210
6,0.1,226
6,0.2,237
6,0.15625,243
6,0.12048192771084337,208
6,0.10989010989010989,230
6,0.10752688172043011,238
6,0.07194244604316546,218
6,0.10309278350515463,213
6,0.0847457627118644,230
6,0.08064516129032258,248
6,0.14492753623188406,237
6,0.13333333333333333,229
6,0.10638297872340426,243
6,0.16666666666666666,199
6,0.13513513513513514,211
6,0.15625,220
6,0.08196721311475409,209
6,0.12195121951219512,246
6,0.12987012987012986,92
6,0.11235955056179775,232
6,0.08928571428571429,225
6,0.125,218
6,0.17543859649122806,204
6,0.11235955056179775,253
6,0.08333333333333333,210
6,0.1111111111111111,225
6,0.07633587786259542,219
6,0.09803921568627451,219
6,0.11494252873563218,225
6,0.15151515151515152,232
6,0.15384615384615385,271
6,0.09259259259259259,229
6,0.11363636363636363,219
6,0.09433962264150944,211
6,0.10204081632653061,203
6,0.125,217
6,0.19607843137254902,88
6,0.07575757575757576,229
6,0.14925373134328357,223
6,0.14285714285714285,224
6,0.08196721311475409,239
6,0.15873015873015872,245
6,0.16666666666666666,229
6,0.14492753623188406,240
6,0.15873015873015872,225
6,0.14492753623188406,224
6,0.09523809523809523,95
6,0.1388888888888889,215
6,0.09090909090909091,224
6,0.1388888888888889,228
6,0.12658227848101267,217
6,0.2564102564102564,218
6,0.18867924528301888,200
6,0.10638297872340426,231
6,0.08695652173913043,214
6,0.16666666666666666,261
6,0.08928571428571429,90
6,0.0970873786407767,216
6,0.22727272727272727,232
6,0.2702702702702703,200
6,0.08547008547008547,236
6,0.13333333333333333,262
6,0.18181818181818182,220
6,0.10204081632653061,259
6,0.0847457627118644,240
6,0.08620689655172414,199
6,0.12048192771084337,207
6,0.2127659574468085,232
6,0.08849557522123894,226
6,0.2222222222222222,211
6,0.08547008547008547,244
6,0.16129032258064516,228
6,0.10204081632653061,220
6,0.04608294930875576,238
6,0.06329113924050633,208
6,0.10869565217391304,215
6,0.07462686567164178,211
6,0.10204081632653061,239
6,0.16393442622950818,222
6,0.08264462809917356,207
6,0.11494252873563218,198
6,0.09009009009009009,245
6,0.22727272727272727,97
6,0.09900990099009901,220
6,0.09523809523809523,212
6,0.16129032258064516,213
6,0.09259259259259259,254
6,0.1282051282051282,215
6,0.10526315789473684,228
6,0.16393442622950818,218
6,0.14492753623188406,92
6,0.1388888888888889,223
6,0.20408163265306123,218
6,0.10638297872340426,226
6,0.08130081300813008,249
6,0.13333333333333333,215
6,0.08064516129032258,233
6,0.15151515151515152,95
6,0.10869565217391304,209
6,0.11494252873563218,84
6,0.12658227848101267,241
6,0.11904761904761904,207
6,0.10101010101010101,237
6,0.11494252873563218,209
6,0.07575757575757576,225
6,0.08695652173913043,200
6,0.09615384615384616,225
6,0.14285714285714285,216
6,0.15625,227
6,0.09523809523809523,200
6,0.1724137931034483,246
6,0.10752688172043011,95
6,0.12658227848101267,200
6,0.12048192771084337,218
6,0.13333333333333333,212
6,0.19230769230769232,224
6,0.16393442622950818,229
6,0.12987012987012986,213
6,0.08130081300813008,220
6,0.08695652173913043,245
6,0.1,227
6,0.10869565217391304,225
6,0.11235955056179775,224
6,0.1282051282051282,207
6,0.10989010989010989,222
6,0.09174311926605505,242
6,0.11627906976744186,219
6,0.07751937984496124,253
6,0.06578947368421052,225
6,0.11235955056179775,238
6,0.14084507042253522,200
6,0.09523809523809523,91
6,0.08333333333333333,97
6,0.10869565217391304,211
6,0.11627906976744186,238
6,0.08547008547008547,211
6,0.1111111111111111,209
6,0.0970873786407767,238
6,0.09345794392523364,218
6,0.11904761904761904,221
6,0.11904761904761904,215
6,0.14084507042253522,228
6,0.14285714285714285,206
6,0.08695652173913043,258
6,0.11494252873563218,91
6,0.11904761904761904,228
6,0.09345794392523364,217
6,0.0847457627118644,204
6,0.14084507042253522,229
6,0.15151515151515152,224
6,0.08196721311475409,211
6,0.15873015873015872,226
6,0.15384615384615385,219
6,0.07751937984496124,209
6,0.136986301369863,253
6,0.15384615384615385,211
6,0.058823529411764705,243
6,0.1,232
6,0.08849557522123894,259
6,0.10416666666666667,233
6,0.07092198581560284,226
6,0.09433962264150944,209
6,0.2127659574468085,215
6,0.12345679012345678,242
6,0.07407407407407407,230
6,0.08928571428571429,203
6,0.1694915254237288,231
6,0.10204081632653061,209
6,0.11764705882352941,231
6,0.13157894736842105,199
6,0.10869565217391304,257
6,0.16129032258064516,224
6,0.15625,207
6,0.09803921568627451,213
6,0.13157894736842105,211
6,0.1282051282051282,235
6,0.23809523809523808,214
6,0.1111111111111111,263
6,0.13157894736842105,233
6,0.07692307692307693,92
6,0.08620689655172414,230
6,0.10638297872340426,260
6,0.10309278350515463,253
6,0.11235955056179775,198
6,0.10101010101010101,260
6,0.07194244604316546,226
6,0.11494252873563218,223
6,0.10101010101010101,249
6,0.12048192771084337,217
6,0.1388888888888889,220
6,0.12987012987012986,214
6,0.0970873786407767,252
6,0.09090909090909091,231
6,0.10101010101010101,255
6,0.14925373134328357,213
6,0.14285714285714285,262
6,0.09615384615384616,228
6,0.14705882352941177,221
6,0.2,219
6,0.136986301369863,216
6,0.10416666666666667,217
6,0.07936507936507936,231
6,0.10101010101010101,92
6,0.10101010101010101,251
6,0.17543859649122806,212
6,0.09259259259259259,214
6,0.0970873786407767,232
6,0.11363636363636363,227
6,0.09259259259259259,256
6,0.15625,251
6,0.136986301369863,225
6,0.08928571428571429,235
6,0.06578947368421052,209
6,0.13157894736842105,228
6,0.10204081632653061,221
6,0.1,237
6,0.11627906976744186,206
6,0.136986301369863,267
6,0.12658227848101267,223
6,0.08695652173913043,214
6,0.09433962264150944,212
6,0.17857142857142858,217
6,0.1111111111111111,230
6,0.08620689655172414,226
6,0.1111111111111111,204
6,0.10101010101010101,207
6,0.21739130434782608,228
6,0.21739130434782608,214
6,0.09345794392523364,89
6,0.06060606060606061,215
6,0.12345679012345678,214
6,0.10989010989010989,223
6,0.09259259259259259,244
6,0.18867924528301888,235
6,0.10309278350515463,215
6,0.10989010989010989,218
6,0.10869565217391304,224
6,0.14705882352941177,224
6,0.2564102564102564,223
6,0.06896551724137931,90
6,0.08264462809917356,227
6,0.10416666666666667,95
6,0.13513513513513514,213
6,0.14285714285714285,262
6,0.1694915254237288,209
6,0.16666666666666666,210
6,0.10752688172043011,216
6,0.125,227
6,0.06329113924050633,221
6,0.10204081632653061,199
6,0.16129032258064516,229
6,0.2127659574468085,228
6,0.2,221
6,0.11494252873563218,215
6,0.09803921568627451,210
6,0.09174311926605505,230
6,0.10204081632653061,213
6,0.1282051282051282,241
6,0.12195121951219512,221
6,0.10416666666666667,244
6,0.2,214
6,0.11904761904761904,214
6,0.09615384615384616,252
6,0.13333333333333333,223
6,0.11235955056179775,224
6,0.14925373134328357,250
6,0.14705882352941177,212
6,0.2,226
6,0.17857142857142858,228
6,0.04926108374384237,207
6,0.07936507936507936,223
6,0.10204081632653061,261
6,0.09433962264150944,204
6,0.12195121951219512,227
6,0.125,204
6,0.11494252873563218,232
6,0.15873015873015872,212
6,0.12987012987012986,262
6,0.10752688172043011,220
6,0.09523809523809523,227
6,0.13513513513513514,229
6,0.08064516129032258,255
6,0.12345679012345678,227
6,0.08695652173913043,214
6,0.11627906976744186,243
6,0.14925373134328357,231
6,0.136986301369863,227
6,0.16129032258064516,84
6,0.10752688172043011,217
6,0.18181818181818182,205
6,0.09090909090909091,222
6,0.07936507936507936,211
6,0.06578947368421052,251
6,0.10752688172043011,222
6,0.2127659574468085,242
6,0.1,271
6,0.14285714285714285,209
6,0.2222222222222222,223
6,0.09433962264150944,202
6,0.13157894736842105,220
6,0.11494252873563218,214
6,0.07352941176470588,214
6,0.08928571428571429,215
6,0.10416666666666667,225
6,0.12987012987012986,241
6,0.2702702702702703,222
6,0.08547008547008547,234
6,0.11627906976744186,217
6,0.12345679012345678,202
6,0.12345679012345678,224
6,0.11764705882352941,208
6,0.10752688172043011,223
6,0.09009009009009009,214
6,0.1111111111111111,90
6,0.06666666666666667,240
6,0.13333333333333333,208
6,0.15151515151515152,219
6,0.20833333333333334,244
6,0.16393442622950818,232
6,0.10416666666666667,235
6,0.11764705882352941,92
6,0.09615384615384616,224
6,0.10204081632653061,221
6,0.10638297872340426,220
6,0.11363636363636363,232
6,0.08771929824561403,216
6,0.0970873786407767,208
6,0.0684931506849315,206
6,0.16666666666666666,226
6,0.11494252873563218,241
6,0.08928571428571429,219
6,0.14705882352941177,222
6,0.22727272727272727,226
6,0.10309278350515463,227
6,0.09345794392523364,231
6,0.09174311926605505,214
6,0.12987012987012986,222
6,0.1724137931034483,203
6,0.07692307692307693,231
6,0.16129032258064516,228
6,0.078125,218
6,0.08403361344537816,210
6,0.22727272727272727,234
6,0.07518796992481203,217
6,0.10416666666666667,237
6,0.08849557522123894,204
6,0.1694915254237288,237
6,0.14705882352941177,218
6,0.17857142857142858,204
6,0.14492753623188406,241
6,0.15384615384615385,245
6,0.13513513513513514,226
6,0.23255813953488372,202
6,0.10989010989010989,239
6,0.1282051282051282,239
6,0.10638297872340426,245
6,0.13333333333333333,231
6,0.10526315789473684,216
6,0.09615384615384616,231
6,0.06172839506172839,226
6,0.09433962264150944,90
6,0.14925373134328357,242
6,0.1,221
6,0.17543859649122806,218
6,0.07633587786259542,236
6,0.2,225
6,0.13157894736842105,214
6,0.10416666666666667,242
6,0.11363636363636363,215
6,0.17543859649122806,245
6,0.10204081632653061,214
6,0.12987012987012986,238
6,0.09009009009009009,240
6,0.09900990099009901,220
6,0.08547008547008547,206
6,0.09345794392523364,234
6,0.11494252873563218,220
6,0.12345679012345678,221
6,0.07874015748031496,224
6,0.16393442622950818,227
6,0.10752688172043011,203
6,0.12987012987012986,210
6,0.13333333333333333,203
6,0.057803468208092484,221
6,0.17543859649122806,227
6,0.11363636363636363,219
6,0.11494252873563218,217
6,0.14084507042253522,231
6,0.13513513513513514,217
6,0.1388888888888889,211
6,0.136986301369863,201
6,0.14705882352941177,220
6,0.125,212
6,0.13513513513513514,209
6,0.11764705882352941,224
6,0.136986301369863,230
6,0.14285714285714285,209
6,0.12658227848101267,233
6,0.11363636363636363,223
6,0.13333333333333333,213
6,0.11494252873563218,213
6,0.1111111111111111,241
6,0.23255813953488372,221
6,0.08620689655172414,215
6,0.15151515151515152,250
6,0.1282051282051282,214
6,0.08196721311475409,222
6,0.136986301369863,229
6,0.19230769230769232,92
6,0.15151515151515152,214
6,0.09174311926605505,231
6,0.08196721311475409,225
6,0.12345679012345678,229
6,0.12048192771084337,241
6,0.09090909090909091,225
6,0.09615384615384616,243
6,0.08928571428571429,225
6,0.15151515151515152,92
6,0.10416666666666667,234
6,0.11363636363636363,236
6,0.078125,241
6,0.10526315789473684,238
6,0.08771929824561403,226
6,0.10416666666666667,223
6,0.14492753623188406,227
6,0.11904761904761904,224
6,0.1388888888888889,91
6,0.09803921568627451,230
6,0.09803921568627451,223
6,0.08928571428571429,240
6,0.08620689655172414,220
6,0.10989010989010989,220
6,0.08064516129032258,88
6,0.136986301369863,242
6,0.20833333333333334,254
6,0.09174311926605505,235
6,0.07692307692307693,231
6,0.12345679012345678,209
6,0.14705882352941177,232
6,0.1694915254237288,229
6,0.10869565217391304,260
6,0.17543859649122806,217
6,0.08,215
6,0.12195121951219512,220
6,0.08771929824561403,202
6,0.08264462809917356,219
6,0.06493506493506493,202
6,0.19230769230769232,94
6,0.11494252873563218,240
6,0.1724137931034483,238
6,0.20408163265306123,221
6,0.11904761904761904,232
6,0.17857142857142858,223
6,0.1,238
6,0.11627906976744186,206
6,0.11494252873563218,229
6,0.17857142857142858,218
6,0.14705882352941177,214
6,0.13333333333333333,211
6,0.09009009009009009,90
6,0.19230769230769232,207
6,0.08264462809917356,219
6,0.10638297872340426,241
6,0.15384615384615385,203
6,0.11235955056179775,232
6,0.14084507042253522,203
6,0.13513513513513514,243
6,0.13513513513513514,217
6,0.08620689655172414,224
6,0.12345679012345678,232
6,0.30303030303030304,252
6,0.10309278350515463,211
6,0.09803921568627451,220
6,0.13333333333333333,208
6,0.12658227848101267,215
6,0.125,234
6,0.0970873786407767,215
6,0.19230769230769232,220
6,0.2222222222222222,224
6,0.15151515151515152,235
6,0.056818181818181816,202
6,0.14492753623188406,86
6,0.10638297872340426,213
6,0.1388888888888889,203
6,0.14084507042253522,237
6,0.10638297872340426,243
6,0.09900990099009901,217
6,0.10204081632653061,232
6,0.13333333333333333,208
6,0.16393442622950818,213
6,0.20408163265306123,209
6,0.09345794392523364,218
6,0.11904761904761904,250
6,0.14492753623188406,204
6,0.10638297872340426,229
6,0.07194244604316546,265
6,0.07751937984496124,222
6,0.14925373134328357,218
6,0.08403361344537816,243
6,0.12048192771084337,219
6,0.136986301369863,247
6,0.09009009009009009,265
6,0.10869565217391304,247
6,0.1111111111111111,216
6,0.1,86
6,0.11363636363636363,218
6,0.07407407407407407,222
6,0.18867924528301888,231
6,0.10416666666666667,216
6,0.10869565217391304,84
6,0.07751937984496124,222
6,0.12048192771084337,218
6,0.1111111111111111,244
6,0.13513513513513514,216
6,0.11235955056179775,209
6,0.15151515151515152,217
6,0.136986301369863,202
6,0.14492753623188406,240
6,0.16666666666666666,237
6,0.16666666666666666,205
6,0.16666666666666666,241
6,0.09345794392523364,242
6,0.08130081300813008,230
6,0.08333333333333333,94
6,0.12345679012345678,211
6,0.07874015748031496,239
6,0.12658227848101267,259
6,0.1388888888888889,227
6,0.08695652173913043,246
6,0.08771929824561403,251
6,0.14285714285714285,238
6,0.072992700729927,223
6,0.11494252873563218,212
6,0.14705882352941177,250
6,0.22727272727272727,251
6,0.09090909090909091,252
6,0.1282051282051282,223
6,0.07633587786259542,236
6,0.08264462809917356,215
6,0.11764705882352941,208
6,0.13157894736842105,219
6,0.09009009009009009,225
6,0.13333333333333333,209
6,0.15384615384615385,244
6,0.12987012987012986,214
6,0.1388888888888889,198
6,0.15384615384615385,217
6,0.09174311926605505,219
6,0.10526315789473684,222
6,0.08064516129032258,235
6,0.09009009009009009,217
6,0.1724137931034483,223
6,0.10869565217391304,227
6,0.11764705882352941,251
6,0.13513513513513514,204
6,0.1724137931034483,204
6,0.11764705882352941,216
6,0.07633587786259542,211
6,0.09615384615384616,220
6,0.10869565217391304,198
6,0.12345679012345678,232
6,0.18518518518518517,229
6,0.16129032258064516,212
6,0.09900990099009901,244
6,0.08547008547008547,218
6,0.11494252873563218,227
6,0.09090909090909091,220
6,0.05235602094240838,224
6,0.16666666666666666,227
6,0.09174311926605505,237
6,0.11627906976744186,207
6,0.08264462809917356,219
6,0.14925373134328357,204
6,0.1388888888888889,240
6,0.08771929824561403,223
6,0.09090909090909091,94
6,0.0970873786407767,228
6,0.07092198581560284,208
6,0.09174311926605505,230
6,0.08403361344537816,247
6,0.17857142857142858,233
6,0.09433962264150944,213
6,0.13157894736842105,240
6,0.08771929824561403,237
6,0.14492753623188406,219
6,0.09090909090909091,248
6,0.10752688172043011,93
6,0.08264462809917356,234
6,0.15625,86
6,0.136986301369863,217
6,0.17543859649122806,214
6,0.1388888888888889,244
6,0.15873015873015872,203
6,0.10416666666666667,229
6,0.05917159763313609,228
6,0.10752688172043011,90
6,0.11363636363636363,206
6,0.1,210
6,0.11363636363636363,88
6,0.15625,95
6,0.10752688172043011,232
6,0.07874015748031496,218
6,0.08620689655172414,222
6,0.1282051282051282,216
6,0.14084507042253522,221
6,0.11904761904761904,226
6,0.1724137931034483,234
6,0.09174311926605505,237
6,0.14084507042253522,223
6,0.14084507042253522,222
6,0.13157894736842105,239
6,0.07407407407407407,220
6,0.06802721088435375,234
6,0.10101010101010101,241
6,0.16666666666666666,205
6,0.1,228
6,0.15625,209
6,0.12658227848101267,229
6,0.08620689655172414,92
6,0.08771929824561403,241
6,0.12345679012345678,216
6,0.11904761904761904,206
6,0.125,219
6,0.11904761904761904,261
6,0.11764705882352941,225
6,0.06802721088435375,201
6,0.08403361344537816,199
6,0.12195121951219512,226
6,0.2702702702702703,214
6,0.12048192771084337,246
6,0.07407407407407407,223
6,0.16666666666666666,206
6,0.08264462809917356,239
6,0.17543859649122806,222
6,0.07142857142857142,227
6,0.13333333333333333,203
6,0.14492753623188406,207
6,0.10309278350515463,210
6,0.14285714285714285,199
6,0.10752688172043011,210
6,0.19607843137254902,255
6,0.1388888888888889,228
6,0.07692307692307693,215
6,0.08,243
6,0.1724137931034483,218
6,0.1388888888888889,213
6,0.15384615384615385,221
6,0.06666666666666667,203
6,0.09174311926605505,230
6,0.10752688172043011,213
6,0.10204081632653061,210
6,0.18181818181818182,225
6,0.20408163265306123,211
6,0.1694915254237288,227
6,0.10638297872340426,236
6,0.08333333333333333,230
6,0.09900990099009901,209
6,0.1282051282051282,219
6,0.09259259259259259,225
6,0.09259259259259259,215
6,0.08264462809917356,235
6,0.10204081632653061,225
6,0.062111801242236024,223
6,0.1388888888888889,219
6,0.09523809523809523,230
6,0.09900990099009901,93
6,0.08196721311475409,91
6,0.12987012987012986,212
6,0.1724137931034483,205
6,0.1694915254237288,202
6,0.10101010101010101,252
6,0.10638297872340426,214
6,0.09009009009009009,222
6,0.23809523809523808,228
6,0.08620689655172414,86
6,0.19230769230769232,218
6,0.10989010989010989,209
6,0.2127659574468085,223
6,0.07936507936507936,249
6,0.2702702702702703,210
6,0.10989010989010989,226
6,0.14084507042253522,204
6,0.08333333333333333,216
6,0.13157894736842105,209
6,0.09090909090909091,218
6,0.15384615384615385,220
6,0.10638297872340426,208
6,0.10752688172043011,221
6,0.12048192771084337,243
6,0.25,217
6,0.18518518518518517,211
6,0.09174311926605505,90
6,0.10204081632653061,211
6,0.16666666666666666,239
6,0.10204081632653061,94
6,0.10752688172043011,210
6,0.17857142857142858,94
6,0.11494252873563218,237
6,0.14492753623188406,229
6,0.11904761904761904,219
6,0.16666666666666666,217
6,0.1111111111111111,224
6,0.12345679012345678,198
6,0.14285714285714285,268
6,0.11764705882352941,223
6,0.14084507042253522,224
6,0.1282051282051282,203
6,0.08196721311475409,220
6,0.11235955056179775,203
6,0.1111111111111111,231
6,0.10101010101010101,237
6,0.15151515151515152,243
6,0.08695652173913043,222
6,0.09345794392523364,221
6,0.09259259259259259,223
6,0.08928571428571429,211
6,0.1282051282051282,230
6,0.08264462809917356,216
6,0.11494252873563218,235
6,0.12987012987012986,199
6,0.12987012987012986,229
6,0.09259259259259259,219
6,0.10204081632653061,231
6,0.16393442622950818,233
6,0.07575757575757576,90
6,0.06802721088435375,209
6,0.15384615384615385,231
6,0.14492753623188406,228
6,0.08333333333333333,241
6,0.09345794392523364,206
6,0.12048192771084337,259
6,0.1388888888888889,216
6,0.08064516129032258,241
6,0.1282051282051282,206
6,0.06622516556291391,231
6,0.12658227848101267,215
6,0.07936507936507936,241
6,0.12048192771084337,207
6,0.12345679012345678,227
6,0.15873015873015872,234
6,0.20408163265306123,216
6,0.07246376811594203,208
6,0.136986301369863,231
6,0.08695652173913043,214
6,0.09615384615384616,207
6,0.09803921568627451,208
6,0.13333333333333333,202
6,0.09433962264150944,221
6,0.14705882352941177,209
6,0.1388888888888889,92
6,0.11235955056179775,227
6,0.0970873786407767,90
6,0.20408163265306123,228
6,0.15151515151515152,203
6,0.08849557522123894,214
6,0.10101010101010101,234
6,0.10101010101010101,225
6,0.08196721311475409,223
6,0.08403361344537816,229
6,0.08264462809917356,235
6,0.10416666666666667,208
6,0.10638297872340426,223
6,0.18867924528301888,198
6,0.15873015873015872,232
6,0.12048192771084337,223
6,0.13333333333333333,221
6,0.08196721311475409,224
6,0.10101010101010101,225
6,0.07751937984496124,243
6,0.062111801242236024,214
6,0.2631578947368421,237
6,0.14705882352941177,227
6,0.09433962264150944,245
6,0.1694915254237288,206
6,0.12345679012345678,220
6,0.09523809523809523,243
6,0.15384615384615385,200
6,0.125,209
6,0.0684931506849315,246
6,0.08403361344537816,228
6,0.11363636363636363,219
6,0.10752688172043011,259
6,0.1694915254237288,199
6,0.12987012987012986,248
6,0.06172839506172839,229
6,0.14084507042253522,210
6,0.09259259259259259,229
6,0.12048192771084337,221
6,0.1388888888888889,232
6,0.14705882352941177,223
6,0.0970873786407767,227
6,0.1388888888888889,212
6,0.09259259259259259,217
6,0.12195121951219512,220
6,0.10309278350515463,243
6,0.13513513513513514,235
6,0.15873015873015872,222
6,0.18867924528301888,204
6,0.10638297872340426,202
6,0.09345794392523364,234
6,0.07142857142857142,253
6,0.11494252873563218,219
6,0.15625,221
6,0.15384615384615385,244
6,0.05555555555555555,217
6,0.09615384615384616,240
6,0.1388888888888889,226
6,0.09259259259259259,237
6,0.08928571428571429,229
6,0.11904761904761904,204
6,0.07575757575757576,222
6,0.06802721088435375,252
6,0.08403361344537816,223
6,0.12345679012345678,211
6,0.10101010101010101,226
6,0.09009009009009009,224
6,0.1282051282051282,213
6,0.13157894736842105,241
6,0.06711409395973154,209
6,0.13513513513513514,216
6,0.13157894736842105,198
