852,15,0.001426330052774212
766,15,0.000790701352099312
802,15,0.0007296607077708865
864,15,0.0006779201410073893
811,15,0.00047840022963211023
771,15,0.0004706103816650195
838,15,0.0005440400413470432
787,15,0.0006018657839301836
679,15,0.0010505305179115453
465,15,0.06172839506172839
1162,15,0.004338394793926247
441,15,0.035842293906810034
458,15,0.03597122302158273
839,15,0.000828225940036442
484,15,0.08771929824561403
325,15,0.09174311926605505
341,15,0.05235602094240838
433,15,0.05649717514124294
805,15,0.0004321894718644654
1162,15,0.004432624113475178
331,15,0.0398406374501992
752,15,0.0007120985544399345
438,15,0.08620689655172414
347,15,0.04149377593360996
893,15,0.0013317352510320948
477,15,0.04950495049504951
853,15,0.0011166945840312675
1170,15,0.0036101083032490976
1032,15,0.002691065662002153
761,15,0.0007614986293024672
1089,15,0.004640371229698376
825,15,0.00035028723553313717
796,15,0.0008646779074794639
346,15,0.04716981132075472
884,15,0.0006791171477079797
759,15,0.0005471656817684395
1311,15,0.0029120559114735
810,15,0.0008848774444739404
786,15,0.0005819705522900541
757,15,0.0006401638819537802
878,15,0.0005978358342799068
445,15,0.056179775280898875
1098,15,0.005611672278338945
356,15,0.03003003003003003
895,15,0.0004954910316123278
1260,15,0.0037369207772795215
716,15,0.0006628222973420826
750,15,0.0004921502042423348
381,15,0.06802721088435375
864,15,0.0006626027034190299
442,15,0.042735042735042736
447,15,0.044642857142857144
330,15,0.043859649122807015
344,15,0.06944444444444445
372,15,0.0390625
1141,15,0.0027816411682892906
977,15,0.0012453300124533001
823,15,0.0004451368795904741
834,15,0.0009029345372460496
813,15,0.0004807923457858551
1266,15,0.004636068613815485
905,15,0.0006457862447529867
883,15,0.0009790483649892304
1157,15,0.01026694045174538
778,15,0.0005394325169921243
331,15,0.05263157894736842
332,15,0.052083333333333336
1140,15,0.004091653027823241
427,15,0.04854368932038835
848,15,0.0006595000989250148
335,15,0.06993006993006994
472,15,0.07246376811594203
833,15,0.0008194706219782021
321,15,0.030395136778115502
435,15,0.03058103975535168
465,15,0.03484320557491289
830,15,0.000464123271140815
1177,15,0.005521811154058531
417,15,0.05714285714285714
351,15,0.04424778761061947
829,15,0.0005157829585310501
1173,15,0.008038585209003215
351,15,0.035842293906810034
472,15,0.03759398496240601
836,15,0.0004964010920824026
1172,15,0.003414134516899966
1118,15,0.002730748225013654
1115,15,0.00326477309826967
430,15,0.04329004329004329
413,15,0.0398406374501992
1144,15,0.003849114703618168
781,15,0.0006292078273453721
1288,15,0.0023781212841854932
1203,15,0.0032711808963035655
775,15,0.0005046427129592249
1133,15,0.003343363423604146
789,15,0.0005466273095003826
1044,15,0.003110419906687403
1148,15,0.005399568034557235
848,15,0.0008979885057471264
785,15,0.0005294086505373498
454,15,0.05319148936170213
459,15,0.045454545454545456
834,15,0.0009380863039399625
331,15,0.04424778761061947
463,15,0.03076923076923077
355,15,0.06944444444444445
433,15,0.03937007874015748
444,15,0.04310344827586207
321,15,0.040983606557377046
415,15,0.05813953488372093
1125,15,0.0023391812865497076
332,15,0.05813953488372093
774,15,0.0006613756613756613
435,15,0.05405405405405406
439,15,0.05291005291005291
850,15,0.0006479621590099138
851,15,0.0009456264775413711
781,15,0.0007948493760432398
1142,15,0.005178663904712584
841,15,0.0004825090470446321
779,15,0.0007941550190597204
822,15,0.0014194464158978
801,15,0.0008447372867038351
760,15,0.0004977353043651386
763,15,0.0006849315068493151
872,15,0.0006141751627564182
881,15,0.000527648796960743
1047,15,0.004662004662004662
1214,15,0.004050222762251924
843,15,0.0007675186123263489
798,15,0.0009345794392523365
898,15,0.0008198065256599442
769,15,0.0007777864198491094
929,15,0.0006329915179136599
773,15,0.0005368839256952647
327,15,0.05263157894736842
1167,15,0.0035829451809387316
797,15,0.0007044734061289186
736,15,0.0007845598619174643
415,15,0.03773584905660377
367,15,0.056179775280898875
779,15,0.0004313505585989734
361,15,0.04149377593360996
329,15,0.029850746268656716
379,15,0.07142857142857142
908,15,0.0005856515373352855
442,15,0.08771929824561403
353,15,0.052083333333333336
852,15,0.0008994423457456377
468,15,0.03968253968253968
1321,15,0.004533091568449683
435,15,0.08333333333333333
833,15,0.0005513895015438906
1190,15,0.003284072249589491
962,15,0.0008598452278589854
349,15,0.024330900243309004
325,15,0.06097560975609756
353,15,0.049019607843137254
839,15,0.0010770059235325794
1225,15,0.003624501631025734
853,15,0.0005951672419950006
775,15,0.000738443361394181
333,15,0.05291005291005291
820,15,0.0008512811781731506
847,15,0.0005834986579530867
1214,15,0.002680965147453083
753,15,0.0004131889926452359
766,15,0.00044879274750920026
1195,15,0.0040683482506102524
861,15,0.0005230399079449762
818,15,0.000504719123807601
1180,15,0.0028628685943315204
443,15,0.06097560975609756
850,15,0.0010594342621040365
330,15,0.04608294930875576
422,15,0.043668122270742356
1024,15,0.000412779658218443
343,15,0.055865921787709494
373,15,0.04950495049504951
758,15,0.0014592149423610099
385,15,0.04830917874396135
327,15,0.03508771929824561
324,15,0.04291845493562232
1171,15,0.003479471120389701
962,15,0.0005663797009515179
453,15,0.04291845493562232
852,15,0.000625
819,15,0.0005760036864235932
902,15,0.000587406015037594
356,15,0.040983606557377046
836,15,0.0006526563111865292
389,15,0.05102040816326531
338,15,0.04
476,15,0.0390625
345,15,0.03636363636363636
803,15,0.00041602529433789573
857,15,0.00027065796952391264
826,15,0.0002871582816448426
778,15,0.0005598163802272854
823,15,0.000630715862503942
759,15,0.0006935774726036898
1157,15,0.003663003663003663
870,15,0.0015607928827844546
748,15,0.0008054772452678212
321,15,0.05
374,15,0.028328611898016998
844,15,0.000925925925925926
414,15,0.0625
1248,15,0.0035398230088495575
798,15,0.0005998440405494571
924,15,0.0008354916868577157
1245,15,0.003266906239790918
893,15,0.0004424191479007211
971,15,0.0007272198385571959
770,15,0.0005486065393899496
328,15,0.03546099290780142
429,15,0.03937007874015748
333,15,0.04608294930875576
435,15,0.032467532467532464
748,15,0.0003472825143254037
1139,15,0.003685956505713233
1000,15,0.005173305742369374
770,15,0.00046583127591186475
1139,15,0.007722007722007722
789,15,0.0005317451877060512
1316,15,0.005361930294906166
781,15,0.0006906077348066298
807,15,0.00045032873998018553
798,15,0.0005625246104517073
771,15,0.0006701963675356879
844,15,0.000884016973125884
404,15,0.052083333333333336
993,15,0.0005331627212625293
1236,15,0.003732736095558044
764,15,0.00038102495713469235
1146,15,0.003536067892503536
758,15,0.0005793071486502144
758,15,0.0010873110796999022
875,15,0.0008128759551292473
439,15,0.03067484662576687
1142,15,0.003316749585406302
1157,15,0.007980845969672785
773,15,0.00028895053166897827
328,15,0.03802281368821293
797,15,0.0007526719855486979
875,15,0.00048775729197151496
1118,15,0.004284490145672665
436,15,0.08333333333333333
481,15,0.03773584905660377
429,15,0.05235602094240838
450,15,0.05649717514124294
334,15,0.029411764705882353
1175,15,0.00255885363357216
894,15,0.0005818012566907144
779,15,0.0005439216752787598
766,15,0.00041925205433506624
872,15,0.00041062702747094815
1214,15,0.004164931278633903
761,15,0.0005883737349964697
859,15,0.0005370569280343716
811,15,0.0003718163227365681
329,15,0.043478260869565216
1116,15,0.004278990158322636
1122,15,0.007082152974504249
1267,15,0.006207324643078833
866,15,0.0007638252367858234
754,15,0.0005090612909794339
829,15,0.0007527286413248024
1139,15,0.0033467202141900937
780,15,0.00043779003589878294
764,15,0.00039433731614022633
462,15,0.055248618784530384
1166,15,0.005614823133071308
462,15,0.050761421319796954
444,15,0.042735042735042736
842,15,0.0005082592121982211
1124,15,0.006024096385542169
796,15,0.0007423353871279044
810,15,0.0006779661016949153
805,15,0.0007008690776562938
926,15,0.000730887297178775
836,15,0.0005892751915144372
716,15,0.0006203473945409429
823,15,0.0006165988407941793
815,15,0.0009560229445506692
1294,15,0.004842615012106538
334,15,0.04484304932735426
847,15,0.0003577433549171824
1275,15,0.002929973630237328
1203,15,0.004985044865403789
773,15,0.0003749390724007349
831,15,0.0011399908800729594
1117,15,0.004399472063352398
855,15,0.0005830563815520961
1304,15,0.003668378576669112
789,15,0.0005786702158439906
852,15,0.0006806888571234089
759,15,0.00036045128500883107
771,15,0.0008267195767195767
910,15,0.0008324315325064514
870,15,0.0004117429077284144
808,15,0.000996810207336523
786,15,0.0004279722673970727
349,15,0.043478260869565216
763,15,0.0009936406995230524
460,15,0.05319148936170213
459,15,0.06666666666666667
340,15,0.03278688524590164
332,15,0.043859649122807015
739,15,0.0004133256179217988
1185,15,0.002962085308056872
1282,15,0.0026130128037627383
757,15,0.0004949025042066713
747,15,0.00036612602057628236
425,15,0.03048780487804878
1200,15,0.004655493482309125
428,15,0.04608294930875576
926,15,0.00044474093840338
871,15,0.0007600516835144789
812,15,0.0007564296520423601
319,15,0.03424657534246575
1312,15,0.009182736455463728
728,15,0.00045655846231109894
786,15,0.0005459409291914615
1124,15,0.005060728744939271
1102,15,0.0031645569620253164
341,15,0.05555555555555555
339,15,0.039525691699604744
1156,15,0.0038714672861014324
1061,15,0.0029533372711163615
442,15,0.03597122302158273
419,15,0.0546448087431694
839,15,0.00042389046670340385
447,15,0.04032258064516129
1167,15,0.00675219446320054
340,15,0.05649717514124294
436,15,0.05649717514124294
798,15,0.0003390635065947852
1053,15,0.0035727045373347625
1142,15,0.0035919540229885057
801,15,0.0005132416341613632
772,15,0.0011798017932987258
1194,15,0.003389830508474576
824,15,0.0008086689309396733
771,15,0.0004687353520202494
836,15,0.0008598452278589854
1144,15,0.0053705692803437165
821,15,0.0007227000072270001
851,15,0.0005300821627352239
1167,15,0.006067961165048544
771,15,0.001073652566029633
760,15,0.0004652461151949381
439,15,0.04032258064516129
428,15,0.033003300330033
747,15,0.0007361601884570083
329,15,0.044642857142857144
1080,15,0.003526093088857546
454,15,0.043859649122807015
381,15,0.028409090909090908
826,15,0.00045160998961297024
798,15,0.0013473457289140394
854,15,0.0004958595725690485
780,15,0.0003058103975535168
804,15,0.0006730833950326445
1148,15,0.0038774718883288098
452,15,0.029585798816568046
755,15,0.0008031483414986748
1184,15,0.004448398576512456
1123,15,0.003215434083601286
840,15,0.000808996035919424
768,15,0.0004286326618088298
1105,15,0.005112474437627812
788,15,0.000804052424218059
855,15,0.0006503219093451258
1232,15,0.0040290088638195
818,15,0.0004972155926809865
1176,15,0.00235626767200754
821,15,0.001276161306789178
1314,15,0.007530120481927711
1097,15,0.00363901018922853
1083,15,0.005420054200542005
1083,15,0.0071174377224199285
764,15,0.0005917509911829102
1218,15,0.002963841138114997
818,15,0.0005347021708908138
798,15,0.0009410878976096367
850,15,0.0005888241182358829
887,15,0.0005669255626736209
1237,15,0.005356186395286556
442,15,0.03546099290780142
325,15,0.09009009009009009
425,15,0.030959752321981424
354,15,0.04065040650406504
346,15,0.03571428571428571
397,15,0.036231884057971016
1163,15,0.008090614886731391
1104,15,0.004251700680272109
1196,15,0.00501002004008016
787,15,0.000744324525493115
771,15,0.00036358347876672484
797,15,0.000511665984445354
825,15,0.0005959475566150178
450,15,0.03663003663003663
369,15,0.06802721088435375
443,15,0.11627906976744186
827,15,0.0012748597654258032
811,15,0.0005044136191677175
766,15,0.0005736905513166198
1145,15,0.0030156815440289505
857,15,0.0004409948844593403
859,15,0.0005578800557880056
773,15,0.0009922603691208574
450,15,0.06622516556291391
766,15,0.0007597052343690648
749,15,0.0011238480557428637
340,15,0.04830917874396135
330,15,0.045871559633027525
793,15,0.0005384739647838027
349,15,0.052083333333333336
346,15,0.03717472118959108
1094,15,0.0037821482602118004
832,15,0.0005886508123381211
891,15,0.00078003120124805
1209,15,0.003769317753486619
832,15,0.0007700600646850454
1221,15,0.004158004158004158
846,15,0.0005911912503694946
440,15,0.028328611898016998
450,15,0.03484320557491289
845,15,0.0006281012499214873
1150,15,0.0031308703819661866
786,15,0.0003711814706209866
1175,15,0.0032185387833923397
810,15,0.000525568928364955
366,15,0.04291845493562232
416,15,0.03278688524590164
375,15,0.08196721311475409
327,15,0.08333333333333333
759,15,0.000659152330103487
364,15,0.06289308176100629
334,15,0.038910505836575876
789,15,0.000636213258684311
778,15,0.0005610098176718093
745,15,0.0006343165239454488
859,15,0.000764642911760208
1171,15,0.0057110222729868645
773,15,0.000594035879767138
829,15,0.0006549646319098768
1260,15,0.00778816199376947
1217,15,0.007173601147776184
766,15,0.0006442468754026543
787,15,0.0006947339169098236
1109,15,0.004500450045004501
430,15,0.05434782608695652
437,15,0.04201680672268908
471,15,0.06993006993006994
884,15,0.0005853430110044487
334,15,0.0425531914893617
341,15,0.06756756756756757
328,15,0.05025125628140704
886,15,0.0006331518298087882
339,15,0.03558718861209965
831,15,0.00040049661580359645
326,15,0.05714285714285714
381,15,0.02610966057441253
826,15,0.0007458233890214797
755,15,0.0005772338951743247
1168,15,0.004201680672268907
454,15,0.05235602094240838
330,15,0.035211267605633804
340,15,0.03508771929824561
1165,15,0.004235493434985175
462,15,0.14492753623188406
764,15,0.000552761041401802
988,15,0.0005716899153898925
769,15,0.0009096697898662785
1221,15,0.004719207173194903
821,15,0.0009307520476545049
840,15,0.00042589437819420784
1301,15,0.008058017727639
1154,15,0.004222972972972973
1150,15,0.0030543677458766036
325,15,0.028011204481792718
436,15,0.05747126436781609
371,15,0.0625
337,15,0.046948356807511735
1177,15,0.004508566275924256
1133,15,0.0027196083763937995
906,15,0.0006785181164337087
917,15,0.0009391435011269722
997,15,0.0010229132569558102
1073,15,0.004338394793926247
1089,15,0.004800768122899664
813,15,0.0003982952961325527
933,15,0.0010477787091366304
848,15,0.0009619084263178145
756,15,0.0004201151115405621
433,15,0.03759398496240601
339,15,0.0625
376,15,0.05181347150259067
389,15,0.03636363636363636
326,15,0.03759398496240601
397,15,0.039525691699604744
462,15,0.05025125628140704
850,15,0.0006818491749624983
1049,15,0.003586800573888092
809,15,0.0010775862068965517
915,15,0.0011310937676733402
900,15,0.0007247427163357008
1168,15,0.004570383912248629
434,15,0.05
863,15,0.0009694619486185168
476,15,0.030959752321981424
337,15,0.02849002849002849
1026,15,0.0070028011204481795
797,15,0.0007149495960534783
1078,15,0.004110152075626798
797,15,0.0010201999591920017
1211,15,0.004001600640256103
776,15,0.0003781290176208122
1146,15,0.004786979415988511
869,15,0.0007700600646850454
1163,15,0.007621951219512195
817,15,0.0007351319561861355
1295,15,0.0035536602700781805
818,15,0.0005796765404904063
1255,15,0.003677822728944465
767,15,0.00046829633792263745
804,15,0.0007384978952809985
797,15,0.001321003963011889
759,15,0.0007515406583496167
774,15,0.0006094588005850804
764,15,0.0005798782255726297
333,15,0.056818181818181816
461,15,0.041666666666666664
369,15,0.04329004329004329
741,15,0.0005969080164746612
771,15,0.0006463706289186219
1259,15,0.004061738424045491
1061,15,0.005192107995846314
1187,15,0.004066693777958519
339,15,0.06711409395973154
471,15,0.05235602094240838
769,15,0.000468471844842125
449,15,0.03717472118959108
455,15,0.07092198581560284
843,15,0.0005627778715740897
368,15,0.03215434083601286
412,15,0.08196721311475409
851,15,0.0007057163020465773
476,15,0.04329004329004329
384,15,0.054945054945054944
1099,15,0.0034129692832764505
750,15,0.0004676393565282454
443,15,0.04854368932038835
422,15,0.03278688524590164
450,15,0.043668122270742356
363,15,0.026455026455026454
1222,15,0.004743833017077799
433,15,0.04065040650406504
944,15,0.0005710696133858717
331,15,0.07692307692307693
425,15,0.029411764705882353
809,15,0.0005656748500961647
831,15,0.0007207207207207207
507,15,0.05263157894736842
817,15,0.0008110957904128478
774,15,0.0004639510067736847
871,15,0.0005360205831903945
1203,15,0.004203446826397646
1261,15,0.004359197907585004
822,15,0.0008327781479013991
476,15,0.049019607843137254
406,15,0.057803468208092484
321,15,0.040160642570281124
765,15,0.0009947279419078882
895,15,0.00043389595175077016
1155,15,0.0035285815102328866
1146,15,0.002794076557697681
834,15,0.0005529138560212319
1112,15,0.002704895861509332
385,15,0.07874015748031496
816,15,0.00044126731974229987
448,15,0.030864197530864196
471,15,0.053475935828877004
1109,15,0.004125412541254125
786,15,0.0008149295085975063
773,15,0.000452447742285766
812,15,0.0004283939510774108
1089,15,0.003803727653100038
930,15,0.0012350253180190194
852,15,0.0005577867023650157
1213,15,0.00346860908775581
838,15,0.0003234884999838256
782,15,0.000647542575924367
1085,15,0.0020999580008399833
366,15,0.03194888178913738
379,15,0.06134969325153374
889,15,0.0008400537634408602
357,15,0.04065040650406504
965,15,0.0004404704224111351
339,15,0.054945054945054944
751,15,0.0006650704974727321
347,15,0.056818181818181816
324,15,0.04424778761061947
454,15,0.03571428571428571
1109,15,0.0025284450063211127
416,15,0.05
976,15,0.0007774236181295188
807,15,0.0006186970240673142
1226,15,0.010570824524312896
1247,15,0.0038153376573826785
1161,15,0.004539264639128461
367,15,0.052083333333333336
823,15,0.0006153088850603003
337,15,0.040160642570281124
833,15,0.0009675858732462506
808,15,0.000717772035601493
445,15,0.08196721311475409
339,15,0.053763440860215055
849,15,0.0011219566924716706
331,15,0.03861003861003861
331,15,0.07936507936507936
876,15,0.0007356186552890981
437,15,0.04149377593360996
463,15,0.03164556962025317
781,15,0.0006639224538573894
460,15,0.0684931506849315
392,15,0.08547008547008547
1040,15,0.004631773969430292
458,15,0.05747126436781609
418,15,0.04081632653061224
765,15,0.0006791171477079797
1102,15,0.004399472063352398
1178,15,0.005521811154058531
399,15,0.0684931506849315
1155,15,0.0030921459492888066
451,15,0.03861003861003861
1215,15,0.0041876046901172526
799,15,0.000520074890784273
418,15,0.05102040816326531
1124,15,0.002929973630237328
357,15,0.03676470588235294
346,15,0.06172839506172839
809,15,0.0004819044865307696
837,15,0.0008817564588660612
1165,15,0.0054585152838427945
758,15,0.0005409499080385157
770,15,0.00036952183874066957
320,15,0.06896551724137931
812,15,0.0006128953174797745
445,15,0.02631578947368421
349,15,0.06711409395973154
343,15,0.04975124378109453
1057,15,0.005420054200542005
875,15,0.0004195686833934715
843,15,0.0010311404413281089
345,15,0.03597122302158273
846,15,0.0006095330976472023
328,15,0.05714285714285714
760,15,0.0006444129398118315
824,15,0.0009081002542680712
438,15,0.06993006993006994
784,15,0.00047564687975646877
797,15,0.0004409365492305657
875,15,0.0006225099601593625
413,15,0.0625
327,15,0.05154639175257732
861,15,0.0006239470892868285
378,15,0.06802721088435375
410,15,0.08196721311475409
451,15,0.07692307692307693
347,15,0.05747126436781609
1218,15,0.003746721618583739
444,15,0.057803468208092484
747,15,0.0007690532953933708
375,15,0.02666666666666667
457,15,0.035842293906810034
432,15,0.049019607843137254
447,15,0.03508771929824561
834,15,0.00042674860239832714
867,15,0.0006547930853850184
1151,15,0.007598784194528876
1009,15,0.0027917364600781687
814,15,0.0003940731399747793
778,15,0.0007215007215007215
898,15,0.000616180910715386
1148,15,0.002801905295601009
792,15,0.0006417661404184315
762,15,0.0013048016701461378
1148,15,0.007358351729212656
859,15,0.0007204091924212953
807,15,0.0005859260561317162
1167,15,0.004970178926441352
486,15,0.05
458,15,0.05714285714285714
325,15,0.04
1150,15,0.0034048348655090228
443,15,0.04878048780487805
344,15,0.03389830508474576
346,15,0.03861003861003861
325,15,0.056179775280898875
775,15,0.0007383343177790904
1238,15,0.002466091245376079
455,15,0.031746031746031744
338,15,0.03816793893129771
429,15,0.08333333333333333
341,15,0.10309278350515463
465,15,0.062111801242236024
460,15,0.044642857142857144
783,15,0.0006309944472488642
861,15,0.0008275405494869249
822,15,0.0008116224332440549
1121,15,0.002485089463220676
830,15,0.0005254032469920664
808,15,0.0005590339892665474
451,15,0.06329113924050633
1217,15,0.005488474204171241
883,15,0.0006552221202987813
837,15,0.0008543357539513029
1134,15,0.003995205753096284
372,15,0.08196721311475409
331,15,0.04926108374384237
463,15,0.032679738562091505
879,15,0.0006007449237053947
904,15,0.0006509992839007877
791,15,0.0008267879288962381
777,15,0.0008291186468783683
1107,15,0.004880429477794046
1156,15,0.0070921985815602835
1175,15,0.0038358266206367474
1133,15,0.008904719501335707
1180,15,0.0037537537537537537
1228,15,0.0027808676307007787
768,15,0.00034630835295747334
780,15,0.0005089058524173028
779,15,0.0006551362683438155
424,15,0.06134969325153374
1235,15,0.006501950585175552
1193,15,0.004046944556859571
1176,15,0.0036456434560699965
1212,15,0.0037921880925293893
1132,15,0.00398406374501992
766,15,0.0009000090000900009
473,15,0.03278688524590164
418,15,0.04065040650406504
441,15,0.04405286343612335
439,15,0.04784688995215311
355,15,0.06756756756756757
363,15,0.05
407,15,0.04807692307692308
320,15,0.04854368932038835
872,15,0.0008804366966015144
815,15,0.0005785697755149271
757,15,0.0006600224407629859
976,15,0.0008813678829543451
794,15,0.00047156465151372253
440,15,0.053763440860215055
444,15,0.06451612903225806
750,15,0.0004854368932038835
1121,15,0.0038446751249519417
1128,15,0.008710801393728223
761,15,0.00038519317437695004
1175,15,0.0027210884353741495
895,15,0.0014369880729989942
461,15,0.062111801242236024
416,15,0.0423728813559322
1093,15,0.0032185387833923397
900,15,0.0004927322000492732
459,15,0.03816793893129771
340,15,0.06060606060606061
341,15,0.03663003663003663
767,15,0.0005707111060381235
457,15,0.07518796992481203
405,15,0.06756756756756757
486,15,0.026881720430107527
423,15,0.03937007874015748
1136,15,0.006578947368421052
322,15,0.046296296296296294
432,15,0.05154639175257732
1047,15,0.007336757153338224
821,15,0.0006859181013786954
767,15,0.0005039814534825119
1022,15,0.0007661074082586379
844,15,0.0012138868657441126
439,15,0.03731343283582089
440,15,0.04424778761061947
440,15,0.04032258064516129
811,15,0.0005550929780738274
347,15,0.040983606557377046
379,15,0.053475935828877004
747,15,0.0008101758081503687
324,15,0.053475935828877004
364,15,0.052083333333333336
433,15,0.07246376811594203
349,15,0.045454545454545456
868,15,0.0012564392511622063
428,15,0.04201680672268908
819,15,0.0007701193685021178
825,15,0.0008332638946754438
833,15,0.0006686279753944905
1177,15,0.0036376864314296106
1116,15,0.002268602540834846
792,15,0.0006674230794900888
429,15,0.0398406374501992
859,15,0.0006565988181221273
763,15,0.00043271311120726956
435,15,0.033783783783783786
1225,15,0.004492362982929021
330,15,0.06622516556291391
342,15,0.024271844660194174
371,15,0.040983606557377046
461,15,0.03676470588235294
342,15,0.060240963855421686
804,15,0.0006048509042521019
971,15,0.000797702616464582
337,15,0.049019607843137254
401,15,0.046296296296296294
418,15,0.09345794392523364
1165,15,0.004399472063352398
1190,15,0.004911591355599214
340,15,0.04484304932735426
441,15,0.04854368932038835
1062,15,0.002270663033605813
800,15,0.0004415011037527594
337,15,0.02207505518763797
351,15,0.034013605442176874
414,15,0.0353356890459364
867,15,0.0004834654805646877
764,15,0.00043542628233040145
844,15,0.0005372300419039433
890,15,0.0004576030750926646
1024,15,0.0023992322456813818
478,15,0.050505050505050504
450,15,0.03690036900369004
361,15,0.06756756756756757
750,15,0.0005391707553782282
845,15,0.0037078235076010383
332,15,0.07194244604316546
