244,28,0.5263157894736842
640,28,0.19230769230769232
416,28,0.1724137931034483
404,28,0.30303030303030304
641,28,0.23255813953488372
409,28,0.23255813953488372
508,28,0.5
393,28,0.2222222222222222
407,28,0.2222222222222222
394,28,0.37037037037037035
475,28,0.38461538461538464
397,28,0.25
461,28,0.3225806451612903
450,28,0.5882352941176471
511,28,0.7692307692307693
419,28,0.25
673,28,0.2777777777777778
494,28,0.625
488,28,0.5882352941176471
409,28,0.15384615384615385
262,28,0.47619047619047616
256,28,0.5263157894736842
256,28,0.45454545454545453
400,28,0.17543859649122806
392,28,0.3125
397,28,0.20408163265306123
379,28,0.2631578947368421
403,28,0.25
647,28,0.29411764705882354
425,28,0.24390243902439024
648,28,0.3125
660,28,0.3225806451612903
256,28,0.8333333333333334
494,28,0.5882352941176471
645,28,0.2
248,28,0.5555555555555556
453,28,0.35714285714285715
472,28,0.5263157894736842
507,28,0.5882352941176471
400,28,0.23809523809523808
463,28,0.3333333333333333
426,28,0.35714285714285715
480,28,0.5882352941176471
486,28,0.5555555555555556
502,28,0.5263157894736842
398,28,0.22727272727272727
647,28,0.20833333333333334
440,28,0.5555555555555556
252,28,0.5263157894736842
266,28,0.5555555555555556
388,28,0.3125
256,28,0.47619047619047616
403,28,0.4
252,28,0.6666666666666666
254,28,0.4166666666666667
621,28,0.2127659574468085
418,28,0.2127659574468085
457,28,0.3125
406,28,0.17857142857142858
397,28,0.37037037037037035
256,28,0.5555555555555556
488,28,0.43478260869565216
458,28,0.7692307692307693
489,28,0.47619047619047616
484,28,0.5
625,28,0.2857142857142857
393,28,0.45454545454545453
254,28,0.5882352941176471
649,28,0.23255813953488372
484,28,0.625
386,28,0.12345679012345678
463,28,0.625
387,28,0.22727272727272727
392,28,0.3225806451612903
402,28,0.2127659574468085
261,28,0.5
637,28,0.2702702702702703
457,28,0.7142857142857143
266,28,0.8333333333333334
496,28,0.625
417,28,0.1724137931034483
423,28,0.20408163265306123
412,28,0.14492753623188406
407,28,0.2702702702702703
386,28,0.3225806451612903
657,28,0.21739130434782608
274,28,0.6666666666666666
250,28,0.47619047619047616
474,28,0.7142857142857143
632,28,0.20408163265306123
411,28,0.4166666666666667
417,28,0.45454545454545453
493,28,0.625
254,28,0.5882352941176471
