6,0.06172839506172839,94
6,0.0364963503649635,109
6,0.04854368932038835,100
6,0.07518796992481203,218
6,0.02531645569620253,217
6,0.0390625,106
6,0.0546448087431694,265
6,0.04291845493562232,166
9,0.14705882352941177,223
6,0.08620689655172414,102
6,0.06944444444444445,102
6,0.021739130434782608,276
6,0.04065040650406504,281
9,0.38461538461538464,224
9,0.13157894736842105,240
6,0.04926108374384237,198
6,0.0425531914893617,111
6,0.050761421319796954,230
6,0.06666666666666667,199
6,0.07462686567164178,196
6,0.04504504504504504,229
9,0.13157894736842105,221
6,0.04878048780487805,279
6,0.04608294930875576,220
6,0.0625,212
6,0.030395136778115502,265
6,0.032467532467532464,272
6,0.07407407407407407,207
6,0.03546099290780142,149
6,0.04672897196261682,211
6,0.04149377593360996,225
9,0.1,248
6,0.030959752321981424,163
6,0.0546448087431694,233
6,0.046296296296296294,260
6,0.044642857142857144,205
6,0.05263157894736842,111
6,0.04854368932038835,234
6,0.0684931506849315,206
6,0.026954177897574125,224
6,0.03745318352059925,240
6,0.03759398496240601,94
6,0.03690036900369004,219
6,0.056818181818181816,216
6,0.026385224274406333,208
6,0.03067484662576687,211
6,0.045662100456621,106
6,0.03875968992248062,110
6,0.03636363636363636,94
6,0.041666666666666664,256
6,0.07633587786259542,94
6,0.04484304932735426,113
6,0.03816793893129771,208
6,0.10526315789473684,198
6,0.04201680672268908,254
6,0.04201680672268908,210
6,0.04854368932038835,253
6,0.04830917874396135,167
6,0.03968253968253968,94
6,0.05263157894736842,103
6,0.05813953488372093,208
6,0.052083333333333336,100
6,0.034013605442176874,236
6,0.03333333333333333,103
6,0.02631578947368421,204
6,0.0392156862745098,94
6,0.04065040650406504,106
6,0.053475935828877004,272
6,0.03048780487804878,218
6,0.04149377593360996,223
6,0.043668122270742356,217
6,0.04219409282700422,100
6,0.0411522633744856,205
6,0.027700831024930747,94
6,0.07352941176470588,105
6,0.047619047619047616,145
6,0.036101083032490974,94
6,0.0423728813559322,246
6,0.025839793281653745,109
6,0.06622516556291391,149
6,0.05,234
6,0.025510204081632654,211
6,0.05181347150259067,195
6,0.03355704697986577,262
6,0.03076923076923077,209
9,0.09433962264150944,210
6,0.0398406374501992,227
6,0.08,200
6,0.06578947368421052,219
6,0.03003003003003003,193
6,0.08264462809917356,204
6,0.052083333333333336,117
6,0.030303030303030304,205
6,0.060240963855421686,209
6,0.027777777777777776,201
6,0.03460207612456748,216
6,0.045871559633027525,199
6,0.04065040650406504,103
6,0.03322259136212625,201
6,0.042735042735042736,94
6,0.042735042735042736,247
6,0.03773584905660377,189
6,0.036101083032490974,156
6,0.04310344827586207,227
6,0.04310344827586207,206
6,0.03676470588235294,226
6,0.04405286343612335,246
6,0.056179775280898875,208
6,0.0546448087431694,102
6,0.06578947368421052,107
6,0.028901734104046242,160
6,0.031446540880503145,225
6,0.052083333333333336,208
6,0.030303030303030304,105
6,0.057803468208092484,94
9,0.17857142857142858,236
6,0.05434782608695652,94
6,0.035842293906810034,213
6,0.046511627906976744,102
6,0.02680965147453083,286
6,0.041666666666666664,241
6,0.04424778761061947,200
6,0.06060606060606061,203
6,0.03484320557491289,286
6,0.05405405405405406,103
6,0.125,185
6,0.0364963503649635,211
6,0.03773584905660377,94
6,0.04484304932735426,238
6,0.03184713375796178,210
6,0.04716981132075472,214
6,0.04048582995951417,100
6,0.049019607843137254,201
6,0.08547008547008547,151
6,0.02857142857142857,223
6,0.055248618784530384,223
6,0.06329113924050633,199
6,0.0353356890459364,100
6,0.02564102564102564,235
6,0.01949317738791423,199
6,0.0425531914893617,156
6,0.0425531914893617,106
6,0.055248618784530384,100
6,0.0353356890459364,154
6,0.052083333333333336,94
6,0.040983606557377046,295
6,0.05,206
6,0.04219409282700422,100
6,0.09615384615384616,106
6,0.05434782608695652,211
6,0.04329004329004329,213
6,0.04424778761061947,198
6,0.05952380952380952,227
6,0.03937007874015748,208
6,0.0546448087431694,225
6,0.05291005291005291,216
6,0.04807692307692308,208
9,0.11627906976744186,208
9,0.1111111111111111,249
6,0.03076923076923077,213
6,0.053475935828877004,115
6,0.03546099290780142,116
6,0.03937007874015748,213
6,0.043478260869565216,200
6,0.043859649122807015,162
6,0.05747126436781609,213
6,0.03773584905660377,202
6,0.03676470588235294,204
6,0.04950495049504951,107
6,0.031055900621118012,100
6,0.09803921568627451,280
6,0.03663003663003663,101
6,0.05291005291005291,237
6,0.03424657534246575,220
6,0.030211480362537766,210
9,0.11494252873563218,256
6,0.09174311926605505,106
6,0.05319148936170213,214
6,0.06756756756756757,204
6,0.0684931506849315,229
6,0.07751937984496124,164
6,0.03257328990228013,100
9,0.1,218
6,0.03759398496240601,100
6,0.06493506493506493,210
6,0.0641025641025641,221
6,0.03067484662576687,248
6,0.04184100418410042,222
6,0.062111801242236024,219
6,0.03367003367003367,156
6,0.04975124378109453,106
6,0.030395136778115502,239
6,0.05747126436781609,206
6,0.02531645569620253,283
6,0.03745318352059925,237
6,0.03436426116838488,279
6,0.03690036900369004,104
6,0.08928571428571429,100
6,0.03460207612456748,199
6,0.06756756756756757,221
6,0.03322259136212625,211
6,0.039525691699604744,270
6,0.02680965147453083,241
6,0.039525691699604744,205
6,0.04926108374384237,218
6,0.06097560975609756,217
6,0.03225806451612903,114
6,0.07092198581560284,158
6,0.06622516556291391,104
6,0.026041666666666668,286
6,0.11235955056179775,117
6,0.046948356807511735,100
6,0.044642857142857144,210
6,0.0423728813559322,291
6,0.06711409395973154,235
6,0.053475935828877004,252
6,0.057803468208092484,200
6,0.046948356807511735,151
6,0.05714285714285714,100
6,0.08403361344537816,144
6,0.05263157894736842,221
9,0.14492753623188406,264
6,0.034482758620689655,211
6,0.06993006993006994,110
6,0.05102040816326531,204
6,0.05405405405405406,94
6,0.033112582781456956,155
6,0.032362459546925564,219
6,0.05952380952380952,207
6,0.05747126436781609,286
6,0.04032258064516129,108
6,0.053475935828877004,109
6,0.055865921787709494,94
6,0.06493506493506493,94
6,0.04032258064516129,145
6,0.03802281368821293,109
6,0.02710027100271003,146
6,0.03968253968253968,107
6,0.03496503496503497,286
6,0.039525691699604744,193
6,0.028169014084507043,206
6,0.04065040650406504,156
6,0.046296296296296294,100
6,0.07407407407407407,235
6,0.03436426116838488,102
6,0.02145922746781116,211
6,0.029239766081871343,94
6,0.02127659574468085,297
6,0.026595744680851064,94
6,0.03636363636363636,210
6,0.04149377593360996,106
6,0.043859649122807015,107
6,0.04149377593360996,246
6,0.038910505836575876,206
6,0.07407407407407407,126
6,0.055865921787709494,294
6,0.04784688995215311,108
6,0.057803468208092484,157
6,0.04739336492890995,106
6,0.03215434083601286,151
6,0.02702702702702703,158
6,0.06369426751592357,203
6,0.056179775280898875,103
6,0.03759398496240601,231
6,0.05235602094240838,109
6,0.0390625,205
6,0.033444816053511704,160
6,0.03636363636363636,102
6,0.05952380952380952,94
9,0.15151515151515152,222
6,0.04291845493562232,210
6,0.047619047619047616,102
6,0.038910505836575876,250
6,0.038910505836575876,110
6,0.027700831024930747,268
6,0.050761421319796954,213
6,0.03355704697986577,205
6,0.04608294930875576,220
6,0.03205128205128205,104
6,0.06802721088435375,110
6,0.043859649122807015,108
9,0.14285714285714285,219
6,0.056818181818181816,116
6,0.04291845493562232,111
6,0.06451612903225806,251
6,0.038461538461538464,100
6,0.057803468208092484,213
6,0.05128205128205128,186
6,0.04950495049504951,237
6,0.03571428571428571,316
6,0.0273972602739726,221
6,0.04149377593360996,221
6,0.022271714922048998,220
6,0.024630541871921183,301
6,0.022675736961451247,102
9,0.09433962264150944,225
6,0.05181347150259067,192
6,0.02849002849002849,106
6,0.05917159763313609,200
6,0.036231884057971016,311
6,0.050761421319796954,207
6,0.0392156862745098,150
6,0.04807692307692308,94
9,0.15384615384615385,238
9,0.11363636363636363,225
6,0.05319148936170213,114
6,0.04716981132075472,209
6,0.04926108374384237,162
6,0.0684931506849315,152
6,0.045871559633027525,108
6,0.029154518950437316,114
6,0.029498525073746312,94
6,0.03802281368821293,313
6,0.03215434083601286,111
6,0.08130081300813008,147
9,0.10204081632653061,238
6,0.03558718861209965,94
6,0.052083333333333336,171
6,0.04484304932735426,240
6,0.05181347150259067,108
6,0.03194888178913738,158
6,0.05952380952380952,147
6,0.03690036900369004,275
6,0.07352941176470588,230
6,0.02717391304347826,208
6,0.03355704697986577,215
6,0.04291845493562232,209
6,0.05025125628140704,225
6,0.04291845493562232,120
6,0.05649717514124294,145
6,0.027247956403269755,112
6,0.02617801047120419,216
6,0.03184713375796178,231
6,0.02564102564102564,285
6,0.060240963855421686,94
6,0.045871559633027525,210
6,0.05102040816326531,199
6,0.04807692307692308,202
6,0.07518796992481203,293
6,0.055865921787709494,211
6,0.03676470588235294,109
6,0.0423728813559322,150
9,0.2127659574468085,228
6,0.03731343283582089,199
6,0.05154639175257732,210
6,0.039525691699604744,217
9,0.10309278350515463,221
6,0.034013605442176874,190
6,0.033003300330033,101
6,0.06493506493506493,115
9,0.17543859649122806,237
6,0.034013605442176874,122
6,0.06896551724137931,224
6,0.0625,254
6,0.035842293906810034,208
6,0.03875968992248062,207
9,0.09615384615384616,238
6,0.046296296296296294,312
6,0.035211267605633804,213
6,0.03787878787878788,212
6,0.03205128205128205,107
6,0.046948356807511735,106
6,0.03076923076923077,94
6,0.05102040816326531,232
6,0.03745318352059925,145
6,0.03424657534246575,102
6,0.04291845493562232,100
6,0.056179775280898875,144
6,0.047619047619047616,226
6,0.07518796992481203,100
6,0.058823529411764705,247
6,0.04405286343612335,100
6,0.05649717514124294,236
6,0.04784688995215311,213
9,0.16129032258064516,210
6,0.0411522633744856,205
6,0.05847953216374269,210
6,0.043478260869565216,214
6,0.06451612903225806,224
6,0.038910505836575876,291
6,0.05405405405405406,210
6,0.04975124378109453,206
6,0.046296296296296294,227
6,0.056179775280898875,222
6,0.03389830508474576,104
6,0.03875968992248062,307
6,0.037037037037037035,225
6,0.0425531914893617,217
6,0.062111801242236024,105
6,0.03194888178913738,104
6,0.04184100418410042,94
6,0.0641025641025641,243
6,0.02881844380403458,94
6,0.04065040650406504,107
6,0.0423728813559322,151
6,0.06134969325153374,296
6,0.02881844380403458,114
6,0.12195121951219512,121
6,0.03278688524590164,200
6,0.05714285714285714,150
6,0.056179775280898875,212
6,0.05,100
6,0.04672897196261682,107
6,0.053763440860215055,312
6,0.06134969325153374,225
6,0.053475935828877004,245
6,0.0641025641025641,223
9,0.136986301369863,223
6,0.031545741324921134,255
6,0.045871559633027525,217
6,0.04291845493562232,210
6,0.04405286343612335,94
6,0.05128205128205128,217
6,0.02145922746781116,231
6,0.04219409282700422,102
6,0.04739336492890995,217
6,0.03496503496503497,209
6,0.06097560975609756,286
6,0.04149377593360996,168
9,0.15625,211
6,0.059880239520958084,317
6,0.033783783783783786,144
9,0.13513513513513514,219
6,0.0390625,213
6,0.05,231
6,0.09523809523809523,207
6,0.053763440860215055,242
6,0.03676470588235294,106
6,0.06993006993006994,206
6,0.0641025641025641,110
6,0.03937007874015748,222
6,0.040983606557377046,209
6,0.034722222222222224,230
6,0.04,202
9,0.0847457627118644,225
6,0.05102040816326531,145
6,0.04975124378109453,103
6,0.025839793281653745,198
6,0.05952380952380952,193
6,0.04310344827586207,230
6,0.031055900621118012,210
6,0.03745318352059925,101
6,0.04950495049504951,189
6,0.04065040650406504,206
6,0.033112582781456956,233
6,0.03546099290780142,226
9,0.15625,255
6,0.03773584905660377,210
6,0.05555555555555555,203
6,0.03389830508474576,199
6,0.030120481927710843,201
6,0.05235602094240838,212
6,0.057803468208092484,108
6,0.04184100418410042,105
6,0.044642857142857144,115
9,0.08064516129032258,237
6,0.04405286343612335,293
6,0.04484304932735426,222
6,0.03875968992248062,227
6,0.03663003663003663,293
6,0.043478260869565216,145
9,0.09433962264150944,234
6,0.036231884057971016,215
6,0.030211480362537766,229
6,0.03367003367003367,94
6,0.03773584905660377,105
6,0.0392156862745098,317
6,0.05405405405405406,217
9,0.1388888888888889,227
6,0.037037037037037035,108
6,0.045454545454545456,221
6,0.06711409395973154,233
6,0.04504504504504504,210
6,0.05917159763313609,101
6,0.07142857142857142,219
6,0.07352941176470588,165
6,0.07633587786259542,223
6,0.029498525073746312,211
6,0.04081632653061224,94
6,0.1,208
6,0.030120481927710843,223
6,0.07518796992481203,209
6,0.04784688995215311,205
6,0.038314176245210725,100
6,0.04807692307692308,100
6,0.0546448087431694,202
6,0.038314176245210725,198
6,0.03802281368821293,203
6,0.05555555555555555,283
6,0.09009009009009009,221
6,0.041666666666666664,232
6,0.03484320557491289,202
6,0.055865921787709494,120
6,0.024213075060532687,198
6,0.07633587786259542,260
6,0.04424778761061947,223
6,0.056179775280898875,218
6,0.02849002849002849,110
9,0.11494252873563218,221
6,0.0625,102
6,0.03289473684210526,216
9,0.1282051282051282,232
9,0.15384615384615385,234
6,0.056179775280898875,118
6,0.03278688524590164,301
6,0.04950495049504951,210
6,0.03558718861209965,122
6,0.1111111111111111,205
6,0.05263157894736842,116
6,0.0641025641025641,94
6,0.06134969325153374,214
6,0.056818181818181816,223
6,0.053475935828877004,145
6,0.03436426116838488,216
6,0.04830917874396135,304
6,0.050761421319796954,102
6,0.039525691699604744,146
6,0.06896551724137931,210
6,0.04716981132075472,232
6,0.049019607843137254,209
6,0.06289308176100629,284
6,0.032679738562091505,214
6,0.03787878787878788,203
6,0.034482758620689655,111
6,0.043478260869565216,112
6,0.04975124378109453,148
6,0.050761421319796954,109
6,0.078125,215
6,0.03717472118959108,102
6,0.09615384615384616,214
6,0.0425531914893617,199
6,0.037037037037037035,228
6,0.040983606557377046,200
6,0.0390625,237
6,0.03389830508474576,94
6,0.08,109
6,0.04784688995215311,94
6,0.0546448087431694,151
6,0.043859649122807015,210
6,0.04608294930875576,108
6,0.045871559633027525,211
6,0.027700831024930747,209
6,0.04504504504504504,282
6,0.0625,169
9,0.09259259259259259,213
6,0.06896551724137931,110
6,0.08849557522123894,252
9,0.14705882352941177,210
6,0.030395136778115502,116
9,0.09009009009009009,211
6,0.036101083032490974,221
6,0.07633587786259542,215
6,0.034129692832764506,224
6,0.02976190476190476,132
6,0.04065040650406504,199
6,0.04184100418410042,104
6,0.031545741324921134,94
6,0.05952380952380952,205
6,0.036231884057971016,107
6,0.057803468208092484,212
6,0.06578947368421052,219
6,0.04926108374384237,102
9,0.17857142857142858,231
6,0.06134969325153374,115
6,0.0353356890459364,285
6,0.05291005291005291,197
6,0.053475935828877004,228
6,0.04032258064516129,110
6,0.04424778761061947,144
6,0.03257328990228013,224
6,0.033444816053511704,110
6,0.03424657534246575,108
6,0.05434782608695652,220
6,0.03322259136212625,157
6,0.06896551724137931,288
6,0.03367003367003367,221
6,0.0390625,279
6,0.06493506493506493,239
6,0.03257328990228013,321
6,0.05128205128205128,94
6,0.030959752321981424,218
9,0.07518796992481203,218
6,0.03875968992248062,215
6,0.05747126436781609,216
6,0.06451612903225806,214
6,0.03731343283582089,210
6,0.03367003367003367,195
6,0.0423728813559322,199
6,0.05291005291005291,169
6,0.04975124378109453,235
6,0.0423728813559322,304
6,0.02824858757062147,120
6,0.034482758620689655,100
6,0.03134796238244514,162
6,0.06369426751592357,147
9,0.09615384615384616,239
6,0.030395136778115502,149
6,0.04424778761061947,235
6,0.028328611898016998,232
6,0.04504504504504504,150
6,0.038910505836575876,223
6,0.03636363636363636,212
6,0.06756756756756757,214
6,0.07246376811594203,227
9,0.07194244604316546,229
6,0.04784688995215311,196
6,0.03816793893129771,228
6,0.030864197530864196,219
6,0.05235602094240838,236
6,0.04830917874396135,224
6,0.055248618784530384,220
6,0.04329004329004329,168
6,0.03048780487804878,231
6,0.03745318352059925,160
6,0.03773584905660377,194
6,0.052083333333333336,94
6,0.0392156862745098,100
6,0.029940119760479042,112
6,0.06578947368421052,222
6,0.026737967914438502,262
6,0.032467532467532464,149
6,0.04405286343612335,233
6,0.0364963503649635,110
6,0.07751937984496124,240
6,0.035211267605633804,272
6,0.07407407407407407,288
6,0.08849557522123894,184
6,0.040983606557377046,203
9,0.08,220
6,0.08,113
6,0.034129692832764506,100
9,0.08771929824561403,218
6,0.03968253968253968,220
6,0.0546448087431694,153
6,0.040983606557377046,113
6,0.04716981132075472,218
6,0.045662100456621,221
6,0.08771929824561403,226
6,0.08196721311475409,160
6,0.034482758620689655,193
6,0.15625,210
6,0.03289473684210526,220
6,0.06493506493506493,244
6,0.05128205128205128,282
6,0.049019607843137254,158
6,0.035211267605633804,246
9,0.09615384615384616,222
6,0.02557544757033248,262
6,0.034482758620689655,100
6,0.062111801242236024,224
6,0.0390625,215
6,0.02932551319648094,308
6,0.03546099290780142,218
6,0.041666666666666664,223
6,0.05405405405405406,260
6,0.050505050505050504,158
6,0.039525691699604744,203
6,0.045454545454545456,94
6,0.04,94
6,0.05025125628140704,100
9,0.1724137931034483,240
6,0.03759398496240601,113
6,0.028985507246376812,201
6,0.059880239520958084,105
6,0.036101083032490974,200
6,0.04878048780487805,107
6,0.029239766081871343,217
9,0.09523809523809523,220
6,0.07194244604316546,160
6,0.02666666666666667,105
6,0.0392156862745098,223
6,0.034722222222222224,103
6,0.027247956403269755,210
6,0.06134969325153374,168
6,0.034013605442176874,209
6,0.03759398496240601,301
6,0.042735042735042736,184
6,0.08,217
6,0.04608294930875576,210
6,0.057803468208092484,104
6,0.04878048780487805,210
6,0.04784688995215311,303
6,0.08695652173913043,207
6,0.06097560975609756,219
6,0.026595744680851064,103
6,0.032362459546925564,102
6,0.03424657534246575,165
6,0.03690036900369004,237
6,0.028169014084507043,209
6,0.06535947712418301,166
6,0.06172839506172839,157
6,0.06329113924050633,208
6,0.07575757575757576,223
6,0.04424778761061947,213
6,0.059880239520958084,197
6,0.05714285714285714,214
6,0.08620689655172414,116
6,0.04424778761061947,317
6,0.04329004329004329,300
6,0.07936507936507936,118
6,0.04975124378109453,218
6,0.06289308176100629,149
6,0.031746031746031744,270
9,0.19230769230769232,231
6,0.021645021645021644,106
6,0.03731343283582089,209
9,0.12658227848101267,220
6,0.02320185614849188,147
6,0.043478260869565216,211
6,0.029069767441860465,224
6,0.05181347150259067,100
6,0.045662100456621,153
6,0.04048582995951417,212
6,0.047619047619047616,209
6,0.030864197530864196,237
6,0.03731343283582089,94
6,0.03322259136212625,100
9,0.19230769230769232,218
6,0.021739130434782608,108
6,0.0398406374501992,249
6,0.060240963855421686,199
6,0.03968253968253968,228
6,0.03816793893129771,222
6,0.03558718861209965,102
6,0.026737967914438502,222
6,0.08264462809917356,212
6,0.02717391304347826,147
6,0.03597122302158273,186
6,0.026455026455026454,159
6,0.03436426116838488,220
6,0.05405405405405406,238
6,0.03571428571428571,214
6,0.0234192037470726,174
6,0.03937007874015748,218
6,0.036231884057971016,260
6,0.03773584905660377,227
6,0.030120481927710843,225
6,0.0411522633744856,102
6,0.06993006993006994,347
6,0.02457002457002457,209
6,0.11363636363636363,289
6,0.042735042735042736,204
9,0.12048192771084337,226
9,0.1388888888888889,239
6,0.032679738562091505,199
6,0.055248618784530384,103
6,0.04784688995215311,111
6,0.0273224043715847,119
6,0.06289308176100629,215
6,0.03773584905660377,106
6,0.04201680672268908,224
9,0.12987012987012986,212
6,0.038910505836575876,201
6,0.031446540880503145,104
6,0.030211480362537766,311
6,0.03215434083601286,104
6,0.03676470588235294,221
9,0.11764705882352941,230
6,0.03937007874015748,199
6,0.03215434083601286,198
6,0.05235602094240838,229
6,0.0353356890459364,104
6,0.054945054945054944,226
6,0.024509803921568627,102
6,0.03496503496503497,235
6,0.026737967914438502,213
6,0.06944444444444445,158
6,0.055865921787709494,213
6,0.06369426751592357,202
6,0.044444444444444446,100
6,0.056179775280898875,255
6,0.023752969121140142,102
9,0.11627906976744186,213
6,0.04310344827586207,226
6,0.03508771929824561,220
6,0.05128205128205128,212
6,0.04878048780487805,246
6,0.056818181818181816,217
6,0.038461538461538464,207
6,0.02518891687657431,116
6,0.028735632183908046,189
6,0.07874015748031496,212
6,0.026881720430107527,198
6,0.05714285714285714,103
9,0.08547008547008547,215
6,0.059880239520958084,115
6,0.050505050505050504,208
6,0.05,116
6,0.0398406374501992,253
6,0.03745318352059925,209
6,0.02610966057441253,257
6,0.05102040816326531,222
6,0.04672897196261682,102
6,0.04950495049504951,214
6,0.057803468208092484,117
6,0.06535947712418301,102
6,0.03663003663003663,274
6,0.03773584905660377,305
6,0.04524886877828054,94
6,0.043668122270742356,200
6,0.0273972602739726,259
6,0.047619047619047616,102
6,0.05319148936170213,232
6,0.040983606557377046,170
6,0.026737967914438502,214
6,0.030959752321981424,109
6,0.033003300330033,107
6,0.08771929824561403,225
6,0.058823529411764705,163
6,0.038461538461538464,203
6,0.0546448087431694,102
6,0.04608294930875576,234
6,0.04424778761061947,257
6,0.0423728813559322,101
6,0.05154639175257732,223
6,0.043859649122807015,264
6,0.038461538461538464,107
6,0.0398406374501992,94
9,0.1111111111111111,222
6,0.031446540880503145,215
6,0.04878048780487805,316
6,0.06578947368421052,110
6,0.028409090909090908,94
6,0.036101083032490974,100
6,0.05813953488372093,110
6,0.06896551724137931,214
6,0.05555555555555555,210
6,0.029239766081871343,94
6,0.04048582995951417,201
6,0.07936507936507936,163
6,0.029585798816568046,273
6,0.04149377593360996,102
9,0.1388888888888889,270
6,0.03663003663003663,278
6,0.04608294930875576,280
6,0.028735632183908046,103
6,0.05102040816326531,151
6,0.04950495049504951,243
6,0.04184100418410042,218
6,0.06369426751592357,302
6,0.03745318352059925,228
9,0.06711409395973154,219
6,0.025906735751295335,94
6,0.0353356890459364,109
6,0.02386634844868735,196
6,0.04739336492890995,162
6,0.03257328990228013,202
6,0.029585798816568046,244
6,0.039525691699604744,218
9,0.15625,219
6,0.02544529262086514,100
6,0.07874015748031496,215
6,0.05,211
6,0.05649717514124294,165
6,0.045662100456621,94
9,0.08928571428571429,238
6,0.056179775280898875,100
6,0.038910505836575876,114
6,0.06578947368421052,149
6,0.05128205128205128,120
6,0.04081632653061224,214
6,0.043859649122807015,224
6,0.056818181818181816,220
9,0.12195121951219512,207
6,0.04608294930875576,114
6,0.06896551724137931,229
6,0.056179775280898875,94
6,0.03663003663003663,324
6,0.05,212
6,0.043859649122807015,100
6,0.03717472118959108,199
6,0.03861003861003861,204
9,0.12658227848101267,216
6,0.03508771929824561,219
6,0.07692307692307693,207
6,0.12658227848101267,104
6,0.05714285714285714,94
6,0.026737967914438502,218
6,0.030303030303030304,204
6,0.05917159763313609,106
6,0.03125,94
6,0.04424778761061947,187
6,0.0411522633744856,286
6,0.04081632653061224,218
6,0.031446540880503145,195
6,0.06896551724137931,140
6,0.046948356807511735,148
6,0.025839793281653745,217
6,0.02666666666666667,296
9,0.13333333333333333,209
6,0.031055900621118012,106
6,0.0392156862745098,227
6,0.030959752321981424,94
6,0.056179775280898875,219
6,0.05235602094240838,119
6,0.04807692307692308,277
6,0.05263157894736842,212
9,0.14705882352941177,229
6,0.033783783783783786,192
6,0.0625,161
6,0.043478260869565216,210
6,0.04081632653061224,108
6,0.05,226
6,0.04524886877828054,225
6,0.06944444444444445,103
6,0.03636363636363636,108
6,0.03571428571428571,228
6,0.034129692832764506,238
6,0.11363636363636363,326
6,0.04405286343612335,234
6,0.0364963503649635,241
6,0.033444816053511704,220
6,0.045454545454545456,197
6,0.04504504504504504,205
6,0.06369426751592357,107
6,0.0423728813559322,108
9,0.13513513513513514,235
6,0.06329113924050633,224
6,0.04184100418410042,200
6,0.052083333333333336,225
9,0.08130081300813008,220
6,0.058823529411764705,217
6,0.056818181818181816,219
6,0.054945054945054944,107
6,0.06711409395973154,159
6,0.03367003367003367,94
9,0.07462686567164178,213
6,0.05649717514124294,104
6,0.06578947368421052,256
6,0.06172839506172839,245
6,0.03968253968253968,205
6,0.05319148936170213,107
6,0.030120481927710843,111
6,0.03636363636363636,216
6,0.04672897196261682,94
6,0.028901734104046242,195
9,0.21739130434782608,250
6,0.026881720430107527,287
6,0.07407407407407407,203
6,0.05649717514124294,229
6,0.05263157894736842,230
6,0.0847457627118644,196
6,0.046511627906976744,220
6,0.053763440860215055,201
6,0.078125,154
6,0.04854368932038835,218
6,0.04219409282700422,251
6,0.04830917874396135,283
6,0.05952380952380952,100
6,0.05405405405405406,288
6,0.03215434083601286,220
6,0.05714285714285714,275
6,0.03546099290780142,108
6,0.03690036900369004,162
9,0.12195121951219512,253
6,0.05102040816326531,100
6,0.03067484662576687,219
9,0.0970873786407767,223
6,0.04032258064516129,211
6,0.03076923076923077,201
6,0.04524886877828054,216
6,0.0353356890459364,162
6,0.04784688995215311,212
6,0.05102040816326531,200
9,0.12048192771084337,236
6,0.04201680672268908,244
6,0.05319148936170213,102
6,0.05952380952380952,242
6,0.040983606557377046,224
6,0.04739336492890995,168
6,0.06896551724137931,217
6,0.03058103975535168,218
6,0.029239766081871343,185
6,0.06289308176100629,203
6,0.05128205128205128,94
6,0.03745318352059925,225
6,0.03389830508474576,211
6,0.05291005291005291,256
6,0.03571428571428571,102
6,0.055248618784530384,280
6,0.03289473684210526,227
6,0.0398406374501992,299
6,0.05154639175257732,110
6,0.03690036900369004,205
6,0.029850746268656716,146
6,0.056179775280898875,153
6,0.027624309392265192,157
6,0.024154589371980676,304
6,0.050761421319796954,139
6,0.06329113924050633,189
6,0.028901734104046242,202
6,0.027700831024930747,215
6,0.05434782608695652,110
6,0.044444444444444446,207
6,0.045454545454545456,114
6,0.04830917874396135,218
6,0.05,107
6,0.03759398496240601,145
6,0.05025125628140704,260
6,0.03355704697986577,225
6,0.06097560975609756,304
6,0.04784688995215311,223
6,0.02865329512893983,94
6,0.0398406374501992,238
6,0.03508771929824561,115
6,0.045871559633027525,208
6,0.028328611898016998,281
6,0.04608294930875576,204
6,0.059880239520958084,214
6,0.024752475247524754,207
6,0.04405286343612335,228
6,0.04184100418410042,115
6,0.07751937984496124,274
6,0.05319148936170213,166
6,0.05747126436781609,223
6,0.05847953216374269,207
6,0.029585798816568046,111
6,0.05235602094240838,194
6,0.0353356890459364,210
6,0.028328611898016998,229
6,0.03717472118959108,100
6,0.07042253521126761,119
6,0.02364066193853428,94
6,0.03225806451612903,103
6,0.03048780487804878,230
6,0.04854368932038835,110
6,0.037037037037037035,103
6,0.04608294930875576,101
6,0.03663003663003663,107
6,0.04950495049504951,234
6,0.042735042735042736,160
9,0.07692307692307693,270
6,0.043859649122807015,101
6,0.027855153203342618,100
6,0.04608294930875576,109
6,0.03003003003003003,164
6,0.07874015748031496,101
6,0.034129692832764506,222
6,0.032679738562091505,94
6,0.03460207612456748,201
6,0.06666666666666667,271
6,0.03937007874015748,225
6,0.04201680672268908,220
6,0.055865921787709494,223
6,0.03875968992248062,94
9,0.17857142857142858,217
6,0.053475935828877004,126
6,0.043478260869565216,281
9,0.07407407407407407,220
6,0.030959752321981424,100
6,0.040160642570281124,158
6,0.04310344827586207,100
6,0.053475935828877004,219
6,0.04878048780487805,225
6,0.046296296296296294,103
6,0.026246719160104987,212
6,0.05952380952380952,155
6,0.05952380952380952,209
6,0.030959752321981424,104
6,0.026525198938992044,190
6,0.0228310502283105,294
6,0.0625,227
6,0.03508771929824561,102
6,0.04048582995951417,102
6,0.08771929824561403,292
6,0.05025125628140704,202
6,0.06289308176100629,244
6,0.07092198581560284,198
6,0.03968253968253968,114
6,0.05952380952380952,145
6,0.0398406374501992,213
6,0.04830917874396135,222
6,0.0273972602739726,234
6,0.07246376811594203,236
6,0.04716981132075472,108
6,0.09615384615384616,94
6,0.07462686567164178,233
6,0.042735042735042736,219
6,0.10309278350515463,151
9,0.08928571428571429,230
6,0.031545741324921134,163
6,0.04608294930875576,216
6,0.041666666666666664,200
6,0.034013605442176874,110
6,0.031746031746031744,218
6,0.029069767441860465,211
6,0.04504504504504504,246
6,0.11235955056179775,251
6,0.072992700729927,244
6,0.03636363636363636,202
6,0.03597122302158273,100
6,0.05319148936170213,110
6,0.0390625,221
6,0.028985507246376812,119
9,0.13157894736842105,225
6,0.0273972602739726,146
6,0.0390625,144
6,0.03676470588235294,246
6,0.035842293906810034,100
6,0.03636363636363636,111
6,0.05102040816326531,194
6,0.07352941176470588,108
6,0.02512562814070352,238
6,0.04424778761061947,231
6,0.06451612903225806,224
6,0.03424657534246575,226
6,0.0390625,238
6,0.03460207612456748,94
6,0.036101083032490974,100
6,0.02881844380403458,230
6,0.125,283
6,0.03460207612456748,105
6,0.05235602094240838,106
6,0.029239766081871343,218
6,0.04149377593360996,218
6,0.03690036900369004,225
6,0.03773584905660377,167
6,0.05649717514124294,173
6,0.050761421319796954,141
6,0.05847953216374269,215
6,0.03802281368821293,216
6,0.053763440860215055,283
6,0.072992700729927,94
6,0.0398406374501992,150
6,0.04405286343612335,218
6,0.058823529411764705,117
6,0.05917159763313609,94
6,0.04310344827586207,193
6,0.043668122270742356,212
6,0.030120481927710843,118
6,0.04716981132075472,116
6,0.05128205128205128,217
6,0.03484320557491289,209
6,0.04201680672268908,107
6,0.038314176245210725,201
6,0.03194888178913738,314
6,0.05813953488372093,215
6,0.05747126436781609,300
6,0.04329004329004329,116
6,0.04065040650406504,242
6,0.022779043280182234,94
6,0.026595744680851064,214
6,0.06535947712418301,307
6,0.046296296296296294,94
6,0.03571428571428571,149
6,0.06666666666666667,224
6,0.044444444444444446,188
6,0.052083333333333336,220
6,0.04065040650406504,216
6,0.02717391304347826,300
6,0.04329004329004329,145
6,0.05,161
6,0.03289473684210526,206
6,0.03424657534246575,107
6,0.03333333333333333,200
6,0.03937007874015748,102
9,0.07092198581560284,225
6,0.03355704697986577,205
6,0.0353356890459364,94
6,0.032467532467532464,94
6,0.05714285714285714,190
6,0.03058103975535168,105
6,0.05102040816326531,299
6,0.07142857142857142,201
6,0.042735042735042736,162
6,0.03787878787878788,94
6,0.034722222222222224,231
6,0.053763440860215055,215
6,0.03663003663003663,152
6,0.03496503496503497,302
6,0.040983606557377046,167
6,0.04219409282700422,220
6,0.03367003367003367,214
9,0.11363636363636363,233
6,0.035211267605633804,151
6,0.08928571428571429,305
6,0.03257328990228013,152
6,0.04504504504504504,239
6,0.04065040650406504,108
9,0.10989010989010989,223
6,0.03067484662576687,255
6,0.05813953488372093,148
6,0.0546448087431694,108
6,0.04201680672268908,216
6,0.03690036900369004,112
6,0.044444444444444446,217
6,0.04975124378109453,200
6,0.059880239520958084,166
6,0.058823529411764705,94
6,0.03663003663003663,104
6,0.04184100418410042,107
6,0.04291845493562232,204
6,0.0392156862745098,219
6,0.05,221
6,0.05263157894736842,299
9,0.09009009009009009,210
6,0.050505050505050504,115
6,0.042735042735042736,218
6,0.04184100418410042,213
6,0.031446540880503145,190
6,0.06097560975609756,162
6,0.042735042735042736,147
6,0.025974025974025976,94
6,0.04484304932735426,223
6,0.03076923076923077,335
6,0.05813953488372093,279
6,0.038314176245210725,197
6,0.033003300330033,107
6,0.049019607843137254,94
6,0.04739336492890995,210
6,0.04424778761061947,268
6,0.044444444444444446,221
6,0.05952380952380952,94
6,0.04807692307692308,124
6,0.03436426116838488,110
6,0.04081632653061224,240
6,0.0423728813559322,252
6,0.062111801242236024,201
6,0.04854368932038835,266
6,0.03355704697986577,263
9,0.25,238
6,0.028985507246376812,114
6,0.060240963855421686,253
6,0.038314176245210725,211
6,0.05649717514124294,220
6,0.034013605442176874,225
6,0.036101083032490974,154
6,0.043668122270742356,233
6,0.04065040650406504,193
6,0.0641025641025641,143
6,0.03134796238244514,115
6,0.04524886877828054,148
6,0.02932551319648094,164
6,0.0390625,129
6,0.055865921787709494,107
6,0.03571428571428571,94
6,0.038910505836575876,220
6,0.03333333333333333,219
6,0.05181347150259067,225
6,0.05319148936170213,94
6,0.04524886877828054,101
6,0.033444816053511704,102
6,0.017271157167530225,227
6,0.058823529411764705,209
6,0.046511627906976744,240
6,0.05747126436781609,94
6,0.029239766081871343,294
6,0.031446540880503145,230
6,0.03194888178913738,217
6,0.05714285714285714,316
6,0.029239766081871343,206
6,0.041666666666666664,215
6,0.04405286343612335,108
6,0.035211267605633804,143
6,0.05181347150259067,101
6,0.055865921787709494,163
6,0.02457002457002457,201
6,0.05181347150259067,127
6,0.04672897196261682,217
6,0.02976190476190476,201
6,0.041666666666666664,226
6,0.07246376811594203,231
9,0.13513513513513514,226
6,0.0684931506849315,206
6,0.036231884057971016,225
6,0.03194888178913738,246
6,0.04032258064516129,244
6,0.035211267605633804,214
6,0.08771929824561403,307
6,0.027855153203342618,107
6,0.05319148936170213,203
9,0.14925373134328357,292
6,0.054945054945054944,101
6,0.03508771929824561,216
6,0.04807692307692308,120
6,0.04950495049504951,222
6,0.03289473684210526,146
6,0.03558718861209965,94
6,0.11904761904761904,106
9,0.11764705882352941,217
6,0.021834061135371178,100
6,0.04132231404958678,201
6,0.034722222222222224,100
6,0.03546099290780142,290
6,0.05102040816326531,204
6,0.06535947712418301,203
6,0.0390625,275
6,0.03355704697986577,100
6,0.04032258064516129,223
9,0.09345794392523364,208
6,0.03184713375796178,108
6,0.055865921787709494,200
6,0.056818181818181816,216
6,0.02506265664160401,203
6,0.04830917874396135,109
6,0.06369426751592357,110
6,0.03731343283582089,94
6,0.04132231404958678,209
6,0.05,213
6,0.0425531914893617,201
6,0.052083333333333336,205
6,0.057803468208092484,200
6,0.050761421319796954,215
9,0.14285714285714285,230
6,0.02849002849002849,206
9,0.136986301369863,215
9,0.11235955056179775,234
6,0.03802281368821293,299
6,0.039525691699604744,219
6,0.056179775280898875,110
6,0.030864197530864196,136
6,0.026737967914438502,277
6,0.033112582781456956,100
6,0.02207505518763797,227
6,0.0425531914893617,200
6,0.05952380952380952,100
6,0.03484320557491289,222
6,0.03484320557491289,150
6,0.04672897196261682,285
9,0.11235955056179775,215
6,0.05714285714285714,94
6,0.03690036900369004,206
6,0.042735042735042736,100
9,0.06944444444444445,210
6,0.04329004329004329,110
6,0.03389830508474576,222
6,0.032467532467532464,100
6,0.0546448087431694,117
6,0.036231884057971016,228
6,0.0411522633744856,249
6,0.03773584905660377,227
6,0.03278688524590164,207
6,0.04484304932735426,120
6,0.045454545454545456,144
6,0.03676470588235294,217
6,0.03690036900369004,254
6,0.031746031746031744,106
6,0.052083333333333336,108
9,0.17857142857142858,213
9,0.125,208
6,0.050505050505050504,102
6,0.029069767441860465,98
6,0.036101083032490974,111
6,0.057803468208092484,216
6,0.05747126436781609,249
6,0.04310344827586207,214
6,0.04424778761061947,295
6,0.058823529411764705,209
6,0.03215434083601286,198
6,0.031055900621118012,217
6,0.08928571428571429,240
6,0.03289473684210526,156
6,0.05,256
6,0.049019607843137254,232
6,0.03215434083601286,253
6,0.038910505836575876,211
6,0.04048582995951417,94
6,0.052083333333333336,234
6,0.055248618784530384,206
6,0.058823529411764705,114
6,0.072992700729927,94
6,0.030303030303030304,226
6,0.07936507936507936,226
6,0.028011204481792718,102
6,0.03134796238244514,208
6,0.049019607843137254,94
9,0.1282051282051282,240
6,0.06060606060606061,170
6,0.05714285714285714,209
6,0.046948356807511735,216
6,0.03355704697986577,94
6,0.030211480362537766,229
6,0.03759398496240601,209
6,0.03759398496240601,214
6,0.08064516129032258,166
6,0.028985507246376812,200
6,0.07692307692307693,204
6,0.03424657534246575,226
6,0.02849002849002849,114
6,0.06329113924050633,213
6,0.03215434083601286,225
6,0.046948356807511735,144
6,0.055248618784530384,104
6,0.053475935828877004,147
6,0.030395136778115502,94
6,0.14084507042253522,109
6,0.03558718861209965,198
9,0.14285714285714285,238
6,0.08620689655172414,100
6,0.030211480362537766,108
6,0.03731343283582089,304
6,0.03289473684210526,142
6,0.035211267605633804,228
9,0.11764705882352941,220
6,0.05952380952380952,213
6,0.05025125628140704,162
9,0.06711409395973154,229
6,0.03322259136212625,245
6,0.037037037037037035,114
6,0.05747126436781609,170
6,0.03731343283582089,106
6,0.033112582781456956,219
6,0.058823529411764705,237
6,0.04878048780487805,219
9,0.20833333333333334,221
6,0.07142857142857142,167
6,0.0364963503649635,203
6,0.043668122270742356,109
6,0.030120481927710843,205
6,0.03134796238244514,227
6,0.03496503496503497,207
6,0.05291005291005291,118
9,0.16393442622950818,255
6,0.03636363636363636,210
6,0.03636363636363636,286
6,0.04032258064516129,231
6,0.04672897196261682,153
6,0.04608294930875576,249
6,0.03484320557491289,209
6,0.056179775280898875,94
6,0.09523809523809523,200
6,0.04329004329004329,163
6,0.04291845493562232,104
6,0.03322259136212625,144
6,0.05813953488372093,151
6,0.03508771929824561,144
6,0.023094688221709007,115
6,0.050505050505050504,106
6,0.04219409282700422,200
6,0.07874015748031496,265
6,0.0398406374501992,114
6,0.05917159763313609,213
6,0.047619047619047616,165
9,0.07407407407407407,248
6,0.056818181818181816,193
6,0.050761421319796954,229
6,0.05555555555555555,206
6,0.04672897196261682,106
6,0.045454545454545456,260
6,0.0392156862745098,202
6,0.03076923076923077,207
6,0.049019607843137254,247
6,0.04032258064516129,223
6,0.049019607843137254,212
6,0.029154518950437316,164
6,0.026525198938992044,217
6,0.04219409282700422,101
6,0.04081632653061224,278
6,0.08,198
9,0.10101010101010101,211
6,0.04291845493562232,185
6,0.06802721088435375,217
6,0.03676470588235294,242
6,0.030959752321981424,196
6,0.04950495049504951,110
6,0.035211267605633804,273
6,0.021505376344086023,100
6,0.036231884057971016,222
6,0.03968253968253968,203
6,0.03937007874015748,217
6,0.02506265664160401,255
6,0.0423728813559322,241
6,0.03367003367003367,107
6,0.03676470588235294,119
6,0.046948356807511735,106
6,0.05319148936170213,235
6,0.04032258064516129,317
6,0.056818181818181816,113
6,0.029239766081871343,158
6,0.050761421319796954,121
6,0.03968253968253968,94
6,0.05128205128205128,222
6,0.026595744680851064,203
6,0.033783783783783786,210
6,0.07874015748031496,203
6,0.04,94
6,0.03322259136212625,104
6,0.05747126436781609,207
6,0.032467532467532464,266
6,0.04739336492890995,196
9,0.1724137931034483,231
6,0.05154639175257732,210
9,0.11235955056179775,231
6,0.06097560975609756,197
6,0.05813953488372093,225
6,0.033003300330033,194
6,0.04739336492890995,143
9,0.14084507042253522,231
6,0.026954177897574125,100
6,0.054945054945054944,201
6,0.04310344827586207,245
6,0.04149377593360996,100
6,0.03333333333333333,107
6,0.02967359050445104,243
6,0.035211267605633804,201
6,0.043859649122807015,107
6,0.05747126436781609,109
6,0.06060606060606061,109
6,0.03484320557491289,161
6,0.056179775280898875,232
6,0.0425531914893617,228
6,0.04672897196261682,207
6,0.040160642570281124,168
6,0.04405286343612335,205
6,0.04484304932735426,205
6,0.0425531914893617,307
6,0.08695652173913043,101
6,0.05714285714285714,211
6,0.049019607843137254,254
6,0.0546448087431694,198
6,0.03636363636363636,100
6,0.039525691699604744,199
6,0.0425531914893617,110
6,0.03184713375796178,94
6,0.04424778761061947,216
6,0.029411764705882353,212
6,0.046948356807511735,220
6,0.043478260869565216,244
6,0.04291845493562232,215
6,0.04032258064516129,235
6,0.02881844380403458,319
6,0.07462686567164178,192
6,0.042735042735042736,210
6,0.045662100456621,100
6,0.06802721088435375,145
6,0.055865921787709494,306
6,0.05319148936170213,102
6,0.04149377593360996,200
6,0.022935779816513763,207
6,0.05555555555555555,193
6,0.02849002849002849,107
6,0.028011204481792718,210
9,0.09009009009009009,243
6,0.038910505836575876,237
6,0.05714285714285714,108
6,0.021367521367521368,218
6,0.031545741324921134,219
6,0.04484304932735426,103
6,0.029239766081871343,147
6,0.04878048780487805,251
6,0.040160642570281124,231
6,0.031446540880503145,228
6,0.04608294930875576,94
6,0.06172839506172839,203
6,0.06329113924050633,203
6,0.06451612903225806,195
6,0.04608294930875576,216
6,0.04201680672268908,273
6,0.05434782608695652,203
6,0.038910505836575876,188
6,0.03558718861209965,248
6,0.03484320557491289,146
6,0.06329113924050633,223
6,0.03690036900369004,193
9,0.2222222222222222,236
6,0.0546448087431694,211
6,0.0273224043715847,257
6,0.078125,279
6,0.04219409282700422,226
6,0.033783783783783786,106
6,0.07633587786259542,203
6,0.05714285714285714,211
6,0.02849002849002849,165
6,0.06711409395973154,221
6,0.08130081300813008,217
6,0.03546099290780142,221
6,0.05847953216374269,291
6,0.05649717514124294,225
6,0.039525691699604744,94
6,0.05434782608695652,104
6,0.059880239520958084,100
6,0.10309278350515463,231
9,0.16666666666666666,220
6,0.030864197530864196,94
6,0.049019607843137254,211
6,0.059880239520958084,245
6,0.03460207612456748,108
6,0.08547008547008547,103
6,0.04032258064516129,153
6,0.055865921787709494,228
9,0.16666666666666666,224
6,0.062111801242236024,255
6,0.058823529411764705,287
6,0.06896551724137931,192
6,0.05319148936170213,220
6,0.03194888178913738,247
6,0.05747126436781609,94
6,0.046948356807511735,113
6,0.029154518950437316,249
6,0.07092198581560284,102
6,0.059880239520958084,107
6,0.045662100456621,102
6,0.031446540880503145,102
6,0.05154639175257732,108
6,0.03484320557491289,204
6,0.03571428571428571,94
6,0.03048780487804878,124
6,0.05405405405405406,105
9,0.11363636363636363,229
6,0.024271844660194174,260
6,0.0423728813559322,222
6,0.0546448087431694,238
6,0.033444816053511704,121
6,0.04032258064516129,265
6,0.04504504504504504,193
6,0.05917159763313609,94
6,0.046948356807511735,219
6,0.0228310502283105,209
6,0.034013605442176874,202
6,0.026595744680851064,106
6,0.03676470588235294,291
6,0.0546448087431694,213
6,0.03115264797507788,209
6,0.026954177897574125,145
6,0.050505050505050504,270
9,0.07042253521126761,234
9,0.12195121951219512,246
6,0.03759398496240601,100
9,0.0847457627118644,239
9,0.0970873786407767,221
6,0.03115264797507788,190
6,0.049019607843137254,206
6,0.02457002457002457,94
9,0.09900990099009901,225
6,0.02207505518763797,107
9,0.13157894736842105,248
6,0.03597122302158273,123
6,0.08,202
6,0.032679738562091505,94
6,0.05434782608695652,106
6,0.038461538461538464,214
6,0.0390625,226
6,0.08771929824561403,216
6,0.024691358024691357,236
6,0.04807692307692308,103
6,0.029154518950437316,220
6,0.05714285714285714,223
6,0.044642857142857144,225
6,0.08771929824561403,169
9,0.11904761904761904,246
6,0.06535947712418301,215
6,0.03968253968253968,152
6,0.04807692307692308,207
6,0.04484304932735426,107
6,0.019762845849802372,218
6,0.03367003367003367,195
6,0.021739130434782608,269
6,0.046511627906976744,111
6,0.0353356890459364,218
6,0.055248618784530384,148
6,0.05291005291005291,197
6,0.043859649122807015,94
6,0.052083333333333336,229
9,0.11764705882352941,243
9,0.14084507042253522,222
6,0.03802281368821293,155
6,0.036231884057971016,221
6,0.04524886877828054,207
6,0.030303030303030304,218
6,0.044444444444444446,206
6,0.03058103975535168,107
6,0.031446540880503145,166
9,0.10416666666666667,253
6,0.030303030303030304,201
6,0.05128205128205128,94
6,0.05235602094240838,94
6,0.03802281368821293,300
6,0.043859649122807015,200
6,0.04975124378109453,159
6,0.04132231404958678,204
6,0.06493506493506493,220
6,0.041666666666666664,233
6,0.026881720430107527,188
6,0.06172839506172839,229
6,0.03759398496240601,201
6,0.045662100456621,111
6,0.03717472118959108,94
9,0.14705882352941177,219
6,0.034013605442176874,191
6,0.04184100418410042,317
6,0.043478260869565216,223
6,0.03968253968253968,105
6,0.034129692832764506,194
6,0.041666666666666664,237
6,0.05714285714285714,155
6,0.0423728813559322,276
6,0.047619047619047616,238
6,0.043478260869565216,306
6,0.024630541871921183,238
6,0.0625,100
6,0.02666666666666667,220
6,0.046948356807511735,327
6,0.05291005291005291,105
6,0.059880239520958084,333
6,0.05405405405405406,229
9,0.12048192771084337,242
6,0.058823529411764705,113
6,0.08196721311475409,220
6,0.03367003367003367,109
6,0.03690036900369004,206
6,0.028169014084507043,104
6,0.032467532467532464,210
6,0.06666666666666667,107
6,0.06622516556291391,103
6,0.04201680672268908,273
6,0.05813953488372093,94
6,0.04201680672268908,226
6,0.05154639175257732,110
6,0.03460207612456748,290
9,0.0970873786407767,220
6,0.04184100418410042,203
6,0.04975124378109453,103
6,0.04975124378109453,318
6,0.08620689655172414,280
6,0.033003300330033,149
6,0.06711409395973154,94
6,0.056179775280898875,110
9,0.125,255
6,0.03773584905660377,246
6,0.04048582995951417,162
6,0.032679738562091505,112
6,0.050761421319796954,100
6,0.033003300330033,109
6,0.02577319587628866,107
6,0.058823529411764705,200
6,0.03496503496503497,235
6,0.052083333333333336,208
6,0.07874015748031496,163
6,0.04065040650406504,284
6,0.03546099290780142,109
6,0.03558718861209965,208
6,0.02364066193853428,203
6,0.053763440860215055,218
6,0.05102040816326531,114
6,0.0273224043715847,154
6,0.023529411764705882,209
6,0.060240963855421686,241
6,0.04608294930875576,249
9,0.16129032258064516,230
6,0.03460207612456748,109
6,0.02457002457002457,228
6,0.038910505836575876,112
6,0.03802281368821293,116
6,0.03508771929824561,194
6,0.04807692307692308,223
6,0.04807692307692308,108
6,0.03663003663003663,94
6,0.050505050505050504,100
6,0.0411522633744856,113
6,0.057803468208092484,198
6,0.05714285714285714,226
6,0.027472527472527472,146
6,0.05434782608695652,215
6,0.038314176245210725,111
6,0.032679738562091505,108
6,0.0425531914893617,130
6,0.050505050505050504,242
6,0.035211267605633804,216
6,0.04184100418410042,202
6,0.033003300330033,225
6,0.04,235
6,0.044642857142857144,94
6,0.04830917874396135,196
6,0.05649717514124294,169
6,0.04291845493562232,230
6,0.06060606060606061,200
6,0.031545741324921134,110
6,0.06060606060606061,299
6,0.02865329512893983,249
6,0.04716981132075472,307
6,0.04672897196261682,111
6,0.05154639175257732,107
6,0.030120481927710843,94
6,0.03115264797507788,105
6,0.04830917874396135,191
6,0.05181347150259067,104
6,0.06802721088435375,221
6,0.05847953216374269,150
6,0.030120481927710843,204
6,0.03875968992248062,107
6,0.03968253968253968,102
6,0.04672897196261682,180
6,0.0425531914893617,228
6,0.03875968992248062,94
6,0.04784688995215311,206
6,0.03436426116838488,120
6,0.060240963855421686,194
6,0.03484320557491289,108
6,0.03355704697986577,203
9,0.08196721311475409,246
6,0.044444444444444446,225
6,0.05434782608695652,114
6,0.028328611898016998,204
6,0.04149377593360996,194
9,0.09433962264150944,208
6,0.040983606557377046,233
6,0.05847953216374269,212
6,0.04975124378109453,201
6,0.0425531914893617,306
6,0.05102040816326531,208
6,0.06172839506172839,264
9,0.09523809523809523,250
6,0.08547008547008547,144
6,0.026385224274406333,103
6,0.03367003367003367,151
6,0.054945054945054944,94
9,0.1724137931034483,216
6,0.046511627906976744,100
6,0.059880239520958084,121
6,0.029585798816568046,212
6,0.053475935828877004,109
6,0.04184100418410042,228
9,0.11627906976744186,254
6,0.058823529411764705,233
9,0.06369426751592357,241
6,0.02320185614849188,112
6,0.04926108374384237,284
6,0.036101083032490974,143
6,0.03367003367003367,265
9,0.10869565217391304,215
6,0.03125,220
6,0.02557544757033248,148
6,0.057803468208092484,218
9,0.125,247
6,0.032362459546925564,224
6,0.04784688995215311,201
6,0.03205128205128205,119
6,0.03496503496503497,102
9,0.08620689655172414,249
6,0.07194244604316546,194
6,0.06451612903225806,251
6,0.07518796992481203,94
6,0.041666666666666664,100
6,0.04048582995951417,111
6,0.043859649122807015,251
6,0.05181347150259067,110
6,0.04132231404958678,163
6,0.07142857142857142,103
6,0.031746031746031744,252
6,0.08130081300813008,225
6,0.03636363636363636,103
6,0.03875968992248062,259
6,0.07092198581560284,200
6,0.06711409395973154,124
6,0.028011204481792718,214
6,0.027932960893854747,219
6,0.04830917874396135,100
6,0.047619047619047616,221
6,0.05952380952380952,162
6,0.049019607843137254,102
9,0.14705882352941177,208
6,0.058823529411764705,211
9,0.13513513513513514,220
6,0.05714285714285714,236
6,0.07874015748031496,100
6,0.029498525073746312,195
6,0.02493765586034913,110
6,0.04950495049504951,226
6,0.05263157894736842,269
6,0.053763440860215055,270
6,0.03773584905660377,108
9,0.13513513513513514,241
6,0.046948356807511735,216
6,0.03731343283582089,215
6,0.03134796238244514,100
6,0.033783783783783786,94
6,0.04424778761061947,121
6,0.059880239520958084,221
6,0.03164556962025317,100
6,0.032362459546925564,156
6,0.06289308176100629,307
6,0.03436426116838488,209
6,0.050761421319796954,252
6,0.0625,276
6,0.05917159763313609,309
6,0.0423728813559322,167
6,0.0423728813559322,228
6,0.08695652173913043,217
6,0.05405405405405406,234
6,0.038461538461538464,152
6,0.08130081300813008,252
6,0.032467532467532464,209
9,0.10416666666666667,226
6,0.05291005291005291,106
9,0.09615384615384616,221
6,0.0641025641025641,113
6,0.04329004329004329,226
6,0.030303030303030304,214
6,0.031746031746031744,173
6,0.05291005291005291,102
6,0.029585798816568046,100
6,0.02666666666666667,192
6,0.040160642570281124,197
6,0.04291845493562232,246
6,0.03773584905660377,204
6,0.030211480362537766,217
6,0.03558718861209965,195
6,0.10309278350515463,304
6,0.04672897196261682,155
6,0.039525691699604744,196
6,0.052083333333333336,316
6,0.04854368932038835,161
6,0.033444816053511704,247
6,0.036101083032490974,145
6,0.050505050505050504,295
6,0.049019607843137254,223
6,0.035842293906810034,209
6,0.058823529411764705,107
6,0.03225806451612903,235
6,0.040160642570281124,209
6,0.033003300330033,162
6,0.040983606557377046,174
6,0.03745318352059925,94
6,0.031055900621118012,143
6,0.02967359050445104,204
6,0.06172839506172839,295
6,0.06802721088435375,107
6,0.02262443438914027,100
6,0.0423728813559322,202
6,0.02617801047120419,220
6,0.034482758620689655,191
6,0.06289308176100629,107
6,0.053475935828877004,223
6,0.03289473684210526,208
6,0.03937007874015748,150
6,0.03076923076923077,222
6,0.03184713375796178,196
6,0.04504504504504504,250
6,0.029069767441860465,94
6,0.08695652173913043,213
6,0.04149377593360996,213
6,0.03937007874015748,233
6,0.04219409282700422,198
6,0.05847953216374269,159
6,0.05291005291005291,201
6,0.02610966057441253,198
6,0.05154639175257732,103
6,0.03205128205128205,100
6,0.0353356890459364,209
6,0.06666666666666667,220
6,0.04081632653061224,239
6,0.07462686567164178,206
6,0.04048582995951417,100
6,0.03558718861209965,202
6,0.03597122302158273,107
6,0.03759398496240601,209
6,0.0398406374501992,231
6,0.06097560975609756,227
6,0.04132231404958678,305
6,0.04926108374384237,217
6,0.045871559633027525,305
6,0.09433962264150944,201
6,0.03875968992248062,218
6,0.057803468208092484,94
6,0.056179775280898875,228
6,0.03484320557491289,107
9,0.07462686567164178,218
9,0.11494252873563218,218
6,0.05319148936170213,230
6,0.055248618784530384,100
6,0.06493506493506493,217
6,0.039525691699604744,212
6,0.027855153203342618,316
6,0.03048780487804878,106
6,0.036231884057971016,220
6,0.07633587786259542,197
6,0.057803468208092484,276
6,0.03194888178913738,211
6,0.04830917874396135,173
6,0.045454545454545456,94
6,0.034129692832764506,103
6,0.06896551724137931,208
6,0.03663003663003663,298
6,0.04405286343612335,285
6,0.05025125628140704,205
6,0.07194244604316546,206
6,0.04132231404958678,217
6,0.03773584905660377,200
6,0.07575757575757576,119
6,0.03816793893129771,255
6,0.046948356807511735,117
6,0.07142857142857142,144
6,0.05025125628140704,100
6,0.042735042735042736,112
6,0.04739336492890995,236
6,0.03003003003003003,104
6,0.05747126436781609,107
6,0.031545741324921134,123
6,0.056179775280898875,206
6,0.027548209366391185,101
6,0.05263157894736842,118
6,0.04504504504504504,100
6,0.03367003367003367,165
6,0.030303030303030304,107
6,0.0390625,342
6,0.03690036900369004,220
6,0.028735632183908046,211
6,0.04048582995951417,228
6,0.03067484662576687,210
6,0.04405286343612335,212
9,0.11494252873563218,295
