3243,18,0.007407407407407408
2855,18,0.006693440428380187
3031,18,0.010482180293501049
2411,18,0.0010835410120273053
2518,18,0.008340283569641367
2408,18,0.0007458790184232117
3131,18,0.004022526146419952
3150,18,0.006968641114982578
2908,18,0.012330456226880395
3037,18,0.004828585224529213
2999,18,0.008340283569641367
2942,18,0.01201923076923077
3029,18,0.006199628022318661
2839,18,0.005537098560354375
3457,18,0.007547169811320755
3379,18,0.0129366106080207
3113,18,0.010330578512396695
3086,18,0.007674597083653108
2869,18,0.005235602094240838
2523,18,0.001774937877174299
2716,18,0.006049606775559589
2969,18,0.011834319526627219
2955,18,0.008748906386701663
3204,18,0.010183299389002037
2269,18,0.011273957158962795
1951,18,0.00055005500550055
2522,18,0.005592841163310962
2460,18,0.007173601147776184
2779,18,0.007627765064836003
3265,18,0.005382131324004306
2866,18,0.011025358324145534
2513,18,0.001053740779768177
3053,18,0.010214504596527068
3223,18,0.010905125408942203
3118,18,0.006666666666666667
2601,18,0.008873114463176575
2503,18,0.000031367923788492364
3185,18,0.008873114463176575
2946,18,0.007541478129713424
3125,18,0.009861932938856016
2867,18,0.014903129657228018
3066,18,0.006211180124223602
2929,18,0.007961783439490446
2575,18,0.008156606851549755
2546,18,0.010050251256281407
3020,18,0.010298661174047374
1334,18,0.0005830563815520961
2959,18,0.005194805194805195
3089,18,0.007112375533428165
2626,18,0.007541478129713424
3099,18,0.006702412868632708
2365,18,0.00004424602560075041
3305,18,0.005627462014631401
2675,18,0.009478672985781991
3122,18,0.011049723756906077
2969,18,0.0059665871121718375
2660,18,0.007434944237918215
3198,18,0.009891196834817012
2837,18,0.004506534474988734
2506,18,0.0009455370650529501
