3,0.0009856100926473486,216
2,0.000603536725209729,176
2,0.006146281499692686,194
2,0.0003994726960412256,237
3,0.0014723203769140165,179
2,0.0006035003017501509,155
2,0.00023109632094657053,196
4,0.7692307692307693,236
3,0.0002197560707614548,184
2,0.0007624857033930614,193
2,0.0006665333599946677,217
2,0.0008337502084375521,183
3,0.0011186933661483387,227
3,0.5,213
3,0.0002993653454676087,209
2,0.000129366106080207,203
3,0.18867924528301888,201
3,0.4166666666666667,221
2,0.00009704309683930633,220
2,0.0007752538956508257,217
2,0.0004760544606302961,219
3,0.00014890480515806245,198
2,0.00006219060175626259,196
2,0.000743439149505613,203
2,0.00013355057560298085,187
3,0.3448275862068966,192
2,0.0006588917440864466,230
2,0.005367686527106817,201
2,0.3225806451612903,220
2,0.00007031854299978904,199
2,0.00037543174650848477,181
2,0.00009571942721494755,187
2,0.000038336649453511065,196
2,0.00011719207781553967,196
2,0.0001431229426077,199
2,0.00003446825818104108,181
2,0.47619047619047616,211
2,0.00040038436899423447,212
2,0.0001589547138020378,210
3,0.0007178750897343862,190
2,0.625,194
2,0.0001755094160801727,240
3,0.00037296732806206176,206
2,0.0007185456635769203,199
2,0.0011065619121389842,204
2,0.00022598359359110527,212
2,0.00008324523212932979,227
2,0.00011496895838123707,216
2,0.00028064660978895377,201
2,0.000046822617197010845,218
2,0.0002572082615293603,203
2,0.00027182776992497554,177
3,0.00030400680975253846,194
2,0.0005589402492873511,213
3,0.053475935828877004,187
2,0.000047209895194032666,208
2,0.00016295934164425977,204
2,0.00019083241097668028,179
2,0.7142857142857143,190
3,0.0004099200655872105,196
2,0.00009837097662705595,179
2,0.00018929713972021882,187
2,0.0004775549188156638,204
3,0.0008329862557267805,199
2,0.006199628022318661,203
3,0.0009111617312072893,201
2,0.0007845598619174643,194
2,0.45454545454545453,199
2,0.00006837326331911169,211
2,0.00020038473869830073,212
2,0.0001476843100189036,208
3,0.00033558173093056813,176
3,0.43478260869565216,216
2,0.00039972818483431264,224
3,0.003745318352059925,213
2,0.0001570573730583782,208
2,0.00025789147926552505,190
3,0.0015888147442008262,208
2,0.00018327102118613004,162
2,0.00007334335692544648,205
2,0.00002873761408832793,175
3,0.625,218
3,0.000476009139375476,201
3,0.0002107525975257645,183
2,0.0009619084263178145,209
2,0.00011094838681045577,212
3,0.0016485328058028356,174
2,0.0006351222610352493,213
2,0.00001367848715932018,200
3,0.0011920371915603767,205
2,0.00011369321024148438,219
2,0.00007366048409670148,235
2,0.00022428565020409994,215
3,0.5,199
2,0.0000605151045701007,189
2,0.0001244322777328439,223
2,0.00022379375167845314,200
3,0.0005457919441109049,206
3,0.0014186409419775854,216
2,0.0002583912560398956,211
2,0.00035354428142124803,219
2,0.00006525796473459585,212
2,0.000009077729877623124,228
2,0.00007912393973920749,221
2,0.000008111188167398701,227
2,0.00009152061501853292,240
2,0.00019769878612945318,218
2,0.45454545454545453,246
2,0.00011080823526804512,227
2,0.00007144234959599351,179
2,0.0009958175662218682,162
2,0.000033471570921238046,219
2,0.4166666666666667,206
2,0.00031589588071771546,214
2,0.00004710337778322084,205
2,0.00017669405424507466,204
2,0.004625346901017576,176
3,0.5882352941176471,207
2,0.00010036734448079973,219
3,0.625,180
2,0.0001475274401038593,224
2,0.0004161291664932795,187
2,0.00018404343425048312,189
2,0.0013529968881071574,217
2,0.00007824297573685323,213
3,0.0005244113482615764,178
2,0.3333333333333333,203
2,0.5555555555555556,197
2,0.00018698578908002991,264
2,0.00003825393728649521,240
2,0.000038815807349384964,230
3,0.625,199
2,0.00016585948384528626,201
3,0.38461538461538464,236
2,0.00013104098962155361,202
2,0.0003809668939769134,203
2,0.00010208665114949569,207
2,0.0014345144168698895,200
3,0.000349577011815703,172
3,0.0006648052120728626,188
2,0.00007039526943789377,225
2,0.00004870635910224439,185
2,0.00012806720967163568,188
2,0.000029001479075432847,201
2,0.0002469928619062909,203
3,0.5555555555555556,197
2,0.000006248629206967722,179
3,0.00036739042580550353,207
3,0.625,229
2,0.00007402965628030589,228
3,0.0005983366241847664,237
2,0.47619047619047616,179
2,0.0001459278824404979,205
2,0.00011937875296954648,175
3,0.00022634676324128565,212
2,0.5,200
2,0.000327525219441897,183
3,0.0009851246182642104,227
2,0.00002141433089852391,221
3,0.18181818181818182,207
2,0.00008331666999933347,192
3,0.3448275862068966,194
2,0.00023700613845898608,209
3,0.0011210762331838565,216
2,0.0002065688907250568,211
2,0.00016464428602005367,181
3,0.5882352941176471,178
2,0.00026624068157614486,197
2,0.00032682942772167204,198
3,0.0001947230065232207,201
2,0.00018885384600857396,200
2,0.007331378299120235,170
3,0.00040786361040867934,207
2,0.00012170187907701294,174
4,0.0028392958546280523,234
2,0.000045435132261670015,195
2,0.45454545454545453,243
2,0.00004623187132745572,210
2,0.00010272002629632673,193
2,0.00007486767139081673,187
2,0.000057218712807836675,207
2,0.0001922633238483427,217
2,0.000010469833791388562,186
2,0.5263157894736842,204
2,0.001528117359413203,217
2,0.8333333333333334,185
3,0.6666666666666666,197
3,0.00042629380168812344,200
2,0.0007503564192991671,240
3,0.625,200
2,0.0000670803286936106,191
2,0.00013195397445371054,213
3,0.5,226
2,0.19607843137254902,210
3,0.37037037037037035,216
3,0.625,194
2,0.47619047619047616,223
2,0.00007324236631437089,193
3,0.16393442622950818,196
2,0.0004254051984515251,176
3,0.0012304663467454166,226
2,0.00007773873565720327,182
2,0.0002740476842970677,222
2,0.0002489110143123833,212
2,0.0000829648312080509,218
3,0.0003341575887188398,176
2,0.0006887052341597796,222
2,0.00024286581663630845,212
2,0.0009924573243350536,203
2,0.45454545454545453,193
2,0.4,205
2,0.0004928779141406673,214
2,0.00008456945689494782,208
3,0.43478260869565216,230
2,0.00007608149850119449,179
2,0.0000850087133931228,201
3,0.0008321544478655238,192
2,0.000024865415936245075,212
3,0.0004598546859192495,207
2,0.3125,190
2,0.00028711705762439347,211
2,0.00023956686311149442,206
2,0.0000665513110608279,220
2,0.000054633165609514915,196
2,0.00030882307526018346,191
3,0.00017163256899629275,200
2,0.00006275730495029621,211
3,0.00011500069000414002,218
3,0.00030088761847449976,203
2,0.001652892561983471,205
3,0.0024975024975024975,225
2,0.000039714847395698885,205
2,0.4166666666666667,196
2,0.002801905295601009,194
2,0.00011246949265011865,205
3,0.0003786444528587656,215
2,0.5882352941176471,197
3,0.0008851907586084802,214
2,0.000027791132961117426,238
3,0.0004881859011911736,183
3,0.7692307692307693,201
2,0.0001593346186325903,226
3,0.5555555555555556,202
2,0.0010441683199331733,191
2,0.43478260869565216,250
3,0.002166377816291161,189
2,0.00003197728333791674,228
3,0.0007021978793624043,173
2,0.000055590144979098105,224
2,0.3448275862068966,224
2,0.00036728247695302457,231
3,0.02881844380403458,223
3,0.0035149384885764497,211
3,0.001026588645929576,233
2,0.00014734050390452334,179
2,0.4166666666666667,232
2,0.2127659574468085,191
3,0.47619047619047616,214
2,0.00014181782082736517,166
2,0.000022184508557674176,204
2,0.00046119079463173915,234
3,0.6666666666666666,218
3,0.002485089463220676,173
2,0.45454545454545453,210
2,0.00002858678375813294,179
2,0.0005989817310572028,220
3,0.43478260869565216,189
2,0.00008675058339767335,221
2,0.5555555555555556,202
2,0.0006960879855213699,195
2,0.00019984811543227146,230
2,0.000030822435034012554,180
2,0.0014992503748125937,223
2,0.0002854288568574283,161
2,0.0000801326997507873,198
3,0.0011123470522803114,179
2,0.004962779156327543,209
2,0.0001849317601804934,201
3,0.0009062896501721951,202
3,0.014598540145985401,199
3,0.0007867820613690008,174
2,0.00039980809211578443,170
2,0.00014169323414806942,211
2,0.0001224379851605162,230
2,0.00013000858056631738,211
2,0.0004477879276374709,221
3,0.7692307692307693,219
2,0.00008014297506752045,212
2,0.00002525207887739358,192
3,0.0001659392994042779,206
2,0.017857142857142856,202
2,0.000988239944658563,178
3,0.00030419176248707184,200
2,0.00023692752387044803,217
2,0.00007476859121020442,212
2,0.00002153993288156914,193
2,0.5,218
2,0.00146864444118079,244
2,0.00042444821731748726,177
2,0.0001891217187381799,221
3,0.5,190
3,0.0004424582983053847,251
2,0.00001857286133501727,234
2,0.625,234
2,0.000010163045742852584,185
2,0.00048652330446628393,237
3,0.00083236224404861,213
2,0.0006685832720465334,182
2,0.0016943409013893595,188
2,0.00008209978407756787,197
2,0.00008391584918643584,169
3,0.0009289363678588017,160
3,0.00008230046252859941,182
3,0.00031853220360578453,216
2,0.000058205862494470446,220
2,0.0004811161895597787,204
2,0.00016233239180546085,201
2,0.000028472506947291696,202
3,0.00014822280852577594,178
2,0.00016875928176049684,202
3,0.4,198
3,0.0005612617163383286,195
2,0.00021436227224008573,187
2,0.00007441971229339227,189
2,0.22727272727272727,184
2,0.0014723203769140165,224
2,0.00024307834415031966,215
2,0.00004219444889830294,231
3,0.00018299266199425402,228
2,0.0007307804735457469,167
