8,0.00513347022587269,71091
8,0.0039856516540454365,19864
8,0.625,28046
8,0.45454545454545453,24047
8,0.23255813953488372,42865
8,0.02100840336134454,28535
8,0.5882352941176471,25358
8,0.4166666666666667,27388
8,0.007336757153338224,19721
8,1,41671
8,0.014084507042253521,21023
8,0.009216589861751152,176401
8,0.005827505827505828,179548
8,0.012121212121212121,23186
8,0.008658008658008658,22055
8,0.7692307692307693,16776
8,0.17543859649122806,14332
8,0.5263157894736842,23141
8,0.37037037037037035,34495
8,0.5882352941176471,24254
8,0.006830601092896175,52895
8,0.0036403349108117948,9786
8,0.5,21738
8,0.0136986301369863,56965
8,0.0043159257660768235,51455
8,0.020964360587002098,64480
8,1,31376
8,0.01984126984126984,21154
8,0.005277044854881266,12872
8,0.07751937984496124,47457
8,0.010362694300518135,17131
8,0.01182033096926714,18420
8,0.5263157894736842,16902
8,0.11235955056179775,40114
8,0.30303030303030304,21482
8,0.5882352941176471,16656
8,0.5555555555555556,64508
8,0.003799392097264438,42673
8,0.43478260869565216,21510
8,0.5882352941176471,34679
8,0.006557377049180328,18939
8,0.25,15354
8,0.625,14758
8,0.5555555555555556,72358
8,0.06711409395973154,19925
8,0.023474178403755867,29359
8,0.0058823529411764705,12230
8,0.7692307692307693,108848
8,0.03731343283582089,21237
8,0.7142857142857143,33283
8,0.0064061499039077515,277699
8,0.011454753722794959,28772
8,0.013774104683195593,37287
8,0.625,27476
8,0.002555583950932788,13510
8,0.010869565217391304,56660
8,0.0970873786407767,19441
8,0.5882352941176471,16465
8,0.011587485515643106,46937
8,0.23809523809523808,23021
8,0.2777777777777778,139029
8,0.7692307692307693,39673
8,1,15180
8,0.7692307692307693,16396
8,0.4166666666666667,16307
8,0.005995203836930456,32990
8,0.006426735218508998,32935
8,0.4,17319
8,0.0040032025620496394,15113
8,0.7692307692307693,19890
8,0.2564102564102564,13289
8,0.4166666666666667,15102
8,0.006958942240779402,61655
8,0.008305647840531562,25554
8,0.005614823133071308,17149
8,0.8333333333333334,31191
8,0.7692307692307693,41217
8,0.0065832784726793945,12392
8,0.009149130832570906,16589
8,0.012224938875305624,12190
8,0.47619047619047616,51020
8,0.005574136008918618,15068
8,0.5882352941176471,41734
8,0.021645021645021644,38120
8,0.8333333333333334,21384
8,0.005230125523012552,37461
8,0.013927576601671309,22305
8,0.8333333333333334,21505
8,0.004873294346978557,19086
8,0.5882352941176471,17144
8,0.00400962309542903,31885
8,0.07518796992481203,28219
8,0.006544502617801047,35373
8,0.6666666666666666,43019
8,0.006169031462060457,15508
8,0.007082152974504249,24105
8,0.09345794392523364,22011
8,0.5263157894736842,22092
8,0.23809523809523808,16467
8,0.7142857142857143,31960
8,0.7142857142857143,24851
8,0.5882352941176471,16290
8,0.5555555555555556,52213
8,0.0046882325363338025,17741
8,0.004338394793926247,58550
8,0.005537098560354375,11079
8,0.45454545454545453,13049
8,0.625,34173
8,0.019157088122605363,17736
8,0.030864197530864196,24712
8,0.43478260869565216,32841
8,0.05181347150259067,19452
8,0.5882352941176471,15760
8,0.2777777777777778,75470
8,0.040983606557377046,25724
8,0.013333333333333334,32141
8,0.013623978201634877,24094
8,0.5555555555555556,28476
8,0.7142857142857143,48748
8,0.6666666666666666,24872
8,0.7692307692307693,19889
8,0.47619047619047616,52899
8,0.2777777777777778,21743
8,0.012239902080783354,16515
8,0.011086474501108648,12860
8,0.47619047619047616,18869
8,0.06578947368421052,15195
8,0.3448275862068966,19964
8,0.004434589800443459,36378
8,0.009881422924901186,23707
8,0.00558659217877095,25239
8,0.8333333333333334,19429
8,0.5555555555555556,25798
8,0.8333333333333334,33397
8,0.006422607578676943,11144
8,0.9090909090909091,108531
8,0.5263157894736842,20953
8,0.5555555555555556,11332
8,0.005747126436781609,17065
8,0.013003901170351105,17652
8,0.8333333333333334,24120
8,0.45454545454545453,56844
8,0.09900990099009901,13892
8,0.45454545454545453,17967
8,0.007042253521126761,86561
8,0.018315018315018316,15323
8,0.014104372355430184,14743
8,0.5,31922
8,0.009380863039399626,75511
8,0.006230529595015576,15073
8,0.006447453255963894,56783
8,0.0052328623757195184,14590
8,0.011299435028248588,19174
8,0.5882352941176471,46439
8,0.45454545454545453,45784
8,0.010121457489878543,35429
8,0.2222222222222222,57401
8,0.010319917440660475,32449
8,0.5882352941176471,28852
8,0.0078125,16136
8,0.5882352941176471,21454
8,0.007955449482895784,49502
8,0.024213075060532687,24879
8,0.2702702702702703,19235
8,0.005681818181818182,22962
8,0.005313496280552604,26260
8,0.5882352941176471,25715
8,0.01277139208173691,29565
8,0.005336179295624333,11030
8,0.35714285714285715,13563
8,0.5882352941176471,33017
8,0.4,16631
8,0.00855431993156544,18012
8,0.005189413596263622,54481
8,0.8333333333333334,57961
8,1,86901
8,0.45454545454545453,21640
8,0.8333333333333334,68233
8,0.008257638315441783,29058
8,0.020833333333333332,14924
8,0.3333333333333333,68524
8,0.006321112515802781,11250
8,0.7142857142857143,135741
8,0.0062932662051604785,61677
8,0.011764705882352941,16977
8,0.1,25663
8,0.008802816901408451,35786
8,0.0029568302779420462,156457
8,0.5555555555555556,40939
8,0.47619047619047616,112891
8,0.3448275862068966,20213
8,0.005162622612287042,15955
8,0.7692307692307693,21328
8,0.016260162601626018,19447
8,0.4,12070
8,0.9090909090909091,23059
8,0.7692307692307693,38809
8,0.011834319526627219,30103
8,0.8333333333333334,24841
8,0.005455537370430988,19514
8,0.016025641025641024,12384
8,0.625,40113
8,0.7142857142857143,125853
8,0.012919896640826873,78277
8,0.8333333333333334,20826
8,0.7142857142857143,23130
8,0.0041946308724832215,67407
8,0.6666666666666666,22437
8,0.5263157894736842,17579
8,0.008703220191470844,17728
8,0.005963029218843173,30935
8,0.007598784194528876,47359
8,1,20837
8,0.7142857142857143,19309
8,0.013927576601671309,36329
8,0.007930214115781126,43160
8,0.009302325581395349,10490
8,0.37037037037037035,61468
8,0.014164305949008499,15258
8,0.0076511094108645756,16820
8,0.4166666666666667,17948
8,0.10204081632653061,24666
