374,10,0.006013229104028864
516,10,0.008605851979345954
359,10,0.005243838489774515
563,10,0.008539709649871904
362,10,0.009191176470588236
484,10,0.008058017727639
517,10,0.008665511265164644
616,10,0.006215040397762586
493,10,0.007704160246533128
490,10,0.005120327700972862
566,10,0.010030090270812437
555,10,0.010471204188481676
520,10,0.005112474437627812
555,10,0.006191950464396285
366,10,0.0057273768613974796
430,10,0.006261740763932373
386,10,0.009191176470588236
520,10,0.006024096385542169
509,10,0.0066050198150594455
472,10,0.007246376811594203
339,10,0.007082152974504249
463,10,0.11764705882352941
366,10,0.00612369871402327
454,10,0.008880994671403197
667,10,0.006506180871828237
463,10,0.012437810945273632
432,10,0.2127659574468085
337,10,0.010341261633919338
471,10,0.007680491551459293
507,10,0.0037341299477221808
330,10,0.005402485143165856
417,10,0.25
385,10,0.22727272727272727
399,10,0.08620689655172414
519,10,0.0071174377224199285
470,10,0.01001001001001001
569,10,0.0076103500761035
391,10,0.21739130434782608
517,10,0.008410428931875526
323,10,0.01366120218579235
400,10,0.16129032258064516
513,10,0.006978367062107467
386,10,0.24390243902439024
507,10,0.011037527593818985
539,10,0.010330578512396695
387,10,0.15873015873015872
340,10,0.01579778830963665
338,10,0.01639344262295082
538,10,0.006305170239596469
507,10,0.008802816901408451
348,10,0.006743088334457181
524,10,0.01256281407035176
510,10,0.006609385327164574
525,10,0.00744047619047619
569,10,0.00782472613458529
521,10,0.014204545454545454
453,10,0.005200208008320333
388,10,0.1694915254237288
399,10,0.2564102564102564
435,10,0.2222222222222222
400,10,0.2777777777777778
419,10,0.19607843137254902
468,10,0.009587727708533078
677,10,0.006064281382656155
495,10,0.004985044865403789
393,10,0.15873015873015872
394,10,0.16393442622950818
368,10,0.006105006105006105
391,10,0.2564102564102564
356,10,0.008130081300813009
498,10,0.006389776357827476
593,10,0.008525149190110827
359,10,0.0125
410,10,0.136986301369863
475,10,0.008718395815170008
439,10,0.009930486593843098
611,10,0.0058997050147492625
347,10,0.008445945945945946
403,10,0.10101010101010101
412,10,0.3225806451612903
659,10,0.01050420168067227
346,10,0.005197505197505198
389,10,0.136986301369863
416,10,0.15384615384615385
399,10,0.20833333333333334
409,10,0.25
479,10,0.00764525993883792
614,10,0.011723329425556858
433,10,0.10526315789473684
322,10,0.011160714285714286
520,10,0.00506842372022301
455,10,0.011494252873563218
390,10,0.20408163265306123
397,10,0.17857142857142858
509,10,0.005851375073142188
436,10,0.2564102564102564
414,10,0.3333333333333333
393,10,0.23255813953488372
382,10,0.20833333333333334
325,10,0.01122334455667789
628,10,0.005434782608695652
405,10,0.18181818181818182
425,10,0.15151515151515152
419,10,0.2222222222222222
392,10,0.16666666666666666
394,10,0.2564102564102564
400,10,0.20408163265306123
382,10,0.2702702702702703
332,10,0.012853470437017995
517,10,0.00859106529209622
389,10,0.136986301369863
427,10,0.012674271229404309
407,10,0.2127659574468085
555,10,0.004943153732081068
429,10,0.12658227848101267
392,10,0.3225806451612903
335,10,0.00796812749003984
388,10,0.20408163265306123
404,10,0.14705882352941177
655,10,0.007097232079488999
383,10,0.17543859649122806
333,10,0.012578616352201259
396,10,0.14285714285714285
465,10,0.008136696501220505
403,10,0.18518518518518517
449,10,0.006882312456985547
430,10,0.22727272727272727
428,10,0.01050420168067227
398,10,0.11904761904761904
364,10,0.003786444528587656
609,10,0.01050420168067227
393,10,0.16666666666666666
383,10,0.10526315789473684
426,10,0.2
449,10,0.005192107995846314
474,10,0.00449842555105713
350,10,0.01001001001001001
398,10,0.1724137931034483
408,10,0.17543859649122806
399,10,0.29411764705882354
387,10,0.3225806451612903
507,10,0.006600660066006601
416,10,0.2702702702702703
374,10,0.009337068160597572
507,10,0.008920606601248885
380,10,0.14084507042253522
370,10,0.007077140835102618
407,10,0.2564102564102564
386,10,0.00847457627118644
518,10,0.008904719501335707
511,10,0.009940357852882704
379,10,0.007575757575757576
613,10,0.007911392405063292
474,10,0.005219206680584551
391,10,0.30303030303030304
400,10,0.1694915254237288
418,10,0.17857142857142858
588,10,0.004299226139294927
502,10,0.017699115044247787
403,10,0.2127659574468085
334,10,0.010810810810810811
482,10,0.008097165991902834
416,10,0.17857142857142858
495,10,0.006222775357809583
673,10,0.00648508430609598
509,10,0.00427715996578272
447,10,0.19607843137254902
480,10,0.01349527665317139
416,10,0.30303030303030304
493,10,0.01773049645390071
459,10,0.004253509145044662
378,10,0.006093845216331505
518,10,0.009505703422053232
509,10,0.009514747859181731
651,10,0.013717421124828532
408,10,0.2702702702702703
463,10,0.008257638315441783
536,10,0.008680555555555556
432,10,0.17857142857142858
397,10,0.2857142857142857
643,10,0.00919963201471941
385,10,0.2777777777777778
326,10,0.006049606775559589
457,10,0.007961783439490446
390,10,0.09009009009009009
389,10,0.20833333333333334
346,10,0.006215040397762586
414,10,0.15625
433,10,0.10416666666666667
380,10,0.125
447,10,0.14925373134328357
432,10,0.2
527,10,0.01002004008016032
497,10,0.009124087591240875
506,10,0.008481764206955046
386,10,0.13513513513513514
330,10,0.010787486515641856
515,10,0.010638297872340425
364,10,0.00724112961622013
394,10,0.21739130434782608
389,10,0.1724137931034483
393,10,0.2127659574468085
520,10,0.007855459544383346
405,10,0.22727272727272727
351,10,0.0088261253309797
481,10,0.004164931278633903
393,10,0.13333333333333333
406,10,0.20408163265306123
427,10,0.1694915254237288
502,10,0.006825938566552901
591,10,0.007524454477050414
682,10,0.012254901960784314
455,10,0.24390243902439024
389,10,0.11904761904761904
462,10,0.00723589001447178
668,10,0.005668934240362812
447,10,0.010582010582010581
323,10,0.01272264631043257
448,10,0.21739130434782608
380,10,0.12987012987012986
463,10,0.009233610341643583
501,10,0.005777007510109763
352,10,0.00496031746031746
449,10,0.009784735812133072
381,10,0.00846740050804403
437,10,0.11363636363636363
510,10,0.008920606601248885
361,10,0.00436871996505024
341,10,0.010245901639344262
496,10,0.011641443538998836
385,10,0.14084507042253522
444,10,0.005984440454817474
419,10,0.21739130434782608
523,10,0.006142506142506142
412,10,0.24390243902439024
435,10,0.16129032258064516
611,10,0.010111223458038422
529,10,0.007518796992481203
513,10,0.0067842605156037995
381,10,0.15151515151515152
385,10,0.2631578947368421
503,10,0.015772870662460567
513,10,0.009794319294809012
406,10,0.24390243902439024
412,10,0.14925373134328357
383,10,0.20408163265306123
394,10,0.1282051282051282
451,10,0.007037297677691766
627,10,0.0057110222729868645
397,10,0.2631578947368421
387,10,0.19230769230769232
390,10,0.21739130434782608
527,10,0.009191176470588236
671,10,0.012004801920768308
395,10,0.1724137931034483
418,10,0.3333333333333333
330,10,0.005681818181818182
388,10,0.19607843137254902
392,10,0.20408163265306123
401,10,0.14925373134328357
350,10,0.005012531328320802
514,10,0.00946969696969697
534,10,0.004880429477794046
395,10,0.1724137931034483
397,10,0.24390243902439024
354,10,0.006195786864931847
574,10,0.00856898029134533
364,10,0.011198208286674132
382,10,0.1388888888888889
386,10,0.009242144177449169
378,10,0.007168458781362007
352,10,0.015151515151515152
649,10,0.007374631268436578
391,10,0.16393442622950818
400,10,0.13513513513513514
556,10,0.009009009009009009
328,10,0.009124087591240875
392,10,0.18518518518518517
475,10,0.005649717514124294
397,10,0.2702702702702703
481,10,0.00474158368895211
624,10,0.007326007326007326
499,10,0.010615711252653927
507,10,0.004288164665523156
396,10,0.16666666666666666
567,10,0.0070126227208976155
394,10,0.16666666666666666
386,10,0.18867924528301888
396,10,0.14285714285714285
396,10,0.20408163265306123
516,10,0.008710801393728223
390,10,0.22727272727272727
409,10,0.1724137931034483
427,10,0.14492753623188406
391,10,0.2702702702702703
507,10,0.005889281507656066
603,10,0.005611672278338945
513,10,0.007836990595611285
405,10,0.16129032258064516
392,10,0.1694915254237288
479,10,0.0072992700729927005
408,10,0.11627906976744186
440,10,0.007818608287724784
388,10,0.11904761904761904
564,10,0.005482456140350877
401,10,0.20833333333333334
384,10,0.24390243902439024
393,10,0.17543859649122806
506,10,0.007112375533428165
426,10,0.16666666666666666
390,10,0.14705882352941177
385,10,0.15384615384615385
448,10,0.14705882352941177
411,10,0.3333333333333333
505,10,0.007272727272727273
418,10,0.17543859649122806
404,10,0.15873015873015872
395,10,0.35714285714285715
338,10,0.007102272727272727
672,10,0.0045871559633027525
468,10,0.2
391,10,0.11627906976744186
450,10,0.007194244604316547
510,10,0.004866180048661801
503,10,0.01639344262295082
606,10,0.005285412262156448
383,10,0.1694915254237288
655,10,0.015037593984962405
388,10,0.16393442622950818
387,10,0.006968641114982578
506,10,0.010427528675703858
436,10,0.1724137931034483
342,10,0.009569377990430622
396,10,0.14084507042253522
499,10,0.009794319294809012
499,10,0.006242197253433208
391,10,0.10989010989010989
384,10,0.17857142857142858
413,10,0.14084507042253522
384,10,0.16666666666666666
443,10,0.01026694045174538
479,10,0.0051387461459403904
355,10,0.009025270758122744
359,10,0.008912655971479501
328,10,0.0056753688989784334
353,10,0.007293946024799417
498,10,0.009861932938856016
323,10,0.011467889908256881
403,10,0.1282051282051282
391,10,0.19230769230769232
396,10,0.19230769230769232
439,10,0.3333333333333333
429,10,0.14285714285714285
392,10,0.07936507936507936
596,10,0.005608524957936063
504,10,0.003907776475185619
592,10,0.006514657980456026
392,10,0.2564102564102564
500,10,0.014164305949008499
386,10,0.23255813953488372
338,10,0.012804097311139564
610,10,0.013175230566534914
649,10,0.010309278350515464
388,10,0.2631578947368421
583,10,0.007309941520467836
508,10,0.0037764350453172208
506,10,0.006830601092896175
504,10,0.006134969325153374
389,10,0.18518518518518517
574,10,0.0059417706476530005
392,10,0.18867924528301888
395,10,0.006978367062107467
395,10,0.3125
505,10,0.007993605115907274
414,10,0.10989010989010989
493,10,0.006666666666666667
386,10,0.20408163265306123
570,10,0.006075334143377886
525,10,0.005592841163310962
411,10,0.2777777777777778
384,10,0.20408163265306123
502,10,0.006644518272425249
635,10,0.006715916722632639
327,10,0.0073152889539136795
324,10,0.00816326530612245
563,10,0.00937207122774133
612,10,0.010604453870625663
637,10,0.004730368968779565
394,10,0.1694915254237288
386,10,0.20833333333333334
425,10,0.14285714285714285
371,10,0.005141388174807198
328,10,0.006031363088057901
513,10,0.008149959250203748
339,10,0.0069881201956673656
407,10,0.16666666666666666
499,10,0.0067842605156037995
474,10,0.19230769230769232
495,10,0.0068212824010914054
386,10,0.18867924528301888
420,10,0.23255813953488372
384,10,0.18867924528301888
522,10,0.005455537370430988
514,10,0.003935458480913027
598,10,0.00851063829787234
515,10,0.004314063848144953
388,10,0.15625
351,10,0.007342143906020558
392,10,0.14084507042253522
678,10,0.008741258741258742
574,10,0.009689922480620155
395,10,0.15625
394,10,0.10869565217391304
495,10,0.006422607578676943
385,10,0.15873015873015872
423,10,0.2222222222222222
387,10,0.136986301369863
686,10,0.013986013986013986
395,10,0.17857142857142858
400,10,0.17543859649122806
406,10,0.24390243902439024
612,10,0.012706480304955527
445,10,0.17857142857142858
581,10,0.008382229673093043
643,10,0.0064808813998703824
677,10,0.010224948875255624
643,10,0.008865248226950355
389,10,0.22727272727272727
430,10,0.2127659574468085
512,10,0.007220216606498195
387,10,0.24390243902439024
427,10,0.24390243902439024
411,10,0.16393442622950818
501,10,0.008576329331046312
473,10,0.012285012285012284
384,10,0.15625
338,10,0.009478672985781991
409,10,0.18867924528301888
498,10,0.006770480704129994
505,10,0.017482517482517484
335,10,0.005506607929515419
570,10,0.006949270326615705
401,10,0.18867924528301888
331,10,0.009149130832570906
518,10,0.00458295142071494
445,10,0.1724137931034483
393,10,0.15625
387,10,0.1724137931034483
384,10,0.2222222222222222
507,10,0.005257623554153523
389,10,0.14492753623188406
520,10,0.006157635467980296
504,10,0.011574074074074073
447,10,0.13513513513513514
649,10,0.008333333333333333
468,10,0.0057405281285878304
406,10,0.21739130434782608
394,10,0.2127659574468085
530,10,0.016181229773462782
450,10,0.006565988181221274
500,10,0.0045871559633027525
402,10,0.18181818181818182
503,10,0.00819000819000819
398,10,0.10526315789473684
409,10,0.2702702702702703
346,10,0.00749063670411985
387,10,0.15873015873015872
688,10,0.006891798759476223
404,10,0.3225806451612903
439,10,0.005605381165919282
393,10,0.17543859649122806
324,10,0.007178750897343862
391,10,0.11627906976744186
414,10,0.2631578947368421
359,10,0.008216926869350863
429,10,0.005599104143337066
602,10,0.008888888888888889
350,10,0.011160714285714286
321,10,0.01160092807424594
492,10,0.005834305717619603
395,10,0.13333333333333333
488,10,0.005213764337851929
503,10,0.009191176470588236
522,10,0.010787486515641856
419,10,0.1388888888888889
392,10,0.14285714285714285
406,10,0.29411764705882354
400,10,0.13513513513513514
388,10,0.17857142857142858
386,10,0.16393442622950818
398,10,0.18181818181818182
430,10,0.011325028312570781
411,10,0.25
394,10,0.19607843137254902
401,10,0.15151515151515152
426,10,0.2127659574468085
395,10,0.18181818181818182
392,10,0.18867924528301888
411,10,0.20833333333333334
403,10,0.15151515151515152
600,10,0.009514747859181731
572,10,0.009624639076034648
390,10,0.3125
390,10,0.17543859649122806
390,10,0.18518518518518517
387,10,0.18181818181818182
388,10,0.18867924528301888
390,10,0.16666666666666666
386,10,0.1724137931034483
407,10,0.2777777777777778
405,10,0.14084507042253522
650,10,0.005221932114882507
348,10,0.006447453255963894
406,10,0.12195121951219512
443,10,0.010964912280701754
518,10,0.005257623554153523
406,10,0.2222222222222222
408,10,0.12658227848101267
549,10,0.011682242990654205
430,10,0.38461538461538464
371,10,0.004543389368468878
418,10,0.3448275862068966
398,10,0.1388888888888889
500,10,0.005350454788657036
337,10,0.004334633723450368
438,10,0.2222222222222222
387,10,0.3125
450,10,0.009319664492078284
579,10,0.006891798759476223
315,10,0.005509641873278237
579,10,0.017421602787456445
343,10,0.008058017727639
395,10,0.15384615384615385
387,10,0.25
380,10,0.24390243902439024
601,10,0.009285051067780872
520,10,0.004692632566870014
503,10,0.004545454545454545
388,10,0.17857142857142858
574,10,0.010964912280701754
474,10,0.24390243902439024
443,10,0.0050735667174023336
395,10,0.20408163265306123
446,10,0.007283321194464676
504,10,0.005534034311012728
323,10,0.008077544426494346
413,10,0.2702702702702703
403,10,0.18867924528301888
330,10,0.011990407673860911
388,10,0.23255813953488372
492,10,0.008517887563884156
399,10,0.18867924528301888
389,10,0.004201680672268907
554,10,0.005753739930955121
392,10,0.15151515151515152
367,10,0.008673026886383347
717,10,0.008620689655172414
322,10,0.007072135785007072
621,10,0.009881422924901186
383,10,0.14285714285714285
443,10,0.007027406886858749
448,10,0.021929824561403508
398,10,0.13333333333333333
332,10,0.005847953216374269
405,10,0.14705882352941177
407,10,0.18518518518518517
660,10,0.015220700152207
461,10,0.013297872340425532
533,10,0.00777000777000777
428,10,0.17857142857142858
388,10,0.16393442622950818
382,10,0.007782101167315175
403,10,0.23255813953488372
522,10,0.0070028011204481795
383,10,0.21739130434782608
501,10,0.007102272727272727
494,10,0.006535947712418301
383,10,0.2127659574468085
500,10,0.008912655971479501
510,10,0.010030090270812437
384,10,0.1282051282051282
325,10,0.008223684210526315
396,10,0.2564102564102564
701,10,0.009182736455463728
393,10,0.18518518518518517
391,10,0.18518518518518517
410,10,0.23809523809523808
472,10,0.007401924500370096
436,10,0.006349206349206349
503,10,0.006097560975609756
410,10,0.14285714285714285
379,10,0.014367816091954023
419,10,0.09174311926605505
523,10,0.009970089730807577
397,10,0.18867924528301888
392,10,0.24390243902439024
388,10,0.18867924528301888
410,10,0.15151515151515152
409,10,0.16129032258064516
392,10,0.17857142857142858
383,10,0.004697040864255519
511,10,0.013888888888888888
403,10,0.13513513513513514
371,10,0.009861932938856016
586,10,0.004514672686230248
451,10,0.20408163265306123
539,10,0.0061162079510703364
407,10,0.10309278350515463
511,10,0.007575757575757576
449,10,0.0071174377224199285
564,10,0.016666666666666666
392,10,0.2631578947368421
384,10,0.1111111111111111
406,10,0.20833333333333334
550,10,0.00859106529209622
400,10,0.0847457627118644
457,10,0.005350454788657036
326,10,0.008278145695364239
510,10,0.009708737864077669
446,10,0.23809523809523808
405,10,0.19607843137254902
396,10,0.25
394,10,0.30303030303030304
434,10,0.25
393,10,0.23255813953488372
383,10,0.09433962264150944
516,10,0.0078125
597,10,0.004091653027823241
395,10,0.1282051282051282
619,10,0.004880429477794046
384,10,0.2222222222222222
421,10,0.21739130434782608
378,10,0.21739130434782608
627,10,0.014347202295552367
425,10,0.15625
518,10,0.010330578512396695
411,10,0.2702702702702703
378,10,0.010672358591248666
646,10,0.010101010101010102
370,10,0.0059594755661501785
390,10,0.14084507042253522
391,10,0.15384615384615385
372,10,0.007215007215007215
328,10,0.005509641873278237
442,10,0.0034891835310537334
368,10,0.007407407407407408
416,10,0.14705882352941177
449,10,0.4
442,10,0.14492753623188406
574,10,0.011454753722794959
523,10,0.012135922330097087
394,10,0.20408163265306123
402,10,0.16393442622950818
329,10,0.00992063492063492
468,10,0.21739130434782608
511,10,0.006127450980392157
597,10,0.00919963201471941
430,10,0.006333122229259025
399,10,0.17543859649122806
391,10,0.23809523809523808
430,10,0.0970873786407767
410,10,0.2127659574468085
388,10,0.22727272727272727
515,10,0.007017543859649123
528,10,0.007062146892655367
386,10,0.10526315789473684
514,10,0.008873114463176575
454,10,0.20833333333333334
390,10,0.2222222222222222
411,10,0.21739130434782608
557,10,0.00992063492063492
458,10,0.007457121551081283
414,10,0.2857142857142857
372,10,0.011682242990654205
424,10,0.15625
507,10,0.009970089730807577
474,10,0.006816632583503749
387,10,0.18518518518518517
501,10,0.008438818565400843
444,10,0.15625
351,10,0.01335113484646195
353,10,0.0074682598954443615
398,10,0.1724137931034483
409,10,0.17543859649122806
507,10,0.010834236186348862
394,10,0.19607843137254902
381,10,0.1724137931034483
386,10,0.19607843137254902
402,10,0.1388888888888889
403,10,0.2564102564102564
401,10,0.14492753623188406
397,10,0.21739130434782608
422,10,0.1694915254237288
401,10,0.30303030303030304
504,10,0.004105090311986864
405,10,0.1282051282051282
721,10,0.004955401387512388
375,10,0.007037297677691766
354,10,0.007142857142857143
390,10,0.14492753623188406
324,10,0.0071174377224199285
601,10,0.005763688760806916
564,10,0.006389776357827476
559,10,0.004492362982929021
399,10,0.2702702702702703
400,10,0.20833333333333334
650,10,0.007530120481927711
417,10,0.15384615384615385
567,10,0.008920606601248885
321,10,0.005621135469364812
458,10,0.17857142857142858
406,10,0.16666666666666666
412,10,0.2777777777777778
417,10,0.29411764705882354
411,10,0.2702702702702703
387,10,0.136986301369863
405,10,0.23255813953488372
322,10,0.007112375533428165
502,10,0.007955449482895784
387,10,0.20408163265306123
649,10,0.006747638326585695
425,10,0.19230769230769232
427,10,0.3225806451612903
392,10,0.2
393,10,0.2631578947368421
346,10,0.008368200836820083
393,10,0.23809523809523808
403,10,0.37037037037037035
479,10,0.12658227848101267
418,10,0.14705882352941177
435,10,0.15151515151515152
402,10,0.21739130434782608
505,10,0.008210180623973728
526,10,0.0039169604386995694
446,10,0.14285714285714285
505,10,0.22727272727272727
391,10,0.12345679012345678
409,10,0.16666666666666666
502,10,0.00966183574879227
485,10,0.0077459333849728895
388,10,0.21739130434782608
396,10,0.16129032258064516
382,10,0.18518518518518517
437,10,0.16129032258064516
150,10,0.25
516,10,0.0136986301369863
485,10,0.004610419548178884
400,10,0.16129032258064516
419,10,0.1388888888888889
389,10,0.2702702702702703
395,10,0.15873015873015872
404,10,0.19230769230769232
658,10,0.008992805755395683
353,10,0.00779423226812159
390,10,0.23809523809523808
383,10,0.15873015873015872
389,10,0.24390243902439024
383,10,0.15151515151515152
488,10,0.008539709649871904
328,10,0.0061312078479460455
474,10,0.13513513513513514
431,10,0.17543859649122806
152,10,0.1724137931034483
566,10,0.007547169811320755
503,10,0.006839945280437756
142,10,0.18518518518518517
149,10,0.19607843137254902
503,10,0.0062266500622665
657,10,0.007358351729212656
390,10,0.18867924528301888
407,10,0.4
552,10,0.00966183574879227
494,10,0.01088139281828074
401,10,0.2
672,10,0.008319467554076539
462,10,0.010775862068965518
384,10,0.007722007722007722
508,10,0.0056022408963585435
455,10,0.008431703204047217
388,10,0.14084507042253522
323,10,0.006644518272425249
700,10,0.00564652738565782
393,10,0.2631578947368421
332,10,0.008620689655172414
616,10,0.010193679918450561
393,10,0.17543859649122806
467,10,0.15625
386,10,0.16666666666666666
531,10,0.1388888888888889
486,10,0.007961783439490446
391,10,0.2127659574468085
389,10,0.10989010989010989
386,10,0.17543859649122806
414,10,0.15625
388,10,0.13333333333333333
659,10,0.007905138339920948
505,10,0.00937207122774133
387,10,0.25
403,10,0.10526315789473684
393,10,0.12195121951219512
604,10,0.00927643784786642
390,10,0.14705882352941177
440,10,0.23809523809523808
421,10,0.16666666666666666
667,10,0.011025358324145534
408,10,0.2
392,10,0.14084507042253522
422,10,0.15625
443,10,0.005268703898840885
381,10,0.1724137931034483
658,10,0.006548788474132285
384,10,0.16666666666666666
510,10,0.007987220447284345
323,10,0.005339028296849973
385,10,0.15873015873015872
350,10,0.0072306579898770785
630,10,0.004948045522018802
423,10,0.17543859649122806
392,10,0.12987012987012986
624,10,0.007575757575757576
440,10,0.12345679012345678
402,10,0.16393442622950818
384,10,0.22727272727272727
499,10,0.004870920603994155
511,10,0.0076103500761035
404,10,0.20408163265306123
341,10,0.006321112515802781
568,10,0.007524454477050414
386,10,0.18518518518518517
399,10,0.2857142857142857
408,10,0.30303030303030304
401,10,0.17543859649122806
400,10,0.136986301369863
409,10,0.2127659574468085
393,10,0.16393442622950818
356,10,0.008741258741258742
505,10,0.004106776180698152
400,10,0.2631578947368421
400,10,0.16393442622950818
392,10,0.3333333333333333
425,10,0.19230769230769232
399,10,0.21739130434782608
676,10,0.007363770250368188
322,10,0.0062266500622665
432,10,0.2702702702702703
416,10,0.17857142857142858
393,10,0.15384615384615385
335,10,0.009416195856873822
421,10,0.17857142857142858
377,10,0.00940733772342427
382,10,0.14492753623188406
391,10,0.2127659574468085
386,10,0.16129032258064516
513,10,0.006729475100942127
394,10,0.17857142857142858
398,10,0.2222222222222222
600,10,0.006153846153846154
413,10,0.11494252873563218
402,10,0.2631578947368421
381,10,0.13333333333333333
144,10,0.21739130434782608
492,10,0.004935834155972359
425,10,0.20408163265306123
518,10,0.016286644951140065
361,10,0.006925207756232687
393,10,0.25
149,10,0.10526315789473684
436,10,0.13513513513513514
398,10,0.19230769230769232
403,10,0.12658227848101267
401,10,0.16666666666666666
394,10,0.10869565217391304
402,10,0.21739130434782608
466,10,0.14705882352941177
467,10,0.010869565217391304
396,10,0.19607843137254902
390,10,0.09090909090909091
564,10,0.011534025374855825
384,10,0.125
400,10,0.1694915254237288
588,10,0.006329113924050633
388,10,0.23809523809523808
417,10,0.15384615384615385
317,10,0.01006036217303823
327,10,0.006345177664974619
490,10,0.008223684210526315
433,10,0.15625
392,10,0.15625
389,10,0.3333333333333333
430,10,0.29411764705882354
387,10,0.007987220447284345
395,10,0.0970873786407767
671,10,0.007830853563038372
504,10,0.00724112961622013
510,10,0.0064061499039077515
400,10,0.1724137931034483
577,10,0.0044603033006244425
404,10,0.2564102564102564
388,10,0.12658227848101267
393,10,0.2222222222222222
400,10,0.14492753623188406
315,10,0.013192612137203167
384,10,0.20833333333333334
552,10,0.0064061499039077515
447,10,0.00801924619085806
403,10,0.21739130434782608
144,10,0.14285714285714285
410,10,0.24390243902439024
420,10,0.125
394,10,0.1724137931034483
548,10,0.004739336492890996
354,10,0.008960573476702509
391,10,0.15625
150,10,0.10989010989010989
447,10,0.19230769230769232
389,10,0.2777777777777778
503,10,0.005402485143165856
399,10,0.2222222222222222
392,10,0.125
595,10,0.0091324200913242
392,10,0.20408163265306123
396,10,0.13333333333333333
486,10,0.005509641873278237
386,10,0.12345679012345678
556,10,0.006858710562414266
413,10,0.14492753623188406
160,10,0.35714285714285715
432,10,0.16666666666666666
412,10,0.20408163265306123
455,10,0.007412898443291327
425,10,0.15151515151515152
526,10,0.0102880658436214
440,10,0.18181818181818182
161,10,0.15873015873015872
391,10,0.15384615384615385
347,10,0.006369426751592357
504,10,0.007385524372230428
385,10,0.136986301369863
359,10,0.019011406844106463
390,10,0.20833333333333334
402,10,0.18518518518518517
504,10,0.00554016620498615
428,10,0.21739130434782608
391,10,0.24390243902439024
391,10,0.1388888888888889
391,10,0.15151515151515152
441,10,0.1694915254237288
404,10,0.17543859649122806
417,10,0.15873015873015872
401,10,0.13513513513513514
389,10,0.12987012987012986
328,10,0.011890606420927468
441,10,0.009216589861751152
329,10,0.010626992561105207
396,10,0.11627906976744186
152,10,0.2127659574468085
385,10,0.16393442622950818
411,10,0.2777777777777778
423,10,0.18181818181818182
628,10,0.01015228426395939
359,10,0.012345679012345678
386,10,0.25
490,10,0.006377551020408163
421,10,0.18867924528301888
386,10,0.23255813953488372
505,10,0.007955449482895784
404,10,0.19607843137254902
453,10,0.007374631268436578
369,10,0.011614401858304297
328,10,0.005770340450086555
406,10,0.18518518518518517
375,10,0.009813542688910697
432,10,0.30303030303030304
427,10,0.3333333333333333
658,10,0.006934812760055479
683,10,0.008298755186721992
385,10,0.21739130434782608
401,10,0.136986301369863
406,10,0.20408163265306123
443,10,0.23255813953488372
607,10,0.010660980810234541
354,10,0.0048449612403100775
417,10,0.21739130434782608
403,10,0.19230769230769232
502,10,0.006891798759476223
402,10,0.125
393,10,0.13157894736842105
386,10,0.14705882352941177
445,10,0.1694915254237288
397,10,0.12345679012345678
460,10,0.0058927519151443725
398,10,0.16666666666666666
363,10,0.007183908045977011
410,10,0.24390243902439024
447,10,0.2
519,10,0.010395010395010396
408,10,0.19230769230769232
388,10,0.23809523809523808
410,10,0.125
436,10,0.2702702702702703
399,10,0.17543859649122806
387,10,0.1694915254237288
642,10,0.00946969696969697
389,10,0.12658227848101267
648,10,0.008257638315441783
350,10,0.007593014426727411
510,10,0.010718113612004287
404,10,0.22727272727272727
423,10,0.23809523809523808
397,10,0.18867924528301888
566,10,0.007369196757553427
597,10,0.015408320493066256
605,10,0.005988023952095809
154,10,0.14084507042253522
390,10,0.15384615384615385
158,10,0.25
387,10,0.18181818181818182
543,10,0.006535947712418301
413,10,0.1724137931034483
348,10,0.008635578583765112
426,10,0.18867924528301888
452,10,0.29411764705882354
637,10,0.006802721088435374
398,10,0.17543859649122806
554,10,0.01272264631043257
397,10,0.18867924528301888
331,10,0.009389671361502348
386,10,0.15151515151515152
390,10,0.19230769230769232
155,10,0.14705882352941177
647,10,0.011918951132300357
148,10,0.20833333333333334
397,10,0.2777777777777778
328,10,0.006565988181221274
329,10,0.008271298593879239
433,10,0.14285714285714285
405,10,0.25
411,10,0.18181818181818182
552,10,0.0068775790921595595
401,10,0.24390243902439024
349,10,0.01282051282051282
384,10,0.3125
444,10,0.1724137931034483
396,10,0.21739130434782608
468,10,0.29411764705882354
411,10,0.14705882352941177
380,10,0.1724137931034483
381,10,0.21739130434782608
370,10,0.008920606601248885
390,10,0.30303030303030304
395,10,0.2702702702702703
395,10,0.25
417,10,0.15384615384615385
637,10,0.005571030640668524
658,10,0.009746588693957114
