8,0.7142857142857143,48
8,0.5263157894736842,44
8,0.8333333333333334,50
8,0.5,58
8,0.5263157894736842,44
8,0.45454545454545453,44
8,0.7142857142857143,52
8,0.625,52
8,0.625,58
8,0.7692307692307693,56
8,0.6666666666666666,44
8,0.5882352941176471,46
8,0.4166666666666667,44
8,0.43478260869565216,56
8,0.5555555555555556,56
8,0.5882352941176471,44
8,0.5263157894736842,44
8,0.6666666666666666,44
8,0.8333333333333334,48
8,0.7692307692307693,52
8,0.4,44
8,0.5,56
8,0.5,44
8,0.45454545454545453,56
8,0.7142857142857143,66
8,0.625,58
8,0.7142857142857143,44
8,0.8333333333333334,44
8,0.8333333333333334,56
8,0.5,52
8,0.7692307692307693,52
8,0.5882352941176471,44
8,0.47619047619047616,44
8,0.5263157894736842,46
8,0.7142857142857143,50
8,0.5555555555555556,44
8,0.6666666666666666,44
8,0.7692307692307693,44
8,0.37037037037037035,50
8,0.5555555555555556,44
8,0.5882352941176471,56
8,0.8333333333333334,56
8,0.5555555555555556,56
8,0.6666666666666666,58
8,0.8333333333333334,44
8,0.43478260869565216,46
8,0.4,44
8,0.5882352941176471,46
8,0.6666666666666666,46
8,0.37037037037037035,44
8,0.5263157894736842,46
8,0.5263157894736842,44
8,0.5555555555555556,46
8,0.6666666666666666,46
8,0.7142857142857143,58
8,1,56
8,0.4166666666666667,58
8,0.4166666666666667,46
8,0.5,46
8,0.6666666666666666,58
8,0.5555555555555556,58
8,0.6666666666666666,44
8,0.5555555555555556,56
8,0.9090909090909091,56
8,0.5263157894736842,56
8,0.6666666666666666,44
8,0.5882352941176471,56
8,0.7142857142857143,48
8,0.47619047619047616,44
8,0.5882352941176471,56
8,0.5882352941176471,56
8,0.625,46
8,0.4166666666666667,44
8,0.4,44
8,0.7692307692307693,56
8,0.5555555555555556,46
8,0.5263157894736842,44
8,0.5555555555555556,56
8,0.5882352941176471,48
8,0.625,46
8,0.625,56
8,0.625,62
8,0.5,44
8,0.5,52
8,0.625,44
8,0.5,59
8,0.7692307692307693,56
8,0.7142857142857143,44
8,0.6666666666666666,46
8,0.6666666666666666,44
8,0.45454545454545453,58
8,0.6666666666666666,44
8,0.5882352941176471,56
8,0.7692307692307693,46
8,0.47619047619047616,56
8,0.625,56
8,0.6666666666666666,46
8,0.5882352941176471,44
8,0.7142857142857143,48
8,0.625,44
8,0.5882352941176471,44
8,0.45454545454545453,44
8,0.7142857142857143,54
8,0.7692307692307693,52
8,0.7142857142857143,44
8,0.5555555555555556,59
8,0.4166666666666667,56
8,0.5882352941176471,46
8,0.45454545454545453,56
8,0.625,66
8,0.625,56
8,0.5,44
8,0.5555555555555556,56
8,0.7142857142857143,44
8,0.8333333333333334,56
8,0.6666666666666666,44
8,0.5263157894736842,44
8,0.5555555555555556,44
8,0.8333333333333334,58
8,0.7142857142857143,50
8,0.7692307692307693,57
8,0.5555555555555556,48
8,0.6666666666666666,44
8,0.7142857142857143,44
8,0.5,56
8,0.47619047619047616,58
8,0.4,44
8,0.8333333333333334,50
8,0.5882352941176471,56
8,0.47619047619047616,58
8,0.6666666666666666,56
8,0.5555555555555556,56
8,0.5882352941176471,58
8,0.7142857142857143,46
8,0.5882352941176471,44
8,0.625,59
8,0.45454545454545453,56
8,0.5555555555555556,46
8,0.625,46
8,0.5555555555555556,56
8,0.5882352941176471,50
8,0.5555555555555556,44
8,0.43478260869565216,58
8,0.8333333333333334,46
8,0.47619047619047616,59
8,0.5,58
8,0.5555555555555556,44
8,0.625,48
8,0.625,50
8,0.625,44
8,0.5263157894736842,59
8,0.47619047619047616,44
8,0.625,44
8,0.5555555555555556,56
8,0.7142857142857143,46
8,0.5555555555555556,58
8,0.7692307692307693,46
8,0.5263157894736842,56
8,0.625,56
8,0.6666666666666666,44
8,0.5,44
8,0.5882352941176471,56
8,0.5555555555555556,44
8,0.4,44
8,0.5882352941176471,56
8,0.5882352941176471,56
8,0.4166666666666667,56
8,0.6666666666666666,44
8,0.7142857142857143,58
8,0.4166666666666667,44
8,0.45454545454545453,46
8,0.5882352941176471,44
8,0.7692307692307693,44
8,0.5263157894736842,48
8,0.625,44
8,0.43478260869565216,58
8,0.7142857142857143,44
8,0.5555555555555556,56
8,0.625,44
8,0.625,46
8,0.5263157894736842,58
8,0.7692307692307693,56
8,0.625,44
8,0.38461538461538464,46
8,0.45454545454545453,48
8,0.625,44
8,0.625,44
8,0.8333333333333334,58
8,0.5,44
8,0.5882352941176471,59
8,0.5555555555555556,56
8,0.5,44
8,0.5882352941176471,44
8,0.625,44
8,0.7142857142857143,50
8,0.4166666666666667,44
8,0.6666666666666666,56
8,0.5882352941176471,46
8,0.5555555555555556,46
8,0.7692307692307693,67
8,0.625,67
8,0.5882352941176471,56
8,0.45454545454545453,46
8,0.7692307692307693,44
8,0.7142857142857143,44
8,0.6666666666666666,46
8,0.5263157894736842,50
8,0.8333333333333334,48
8,0.5,54
8,0.6666666666666666,44
8,0.6666666666666666,56
8,0.5882352941176471,46
8,0.5,56
8,0.7142857142857143,66
8,0.7142857142857143,44
8,0.47619047619047616,48
8,0.7692307692307693,62
8,0.43478260869565216,46
8,0.5,46
8,0.625,44
8,0.7692307692307693,44
8,0.5882352941176471,57
8,0.9090909090909091,44
8,0.4166666666666667,56
8,0.5555555555555556,58
8,0.5882352941176471,44
8,0.625,46
8,0.5263157894736842,52
8,0.5882352941176471,56
8,0.625,58
8,1,44
8,0.6666666666666666,44
8,0.47619047619047616,59
8,0.5555555555555556,46
8,0.5263157894736842,68
8,0.625,60
8,0.625,44
8,0.625,56
8,0.625,56
8,0.7692307692307693,52
8,0.5263157894736842,48
8,0.5555555555555556,60
8,0.5882352941176471,46
8,0.7142857142857143,44
8,0.47619047619047616,58
8,0.5263157894736842,56
8,0.7692307692307693,46
8,0.9090909090909091,44
8,0.4166666666666667,46
8,0.625,44
8,0.47619047619047616,44
8,0.5555555555555556,46
8,0.5882352941176471,44
8,0.4166666666666667,44
8,0.7142857142857143,48
8,0.47619047619047616,56
8,0.7692307692307693,46
8,0.29411764705882354,44
8,0.5882352941176471,46
8,0.7142857142857143,44
8,0.45454545454545453,44
8,0.4166666666666667,56
8,0.6666666666666666,48
8,0.5882352941176471,60
8,0.625,44
8,0.45454545454545453,44
8,0.625,46
8,0.5882352941176471,60
8,0.5555555555555556,46
8,0.5,48
8,0.45454545454545453,56
8,0.625,56
8,0.7692307692307693,48
8,0.5882352941176471,56
8,0.43478260869565216,56
8,0.5263157894736842,48
8,0.6666666666666666,56
8,0.6666666666666666,56
8,0.6666666666666666,50
8,0.5555555555555556,44
8,0.5263157894736842,74
8,0.5263157894736842,58
8,0.7692307692307693,58
8,0.625,44
8,0.5263157894736842,56
8,0.5882352941176471,48
8,0.7692307692307693,44
8,0.5555555555555556,46
8,0.8333333333333334,46
8,0.7142857142857143,44
8,0.4166666666666667,48
8,0.5,46
8,0.6666666666666666,48
8,0.5,44
8,0.5,46
8,0.47619047619047616,56
8,0.7692307692307693,44
8,0.7692307692307693,44
8,0.47619047619047616,56
8,0.5882352941176471,46
8,0.7142857142857143,56
8,0.5882352941176471,46
8,0.6666666666666666,46
8,0.625,48
8,0.5882352941176471,46
8,0.4,44
8,0.5555555555555556,44
8,0.45454545454545453,56
8,0.47619047619047616,44
8,0.5882352941176471,44
8,0.625,46
8,0.43478260869565216,44
8,0.5882352941176471,46
8,0.5555555555555556,44
8,0.47619047619047616,46
8,0.5882352941176471,56
8,0.5882352941176471,68
8,0.5263157894736842,54
8,0.47619047619047616,44
8,0.9090909090909091,56
8,0.7692307692307693,44
8,0.625,44
8,0.4,50
8,0.7142857142857143,56
8,0.6666666666666666,56
8,0.5882352941176471,44
8,0.5882352941176471,44
8,0.5555555555555556,44
8,0.625,52
8,0.7142857142857143,56
8,0.7142857142857143,56
8,0.5882352941176471,44
8,0.43478260869565216,44
8,0.43478260869565216,48
8,0.45454545454545453,48
8,0.5,46
8,0.5882352941176471,44
8,0.5,44
8,0.5882352941176471,46
8,0.5882352941176471,44
8,0.6666666666666666,58
8,0.5555555555555556,58
8,0.7142857142857143,56
8,0.9090909090909091,46
8,0.5555555555555556,46
8,0.7142857142857143,44
8,0.47619047619047616,56
8,0.5263157894736842,44
8,0.5555555555555556,54
8,1,56
8,0.5263157894736842,44
8,0.6666666666666666,44
8,0.5,58
8,0.6666666666666666,44
8,0.625,56
8,0.5263157894736842,61
8,0.5263157894736842,70
8,0.7142857142857143,50
8,0.5882352941176471,44
8,0.5882352941176471,44
8,0.5882352941176471,44
8,0.5555555555555556,56
8,0.5882352941176471,56
8,0.625,52
8,0.7692307692307693,44
8,0.45454545454545453,52
8,0.5555555555555556,56
8,0.47619047619047616,56
8,0.4166666666666667,48
8,0.5555555555555556,56
8,0.5,56
8,0.47619047619047616,56
8,0.7142857142857143,44
8,0.7692307692307693,56
8,0.8333333333333334,50
8,0.8333333333333334,56
8,0.45454545454545453,58
8,0.5882352941176471,48
8,0.5263157894736842,44
8,0.7142857142857143,56
8,0.43478260869565216,56
8,0.5263157894736842,44
8,0.5263157894736842,46
8,0.5882352941176471,48
8,0.625,44
8,0.5,56
8,0.7142857142857143,56
8,0.43478260869565216,46
8,0.8333333333333334,44
8,0.5882352941176471,58
8,0.5263157894736842,48
8,0.5555555555555556,44
8,0.5555555555555556,52
8,0.625,56
8,0.43478260869565216,44
8,0.625,56
8,0.6666666666666666,58
8,0.43478260869565216,44
8,0.5555555555555556,56
8,0.6666666666666666,46
8,0.8333333333333334,68
8,0.5555555555555556,44
8,0.5263157894736842,46
8,0.6666666666666666,48
8,0.8333333333333334,56
8,0.5263157894736842,50
8,0.5,46
8,0.45454545454545453,44
8,0.6666666666666666,68
8,0.5263157894736842,58
8,0.5555555555555556,44
8,0.45454545454545453,44
8,0.625,60
8,0.5,46
8,0.43478260869565216,58
8,0.625,56
8,0.5555555555555556,44
8,0.6666666666666666,44
8,0.5263157894736842,46
8,0.7692307692307693,48
8,0.5,56
8,0.5,44
8,0.6666666666666666,58
8,0.7142857142857143,44
8,0.7142857142857143,44
8,0.5882352941176471,44
8,0.7142857142857143,44
8,0.47619047619047616,46
8,0.4,46
8,0.6666666666666666,60
8,0.5882352941176471,56
8,0.47619047619047616,48
8,0.5882352941176471,48
8,0.625,44
8,0.5,48
8,0.7692307692307693,46
8,0.4166666666666667,46
8,0.47619047619047616,46
8,0.5263157894736842,44
8,0.5,44
8,0.625,56
8,0.6666666666666666,46
8,0.6666666666666666,56
8,0.5263157894736842,58
8,0.6666666666666666,56
8,0.5555555555555556,56
8,0.5882352941176471,44
8,1,46
8,0.7142857142857143,56
8,0.5555555555555556,56
8,0.5882352941176471,44
8,0.6666666666666666,60
8,0.625,48
8,0.45454545454545453,44
8,0.38461538461538464,58
8,0.7142857142857143,56
8,0.47619047619047616,46
8,0.5263157894736842,44
8,0.625,46
8,0.6666666666666666,46
8,0.5555555555555556,48
8,0.7142857142857143,59
8,0.37037037037037035,50
8,0.7142857142857143,44
8,0.6666666666666666,62
8,0.625,56
8,0.7142857142857143,58
8,0.35714285714285715,44
8,0.5,50
8,0.7692307692307693,44
8,0.5555555555555556,44
8,0.47619047619047616,44
8,0.7692307692307693,44
8,0.7142857142857143,44
8,0.5882352941176471,50
8,0.5555555555555556,50
8,0.8333333333333334,56
8,0.47619047619047616,60
8,0.6666666666666666,44
8,0.625,46
8,0.43478260869565216,48
8,0.5882352941176471,44
8,0.7142857142857143,50
8,0.5882352941176471,44
8,0.5882352941176471,48
8,0.6666666666666666,46
8,0.625,58
8,0.45454545454545453,68
8,0.6666666666666666,56
8,0.6666666666666666,56
8,0.7142857142857143,48
8,0.5555555555555556,44
8,0.38461538461538464,46
8,0.7142857142857143,46
8,0.5555555555555556,46
8,0.7142857142857143,46
8,0.5555555555555556,56
8,0.5,46
8,0.9090909090909091,44
8,0.8333333333333334,56
8,0.5882352941176471,48
8,0.5,56
8,0.5555555555555556,46
8,0.5263157894736842,48
8,0.5263157894736842,56
8,0.5882352941176471,44
8,0.47619047619047616,44
8,0.625,58
8,0.5,56
8,0.625,44
8,0.6666666666666666,44
8,0.5263157894736842,56
8,0.5263157894736842,46
8,0.6666666666666666,44
8,0.5263157894736842,44
8,0.6666666666666666,44
8,0.5555555555555556,58
8,0.625,56
8,0.5555555555555556,48
8,0.5263157894736842,44
8,0.6666666666666666,52
8,0.45454545454545453,58
8,1,44
8,0.5882352941176471,46
8,0.7142857142857143,60
8,0.7692307692307693,44
8,0.4,44
8,0.4166666666666667,48
8,0.5263157894736842,44
8,0.6666666666666666,58
8,0.5555555555555556,52
8,0.3448275862068966,44
8,0.5555555555555556,59
8,0.625,44
8,0.5,44
8,0.5,48
8,0.5263157894736842,44
8,0.5,44
8,0.35714285714285715,56
8,0.6666666666666666,58
8,0.7142857142857143,44
8,0.625,44
8,0.7692307692307693,50
8,0.625,58
8,0.7692307692307693,44
8,0.7692307692307693,44
8,0.5555555555555556,44
8,0.5,46
8,0.5882352941176471,56
8,0.5,57
8,0.5555555555555556,46
8,0.45454545454545453,46
8,0.5882352941176471,44
8,0.5882352941176471,50
8,0.5263157894736842,44
8,0.5263157894736842,52
8,0.7142857142857143,46
8,0.5882352941176471,50
8,0.5882352941176471,56
8,0.5263157894736842,46
8,0.5882352941176471,58
8,0.5263157894736842,62
8,0.5882352941176471,58
8,0.6666666666666666,56
8,0.625,48
8,0.43478260869565216,56
8,0.43478260869565216,54
8,0.625,48
8,0.47619047619047616,70
8,0.45454545454545453,46
8,0.625,56
8,0.5555555555555556,46
8,0.37037037037037035,58
8,0.45454545454545453,56
8,0.5263157894736842,56
8,0.5263157894736842,46
8,0.4,56
8,0.625,56
8,0.47619047619047616,54
8,0.47619047619047616,52
8,0.9090909090909091,46
8,0.5555555555555556,46
8,0.625,48
8,0.8333333333333334,56
8,0.7142857142857143,44
8,0.5882352941176471,46
8,0.6666666666666666,58
8,0.6666666666666666,44
8,0.8333333333333334,46
8,0.45454545454545453,44
8,0.47619047619047616,60
8,0.7692307692307693,56
8,0.5882352941176471,48
8,0.625,44
8,0.45454545454545453,58
8,0.5555555555555556,44
8,0.7142857142857143,56
8,0.7692307692307693,44
8,0.37037037037037035,56
8,0.5882352941176471,44
8,0.5,48
8,0.5,44
8,0.38461538461538464,58
8,0.5882352941176471,44
8,0.7142857142857143,54
8,0.7692307692307693,48
8,0.5,56
8,0.625,48
8,0.5263157894736842,44
8,0.45454545454545453,56
8,0.5882352941176471,46
8,0.625,44
8,0.8333333333333334,44
8,0.7142857142857143,46
8,0.5,46
8,0.5,44
8,0.7692307692307693,56
8,0.625,56
8,0.625,56
8,0.8333333333333334,46
8,0.625,44
8,0.3448275862068966,44
8,0.625,44
8,0.5555555555555556,44
8,0.5263157894736842,56
8,0.7692307692307693,58
8,0.45454545454545453,44
8,0.625,46
8,0.5882352941176471,56
8,0.7142857142857143,63
8,0.37037037037037035,58
8,0.5882352941176471,56
8,0.4,44
8,0.5,46
8,0.38461538461538464,46
8,0.43478260869565216,46
8,0.5555555555555556,44
8,0.7142857142857143,46
8,0.6666666666666666,46
8,0.5555555555555556,44
8,0.5,56
8,0.9090909090909091,56
8,0.5,46
8,0.5882352941176471,48
8,0.625,44
8,0.45454545454545453,46
8,0.5,46
8,0.5555555555555556,44
8,0.5882352941176471,48
8,0.47619047619047616,44
8,0.5,56
8,0.7692307692307693,58
8,0.7692307692307693,44
8,0.4,44
8,0.5263157894736842,56
8,0.4166666666666667,52
8,0.8333333333333334,58
8,0.3333333333333333,44
8,0.5882352941176471,56
8,0.5,48
8,0.5,50
8,0.45454545454545453,44
8,0.6666666666666666,44
8,0.5882352941176471,44
8,0.8333333333333334,44
8,0.5555555555555556,44
8,0.47619047619047616,44
8,0.5555555555555556,56
8,0.5555555555555556,48
8,0.625,59
8,0.5,48
8,0.47619047619047616,44
8,0.7142857142857143,56
8,0.7692307692307693,44
8,0.7692307692307693,46
8,0.45454545454545453,56
8,0.5263157894736842,44
8,0.5,48
8,0.5882352941176471,48
8,0.6666666666666666,44
8,0.7142857142857143,44
8,0.6666666666666666,44
8,0.7142857142857143,46
8,0.7142857142857143,54
8,0.47619047619047616,44
8,0.45454545454545453,44
8,0.5263157894736842,46
8,0.5,44
8,0.5882352941176471,58
8,0.7692307692307693,44
8,0.5882352941176471,56
8,0.5882352941176471,46
8,0.625,50
8,0.5263157894736842,46
8,0.43478260869565216,54
8,0.625,54
8,0.6666666666666666,56
8,0.9090909090909091,58
8,0.7142857142857143,46
8,0.7692307692307693,56
8,0.5555555555555556,52
8,0.625,46
8,0.5263157894736842,56
8,0.7692307692307693,44
8,0.5555555555555556,44
8,0.625,46
8,0.5,56
8,0.43478260869565216,58
8,0.5882352941176471,46
8,0.7692307692307693,56
8,0.6666666666666666,56
8,0.6666666666666666,44
8,0.5263157894736842,46
8,0.9090909090909091,44
8,0.35714285714285715,56
8,0.5,56
8,0.7142857142857143,56
8,0.5,56
8,0.47619047619047616,52
8,0.6666666666666666,44
8,0.5,63
8,0.45454545454545453,56
8,0.6666666666666666,58
8,0.7692307692307693,56
8,0.7692307692307693,56
8,0.7142857142857143,52
8,0.5263157894736842,44
8,0.5,48
8,0.625,46
8,0.5,44
8,0.5882352941176471,44
8,0.6666666666666666,48
8,0.7692307692307693,50
8,0.6666666666666666,44
8,0.8333333333333334,56
8,0.625,46
8,0.5882352941176471,44
8,0.7692307692307693,44
8,0.7142857142857143,50
8,0.5555555555555556,44
8,0.5555555555555556,50
8,0.625,46
8,0.625,44
8,0.45454545454545453,44
8,0.7692307692307693,48
8,0.5,56
8,0.7692307692307693,54
8,0.5555555555555556,58
8,0.5,46
8,0.6666666666666666,56
8,1,44
8,0.5263157894736842,58
8,0.5263157894736842,52
8,0.6666666666666666,46
8,0.47619047619047616,48
8,0.6666666666666666,56
8,0.5882352941176471,52
8,0.43478260869565216,48
8,0.5,46
8,0.7142857142857143,44
8,0.5882352941176471,58
8,0.8333333333333334,56
8,0.5555555555555556,52
8,0.7142857142857143,44
8,0.5882352941176471,44
8,0.6666666666666666,46
8,0.8333333333333334,56
8,0.5882352941176471,44
8,0.5882352941176471,46
8,0.6666666666666666,44
8,0.5882352941176471,44
8,0.5555555555555556,56
8,0.6666666666666666,48
8,0.6666666666666666,48
8,0.7142857142857143,56
8,0.6666666666666666,76
8,0.8333333333333334,44
8,0.625,56
8,0.5555555555555556,44
8,0.7142857142857143,46
8,0.3448275862068966,44
8,0.5555555555555556,44
8,0.5882352941176471,56
8,0.6666666666666666,46
8,0.7142857142857143,56
8,0.7142857142857143,50
8,0.5555555555555556,58
8,0.6666666666666666,56
8,0.5882352941176471,50
8,0.625,44
8,0.625,56
8,0.625,52
8,0.3448275862068966,44
8,0.7142857142857143,44
8,0.5882352941176471,46
8,0.5882352941176471,44
8,0.8333333333333334,48
8,0.5882352941176471,44
8,0.625,46
8,0.5555555555555556,44
8,0.5555555555555556,56
8,0.45454545454545453,44
8,0.8333333333333334,46
8,0.5263157894736842,44
8,0.8333333333333334,56
8,0.7142857142857143,50
8,0.37037037037037035,48
8,0.5555555555555556,46
8,0.7692307692307693,44
8,0.7142857142857143,62
8,0.7142857142857143,46
8,0.5882352941176471,44
8,0.47619047619047616,54
8,0.5263157894736842,68
8,0.7142857142857143,44
8,0.7142857142857143,58
8,0.625,50
8,0.625,70
8,0.47619047619047616,61
8,0.5263157894736842,46
8,0.6666666666666666,44
8,0.4,58
8,0.5263157894736842,44
8,0.5263157894736842,61
8,0.6666666666666666,56
8,0.45454545454545453,50
8,0.5555555555555556,58
8,0.5555555555555556,44
8,0.5,56
8,0.7692307692307693,57
8,0.625,44
8,0.47619047619047616,58
8,0.5263157894736842,50
8,0.5263157894736842,46
8,0.7692307692307693,56
8,0.8333333333333334,56
8,0.3125,56
8,0.5882352941176471,52
8,0.4166666666666667,44
8,0.625,44
8,0.47619047619047616,48
8,0.45454545454545453,48
8,0.5263157894736842,46
8,0.5882352941176471,46
8,0.5882352941176471,44
8,0.4,48
8,0.5555555555555556,56
8,0.6666666666666666,56
8,0.5555555555555556,56
8,0.5882352941176471,60
8,0.5882352941176471,48
8,0.625,56
8,0.5555555555555556,60
8,0.7692307692307693,44
8,0.9090909090909091,46
8,0.7142857142857143,56
8,0.5,46
8,0.5,54
8,0.6666666666666666,56
8,0.7142857142857143,46
8,0.6666666666666666,44
8,0.6666666666666666,46
8,0.5,46
8,1,44
8,0.5882352941176471,44
8,0.4166666666666667,52
8,0.5263157894736842,50
8,0.5263157894736842,44
8,0.7142857142857143,44
8,0.5,50
8,0.7142857142857143,54
8,0.625,56
8,0.6666666666666666,56
8,0.5555555555555556,56
8,0.5882352941176471,44
8,0.625,44
8,0.5555555555555556,56
8,0.4,52
8,0.5555555555555556,44
8,0.5555555555555556,58
8,0.5555555555555556,46
8,0.47619047619047616,46
8,0.43478260869565216,58
8,0.4166666666666667,46
8,0.5263157894736842,48
8,0.45454545454545453,56
8,0.47619047619047616,48
8,0.6666666666666666,46
8,0.7142857142857143,50
8,0.8333333333333334,44
8,0.7142857142857143,46
8,0.7142857142857143,46
8,0.8333333333333334,56
8,0.7142857142857143,44
8,0.47619047619047616,56
8,0.6666666666666666,46
8,0.5,58
8,0.5555555555555556,44
8,0.5,48
8,0.43478260869565216,44
8,0.7142857142857143,44
8,0.7142857142857143,46
8,0.5263157894736842,44
8,0.7142857142857143,64
8,0.5882352941176471,68
8,0.5263157894736842,56
8,0.7142857142857143,46
8,0.5263157894736842,48
8,0.5263157894736842,44
8,0.3448275862068966,50
8,0.5882352941176471,46
8,0.47619047619047616,56
8,0.5882352941176471,46
8,0.7142857142857143,56
8,0.7692307692307693,46
8,0.5555555555555556,61
8,0.5882352941176471,48
8,0.7692307692307693,48
8,0.47619047619047616,56
8,0.5,48
8,0.5555555555555556,58
8,0.7142857142857143,56
8,0.5882352941176471,50
8,0.47619047619047616,46
8,0.47619047619047616,48
8,0.5882352941176471,46
8,0.6666666666666666,58
8,0.625,46
8,0.7142857142857143,44
8,0.7142857142857143,58
8,0.5263157894736842,56
8,0.7692307692307693,44
8,0.43478260869565216,46
8,0.47619047619047616,56
8,0.7142857142857143,44
8,0.7142857142857143,58
8,0.8333333333333334,56
8,0.5882352941176471,44
8,0.625,50
8,0.5555555555555556,68
8,0.6666666666666666,56
8,0.5263157894736842,60
8,0.5263157894736842,56
8,0.4,44
8,0.7692307692307693,46
8,0.5,44
8,0.47619047619047616,44
8,0.8333333333333334,50
8,0.5263157894736842,50
8,0.625,58
8,0.5555555555555556,63
8,0.47619047619047616,44
8,0.5555555555555556,56
8,0.625,44
8,0.625,44
8,0.47619047619047616,44
8,0.5263157894736842,46
8,0.47619047619047616,44
8,0.47619047619047616,62
8,0.47619047619047616,44
8,0.8333333333333334,70
8,0.6666666666666666,44
8,0.5555555555555556,46
8,0.6666666666666666,44
8,0.625,44
8,0.5,56
8,0.45454545454545453,62
8,0.47619047619047616,46
8,0.43478260869565216,44
8,0.5263157894736842,44
8,0.5263157894736842,56
8,0.5555555555555556,46
8,0.9090909090909091,44
8,0.6666666666666666,44
8,0.7692307692307693,46
8,0.5555555555555556,50
8,0.7142857142857143,58
8,0.5263157894736842,44
8,0.7692307692307693,44
8,0.5882352941176471,44
8,0.5555555555555556,56
8,0.7692307692307693,44
8,0.6666666666666666,48
8,0.625,56
8,0.6666666666666666,46
8,0.625,50
8,0.8333333333333334,56
8,0.5882352941176471,46
8,0.6666666666666666,60
8,0.47619047619047616,46
8,0.5,58
8,0.7692307692307693,62
8,0.6666666666666666,44
8,0.5555555555555556,46
8,0.5555555555555556,56
8,0.625,48
8,0.7142857142857143,59
8,0.5555555555555556,44
8,0.625,56
8,0.5882352941176471,44
8,0.45454545454545453,46
8,0.5263157894736842,58
8,0.5882352941176471,44
8,0.5555555555555556,50
8,0.7142857142857143,44
8,0.7142857142857143,68
8,1,54
8,0.625,56
8,0.5555555555555556,46
8,0.5,44
8,0.6666666666666666,44
8,0.45454545454545453,44
8,0.5555555555555556,44
8,0.5555555555555556,44
8,0.625,48
8,0.8333333333333334,52
8,0.5555555555555556,44
8,0.7692307692307693,44
8,0.5882352941176471,56
8,0.5,58
8,0.5,56
8,0.9090909090909091,48
8,0.5263157894736842,44
8,0.45454545454545453,44
8,0.7142857142857143,44
8,0.5263157894736842,58
8,0.5555555555555556,56
8,0.5882352941176471,46
8,0.6666666666666666,48
8,0.7142857142857143,57
8,0.7692307692307693,58
8,0.9090909090909091,56
8,0.625,50
8,0.625,46
8,0.5263157894736842,56
8,0.7142857142857143,44
8,0.43478260869565216,46
8,0.625,44
8,0.5555555555555556,44
8,0.5,44
8,0.6666666666666666,44
8,0.5555555555555556,44
8,0.45454545454545453,61
8,0.7142857142857143,48
8,0.7692307692307693,59
8,0.625,58
8,0.43478260869565216,44
8,0.5263157894736842,46
8,0.4166666666666667,44
8,0.8333333333333334,44
8,0.5263157894736842,46
8,0.5263157894736842,44
8,0.7692307692307693,58
8,0.5555555555555556,54
8,0.5555555555555556,50
8,0.625,48
8,0.37037037037037035,44
8,0.6666666666666666,60
8,0.5882352941176471,56
8,0.5882352941176471,46
8,0.6666666666666666,44
8,0.5,56
8,0.6666666666666666,44
8,0.7142857142857143,44
8,0.6666666666666666,44
8,0.4,44
8,0.47619047619047616,56
8,0.5882352941176471,44
8,0.5263157894736842,44
8,0.7142857142857143,56
8,0.43478260869565216,48
8,0.5882352941176471,56
8,0.37037037037037035,58
8,0.7692307692307693,68
8,0.5263157894736842,44
8,0.625,44
8,0.7142857142857143,46
8,0.7142857142857143,44
8,0.5882352941176471,44
8,0.625,46
8,0.6666666666666666,56
8,0.5555555555555556,58
8,0.5263157894736842,44
8,0.7692307692307693,56
8,0.5,44
8,0.7142857142857143,44
8,0.5555555555555556,44
8,0.5882352941176471,44
8,0.5555555555555556,58
8,0.6666666666666666,56
8,0.7142857142857143,56
8,0.5263157894736842,44
8,0.47619047619047616,44
8,0.5263157894736842,56
8,0.6666666666666666,44
8,0.625,46
8,0.6666666666666666,44
8,0.5882352941176471,44
8,0.5882352941176471,56
8,0.5,44
8,0.4,64
8,0.7692307692307693,44
8,0.47619047619047616,44
8,0.625,44
8,0.6666666666666666,56
8,0.6666666666666666,46
8,1,60
8,0.5882352941176471,56
8,0.7142857142857143,48
8,0.5882352941176471,62
8,0.625,46
8,0.5,44
8,0.5882352941176471,44
8,0.7692307692307693,44
8,0.47619047619047616,44
8,0.5263157894736842,56
8,0.7692307692307693,56
8,0.4166666666666667,56
8,0.5882352941176471,56
8,0.5882352941176471,56
8,0.9090909090909091,48
8,0.45454545454545453,60
8,0.5555555555555556,56
8,0.7692307692307693,48
8,0.5,58
8,0.6666666666666666,46
8,0.6666666666666666,44
8,0.5263157894736842,58
8,0.5263157894736842,48
8,0.6666666666666666,48
8,0.5555555555555556,52
8,0.5882352941176471,56
8,0.7142857142857143,46
8,0.7142857142857143,56
8,0.5263157894736842,46
8,0.7142857142857143,46
8,0.5263157894736842,44
8,0.5555555555555556,56
8,0.6666666666666666,44
8,0.6666666666666666,59
8,1,52
8,0.7142857142857143,44
8,0.5882352941176471,62
8,0.7142857142857143,46
8,0.5555555555555556,56
8,0.5555555555555556,56
8,0.5555555555555556,44
8,0.5,48
8,0.7142857142857143,44
8,0.5,56
8,1,60
8,0.4166666666666667,46
8,0.6666666666666666,56
8,0.7142857142857143,60
8,0.5882352941176471,48
8,0.4,44
8,0.47619047619047616,44
8,0.5263157894736842,46
8,0.47619047619047616,56
8,0.5555555555555556,56
8,0.625,59
8,0.7142857142857143,44
8,0.7142857142857143,48
8,0.6666666666666666,44
8,0.47619047619047616,62
8,0.5882352941176471,50
8,0.9090909090909091,44
8,0.7142857142857143,57
8,0.4,58
8,0.6666666666666666,56
8,0.6666666666666666,58
8,0.37037037037037035,44
8,0.7142857142857143,59
8,0.7142857142857143,46
8,0.47619047619047616,44
8,0.5263157894736842,52
8,0.5263157894736842,44
8,0.625,44
8,0.5555555555555556,46
8,0.5555555555555556,56
8,0.5555555555555556,58
8,0.6666666666666666,50
8,0.5882352941176471,52
8,0.7142857142857143,56
8,0.5882352941176471,60
8,0.7142857142857143,56
8,0.45454545454545453,56
8,0.7142857142857143,44
8,0.4,56
8,0.6666666666666666,56
8,0.43478260869565216,48
8,0.6666666666666666,44
8,0.5,50
8,0.45454545454545453,58
8,0.625,44
8,0.6666666666666666,56
8,0.8333333333333334,50
8,0.47619047619047616,56
8,0.9090909090909091,52
8,0.8333333333333334,46
8,0.5,44
8,0.5882352941176471,48
8,0.625,50
8,0.43478260869565216,56
8,0.7142857142857143,44
8,0.7142857142857143,46
8,0.43478260869565216,48
8,0.6666666666666666,44
8,0.5263157894736842,56
8,0.6666666666666666,52
8,0.7692307692307693,58
8,0.5882352941176471,44
8,0.5882352941176471,44
8,0.5555555555555556,58
8,0.4166666666666667,58
8,0.45454545454545453,48
8,0.3333333333333333,44
8,0.6666666666666666,44
8,0.4,44
8,0.5263157894736842,56
8,0.7142857142857143,52
8,0.5,58
8,0.47619047619047616,44
8,0.5882352941176471,52
8,0.5882352941176471,44
8,0.45454545454545453,44
8,0.6666666666666666,46
8,0.7142857142857143,68
8,0.47619047619047616,46
8,0.7142857142857143,46
8,0.625,60
8,0.5555555555555556,48
8,0.7142857142857143,44
8,0.45454545454545453,56
8,0.5,58
8,0.9090909090909091,56
8,0.5882352941176471,44
8,0.6666666666666666,56
8,0.7692307692307693,56
8,0.5,46
8,0.5,58
8,0.625,46
8,0.8333333333333334,48
8,0.625,52
8,0.625,60
8,0.625,46
8,0.7692307692307693,48
8,0.5,56
8,0.5882352941176471,48
8,0.4,48
8,0.7142857142857143,46
8,0.6666666666666666,46
8,0.7692307692307693,44
8,0.5263157894736842,56
8,0.6666666666666666,56
8,0.7142857142857143,58
8,0.45454545454545453,44
8,0.6666666666666666,46
8,0.5555555555555556,58
8,0.6666666666666666,58
8,0.8333333333333334,50
8,0.4166666666666667,48
8,0.5,46
8,0.5,56
8,0.5555555555555556,56
8,0.9090909090909091,46
8,0.47619047619047616,59
8,0.5263157894736842,44
8,0.47619047619047616,44
8,0.43478260869565216,44
8,0.625,44
8,0.5882352941176471,70
8,0.625,48
8,0.5555555555555556,52
8,0.5,44
8,0.8333333333333334,56
8,0.6666666666666666,44
8,0.5882352941176471,62
8,0.45454545454545453,46
8,0.7142857142857143,44
8,0.45454545454545453,44
8,0.4166666666666667,54
8,0.5882352941176471,44
8,0.5,46
8,0.7142857142857143,44
8,0.625,56
8,0.6666666666666666,44
8,0.4166666666666667,58
8,0.5555555555555556,60
8,0.47619047619047616,44
8,0.7692307692307693,44
8,0.625,46
8,0.5555555555555556,46
8,0.47619047619047616,58
8,0.5263157894736842,44
8,0.47619047619047616,56
8,0.7692307692307693,60
8,0.7692307692307693,44
8,0.7692307692307693,44
8,0.625,58
8,0.38461538461538464,62
8,0.4166666666666667,56
8,0.6666666666666666,46
8,0.5882352941176471,44
8,0.6666666666666666,44
8,0.5263157894736842,44
8,0.5555555555555556,44
8,0.3333333333333333,56
8,0.7142857142857143,46
8,0.47619047619047616,44
8,0.5263157894736842,44
8,0.5,58
8,0.625,44
8,0.45454545454545453,60
8,0.6666666666666666,48
8,0.6666666666666666,56
8,0.45454545454545453,44
8,0.5263157894736842,57
8,0.4166666666666667,56
8,0.8333333333333334,46
8,0.45454545454545453,44
8,0.45454545454545453,44
8,0.5,58
8,0.5882352941176471,59
8,0.5882352941176471,44
8,0.6666666666666666,58
8,0.625,44
8,0.6666666666666666,56
8,0.5,56
8,0.5555555555555556,44
8,0.625,44
8,0.5555555555555556,44
8,0.625,46
8,0.625,52
8,0.6666666666666666,52
8,0.5263157894736842,58
8,0.8333333333333334,50
8,0.5882352941176471,44
8,0.5882352941176471,46
8,0.7142857142857143,59
8,0.38461538461538464,56
8,0.5555555555555556,46
8,0.625,58
8,0.47619047619047616,50
8,0.45454545454545453,44
8,0.5263157894736842,44
8,0.6666666666666666,56
8,0.5,46
8,0.47619047619047616,50
8,0.6666666666666666,44
8,0.625,44
8,0.625,48
8,0.5,56
8,0.5555555555555556,44
8,0.5263157894736842,44
8,0.625,46
8,0.43478260869565216,44
8,0.5,56
8,0.4166666666666667,56
8,0.47619047619047616,56
8,0.38461538461538464,58
8,0.6666666666666666,46
8,0.8333333333333334,44
8,0.43478260869565216,48
8,0.9090909090909091,44
8,0.6666666666666666,56
8,0.7692307692307693,46
8,0.3125,46
8,0.7142857142857143,44
8,0.4,46
8,0.47619047619047616,44
8,0.7142857142857143,56
8,0.5555555555555556,46
8,0.5,58
8,0.5,44
8,0.6666666666666666,48
8,0.6666666666666666,44
8,0.6666666666666666,44
8,0.6666666666666666,56
8,0.625,46
8,0.5263157894736842,44
8,0.5263157894736842,54
8,0.43478260869565216,46
8,0.6666666666666666,46
8,0.625,46
8,0.8333333333333334,44
8,0.5555555555555556,60
8,0.4166666666666667,44
8,0.625,44
8,0.5263157894736842,46
8,0.5555555555555556,46
8,0.5882352941176471,56
8,0.45454545454545453,48
8,0.47619047619047616,46
8,0.5263157894736842,62
8,0.8333333333333334,70
8,0.8333333333333334,59
8,0.7142857142857143,44
8,0.5555555555555556,44
8,0.37037037037037035,58
8,0.625,46
8,0.5263157894736842,44
8,0.5,44
8,0.7142857142857143,56
8,0.7142857142857143,44
8,0.5555555555555556,50
8,0.625,58
8,0.6666666666666666,52
8,0.5,48
8,0.7142857142857143,46
8,0.6666666666666666,46
8,0.5882352941176471,56
8,0.45454545454545453,44
8,0.5555555555555556,60
8,0.45454545454545453,48
8,0.7142857142857143,44
8,0.47619047619047616,56
8,0.7142857142857143,60
8,0.5882352941176471,58
8,0.6666666666666666,48
8,0.45454545454545453,50
8,0.45454545454545453,44
8,0.7142857142857143,46
8,0.5263157894736842,44
8,0.5263157894736842,48
8,0.3333333333333333,46
8,0.6666666666666666,44
8,0.7692307692307693,44
8,0.4166666666666667,58
8,0.7142857142857143,46
8,0.5882352941176471,56
8,0.5,56
8,0.5,56
8,0.7142857142857143,46
8,0.625,46
8,0.9090909090909091,44
8,0.7142857142857143,44
8,0.5555555555555556,46
8,0.5,56
8,0.6666666666666666,44
8,0.6666666666666666,44
8,0.6666666666666666,46
8,0.45454545454545453,46
8,0.5882352941176471,44
8,0.5,58
8,0.5882352941176471,46
8,0.5882352941176471,44
8,0.38461538461538464,48
8,0.45454545454545453,44
8,0.8333333333333334,56
8,0.47619047619047616,46
8,0.5882352941176471,58
8,0.8333333333333334,46
8,0.5,44
8,0.5263157894736842,56
8,0.5555555555555556,56
8,0.5555555555555556,44
8,0.5555555555555556,56
8,0.5555555555555556,56
8,0.7142857142857143,44
8,0.5555555555555556,46
8,0.47619047619047616,58
8,0.5,44
8,0.6666666666666666,44
8,0.6666666666666666,58
8,0.5,56
8,0.5882352941176471,44
8,0.5555555555555556,56
8,0.43478260869565216,46
8,0.5,44
8,0.47619047619047616,44
8,1,44
8,0.7142857142857143,44
8,0.45454545454545453,48
8,0.5,44
8,0.4,61
8,0.7142857142857143,46
8,0.625,59
8,0.5,58
8,0.5555555555555556,44
8,0.5,48
8,0.5555555555555556,44
8,0.5555555555555556,56
8,0.625,56
8,0.6666666666666666,48
8,0.5555555555555556,56
8,0.8333333333333334,46
8,0.5882352941176471,56
8,0.625,56
8,0.5555555555555556,58
8,0.5,46
8,0.5882352941176471,48
8,0.5263157894736842,58
8,0.8333333333333334,56
8,0.5,46
8,0.625,44
8,0.5263157894736842,48
8,0.45454545454545453,44
8,0.5555555555555556,44
8,0.6666666666666666,44
8,0.5263157894736842,44
8,0.8333333333333334,56
8,0.6666666666666666,44
8,0.4166666666666667,46
8,0.5555555555555556,46
8,0.47619047619047616,58
8,0.7692307692307693,60
8,0.6666666666666666,44
8,0.5882352941176471,44
8,0.7692307692307693,56
8,0.7142857142857143,56
8,0.5555555555555556,44
8,0.5263157894736842,44
8,0.625,44
8,0.7142857142857143,46
8,0.5882352941176471,48
8,0.4,56
8,0.5882352941176471,46
8,0.5,44
8,0.6666666666666666,44
8,0.625,44
8,0.5555555555555556,56
8,0.5263157894736842,44
8,0.5555555555555556,50
8,0.9090909090909091,46
8,0.625,56
8,0.5882352941176471,52
8,0.7692307692307693,56
8,0.47619047619047616,44
8,0.7692307692307693,58
8,0.4166666666666667,68
8,0.5555555555555556,56
8,0.45454545454545453,48
8,0.5882352941176471,44
8,0.625,48
8,0.47619047619047616,46
8,0.5555555555555556,44
8,0.5882352941176471,46
8,0.47619047619047616,48
8,0.6666666666666666,60
8,0.8333333333333334,44
8,0.8333333333333334,44
8,0.6666666666666666,62
8,0.7692307692307693,46
8,0.38461538461538464,46
8,0.7142857142857143,48
8,0.5555555555555556,50
8,0.45454545454545453,56
8,0.5,58
8,0.47619047619047616,44
8,0.8333333333333334,46
8,0.6666666666666666,54
8,0.6666666666666666,56
8,0.7142857142857143,58
8,0.5882352941176471,60
8,0.5,44
8,0.625,44
8,0.5882352941176471,44
8,0.5882352941176471,58
8,0.47619047619047616,44
8,0.6666666666666666,44
8,0.5263157894736842,50
8,0.6666666666666666,58
8,0.5882352941176471,46
8,0.4166666666666667,56
8,0.5882352941176471,59
8,0.625,54
8,0.6666666666666666,46
8,0.7142857142857143,44
8,0.5882352941176471,56
8,0.7142857142857143,44
8,0.5555555555555556,44
8,0.43478260869565216,46
8,0.45454545454545453,46
8,0.625,44
8,0.8333333333333334,48
8,0.43478260869565216,59
8,0.43478260869565216,44
8,0.7692307692307693,58
8,0.5263157894736842,44
8,0.5,44
8,0.5882352941176471,46
8,0.7142857142857143,56
8,0.5263157894736842,44
8,0.43478260869565216,48
8,0.6666666666666666,56
8,0.5882352941176471,56
8,0.6666666666666666,56
8,0.47619047619047616,44
8,0.47619047619047616,56
8,0.5263157894736842,46
8,0.5263157894736842,50
8,0.625,44
8,0.5555555555555556,52
8,0.45454545454545453,56
8,0.4166666666666667,46
8,0.625,44
8,0.4166666666666667,44
8,0.6666666666666666,52
8,0.7692307692307693,46
8,0.625,46
8,0.45454545454545453,58
8,0.5555555555555556,56
8,0.625,46
8,0.5555555555555556,56
8,0.5555555555555556,60
8,0.5555555555555556,44
8,0.5882352941176471,48
8,0.5263157894736842,46
8,0.5,48
8,0.625,56
8,0.7142857142857143,56
8,0.6666666666666666,44
8,0.5263157894736842,48
8,0.5263157894736842,56
8,0.5,44
8,0.7142857142857143,59
8,0.6666666666666666,58
8,0.47619047619047616,56
8,0.7692307692307693,48
8,0.3448275862068966,54
8,0.5263157894736842,54
8,0.9090909090909091,44
8,0.7142857142857143,56
8,0.5882352941176471,44
8,0.8333333333333334,54
8,0.7692307692307693,46
8,0.45454545454545453,56
8,0.7142857142857143,56
8,0.625,44
8,0.625,46
8,0.7142857142857143,48
8,0.7692307692307693,46
8,0.45454545454545453,56
8,0.5882352941176471,62
8,0.8333333333333334,56
8,0.5263157894736842,48
8,0.5263157894736842,60
8,0.7142857142857143,58
8,0.47619047619047616,56
8,0.625,56
8,0.47619047619047616,56
8,0.5263157894736842,44
8,0.625,44
8,0.6666666666666666,56
8,0.5263157894736842,44
8,0.5,44
8,0.4166666666666667,44
8,0.5882352941176471,46
8,0.37037037037037035,44
8,0.8333333333333334,56
8,0.5263157894736842,54
8,0.5263157894736842,46
8,0.6666666666666666,56
8,0.5882352941176471,56
8,0.5555555555555556,56
8,0.5263157894736842,46
8,0.625,58
8,0.4,56
8,0.6666666666666666,68
8,0.5263157894736842,54
8,0.5263157894736842,62
8,0.625,50
8,0.38461538461538464,46
8,0.5,56
8,0.625,46
8,0.5555555555555556,46
8,0.5882352941176471,44
8,0.5263157894736842,60
8,0.43478260869565216,50
8,0.5263157894736842,44
8,0.43478260869565216,59
8,0.47619047619047616,44
8,0.45454545454545453,56
8,0.5555555555555556,44
8,0.8333333333333334,44
8,0.5263157894736842,56
8,0.5555555555555556,50
8,0.5,56
8,0.625,44
8,0.45454545454545453,46
8,0.7692307692307693,59
8,0.5882352941176471,58
8,0.5882352941176471,56
8,0.5882352941176471,44
8,0.38461538461538464,44
8,0.7142857142857143,44
8,0.8333333333333334,56
8,0.47619047619047616,44
8,0.7142857142857143,48
8,0.7692307692307693,46
8,0.625,68
8,0.5,44
8,0.5263157894736842,46
8,0.7692307692307693,44
8,0.7142857142857143,44
8,0.7692307692307693,48
8,0.43478260869565216,44
8,0.625,46
8,0.43478260869565216,59
8,0.7692307692307693,46
8,0.5263157894736842,44
8,0.5555555555555556,58
8,0.4,56
8,0.47619047619047616,60
8,0.7692307692307693,44
8,0.9090909090909091,50
8,0.7692307692307693,46
8,0.5882352941176471,56
8,0.7142857142857143,46
8,0.7692307692307693,44
8,0.625,44
8,0.45454545454545453,44
8,0.5555555555555556,48
8,0.45454545454545453,44
8,0.47619047619047616,44
8,0.45454545454545453,48
8,0.6666666666666666,46
8,0.5,46
8,0.5882352941176471,46
8,0.5555555555555556,56
8,0.5882352941176471,50
8,0.7692307692307693,46
8,0.5263157894736842,68
8,0.7142857142857143,44
8,0.8333333333333334,68
8,0.7142857142857143,44
8,0.47619047619047616,56
8,0.45454545454545453,46
8,0.625,52
8,0.5,44
8,0.47619047619047616,46
8,0.625,56
8,0.625,44
8,0.5,62
8,0.5882352941176471,56
8,0.625,56
8,0.5882352941176471,56
8,0.43478260869565216,70
8,0.4166666666666667,44
8,0.6666666666666666,44
8,0.625,56
8,0.43478260869565216,48
8,0.3333333333333333,58
8,0.5,44
8,0.45454545454545453,57
8,0.5555555555555556,46
8,0.7692307692307693,44
8,0.5882352941176471,46
8,0.5882352941176471,56
8,0.5263157894736842,44
8,0.5263157894736842,56
8,0.5555555555555556,56
8,0.5263157894736842,46
8,0.5,46
8,0.8333333333333334,46
8,0.7142857142857143,44
8,0.5555555555555556,52
8,0.6666666666666666,58
8,0.5882352941176471,46
8,0.4166666666666667,54
8,0.37037037037037035,44
8,0.5263157894736842,56
8,0.5882352941176471,46
8,0.5263157894736842,44
8,0.625,46
8,0.5555555555555556,44
8,0.5882352941176471,44
8,0.47619047619047616,44
8,0.7692307692307693,48
8,0.5555555555555556,56
8,0.4,44
8,0.45454545454545453,48
8,0.43478260869565216,56
8,0.625,44
8,0.6666666666666666,48
8,0.5,44
8,0.6666666666666666,44
8,0.5263157894736842,46
8,0.7142857142857143,46
8,0.6666666666666666,56
8,0.8333333333333334,48
8,0.6666666666666666,58
8,0.5882352941176471,46
8,0.43478260869565216,46
8,0.4,46
8,0.4166666666666667,44
8,0.5882352941176471,46
8,0.8333333333333334,56
8,0.5882352941176471,44
8,0.47619047619047616,44
8,0.5263157894736842,54
8,0.5555555555555556,44
8,0.5555555555555556,46
8,0.5882352941176471,66
8,0.38461538461538464,50
8,0.625,54
8,0.7692307692307693,56
8,0.37037037037037035,44
8,0.5263157894736842,46
8,0.625,60
8,0.5,44
8,0.5,48
8,0.47619047619047616,46
8,0.43478260869565216,44
8,0.7142857142857143,48
8,0.37037037037037035,56
8,0.5555555555555556,44
8,0.5263157894736842,56
8,0.7142857142857143,56
8,0.5555555555555556,56
8,0.5555555555555556,56
8,0.5882352941176471,46
8,0.5,56
8,0.625,50
8,0.8333333333333334,48
8,0.7142857142857143,44
8,0.625,60
8,0.5555555555555556,48
8,0.5555555555555556,46
8,0.625,46
8,0.4,58
8,0.6666666666666666,44
8,0.45454545454545453,46
8,0.5882352941176471,56
8,0.29411764705882354,44
8,0.7142857142857143,44
8,0.625,44
8,0.5263157894736842,44
8,0.7692307692307693,56
8,0.45454545454545453,56
8,0.47619047619047616,46
8,0.5882352941176471,46
8,0.5263157894736842,46
8,0.5882352941176471,46
8,0.5,56
8,0.7142857142857143,60
8,0.6666666666666666,44
8,0.7142857142857143,48
8,0.5882352941176471,44
8,0.6666666666666666,44
8,0.7142857142857143,46
8,0.4,44
8,0.5263157894736842,56
8,0.43478260869565216,58
8,0.5882352941176471,44
8,0.8333333333333334,48
8,0.35714285714285715,56
8,0.4166666666666667,68
8,0.8333333333333334,44
8,0.7692307692307693,44
8,0.5555555555555556,44
8,0.625,48
8,0.5882352941176471,56
8,0.5882352941176471,58
8,0.7692307692307693,48
8,0.35714285714285715,46
8,0.7692307692307693,56
8,0.7142857142857143,44
8,0.5263157894736842,44
8,0.5263157894736842,46
8,0.8333333333333334,46
8,0.7692307692307693,48
8,0.625,56
8,0.5882352941176471,50
8,0.43478260869565216,46
8,0.6666666666666666,44
8,0.6666666666666666,44
8,0.7692307692307693,56
8,0.5882352941176471,56
8,0.6666666666666666,66
8,0.45454545454545453,44
8,0.5263157894736842,48
8,0.5,44
8,0.6666666666666666,59
8,0.5263157894736842,44
8,0.5263157894736842,50
8,0.5882352941176471,58
8,0.5263157894736842,48
8,0.5882352941176471,44
8,0.5882352941176471,46
8,0.9090909090909091,44
8,0.5882352941176471,44
8,0.8333333333333334,60
8,0.625,52
8,0.45454545454545453,44
8,0.3225806451612903,56
8,0.625,56
8,0.6666666666666666,56
8,0.47619047619047616,60
8,0.6666666666666666,46
8,0.7142857142857143,44
8,0.43478260869565216,44
8,0.47619047619047616,44
8,0.45454545454545453,56
8,0.5263157894736842,44
8,0.5,46
8,0.5882352941176471,56
8,0.6666666666666666,44
8,0.4,46
8,0.5263157894736842,56
8,0.43478260869565216,44
8,0.5,46
8,0.6666666666666666,46
8,0.6666666666666666,52
8,0.47619047619047616,46
8,0.7142857142857143,44
8,0.6666666666666666,56
8,0.9090909090909091,52
8,0.5263157894736842,44
8,0.625,44
8,0.5882352941176471,46
8,0.625,46
8,0.5555555555555556,48
8,0.43478260869565216,56
8,0.4166666666666667,44
8,0.35714285714285715,48
8,0.5882352941176471,46
8,0.625,48
8,0.6666666666666666,46
8,0.625,44
8,0.6666666666666666,58
8,0.5263157894736842,56
8,0.5882352941176471,44
8,0.9090909090909091,56
8,0.5882352941176471,52
8,0.625,46
8,0.7142857142857143,56
8,0.4,56
8,0.5882352941176471,46
8,0.5263157894736842,44
8,0.45454545454545453,46
8,0.45454545454545453,58
8,0.7692307692307693,46
8,0.625,58
8,0.43478260869565216,46
8,0.5263157894736842,44
8,0.7142857142857143,44
8,0.625,44
8,0.5882352941176471,54
8,0.6666666666666666,50
8,0.5882352941176471,56
8,0.625,44
8,0.45454545454545453,44
8,0.5555555555555556,56
8,0.6666666666666666,44
8,0.43478260869565216,56
8,0.47619047619047616,44
8,0.45454545454545453,44
8,0.7692307692307693,56
8,0.625,46
8,0.5263157894736842,50
8,0.5263157894736842,44
8,0.625,58
8,0.625,56
8,0.38461538461538464,58
8,0.47619047619047616,56
8,0.625,44
8,0.9090909090909091,44
8,0.7142857142857143,60
8,0.5,46
8,0.4166666666666667,46
8,0.9090909090909091,44
8,0.5882352941176471,46
8,0.5555555555555556,58
8,0.5,56
8,0.5,56
8,0.5,44
8,0.7692307692307693,44
8,0.625,46
8,0.7142857142857143,56
8,0.4166666666666667,44
8,0.9090909090909091,44
8,0.5882352941176471,52
8,0.5882352941176471,46
8,0.5882352941176471,46
8,0.5555555555555556,44
8,0.5263157894736842,48
8,0.5555555555555556,48
8,0.43478260869565216,56
8,0.5263157894736842,44
8,0.38461538461538464,56
8,0.5555555555555556,44
8,0.7692307692307693,56
8,0.5555555555555556,58
8,0.5263157894736842,46
8,0.5555555555555556,68
8,0.7692307692307693,46
8,0.43478260869565216,44
8,0.47619047619047616,56
8,0.6666666666666666,56
8,0.625,46
8,0.5263157894736842,44
8,0.4166666666666667,56
8,0.7692307692307693,44
8,0.625,48
8,0.8333333333333334,44
8,0.6666666666666666,60
8,0.5263157894736842,44
8,0.5,56
8,0.625,56
