1216,30,0.016181229773462782
1364,30,0.02012072434607646
647,30,0.08403361344537816
1663,30,0.01422475106685633
2366,30,0.007246376811594203
694,30,0.136986301369863
1660,30,0.011848341232227487
1462,30,0.015267175572519083
2374,30,0.011086474501108648
1548,30,0.001402524544179523
1631,30,0.0016482610845557936
1666,30,0.0016406890894175555
1696,30,0.010626992561105207
1546,30,0.0017458100558659217
3246,30,0.009940357852882704
1542,30,0.0008722197993894462
1514,30,0.0018053800324968406
3176,30,0.006561679790026247
1702,30,0.0010978153474585574
1696,30,0.0009869719699960521
2352,30,0.004649000464900047
1657,30,0.0010909884355225835
2021,30,0.1724137931034483
3067,30,0.005724098454493417
1739,30,0.0010735373054213634
2284,30,0.006506180871828237
3151,30,0.014598540145985401
2080,30,0.2702702702702703
1594,30,0.0007422802850356294
3179,30,0.00922509225092251
2056,30,0.13333333333333333
2005,30,0.1724137931034483
2006,30,0.17543859649122806
1530,30,0.0009358914365933552
705,30,0.2564102564102564
900,30,0.13157894736842105
1929,30,0.0012221950623319481
899,30,0.06097560975609756
2074,30,0.16129032258064516
1661,30,0.0009377344336084021
1629,30,0.0011483693155718878
691,30,0.1111111111111111
692,30,0.08695652173913043
2006,30,0.18867924528301888
1665,30,0.0011750881316098707
2212,30,0.007535795026375283
1718,30,0.0011682242990654205
1597,30,0.0012056908608632747
652,30,0.07092198581560284
2031,30,0.18181818181818182
2228,30,0.010893246187363835
1525,30,0.0015149219815179518
1971,30,0.16129032258064516
1707,30,0.0009577626664112633
1774,30,0.0012140342357654485
2010,30,0.2702702702702703
1716,30,0.0013428226131328052
2448,30,0.008944543828264758
3185,30,0.009250693802035153
3217,30,0.011834319526627219
1680,30,0.0022497187851518562
859,30,0.13157894736842105
2415,30,0.00744047619047619
1635,30,0.0014336917562724014
2272,30,0.011990407673860911
2032,30,0.15873015873015872
2044,30,0.14084507042253522
2045,30,0.15625
666,30,0.12048192771084337
852,30,0.13513513513513514
872,30,0.07142857142857142
1655,30,0.001397428731134712
2409,30,0.008389261744966443
2089,30,0.18867924528301888
2004,30,0.14705882352941177
2098,30,0.2
1698,30,0.0013751375137513752
1571,30,0.0010118385105737124
1772,30,0.0019813750743015654
2133,30,0.15384615384615385
857,30,0.12987012987012986
878,30,0.15151515151515152
1671,30,0.0014249073810202336
2011,30,0.2631578947368421
1505,30,0.0020768431983385254
837,30,0.07936507936507936
1738,30,0.0011894849530153444
1728,30,0.0013063357282821686
665,30,0.21739130434782608
2059,30,0.12195121951219512
866,30,0.14492753623188406
2448,30,0.00864304235090752
2134,30,0.007183908045977011
2034,30,0.2857142857142857
1994,30,0.006839945280437756
2337,30,0.006756756756756757
2306,30,0.007037297677691766
1552,30,0.002302555836979047
2313,30,0.008156606851549755
2248,30,0.005567928730512249
1721,30,0.0009366804046459348
1534,30,0.0009042408897730356
2054,30,0.2564102564102564
1708,30,0.0012809017548354041
901,30,0.09259259259259259
659,30,0.06802721088435375
3171,30,0.008203445447087777
1607,30,0.0018772292096865028
843,30,0.12048192771084337
2035,30,0.11235955056179775
1549,30,0.0020824656393169513
923,30,0.12345679012345678
3128,30,0.0057110222729868645
1581,30,0.0012143290831815423
1705,30,0.0011599582415033058
1571,30,0.0025220680958385876
1507,30,0.0010355182768975871
1693,30,0.0013537295248409367
1635,30,0.0009996001599360256
950,30,0.10309278350515463
1699,30,0.001971220185294697
2347,30,0.00684931506849315
3156,30,0.005246589716684155
1537,30,0.0013464386697185943
893,30,0.15151515151515152
2161,30,0.29411764705882354
1602,30,0.0011138338159946536
2015,30,0.17857142857142858
2235,30,0.017094017094017096
845,30,0.09433962264150944
1615,30,0.0007553440592189743
1996,30,0.2127659574468085
1588,30,0.0011208249271463797
1598,30,0.0013989927252378287
657,30,0.08403361344537816
1735,30,0.0012690355329949238
1595,30,0.0011636025133814289
1562,30,0.001003713740841112
1671,30,0.0012914890869172154
3178,30,0.00715307582260372
1632,30,0.0016347882949158084
1617,30,0.0039447731755424065
3246,30,0.008718395815170008
1972,30,0.22727272727272727
3115,30,0.013003901170351105
1524,30,0.0012827090815802976
1736,30,0.001397233477714126
1657,30,0.0007599939200486396
2262,30,0.008532423208191127
2071,30,0.16129032258064516
663,30,0.078125
675,30,0.055248618784530384
864,30,0.08130081300813008
873,30,0.059880239520958084
894,30,0.060240963855421686
1569,30,0.01834862385321101
1665,30,0.0013128528291978469
1823,30,0.0013796909492273732
3599,30,0.012004801920768308
2176,30,0.15873015873015872
2010,30,0.20833333333333334
2354,30,0.00904977375565611
3141,30,0.006389776357827476
2189,30,0.25
3086,30,0.007898894154818325
1621,30,0.02066115702479339
2279,30,0.013297872340425532
1618,30,0.001505797319680771
1517,30,0.0013861935126143609
