16,0.6666666666666666,171
16,0.9090909090909091,162
16,0.6666666666666666,158
16,0.8333333333333334,168
16,0.8333333333333334,156
16,0.8333333333333334,164
16,0.9090909090909091,173
16,0.7142857142857143,164
16,0.8333333333333334,161
16,0.9090909090909091,160
16,0.7142857142857143,180
16,0.7142857142857143,166
16,0.9090909090909091,165
16,1,171
16,0.9090909090909091,162
16,0.9090909090909091,175
16,0.7142857142857143,164
16,0.7692307692307693,166
16,0.9090909090909091,171
16,0.6666666666666666,157
16,0.9090909090909091,170
16,1,165
16,0.9090909090909091,165
16,1,158
16,0.9090909090909091,165
16,0.7142857142857143,163
16,0.5263157894736842,164
16,0.8333333333333334,170
16,0.9090909090909091,162
16,0.6666666666666666,171
16,0.625,166
16,0.9090909090909091,169
16,0.9090909090909091,172
16,0.9090909090909091,167
16,0.9090909090909091,161
16,0.7692307692307693,166
16,0.7692307692307693,159
16,0.7692307692307693,157
16,0.7692307692307693,172
16,0.9090909090909091,169
16,0.9090909090909091,169
16,1,168
16,0.7142857142857143,154
16,0.6666666666666666,168
16,0.7692307692307693,160
16,0.9090909090909091,161
16,0.9090909090909091,168
16,0.8333333333333334,154
16,0.7692307692307693,173
16,0.8333333333333334,169
16,1,159
16,0.5882352941176471,160
16,1,157
16,0.8333333333333334,161
16,0.7692307692307693,171
16,0.7692307692307693,166
16,0.8333333333333334,161
16,0.7692307692307693,170
16,0.8333333333333334,167
16,0.7692307692307693,178
16,1,160
16,0.9090909090909091,160
16,0.9090909090909091,158
16,0.8333333333333334,163
16,1,174
16,0.9090909090909091,171
16,0.8333333333333334,162
16,0.9090909090909091,164
16,0.8333333333333334,159
16,1,163
16,0.7692307692307693,179
16,1,164
16,0.7692307692307693,174
16,1,165
16,0.8333333333333334,170
16,0.7692307692307693,162
16,0.9090909090909091,162
16,0.7692307692307693,165
16,0.8333333333333334,172
16,1,159
16,0.8333333333333334,162
16,1,154
16,0.9090909090909091,168
16,0.9090909090909091,167
16,0.8333333333333334,170
16,0.9090909090909091,159
16,1,168
16,0.7142857142857143,167
16,0.9090909090909091,165
16,1,170
16,0.9090909090909091,162
16,0.8333333333333334,166
16,0.9090909090909091,159
16,0.9090909090909091,164
16,0.7142857142857143,164
16,0.9090909090909091,168
16,0.9090909090909091,175
16,0.8333333333333334,169
16,0.7692307692307693,174
16,1,169
16,1,162
16,1,170
16,0.9090909090909091,166
16,0.7692307692307693,167
16,1,168
16,0.7692307692307693,162
16,0.9090909090909091,163
16,0.8333333333333334,162
16,0.9090909090909091,167
16,0.8333333333333334,165
16,0.7142857142857143,164
16,0.7692307692307693,159
16,0.7142857142857143,165
16,0.9090909090909091,172
16,1,169
16,1,160
16,0.9090909090909091,173
16,0.9090909090909091,166
16,0.7692307692307693,165
16,1,161
16,0.6666666666666666,168
16,1,167
16,0.7692307692307693,167
16,0.8333333333333334,167
16,0.9090909090909091,164
16,1,161
16,1,162
16,1,162
16,0.9090909090909091,169
16,1,175
16,0.8333333333333334,164
16,1,171
16,0.9090909090909091,168
16,0.9090909090909091,158
16,0.9090909090909091,157
16,0.8333333333333334,166
16,0.9090909090909091,164
16,0.8333333333333334,174
16,0.9090909090909091,159
16,0.8333333333333334,154
16,0.7692307692307693,155
16,0.9090909090909091,166
16,0.7692307692307693,167
16,0.7692307692307693,157
16,0.7142857142857143,158
16,0.7692307692307693,168
16,0.7692307692307693,173
16,0.7692307692307693,164
16,1,170
16,0.9090909090909091,170
16,1,159
16,0.9090909090909091,162
16,0.9090909090909091,163
16,1,166
16,1,168
16,0.9090909090909091,159
16,0.6666666666666666,170
16,0.7142857142857143,161
16,1,159
16,0.9090909090909091,161
16,0.8333333333333334,177
16,1,165
16,1,174
16,0.9090909090909091,158
16,0.7692307692307693,162
16,0.7692307692307693,158
16,0.7692307692307693,165
16,1,165
16,0.9090909090909091,167
16,0.8333333333333334,166
16,0.8333333333333334,163
16,0.8333333333333334,160
16,1,170
16,0.8333333333333334,163
16,0.8333333333333334,172
16,0.5882352941176471,168
16,0.9090909090909091,159
16,0.7142857142857143,162
16,0.8333333333333334,165
16,0.7692307692307693,186
16,0.9090909090909091,166
16,1,160
16,0.9090909090909091,168
16,1,171
16,0.8333333333333334,171
16,0.9090909090909091,168
16,0.7692307692307693,162
16,0.7692307692307693,168
16,0.8333333333333334,164
16,1,173
16,0.8333333333333334,157
16,0.7142857142857143,156
16,0.7692307692307693,161
16,0.8333333333333334,166
16,0.9090909090909091,162
16,0.7692307692307693,163
16,0.8333333333333334,161
16,0.7692307692307693,166
16,0.6666666666666666,165
16,0.9090909090909091,175
16,0.9090909090909091,167
16,0.9090909090909091,170
16,0.9090909090909091,162
16,0.7692307692307693,172
16,1,164
16,0.8333333333333334,167
16,0.9090909090909091,155
16,0.9090909090909091,169
16,0.8333333333333334,162
16,0.9090909090909091,169
16,0.625,172
16,0.8333333333333334,170
16,0.8333333333333334,163
16,0.9090909090909091,163
16,0.9090909090909091,168
16,0.9090909090909091,170
16,0.7692307692307693,170
16,0.8333333333333334,174
16,1,169
16,0.9090909090909091,161
16,1,174
16,0.7692307692307693,173
16,0.9090909090909091,171
16,0.8333333333333334,171
16,0.9090909090909091,168
16,0.9090909090909091,167
16,0.8333333333333334,161
16,1,168
16,0.9090909090909091,169
16,0.7142857142857143,160
16,0.8333333333333334,166
16,0.8333333333333334,164
16,1,166
16,0.7692307692307693,166
16,0.8333333333333334,169
16,0.9090909090909091,163
16,0.9090909090909091,162
16,0.7692307692307693,155
16,0.8333333333333334,164
16,0.8333333333333334,165
16,0.7692307692307693,174
16,1,157
16,0.9090909090909091,154
16,0.8333333333333334,159
16,1,166
16,0.7692307692307693,158
16,0.7692307692307693,160
16,1,164
16,0.7692307692307693,171
16,0.9090909090909091,168
16,0.9090909090909091,168
16,1,171
16,0.8333333333333334,162
16,0.9090909090909091,166
16,1,164
16,0.9090909090909091,162
16,0.7692307692307693,172
16,0.9090909090909091,161
16,0.9090909090909091,155
16,1,169
16,0.9090909090909091,163
16,0.9090909090909091,169
16,0.7692307692307693,163
16,0.8333333333333334,166
16,0.8333333333333334,169
16,0.7692307692307693,160
16,1,164
16,0.8333333333333334,164
16,0.9090909090909091,173
16,0.8333333333333334,163
16,0.8333333333333334,167
16,0.8333333333333334,166
16,0.6666666666666666,164
16,0.8333333333333334,165
16,0.8333333333333334,160
16,1,164
16,1,166
16,0.8333333333333334,170
16,0.7142857142857143,166
16,0.8333333333333334,170
16,1,167
16,0.6666666666666666,157
16,0.8333333333333334,167
16,1,165
16,1,163
16,0.9090909090909091,154
16,0.9090909090909091,165
16,0.7142857142857143,173
16,1,156
16,1,166
16,1,165
16,0.9090909090909091,163
16,1,165
16,0.7692307692307693,160
16,0.8333333333333334,161
16,0.8333333333333334,161
16,0.7692307692307693,164
16,1,161
16,1,168
16,0.8333333333333334,159
16,0.9090909090909091,164
16,0.6666666666666666,158
16,0.8333333333333334,169
16,0.8333333333333334,160
16,0.8333333333333334,160
16,0.9090909090909091,169
16,1,163
16,0.6666666666666666,157
16,0.7692307692307693,168
16,0.7692307692307693,166
16,0.9090909090909091,161
16,0.7142857142857143,164
16,0.8333333333333334,162
16,0.7692307692307693,166
16,0.9090909090909091,166
16,0.9090909090909091,163
16,0.9090909090909091,159
16,0.9090909090909091,166
16,0.7692307692307693,176
16,0.7692307692307693,160
16,0.8333333333333334,167
16,0.8333333333333334,168
16,0.9090909090909091,160
16,0.9090909090909091,166
16,0.7692307692307693,157
16,0.625,169
16,1,167
16,0.7692307692307693,168
16,1,169
16,0.625,167
16,0.9090909090909091,165
16,0.6666666666666666,176
16,0.8333333333333334,168
16,0.9090909090909091,179
16,0.9090909090909091,158
16,0.9090909090909091,165
16,0.9090909090909091,161
16,0.7142857142857143,166
16,1,173
16,0.9090909090909091,166
16,0.9090909090909091,186
16,0.9090909090909091,163
16,0.8333333333333334,171
16,1,166
16,0.6666666666666666,168
16,1,174
16,0.8333333333333334,166
16,0.6666666666666666,165
16,0.7692307692307693,161
16,1,169
16,0.9090909090909091,168
16,0.8333333333333334,158
16,1,156
16,0.8333333333333334,175
16,0.7142857142857143,160
16,0.7142857142857143,171
16,0.7692307692307693,157
16,0.8333333333333334,169
16,0.7142857142857143,174
16,0.8333333333333334,167
16,0.8333333333333334,160
16,1,164
16,0.8333333333333334,163
16,0.8333333333333334,167
16,1,162
16,0.8333333333333334,160
16,0.9090909090909091,165
16,0.9090909090909091,168
16,1,160
16,0.7692307692307693,166
16,0.8333333333333334,164
16,0.8333333333333334,160
16,0.8333333333333334,168
16,0.8333333333333334,163
16,0.5555555555555556,159
16,0.9090909090909091,168
16,0.8333333333333334,166
16,0.8333333333333334,169
16,0.7692307692307693,164
16,0.9090909090909091,169
16,0.9090909090909091,169
16,0.9090909090909091,166
16,0.9090909090909091,167
16,1,160
16,0.8333333333333334,168
16,0.8333333333333334,163
16,0.8333333333333334,162
16,0.9090909090909091,168
16,0.9090909090909091,164
16,0.9090909090909091,173
16,0.7692307692307693,165
16,0.8333333333333334,160
16,0.8333333333333334,163
16,0.9090909090909091,162
16,0.7692307692307693,163
16,0.7142857142857143,168
16,0.8333333333333334,160
16,0.9090909090909091,166
16,0.9090909090909091,168
16,0.7692307692307693,160
16,0.7142857142857143,173
16,0.8333333333333334,170
16,0.9090909090909091,156
16,0.9090909090909091,160
16,0.9090909090909091,166
16,0.9090909090909091,154
16,0.7142857142857143,161
16,0.7692307692307693,166
16,0.625,164
16,0.9090909090909091,174
16,1,163
16,0.6666666666666666,162
16,0.8333333333333334,167
16,0.7142857142857143,161
16,0.9090909090909091,170
16,0.8333333333333334,158
16,0.7692307692307693,159
16,1,157
16,0.9090909090909091,169
16,0.7692307692307693,170
16,0.9090909090909091,163
16,1,158
16,0.7692307692307693,155
16,0.7142857142857143,161
16,0.8333333333333334,167
16,0.8333333333333334,164
16,0.9090909090909091,159
16,0.6666666666666666,164
16,1,163
16,0.9090909090909091,161
16,0.9090909090909091,164
16,1,163
16,0.9090909090909091,159
16,0.7692307692307693,158
16,0.9090909090909091,165
16,0.8333333333333334,164
16,0.8333333333333334,162
16,0.9090909090909091,176
16,0.8333333333333334,167
16,0.6666666666666666,160
16,0.8333333333333334,177
16,0.9090909090909091,160
16,0.9090909090909091,171
16,0.9090909090909091,178
16,1,169
16,0.9090909090909091,165
16,0.8333333333333334,166
16,0.6666666666666666,169
16,1,158
16,0.8333333333333334,155
16,0.9090909090909091,165
16,0.9090909090909091,168
16,0.8333333333333334,158
16,0.8333333333333334,166
16,0.8333333333333334,168
16,0.9090909090909091,167
16,0.7692307692307693,158
16,0.9090909090909091,164
16,0.8333333333333334,170
16,1,166
16,0.7692307692307693,167
16,0.6666666666666666,169
16,0.6666666666666666,166
16,0.9090909090909091,178
16,1,168
16,0.9090909090909091,167
16,0.5882352941176471,172
16,0.7692307692307693,169
16,0.8333333333333334,168
16,0.9090909090909091,165
16,1,159
16,0.8333333333333334,162
16,0.9090909090909091,160
16,0.8333333333333334,170
16,0.8333333333333334,162
16,0.9090909090909091,171
16,0.8333333333333334,170
16,1,167
16,0.8333333333333334,169
16,0.8333333333333334,173
16,0.8333333333333334,166
16,0.9090909090909091,169
16,1,163
16,0.7142857142857143,160
16,0.9090909090909091,173
16,0.7692307692307693,164
16,0.7142857142857143,163
16,0.7142857142857143,165
16,0.9090909090909091,165
16,0.7692307692307693,172
16,0.9090909090909091,166
16,1,151
16,0.6666666666666666,165
16,1,162
16,0.6666666666666666,173
16,1,168
16,0.7692307692307693,158
16,1,160
16,0.9090909090909091,161
16,0.9090909090909091,156
16,1,164
16,0.9090909090909091,166
16,0.8333333333333334,165
16,0.9090909090909091,166
16,0.7142857142857143,163
16,0.9090909090909091,177
16,0.9090909090909091,171
16,0.7142857142857143,165
16,0.5882352941176471,167
16,0.7142857142857143,169
16,0.8333333333333334,162
16,0.9090909090909091,172
16,0.9090909090909091,176
16,0.9090909090909091,169
16,1,166
16,0.7692307692307693,166
16,1,174
16,0.7692307692307693,160
16,1,167
16,0.7692307692307693,160
16,1,169
16,1,167
16,0.9090909090909091,170
16,1,170
16,0.6666666666666666,165
16,1,171
16,0.7692307692307693,169
16,0.9090909090909091,166
16,0.8333333333333334,167
16,0.9090909090909091,160
16,0.6666666666666666,180
16,0.9090909090909091,166
16,1,178
16,0.6666666666666666,165
16,0.7692307692307693,162
16,0.7692307692307693,158
16,0.7692307692307693,167
16,0.6666666666666666,162
16,1,156
16,1,173
16,0.9090909090909091,163
16,0.9090909090909091,160
16,0.9090909090909091,173
16,0.8333333333333334,163
16,0.9090909090909091,159
16,1,162
16,1,173
16,0.9090909090909091,168
16,0.6666666666666666,155
16,0.9090909090909091,171
16,0.8333333333333334,164
16,0.8333333333333334,162
16,1,168
16,0.8333333333333334,172
16,1,158
16,0.9090909090909091,159
16,0.9090909090909091,167
16,0.7692307692307693,158
16,1,170
16,0.7692307692307693,174
16,1,165
16,0.7692307692307693,164
16,1,171
16,1,161
16,0.8333333333333334,156
16,0.8333333333333334,166
16,1,162
16,0.9090909090909091,170
16,1,174
16,0.9090909090909091,179
16,0.9090909090909091,170
16,0.8333333333333334,159
16,0.7142857142857143,186
16,0.9090909090909091,163
16,0.8333333333333334,164
16,0.9090909090909091,157
16,1,160
16,0.8333333333333334,164
16,0.8333333333333334,174
16,0.9090909090909091,162
16,0.9090909090909091,163
16,0.7142857142857143,166
16,0.8333333333333334,165
16,0.7142857142857143,173
16,0.7692307692307693,169
16,0.7692307692307693,166
16,0.7692307692307693,173
16,0.8333333333333334,160
16,1,169
16,0.8333333333333334,162
16,0.7142857142857143,157
16,0.9090909090909091,168
16,1,165
16,0.8333333333333334,166
16,0.8333333333333334,171
16,1,155
16,0.7142857142857143,167
16,0.8333333333333334,164
16,0.9090909090909091,162
16,0.8333333333333334,163
16,0.7692307692307693,165
16,0.8333333333333334,168
16,0.9090909090909091,166
16,1,166
16,1,160
16,0.9090909090909091,168
16,0.7142857142857143,172
16,1,158
16,0.9090909090909091,163
16,0.8333333333333334,171
16,1,176
16,0.8333333333333334,165
16,0.9090909090909091,159
16,0.7692307692307693,168
16,0.625,164
16,1,159
16,0.6666666666666666,157
16,0.8333333333333334,171
16,1,162
16,0.9090909090909091,164
16,0.8333333333333334,161
16,0.9090909090909091,163
16,0.9090909090909091,170
16,0.9090909090909091,168
16,0.9090909090909091,169
16,0.9090909090909091,159
16,0.9090909090909091,156
16,0.9090909090909091,159
16,0.9090909090909091,162
16,0.9090909090909091,165
16,0.8333333333333334,158
16,0.9090909090909091,170
16,0.8333333333333334,161
16,1,167
16,0.9090909090909091,168
16,0.7142857142857143,166
16,0.9090909090909091,172
16,0.9090909090909091,156
16,0.9090909090909091,164
16,0.7692307692307693,164
16,0.9090909090909091,174
16,0.9090909090909091,168
16,0.7142857142857143,168
16,0.9090909090909091,163
16,1,175
16,0.7692307692307693,163
16,0.625,166
16,0.8333333333333334,163
16,0.8333333333333334,165
16,0.9090909090909091,169
16,0.625,164
16,0.8333333333333334,174
16,1,167
16,0.8333333333333334,166
16,0.9090909090909091,157
16,0.8333333333333334,170
16,1,162
16,1,164
16,0.7142857142857143,169
16,0.8333333333333334,161
16,0.7692307692307693,170
16,1,161
16,0.8333333333333334,170
16,0.9090909090909091,159
16,0.9090909090909091,170
16,0.8333333333333334,169
16,0.8333333333333334,158
16,0.8333333333333334,160
16,0.7692307692307693,168
16,1,165
16,0.9090909090909091,161
16,0.9090909090909091,161
16,0.8333333333333334,158
16,0.9090909090909091,161
16,0.8333333333333334,172
16,0.9090909090909091,157
16,0.8333333333333334,173
16,0.8333333333333334,160
16,0.7692307692307693,166
16,0.8333333333333334,166
16,0.8333333333333334,159
16,0.7692307692307693,169
16,0.8333333333333334,164
16,0.9090909090909091,164
16,0.8333333333333334,166
16,1,164
16,0.9090909090909091,167
16,0.8333333333333334,167
16,0.9090909090909091,166
16,0.625,171
16,0.8333333333333334,160
16,0.8333333333333334,170
16,0.8333333333333334,168
16,0.9090909090909091,162
16,0.7142857142857143,163
16,0.9090909090909091,164
16,0.9090909090909091,170
16,0.9090909090909091,163
16,0.7692307692307693,166
16,0.9090909090909091,157
16,0.9090909090909091,167
16,1,173
16,0.9090909090909091,170
16,0.9090909090909091,158
16,1,166
16,0.7692307692307693,162
16,0.8333333333333334,166
16,0.6666666666666666,162
16,0.6666666666666666,164
16,0.8333333333333334,158
16,0.625,170
16,0.9090909090909091,159
16,0.7142857142857143,160
16,0.9090909090909091,168
16,0.8333333333333334,161
16,0.9090909090909091,173
16,0.6666666666666666,169
16,0.9090909090909091,160
16,0.9090909090909091,164
16,0.7692307692307693,172
16,0.8333333333333334,176
16,0.7142857142857143,160
16,0.9090909090909091,166
16,0.7692307692307693,165
16,1,162
16,0.7692307692307693,175
16,0.625,166
16,0.8333333333333334,173
16,0.8333333333333334,172
16,0.8333333333333334,162
16,0.9090909090909091,158
16,0.9090909090909091,162
16,0.8333333333333334,154
16,1,157
16,1,162
16,0.8333333333333334,167
16,1,168
16,0.8333333333333334,159
16,0.8333333333333334,158
16,0.8333333333333334,162
16,0.9090909090909091,160
16,0.9090909090909091,165
16,0.5882352941176471,163
16,0.6666666666666666,166
16,0.7142857142857143,172
16,0.9090909090909091,159
16,1,164
16,0.7692307692307693,163
16,0.7692307692307693,157
16,0.9090909090909091,167
16,0.8333333333333334,160
16,1,162
16,0.8333333333333334,161
16,0.9090909090909091,166
16,0.9090909090909091,165
16,1,164
16,0.8333333333333334,164
16,0.8333333333333334,160
16,0.8333333333333334,175
16,1,162
16,0.9090909090909091,161
16,0.7692307692307693,165
16,0.7142857142857143,163
16,0.7692307692307693,170
16,1,165
16,1,162
16,0.9090909090909091,161
16,0.8333333333333334,175
16,0.7692307692307693,164
16,0.7142857142857143,178
16,0.9090909090909091,162
16,0.8333333333333334,164
16,0.6666666666666666,160
16,0.7142857142857143,166
16,0.9090909090909091,184
16,1,168
16,0.7692307692307693,168
16,0.9090909090909091,177
16,0.7142857142857143,162
16,0.8333333333333334,174
16,0.8333333333333334,168
16,0.9090909090909091,165
16,0.7142857142857143,161
16,0.9090909090909091,166
16,0.9090909090909091,162
16,0.8333333333333334,160
16,1,155
16,1,167
16,0.7142857142857143,169
16,1,170
16,0.6666666666666666,166
16,0.7692307692307693,162
16,0.9090909090909091,164
16,1,161
16,0.6666666666666666,163
16,0.7692307692307693,168
16,0.9090909090909091,167
16,0.7692307692307693,168
16,0.7692307692307693,160
16,0.7692307692307693,165
16,0.9090909090909091,162
16,0.9090909090909091,169
16,0.9090909090909091,158
16,0.9090909090909091,161
16,1,164
16,0.7692307692307693,165
16,0.8333333333333334,163
16,0.9090909090909091,167
16,0.7692307692307693,163
16,1,167
16,0.625,173
16,0.7692307692307693,163
16,0.8333333333333334,175
16,0.9090909090909091,162
16,1,157
16,0.9090909090909091,157
16,1,163
16,1,168
16,1,163
16,0.8333333333333334,165
16,0.7692307692307693,165
16,0.7692307692307693,170
16,0.8333333333333334,160
16,0.7142857142857143,159
16,0.8333333333333334,162
16,0.9090909090909091,169
16,0.7142857142857143,160
16,0.9090909090909091,166
16,0.9090909090909091,166
16,1,164
16,0.7142857142857143,165
16,0.9090909090909091,163
16,0.7692307692307693,164
16,0.9090909090909091,174
16,0.8333333333333334,168
16,0.7142857142857143,169
16,1,166
16,0.8333333333333334,162
16,0.8333333333333334,174
16,1,166
16,0.9090909090909091,164
16,0.8333333333333334,162
16,0.8333333333333334,165
16,0.6666666666666666,166
16,0.9090909090909091,168
16,0.9090909090909091,168
16,0.8333333333333334,166
16,0.9090909090909091,160
16,1,172
16,0.7692307692307693,163
16,0.8333333333333334,174
16,0.8333333333333334,175
16,0.9090909090909091,164
16,0.9090909090909091,169
16,0.9090909090909091,165
16,0.9090909090909091,165
16,1,169
16,0.7692307692307693,157
16,0.9090909090909091,169
16,0.9090909090909091,170
16,0.6666666666666666,173
16,1,157
16,0.8333333333333334,168
16,0.7692307692307693,165
16,0.9090909090909091,167
16,1,161
16,0.8333333333333334,170
16,1,163
16,1,166
16,0.8333333333333334,166
16,0.8333333333333334,160
16,0.7692307692307693,161
16,1,165
16,0.8333333333333334,159
16,0.9090909090909091,166
16,0.9090909090909091,168
16,0.8333333333333334,159
16,1,167
16,1,159
16,0.6666666666666666,158
16,0.8333333333333334,166
16,0.7142857142857143,157
16,0.7142857142857143,156
16,0.9090909090909091,160
16,1,161
16,1,161
16,0.8333333333333334,168
16,1,161
16,0.8333333333333334,169
16,0.9090909090909091,159
16,0.7692307692307693,170
16,0.7142857142857143,167
16,0.8333333333333334,164
16,0.8333333333333334,161
16,0.7692307692307693,169
16,0.9090909090909091,161
16,0.9090909090909091,169
16,0.9090909090909091,156
16,0.9090909090909091,163
16,1,161
16,0.7692307692307693,154
16,1,172
16,0.7692307692307693,164
16,0.9090909090909091,162
16,0.9090909090909091,166
16,0.7142857142857143,166
16,1,167
16,0.8333333333333334,163
16,0.7692307692307693,169
16,1,168
16,1,160
16,1,161
16,0.7692307692307693,165
16,0.7692307692307693,165
16,0.6666666666666666,178
16,0.9090909090909091,164
16,1,169
16,0.9090909090909091,169
16,1,161
16,0.7692307692307693,168
16,0.8333333333333334,161
16,0.9090909090909091,169
16,0.9090909090909091,167
16,0.7142857142857143,163
16,0.7142857142857143,172
16,0.6666666666666666,162
16,1,176
16,0.8333333333333334,167
16,0.8333333333333334,158
16,0.7142857142857143,170
16,0.9090909090909091,159
16,0.8333333333333334,167
16,0.7692307692307693,164
16,1,169
16,0.8333333333333334,164
16,1,169
16,0.8333333333333334,167
16,0.8333333333333334,170
16,0.9090909090909091,158
16,0.9090909090909091,166
16,0.7692307692307693,165
16,0.9090909090909091,177
16,0.7692307692307693,161
16,1,169
16,0.7692307692307693,163
16,1,159
16,0.9090909090909091,173
16,0.8333333333333334,168
16,0.8333333333333334,158
16,0.8333333333333334,166
16,0.8333333333333334,168
16,0.8333333333333334,168
16,0.9090909090909091,160
16,1,158
16,1,167
16,0.7142857142857143,169
16,0.9090909090909091,161
16,0.8333333333333334,168
16,0.9090909090909091,167
16,0.8333333333333334,158
16,1,167
16,0.9090909090909091,166
16,0.9090909090909091,157
16,0.8333333333333334,176
16,0.9090909090909091,165
16,1,165
16,0.9090909090909091,170
16,0.8333333333333334,176
16,0.8333333333333334,163
16,0.9090909090909091,162
16,1,157
16,0.8333333333333334,170
16,1,158
16,0.7142857142857143,162
16,0.7692307692307693,166
16,1,167
16,0.9090909090909091,162
16,0.8333333333333334,173
16,1,167
16,0.9090909090909091,157
16,0.9090909090909091,170
16,1,166
16,0.8333333333333334,165
16,0.9090909090909091,163
16,0.7692307692307693,168
16,0.7692307692307693,166
16,0.7692307692307693,163
16,0.9090909090909091,166
16,0.9090909090909091,159
16,0.8333333333333334,162
16,1,161
16,0.7692307692307693,168
16,0.9090909090909091,163
16,0.7142857142857143,163
16,0.6666666666666666,163
16,0.9090909090909091,160
16,0.7142857142857143,164
16,0.9090909090909091,161
16,0.7142857142857143,165
16,0.8333333333333334,167
16,0.9090909090909091,168
16,1,158
16,0.8333333333333334,171
16,1,165
16,0.9090909090909091,165
16,1,169
16,0.7692307692307693,163
16,0.7142857142857143,164
16,0.7692307692307693,163
16,0.9090909090909091,163
16,0.6666666666666666,158
16,0.7692307692307693,169
16,0.6666666666666666,160
16,0.8333333333333334,176
16,0.9090909090909091,162
16,0.9090909090909091,157
16,1,167
16,0.9090909090909091,173
16,0.8333333333333334,162
16,0.8333333333333334,166
16,0.9090909090909091,166
16,0.9090909090909091,172
16,1,168
16,0.8333333333333334,171
16,0.7692307692307693,169
16,0.9090909090909091,162
16,0.7142857142857143,163
16,0.9090909090909091,162
16,0.8333333333333334,164
16,0.6666666666666666,163
16,0.8333333333333334,166
16,0.8333333333333334,162
16,0.7692307692307693,170
16,0.8333333333333334,163
16,0.9090909090909091,162
16,1,162
16,0.8333333333333334,155
16,0.8333333333333334,169
16,1,161
16,0.9090909090909091,157
16,0.8333333333333334,162
16,0.7142857142857143,164
16,1,165
16,0.8333333333333334,164
16,1,156
16,0.9090909090909091,161
16,1,166
16,1,157
16,0.8333333333333334,167
16,0.8333333333333334,166
16,0.7692307692307693,169
16,0.7692307692307693,161
16,0.7692307692307693,166
16,1,170
16,0.9090909090909091,164
16,1,176
16,0.8333333333333334,172
16,0.8333333333333334,171
16,0.8333333333333334,167
16,0.8333333333333334,162
16,0.7142857142857143,168
16,0.8333333333333334,170
16,0.5263157894736842,168
16,0.7692307692307693,154
16,0.9090909090909091,164
16,1,163
16,1,160
16,1,169
16,0.8333333333333334,163
16,0.9090909090909091,167
16,0.9090909090909091,156
16,0.8333333333333334,167
16,0.7692307692307693,162
16,0.9090909090909091,176
16,0.9090909090909091,161
16,1,161
16,0.9090909090909091,162
16,0.9090909090909091,160
16,0.6666666666666666,174
16,0.8333333333333334,167
16,1,160
16,0.7692307692307693,172
16,0.8333333333333334,167
16,0.8333333333333334,162
16,0.7142857142857143,162
16,0.9090909090909091,171
16,0.9090909090909091,170
16,1,170
16,0.8333333333333334,174
16,0.8333333333333334,162
16,0.7692307692307693,157
16,0.7142857142857143,172
16,0.9090909090909091,174
16,0.9090909090909091,162
16,0.7692307692307693,172
16,0.9090909090909091,165
16,0.9090909090909091,168
16,0.8333333333333334,165
16,1,170
16,0.7692307692307693,174
16,0.7692307692307693,160
16,0.9090909090909091,171
16,0.8333333333333334,164
16,1,170
16,0.9090909090909091,173
16,0.9090909090909091,175
16,1,170
16,0.7692307692307693,163
16,0.6666666666666666,173
16,0.7142857142857143,169
16,0.7142857142857143,163
16,0.7142857142857143,166
16,0.8333333333333334,166
16,1,172
16,0.6666666666666666,164
16,0.9090909090909091,169
16,0.9090909090909091,159
16,0.8333333333333334,161
16,1,156
16,0.8333333333333334,166
16,0.7692307692307693,165
16,0.9090909090909091,165
16,0.8333333333333334,165
16,0.9090909090909091,166
16,1,159
16,0.8333333333333334,167
16,1,165
16,0.8333333333333334,167
16,0.9090909090909091,163
16,1,169
16,0.9090909090909091,170
16,0.7692307692307693,161
16,0.8333333333333334,166
16,1,161
16,0.8333333333333334,166
16,0.9090909090909091,166
16,0.9090909090909091,164
16,0.9090909090909091,173
16,1,165
16,1,165
16,0.8333333333333334,162
16,1,158
16,0.8333333333333334,158
16,0.9090909090909091,160
16,0.9090909090909091,162
16,0.9090909090909091,165
16,0.9090909090909091,169
16,0.6666666666666666,164
16,0.5882352941176471,165
16,1,159
16,0.8333333333333334,164
16,0.9090909090909091,165
16,0.9090909090909091,161
16,0.8333333333333334,163
16,0.8333333333333334,155
16,0.9090909090909091,165
16,0.8333333333333334,162
16,0.7692307692307693,159
16,0.8333333333333334,159
16,0.7142857142857143,166
16,0.8333333333333334,166
16,0.7692307692307693,161
16,0.6666666666666666,159
16,0.7142857142857143,163
16,0.9090909090909091,164
16,0.6666666666666666,169
16,0.9090909090909091,167
16,0.8333333333333334,161
16,0.8333333333333334,161
16,0.7692307692307693,171
16,0.5882352941176471,162
16,0.7142857142857143,164
16,0.9090909090909091,164
16,0.6666666666666666,168
16,0.9090909090909091,163
16,0.8333333333333334,164
16,0.9090909090909091,157
16,0.8333333333333334,163
16,0.9090909090909091,161
16,0.7692307692307693,168
16,0.8333333333333334,176
16,0.8333333333333334,165
16,0.7142857142857143,170
16,0.7692307692307693,167
16,0.6666666666666666,160
16,0.9090909090909091,168
16,0.9090909090909091,175
16,0.8333333333333334,172
16,1,166
16,0.7692307692307693,171
16,0.7142857142857143,175
16,0.9090909090909091,167
16,0.9090909090909091,167
16,0.6666666666666666,166
16,0.9090909090909091,164
16,0.9090909090909091,161
16,0.8333333333333334,174
16,0.7692307692307693,166
16,0.9090909090909091,159
16,1,164
16,0.7692307692307693,164
16,0.9090909090909091,167
16,0.9090909090909091,169
16,0.9090909090909091,169
16,0.9090909090909091,161
16,0.8333333333333334,163
16,0.9090909090909091,163
16,0.9090909090909091,160
16,0.9090909090909091,165
16,1,163
16,1,176
16,1,172
16,0.8333333333333334,169
16,0.9090909090909091,158
16,0.9090909090909091,166
16,0.9090909090909091,177
16,0.8333333333333334,163
16,0.8333333333333334,165
16,0.8333333333333334,159
16,0.9090909090909091,173
16,0.7692307692307693,168
16,1,157
16,0.9090909090909091,162
16,0.9090909090909091,163
16,0.7692307692307693,158
16,1,165
16,0.7692307692307693,165
16,0.7692307692307693,160
16,0.6666666666666666,163
16,1,165
16,0.8333333333333334,162
16,0.9090909090909091,164
16,0.8333333333333334,171
16,0.8333333333333334,170
16,0.8333333333333334,164
16,0.7692307692307693,171
16,1,171
16,0.9090909090909091,163
16,0.9090909090909091,173
16,0.9090909090909091,160
16,0.8333333333333334,170
16,1,175
16,0.7692307692307693,170
16,1,170
16,0.8333333333333334,168
16,0.8333333333333334,168
16,0.9090909090909091,163
16,0.9090909090909091,161
16,0.7142857142857143,168
16,0.8333333333333334,170
16,0.9090909090909091,163
16,0.8333333333333334,166
16,0.8333333333333334,164
16,0.9090909090909091,164
16,0.5555555555555556,164
16,0.8333333333333334,166
16,0.7142857142857143,154
16,0.8333333333333334,164
16,1,158
