8,0.5263157894736842,154
8,0.43478260869565216,195
8,0.4,135
8,0.47619047619047616,178
8,0.006313131313131313,152
8,0.013245033112582781,165
8,0.5,162
8,0.5555555555555556,158
8,0.005025125628140704,177
8,0.5263157894736842,152
8,0.5263157894736842,200
8,0.008319467554076539,175
8,0.0059136605558840925,148
8,0.2222222222222222,144
8,0.008818342151675485,151
8,0.015337423312883436,165
8,0.010822510822510822,195
8,0.5555555555555556,179
8,0.2564102564102564,155
8,0.18181818181818182,145
8,0.7142857142857143,145
8,0.6666666666666666,162
8,0.004916420845624385,174
8,0.0059136605558840925,154
8,0.0060901339829476245,174
8,0.004302925989672977,153
8,0.7692307692307693,144
8,0.004866180048661801,157
8,0.7142857142857143,186
8,0.5555555555555556,169
8,0.0052328623757195184,161
8,0.25,155
8,0.01845018450184502,140
8,0.019083969465648856,166
8,0.008865248226950355,167
8,0.10989010989010989,147
8,0.9090909090909091,157
8,0.625,149
8,0.00725689404934688,154
8,0.007267441860465116,166
8,0.034013605442176874,175
8,0.4166666666666667,156
8,0.5,167
8,0.47619047619047616,177
8,0.023474178403755867,134
8,0.008920606601248885,173
8,0.9090909090909091,153
8,0.5882352941176471,160
8,0.2702702702702703,148
8,0.7692307692307693,155
8,0.47619047619047616,152
8,0.4166666666666667,175
8,0.21739130434782608,179
8,0.3125,168
8,0.37037037037037035,148
8,0.2564102564102564,145
8,0.7142857142857143,156
8,0.3448275862068966,159
8,0.009643201542912247,176
8,0.11235955056179775,157
8,0.004764173415912339,148
8,0.006195786864931847,133
8,0.025510204081632654,130
9,0.5555555555555556,198
8,0.0058823529411764705,167
8,0.003966679888932963,168
8,0.0072306579898770785,159
8,0.4166666666666667,167
8,0.6666666666666666,177
8,0.012135922330097087,169
8,0.019801980198019802,160
8,0.0625,157
8,0.625,168
8,0.004173622704507512,157
8,0.01567398119122257,144
8,0.5555555555555556,175
8,0.05405405405405406,163
8,0.5882352941176471,169
8,0.004675081813931743,152
8,0.043859649122807015,129
8,0.4,159
8,0.008873114463176575,180
8,0.5882352941176471,171
8,0.0205761316872428,153
8,0.37037037037037035,173
8,0.004144218814753419,154
8,0.010752688172043012,167
8,0.008920606601248885,159
8,0.625,135
8,0.011428571428571429,169
8,0.07692307692307693,144
8,0.006489292667099286,163
8,0.20833333333333334,179
8,0.021052631578947368,150
8,0.5263157894736842,137
8,0.010526315789473684,138
8,0.005737234652897304,163
8,0.004297378599054577,172
8,0.0046816479400749065,142
8,0.35714285714285715,174
8,0.017543859649122806,174
8,0.004555808656036446,157
8,0.007401924500370096,189
8,0.6666666666666666,162
8,0.625,172
8,0.018050541516245487,173
8,0.010857763300760043,140
8,0.47619047619047616,159
8,0.3333333333333333,164
8,0.01297016861219196,180
8,0.5263157894736842,184
8,0.43478260869565216,164
8,0.007627765064836003,160
8,0.023529411764705882,150
8,0.8333333333333334,158
8,0.03484320557491289,151
8,0.5263157894736842,146
8,0.010256410256410256,124
8,0.007674597083653108,166
8,0.004945598417408506,156
8,0.7142857142857143,196
8,0.003913894324853229,148
8,0.011363636363636364,119
8,0.013679890560875513,158
8,0.005112474437627812,150
8,0.35714285714285715,126
8,0.4166666666666667,152
8,0.2777777777777778,150
8,0.43478260869565216,134
8,0.021505376344086023,163
8,0.004887585532746823,150
8,0.01620745542949757,154
8,0.004828585224529213,175
8,0.7692307692307693,173
8,0.5263157894736842,185
8,0.0037397157816005983,171
8,0.4,170
8,0.00816326530612245,163
8,0.012254901960784314,143
8,0.005500550055005501,153
8,0.008006405124099279,159
8,0.43478260869565216,142
8,0.010857763300760043,148
8,0.015822784810126583,181
8,0.47619047619047616,138
8,0.15384615384615385,128
8,0.005408328826392645,152
8,0.43478260869565216,186
8,0.5263157894736842,184
8,0.5882352941176471,141
8,0.005408328826392645,172
8,0.007621951219512195,157
8,0.45454545454545453,179
8,0.9090909090909091,160
8,0.02247191011235955,163
8,0.005162622612287042,184
8,0.5263157894736842,180
8,0.006105006105006105,153
8,0.007017543859649123,158
8,0.625,169
8,0.006165228113440197,154
8,0.29411764705882354,177
8,0.005717552887364208,160
8,0.5263157894736842,185
8,0.007656967840735069,168
8,0.008904719501335707,151
8,0.2564102564102564,193
8,0.6666666666666666,159
8,0.008532423208191127,159
8,0.005865102639296188,181
8,0.38461538461538464,168
8,0.005747126436781609,152
8,0.03597122302158273,142
8,0.45454545454545453,163
8,0.004789272030651341,169
8,0.006199628022318661,183
8,0.3333333333333333,154
8,0.7692307692307693,168
8,0.7142857142857143,184
8,0.5555555555555556,184
8,0.7142857142857143,153
8,0.004914004914004914,149
8,0.04310344827586207,148
8,0.013513513513513514,172
8,0.007168458781362007,130
8,0.007246376811594203,150
8,0.007955449482895784,170
8,0.4166666666666667,180
8,0.9090909090909091,171
8,0.43478260869565216,149
8,0.47619047619047616,171
8,0.43478260869565216,176
8,0.03184713375796178,157
8,0.008,153
8,0.009910802775024777,145
8,0.45454545454545453,153
8,0.6666666666666666,190
8,0.0071174377224199285,162
8,0.9090909090909091,155
8,0.008561643835616438,165
8,0.7692307692307693,136
8,0.015037593984962405,166
8,0.003910833007430583,153
8,0.625,174
9,0.013210039630118891,141
8,0.09174311926605505,162
8,0.6666666666666666,140
9,0.5,149
8,0.01278772378516624,159
8,0.4,158
8,0.25,140
8,0.02074688796680498,178
8,0.020366598778004074,142
8,0.38461538461538464,185
8,0.005302226935312832,145
8,0.01107419712070875,154
8,0.5882352941176471,159
8,0.5263157894736842,186
8,0.8333333333333334,188
8,0.20833333333333334,160
8,0.5555555555555556,146
8,0.006333122229259025,179
8,0.9090909090909091,178
8,0.007993605115907274,202
8,0.03875968992248062,131
8,0.010822510822510822,167
8,0.45454545454545453,159
8,0.00419639110365086,139
8,0.5263157894736842,180
8,0.6666666666666666,190
8,0.38461538461538464,172
8,0.3225806451612903,151
8,0.35714285714285715,146
8,0.06172839506172839,153
8,0.6666666666666666,152
8,0.5,190
8,0.07092198581560284,174
8,0.7692307692307693,172
8,0.0088339222614841,149
8,0.3225806451612903,166
8,0.38461538461538464,166
8,0.026525198938992044,138
8,0.07633587786259542,154
8,0.6666666666666666,155
8,0.3225806451612903,181
8,0.005027652086475616,165
8,0.013642564802182811,166
8,0.7692307692307693,160
8,0.8333333333333334,183
8,0.45454545454545453,195
8,0.012135922330097087,161
8,0.005417118093174431,152
8,0.005115089514066497,179
8,0.042735042735042736,139
8,0.6666666666666666,165
8,0.00792393026941363,156
8,0.9090909090909091,173
8,0.005252100840336135,157
8,0.0032414910858995136,157
8,0.625,169
8,0.014534883720930232,167
8,0.8333333333333334,155
8,0.010660980810234541,142
8,0.5882352941176471,172
8,0.43478260869565216,158
8,0.4166666666666667,174
8,0.19607843137254902,158
8,0.3448275862068966,177
8,0.3125,172
8,0.14285714285714285,183
8,0.006309148264984227,171
8,0.22727272727272727,151
8,0.0048449612403100775,157
8,0.0048449612403100775,186
8,0.38461538461538464,154
8,0.3333333333333333,146
8,0.06666666666666667,148
8,0.07407407407407407,157
8,0.5,148
8,0.24390243902439024,127
8,0.004791566842357451,136
8,0.14492753623188406,174
8,0.014947683109118086,161
8,0.7142857142857143,176
8,0.08849557522123894,140
8,0.005980861244019139,155
8,0.010615711252653927,156
8,0.3225806451612903,152
8,0.7142857142857143,166
8,0.005040322580645161,156
8,0.03289473684210526,148
8,0.019455252918287938,138
8,0.00408997955010225,164
8,0.125,152
8,0.3225806451612903,160
8,0.7142857142857143,168
8,0.45454545454545453,168
8,0.00552791597567717,169
8,0.3225806451612903,158
8,0.9090909090909091,174
8,0.02364066193853428,131
8,0.37037037037037035,130
8,0.4166666666666667,178
8,0.04405286343612335,152
8,0.5,168
8,0.3333333333333333,161
8,0.009242144177449169,179
8,0.19230769230769232,148
8,0.5555555555555556,157
8,0.07194244604316546,153
9,0.9090909090909091,167
8,0.4,132
8,0.03278688524590164,150
8,0.5263157894736842,165
8,0.008291873963515755,171
8,0.7142857142857143,148
8,0.5,162
8,0.0084530853761623,162
8,0.011111111111111112,124
8,0.08130081300813008,165
8,0.009337068160597572,139
8,0.7142857142857143,155
8,0.19230769230769232,159
8,0.5555555555555556,154
8,0.007818608287724784,164
8,0.005685048322910745,139
8,0.8333333333333334,178
8,0.6666666666666666,176
8,0.0060569351907934586,150
8,0.0029463759575721863,153
8,0.2631578947368421,148
8,0.5555555555555556,154
8,0.43478260869565216,168
8,0.2857142857142857,155
8,0.00285143997718848,166
8,0.45454545454545453,167
8,0.007874015748031496,194
8,0.005847953216374269,154
8,0.015384615384615385,154
8,0.00724112961622013,164
8,0.007980845969672785,137
8,0.7142857142857143,173
8,0.0186219739292365,166
8,0.14492753623188406,156
8,0.003619254433586681,132
8,0.8333333333333334,151
8,0.3225806451612903,170
8,0.005733944954128441,148
8,0.6666666666666666,154
8,0.007112375533428165,155
8,0.5882352941176471,192
8,0.006561679790026247,130
8,0.009852216748768473,142
8,0.625,207
8,0.7142857142857143,150
8,1,170
8,0.006596306068601583,169
8,0.5263157894736842,164
8,0.01017293997965412,145
8,0.8333333333333334,146
8,0.8333333333333334,174
8,0.00651890482398957,151
8,0.625,171
8,0.5263157894736842,165
8,0.625,160
8,0.009380863039399626,159
8,0.8333333333333334,158
8,0.5,142
8,0.5,177
8,0.01838235294117647,152
8,0.35714285714285715,173
8,0.7142857142857143,167
8,0.5555555555555556,187
8,0.07352941176470588,166
8,0.007331378299120235,169
8,0.45454545454545453,129
8,0.4166666666666667,146
8,0.013793103448275862,161
8,0.35714285714285715,150
8,0.0057273768613974796,159
8,0.0036603221083455345,153
8,0.3448275862068966,149
8,0.5882352941176471,162
8,0.016891891891891893,160
8,0.4,177
8,0.004719207173194903,171
8,0.5555555555555556,168
8,0.5882352941176471,206
8,0.004670714619336758,130
8,0.007194244604316547,143
8,0.5263157894736842,156
8,0.5263157894736842,153
8,0.45454545454545453,173
8,0.005521811154058531,134
8,0.008503401360544218,163
8,0.0030084235860409147,152
8,0.00299311583358276,154
8,0.37037037037037035,153
8,0.625,191
8,0.005425935973955507,167
8,0.17543859649122806,140
8,0.5882352941176471,179
8,0.009606147934678195,160
8,0.008865248226950355,151
8,0.012091898428053204,174
8,0.625,185
8,0.01122334455667789,157
8,0.35714285714285715,166
8,0.05128205128205128,180
8,0.45454545454545453,199
8,0.2222222222222222,166
8,0.008,155
8,0.006365372374283896,136
8,0.006901311249137336,193
8,0.0072306579898770785,144
8,0.028901734104046242,129
8,0.7142857142857143,165
8,0.45454545454545453,142
8,0.024691358024691357,169
8,0.004593477262287551,183
8,0.009813542688910697,156
8,0.10416666666666667,163
8,0.08620689655172414,149
8,0.024630541871921183,140
8,0.6666666666666666,149
8,0.008928571428571428,156
8,0.5,159
8,0.14925373134328357,147
8,0.38461538461538464,173
8,0.5,169
8,0.23255813953488372,147
8,0.009671179883945842,134
8,0.13157894736842105,181
8,0.010224948875255624,155
8,0.7692307692307693,187
8,0.7142857142857143,131
8,0.7692307692307693,182
8,0.4,171
8,0.02967359050445104,151
8,0.06993006993006994,143
8,0.8333333333333334,151
8,0.4,155
8,0.5,153
8,0.006024096385542169,149
8,0.009505703422053232,185
8,0.004242681374628765,138
8,0.008764241893076249,155
8,0.43478260869565216,153
8,0.0041841004184100415,155
8,0.8333333333333334,170
8,0.005030181086519115,156
8,0.00832639467110741,159
8,0.7692307692307693,170
8,0.006882312456985547,160
8,0.6666666666666666,171
8,0.5882352941176471,148
8,0.625,169
8,0.29411764705882354,160
8,0.0048567265662943174,199
8,0.5882352941176471,159
8,0.005780346820809248,165
8,0.02570694087403599,161
8,0.15151515151515152,162
8,0.0078125,150
8,0.5882352941176471,165
8,0.003457814661134163,157
8,0.8333333333333334,178
8,0.010101010101010102,166
8,0.7692307692307693,179
8,1,179
8,0.008417508417508417,171
8,0.0054466230936819175,158
8,0.6666666666666666,177
8,0.009910802775024777,151
8,0.6666666666666666,156
8,0.0044662795891022775,164
8,0.015151515151515152,154
8,0.005790387955993051,138
8,0.8333333333333334,169
8,0.015128593040847202,165
8,0.015267175572519083,148
8,0.9090909090909091,179
8,0.45454545454545453,154
8,0.013513513513513514,149
8,0.00408997955010225,112
8,0.37037037037037035,150
8,0.7692307692307693,175
8,0.9090909090909091,161
8,0.009541984732824428,162
8,0.011337868480725623,158
8,0.5263157894736842,179
8,0.43478260869565216,191
8,0.00558659217877095,186
8,0.5263157894736842,208
8,0.05434782608695652,127
8,0.009505703422053232,154
8,0.009624639076034648,173
8,0.2857142857142857,139
8,0.013869625520110958,132
8,0.18181818181818182,162
8,0.07751937984496124,143
8,0.013315579227696404,149
8,0.47619047619047616,155
8,0.010183299389002037,167
8,0.06622516556291391,164
8,0.01141552511415525,152
8,0.09803921568627451,139
8,0.012391573729863693,156
8,0.007326007326007326,160
8,0.019083969465648856,167
8,0.8333333333333334,164
8,0.2857142857142857,140
8,0.625,148
8,0.7142857142857143,160
8,0.017889087656529516,155
8,0.5263157894736842,182
8,0.5,172
8,0.7142857142857143,165
8,0.015527950310559006,155
8,0.7692307692307693,173
8,0.009765625,123
8,0.005238344683080147,143
8,0.024213075060532687,153
8,0.007587253414264037,152
8,0.01584786053882726,126
8,0.38461538461538464,139
8,0.007716049382716049,151
8,0.45454545454545453,186
8,0.006958942240779402,160
8,0.03367003367003367,141
8,0.5,145
8,0.03076923076923077,151
8,0.007407407407407408,153
8,0.37037037037037035,150
8,0.3125,158
8,0.6666666666666666,169
8,0.43478260869565216,162
8,0.028735632183908046,149
8,0.47619047619047616,151
8,0.38461538461538464,172
8,0.38461538461538464,144
8,0.6666666666666666,144
8,0.47619047619047616,143
8,0.4166666666666667,192
8,0.012674271229404309,157
8,0.00968054211035818,153
8,0.019011406844106463,165
8,0.7692307692307693,158
8,0.7142857142857143,138
8,0.5882352941176471,154
8,0.3225806451612903,147
8,0.3125,148
8,0.007818608287724784,132
8,0.004943153732081068,136
8,0.01088139281828074,200
8,0.6666666666666666,146
8,0.004649000464900047,169
8,0.014064697609001406,150
8,0.43478260869565216,169
8,0.11235955056179775,158
8,0.005431830526887561,163
8,0.01466275659824047,135
8,0.625,149
8,0.007627765064836003,161
8,0.6666666666666666,147
8,0.019230769230769232,165
8,0.4166666666666667,169
8,0.00927643784786642,151
8,0.7692307692307693,208
8,0.47619047619047616,190
8,0.4,186
8,0.625,182
8,0.00299311583358276,148
8,0.3125,181
8,0.5,173
8,0.02544529262086514,160
8,0.00558659217877095,141
8,0.5,178
8,0.01440922190201729,174
8,0.005327650506126798,150
8,0.015432098765432098,182
8,0.43478260869565216,169
8,0.005285412262156448,164
8,0.009852216748768473,166
8,0.01692047377326565,143
8,0.5,173
8,0.011614401858304297,138
8,0.47619047619047616,159
8,0.1388888888888889,138
8,0.005252100840336135,132
8,0.01303780964797914,180
8,0.09900990099009901,158
8,0.008271298593879239,149
8,0.9090909090909091,162
8,0.625,157
8,0.02444987775061125,163
8,0.4,159
8,0.0054585152838427945,175
8,0.2,156
8,0.5,149
8,1,153
8,0.6666666666666666,161
8,0.006242197253433208,161
8,0.009182736455463728,142
8,0.007633587786259542,162
8,0.010224948875255624,148
8,0.006426735218508998,184
8,0.00777000777000777,168
8,0.0684931506849315,176
8,0.5882352941176471,178
8,0.7142857142857143,162
8,0.4,192
8,0.005592841163310962,159
8,0.47619047619047616,169
8,0.01430615164520744,158
8,0.6666666666666666,161
8,0.00846740050804403,158
8,0.02680965147453083,192
8,0.022573363431151242,150
8,0.006868131868131868,151
8,0.7142857142857143,173
8,0.9090909090909091,178
8,0.04310344827586207,147
8,0.011723329425556858,177
8,0.5882352941176471,181
8,0.3333333333333333,203
8,0.005906674542232723,176
8,0.7692307692307693,180
8,0.7142857142857143,161
8,0.00919963201471941,136
8,0.011834319526627219,129
8,0.0039494470774091624,157
8,0.10204081632653061,164
8,0.4,162
8,0.4166666666666667,157
8,0.47619047619047616,156
8,0.005927682276229994,166
8,0.00784313725490196,155
8,0.5,158
8,0.16393442622950818,176
8,0.7692307692307693,174
8,0.625,161
8,0.47619047619047616,190
8,0.005277044854881266,159
8,0.5882352941176471,159
8,0.5,175
8,0.43478260869565216,146
8,0.5555555555555556,154
8,0.4166666666666667,184
8,0.5263157894736842,171
8,0.7692307692307693,161
8,0.03773584905660377,172
8,0.6666666666666666,147
8,0.007564296520423601,146
8,0.20408163265306123,200
8,0.8333333333333334,180
8,0.006277463904582548,146
8,0.011363636363636364,177
8,0.5555555555555556,138
8,0.06535947712418301,145
8,0.43478260869565216,211
8,0.45454545454545453,181
8,0.5,194
8,0.008583690987124463,171
8,0.009813542688910697,168
8,0.005327650506126798,135
8,0.47619047619047616,151
8,0.5555555555555556,156
8,0.011376564277588168,153
8,0.012360939431396786,161
8,0.013605442176870748,167
8,0.046511627906976744,154
8,0.007352941176470588,139
8,0.7692307692307693,173
8,0.7142857142857143,152
8,0.033112582781456956,167
8,0.7142857142857143,171
8,0.47619047619047616,149
8,0.7692307692307693,177
8,0.0048449612403100775,171
8,0.004304778303917348,163
8,0.5555555555555556,171
8,0.005659309564233163,186
8,0.006997900629811057,147
8,0.45454545454545453,149
8,0.45454545454545453,182
8,0.47619047619047616,170
8,0.47619047619047616,185
8,0.5,141
8,0.023148148148148147,155
8,0.13333333333333333,168
8,0.011312217194570135,182
8,0.020833333333333332,160
8,0.6666666666666666,156
8,0.6666666666666666,151
8,0.22727272727272727,166
8,0.010090817356205853,159
8,0.006234413965087282,133
8,0.5,161
8,0.004230118443316413,194
8,0.00937207122774133,167
8,0.7142857142857143,146
8,0.6666666666666666,175
8,0.6666666666666666,151
8,0.053475935828877004,160
8,0.07633587786259542,149
8,0.00865051903114187,161
8,0.007936507936507936,146
8,0.45454545454545453,171
8,0.0052603892688058915,190
8,0.7142857142857143,167
8,0.015527950310559006,162
8,0.6666666666666666,171
8,0.004464285714285714,159
8,0.45454545454545453,163
8,0.5882352941176471,164
8,0.7692307692307693,177
8,0.9090909090909091,170
8,0.010351966873706004,163
8,0.25,170
8,0.007668711656441718,185
8,0.43478260869565216,156
8,0.011160714285714286,157
8,0.003677822728944465,140
8,0.02493765586034913,142
8,0.006082725060827251,160
8,0.5,172
8,0.4166666666666667,157
8,0.018796992481203006,155
8,0.013054830287206266,137
8,0.35714285714285715,126
8,0.22727272727272727,177
8,0.7142857142857143,165
8,0.009124087591240875,151
8,0.8333333333333334,148
8,0.00825082508250825,145
8,0.005042864346949067,140
8,0.0066844919786096255,162
8,0.7692307692307693,156
8,0.0072306579898770785,149
8,0.011481056257175661,148
8,0.01721170395869191,147
8,0.625,183
8,0.00846740050804403,169
8,0.06493506493506493,178
8,0.8333333333333334,162
8,0.5,155
8,0.6666666666666666,174
8,0.47619047619047616,135
8,0.06622516556291391,156
8,0.5882352941176471,162
8,0.6666666666666666,187
8,0.4,170
8,0.019083969465648856,210
8,0.3333333333333333,185
8,0.008960573476702509,136
8,0.625,160
8,0.00792393026941363,159
8,0.0059594755661501785,190
8,0.45454545454545453,190
8,0.0211864406779661,150
8,0.4166666666666667,179
8,0.4,182
8,0.5263157894736842,169
8,0.016181229773462782,159
8,0.5882352941176471,157
8,0.24390243902439024,153
8,0.006535947712418301,164
8,0.004721435316336166,150
8,0.5882352941176471,155
8,0.6666666666666666,189
8,0.024096385542168676,171
8,0.47619047619047616,169
8,0.45454545454545453,169
8,0.6666666666666666,165
8,0.625,176
8,0.006666666666666667,180
8,0.9090909090909091,159
8,0.004995004995004995,161
8,0.8333333333333334,154
8,0.012626262626262626,183
8,0.7692307692307693,183
8,0.009940357852882704,150
8,0.5263157894736842,185
8,0.47619047619047616,145
8,0.625,167
8,0.5263157894736842,149
8,0.005238344683080147,169
8,0.30303030303030304,144
8,0.45454545454545453,138
8,0.625,154
8,0.22727272727272727,177
8,0.7142857142857143,175
8,0.0038535645472061657,178
8,0.5,164
8,0.625,169
8,0.6666666666666666,187
8,0.022675736961451247,148
8,0.5882352941176471,165
8,0.45454545454545453,145
8,0.005773672055427252,189
8,0.008658008658008658,164
8,0.008305647840531562,138
8,0.006146281499692686,182
8,0.38461538461538464,171
8,0.004595588235294118,171
8,0.006648936170212766,133
8,0.010460251046025104,170
8,0.5882352941176471,193
8,0.018148820326678767,139
8,0.5,168
8,0.20408163265306123,164
8,0.017241379310344827,152
8,0.7692307692307693,162
8,0.5263157894736842,161
8,0.5882352941176471,173
8,0.45454545454545453,213
8,0.9090909090909091,155
8,0.01088139281828074,151
8,0.15625,163
8,0.024509803921568627,144
8,0.057803468208092484,133
8,0.5555555555555556,127
8,0.47619047619047616,171
8,0.04201680672268908,148
8,0.47619047619047616,172
8,0.009970089730807577,136
8,0.010277492291880781,195
8,0.007836990595611285,164
8,0.004967709885742673,165
8,0.025510204081632654,177
8,0.008431703204047217,139
8,0.00847457627118644,146
8,0.9090909090909091,161
8,0.012195121951219513,151
8,0.47619047619047616,168
8,0.007639419404125287,138
8,0.014245014245014245,148
8,0.5555555555555556,137
8,0.2127659574468085,131
8,0.9090909090909091,185
8,0.02252252252252252,146
8,0.10989010989010989,147
8,0.015128593040847202,148
8,0.009970089730807577,151
8,0.47619047619047616,131
8,0.625,126
8,0.1,152
8,0.9090909090909091,144
8,0.2631578947368421,176
8,1,172
8,0.43478260869565216,161
8,0.8333333333333334,143
8,0.04149377593360996,148
8,0.007283321194464676,145
8,0.38461538461538464,151
8,0.5263157894736842,178
8,0.5882352941176471,148
8,0.010615711252653927,155
8,0.005122950819672131,143
8,0.2857142857142857,174
8,0.012642225031605562,175
8,0.5,145
8,0.6666666666666666,155
8,0.003606202668589975,184
8,0.006422607578676943,157
8,0.05128205128205128,161
8,0.004553734061930784,163
8,0.43478260869565216,185
8,0.17543859649122806,174
8,0.7142857142857143,151
8,0.007518796992481203,151
8,0.006993006993006993,171
8,0.018115942028985508,136
8,0.5263157894736842,165
8,0.008183306055646482,143
8,0.00481000481000481,147
8,0.18867924528301888,143
8,0.004533091568449683,151
8,0.6666666666666666,168
8,0.004262574595055414,176
8,0.006858710562414266,162
8,0.7692307692307693,182
8,0.004253509145044662,158
8,0.43478260869565216,209
8,0.005443658138268917,159
8,0.008680555555555556,155
8,0.45454545454545453,162
8,0.012594458438287154,161
8,0.3125,161
8,0.7692307692307693,203
8,0.5263157894736842,179
8,0.4166666666666667,152
8,0.003232062055591467,174
8,0.47619047619047616,146
8,0.0411522633744856,164
8,0.5882352941176471,191
8,0.00630119722747322,143
8,0.5555555555555556,191
8,0.37037037037037035,156
8,0.004430660168365086,172
8,0.5555555555555556,176
8,0.004734848484848485,149
8,0.4,154
8,0.5555555555555556,181
8,0.019646365422396856,165
8,0.47619047619047616,191
8,0.7692307692307693,175
8,0.7692307692307693,152
8,0.7692307692307693,164
8,0.7692307692307693,174
8,0.01615508885298869,151
8,0.11235955056179775,152
8,0.01455604075691412,165
8,0.5555555555555556,153
8,0.45454545454545453,139
8,0.43478260869565216,168
8,0.45454545454545453,192
8,0.005608524957936063,164
8,0.45454545454545453,148
8,0.006082725060827251,156
8,0.7142857142857143,152
8,0.00481000481000481,117
8,0.01310615989515072,141
8,0.005319148936170213,162
8,0.03367003367003367,149
8,0.47619047619047616,157
8,0.008203445447087777,161
8,0.5263157894736842,175
8,0.06802721088435375,154
8,0.013422818791946308,159
8,0.45454545454545453,146
8,0.3225806451612903,184
8,0.5,156
8,0.004866180048661801,151
8,0.3448275862068966,162
8,0.008445945945945946,161
8,0.0186219739292365,181
8,0.009737098344693282,151
8,0.08064516129032258,171
8,0.0033978933061501867,139
8,0.006535947712418301,144
8,0.5882352941176471,208
8,0.6666666666666666,175
8,0.2222222222222222,131
8,0.5555555555555556,156
8,0.0032456994482310936,159
8,0.03802281368821293,179
8,0.007067137809187279,176
8,0.5882352941176471,147
8,0.015220700152207,169
8,0.5,160
8,0.3333333333333333,152
8,0.7692307692307693,194
8,0.6666666666666666,155
8,0.007535795026375283,161
8,0.005720823798627002,151
8,0.5882352941176471,148
8,0.5,182
8,0.625,161
8,0.02237136465324385,157
8,0.3448275862068966,180
8,0.022123893805309734,125
8,0.5263157894736842,171
8,0.5263157894736842,163
8,0.01303780964797914,168
8,0.08620689655172414,149
8,0.47619047619047616,155
8,0.2564102564102564,142
8,0.17857142857142858,165
8,0.3333333333333333,150
8,0.023148148148148147,164
8,0.11904761904761904,146
8,0.014084507042253521,145
8,0.003929273084479371,153
8,0.7142857142857143,171
8,0.47619047619047616,158
8,0.0060790273556231,167
8,0.38461538461538464,157
8,0.024096385542168676,152
8,0.010050251256281407,144
8,0.009478672985781991,185
8,0.625,154
8,0.040160642570281124,136
8,0.00727802037845706,168
8,0.45454545454545453,138
8,0.38461538461538464,199
8,0.14705882352941177,138
8,0.00859106529209622,159
8,0.625,185
8,0.5,144
8,0.5263157894736842,150
8,0.00665335994677312,175
8,0.01422475106685633,171
8,0.007974481658692184,154
8,0.003590664272890485,172
8,0.625,153
8,0.2222222222222222,160
8,0.02457002457002457,134
8,0.035842293906810034,151
8,0.033112582781456956,178
8,0.6666666666666666,125
8,0.005431830526887561,138
8,0.004574565416285453,178
8,0.7142857142857143,194
8,0.005608524957936063,157
8,0.0273224043715847,173
8,0.0035727045373347625,143
8,0.007037297677691766,143
8,0.009970089730807577,170
8,0.022935779816513763,152
8,0.005672149744753261,140
8,0.00436871996505024,163
8,0.5882352941176471,171
8,0.2631578947368421,167
8,0.5882352941176471,163
8,0.37037037037037035,169
8,0.6666666666666666,153
8,0.5555555555555556,185
8,0.009551098376313277,168
8,0.3125,184
8,0.012706480304955527,147
8,0.6666666666666666,170
8,0.625,160
8,0.5263157894736842,161
8,0.008340283569641367,160
8,0.0029086678301337987,160
8,0.2631578947368421,160
8,0.007412898443291327,190
8,0.02881844380403458,140
8,0.47619047619047616,158
8,0.43478260869565216,144
8,0.008143322475570033,165
8,0.006779661016949152,170
8,1,172
8,0.004780114722753346,179
8,0.0056401579244218835,170
8,0.03508771929824561,159
8,0.005611672278338945,123
8,0.3225806451612903,124
8,0.6666666666666666,178
8,0.4,193
8,0.01669449081803005,148
8,0.006009615384615385,175
8,0.004418912947414936,166
8,0.016835016835016835,141
8,0.37037037037037035,166
8,0.009033423667570008,160
8,0.4166666666666667,211
8,0.11494252873563218,158
8,0.5,161
8,0.5882352941176471,141
8,0.625,173
8,0.4,179
8,0.45454545454545453,152
8,0.055865921787709494,150
8,0.2564102564102564,161
8,0.5,149
8,0.5263157894736842,174
8,0.011560693641618497,150
8,0.4,170
8,0.47619047619047616,157
8,0.38461538461538464,157
8,0.43478260869565216,201
8,0.7142857142857143,172
8,0.009633911368015413,147
8,0.5882352941176471,163
8,0.00864304235090752,159
8,0.009233610341643583,156
8,0.0043308791684712,154
8,0.012853470437017995,182
8,0.5263157894736842,148
8,0.5263157894736842,137
8,0.2631578947368421,172
8,0.014684287812041116,162
8,0.5263157894736842,170
8,0.47619047619047616,162
8,0.006172839506172839,149
8,0.43478260869565216,200
8,0.35714285714285715,164
8,0.5882352941176471,179
8,0.5,168
8,0.7142857142857143,162
8,0.015384615384615385,166
8,0.03424657534246575,145
8,0.003762227238525207,161
8,0.45454545454545453,155
8,0.01277139208173691,142
8,0.9090909090909091,147
8,0.4166666666666667,161
8,0.625,168
8,0.005636978579481398,135
8,0.4,163
8,0.00506842372022301,160
8,0.3125,183
8,0.5882352941176471,192
8,0.9090909090909091,165
8,0.1388888888888889,171
8,0.9090909090909091,176
8,0.625,176
8,0.7142857142857143,153
8,0.47619047619047616,204
8,0.9090909090909091,163
8,0.43478260869565216,172
8,0.009302325581395349,165
8,0.007363770250368188,184
8,0.01730103806228374,164
8,0.37037037037037035,160
8,0.00851063829787234,142
8,0.5882352941176471,153
8,0.47619047619047616,188
8,0.005733944954128441,152
8,0.006016847172081829,160
8,0.7142857142857143,172
8,0.5,156
8,0.007855459544383346,146
8,0.5882352941176471,181
8,0.7142857142857143,178
8,0.08928571428571429,163
9,0.018975332068311195,191
8,0.0043821209465381246,173
8,0.007936507936507936,145
8,0.6666666666666666,148
9,0.18867924528301888,175
8,0.008517887563884156,143
8,0.023255813953488372,169
8,1,167
8,0.003067484662576687,137
8,0.5263157894736842,155
8,0.20833333333333334,191
8,1,199
8,0.09009009009009009,150
8,0.005307855626326964,140
8,0.009107468123861567,138
8,0.5882352941176471,138
8,0.00779423226812159,154
8,0.45454545454545453,140
8,0.5,140
8,0.0077459333849728895,117
8,0.3333333333333333,179
8,0.005408328826392645,157
8,0.008525149190110827,147
8,0.002994908655286014,177
8,0.00778816199376947,166
8,0.5263157894736842,187
8,0.5555555555555556,116
8,0.6666666666666666,163
8,0.008561643835616438,158
8,0.7142857142857143,211
8,0.5555555555555556,186
8,0.3125,156
8,0.015503875968992248,134
8,0.010787486515641856,154
8,0.009025270758122744,160
8,0.5263157894736842,179
8,0.014684287812041116,156
8,0.010131712259371834,166
8,0.37037037037037035,160
8,0.38461538461538464,164
8,0.37037037037037035,198
8,0.008396305625524769,183
8,0.038910505836575876,151
8,0.5263157894736842,170
8,0.5555555555555556,177
8,0.8333333333333334,181
8,0.006734006734006734,186
8,0.0036913990402362494,147
8,0.00823045267489712,159
8,0.5555555555555556,155
8,0.01124859392575928,160
8,0.6666666666666666,167
8,0.004623208506703652,181
8,0.004589261128958238,162
8,0.9090909090909091,163
8,0.0040683482506102524,157
8,0.7142857142857143,150
8,0.012903225806451613,142
8,0.6666666666666666,171
8,0.0032520325203252032,156
8,0.7142857142857143,170
8,0.2222222222222222,159
8,0.0038211692777990066,168
8,0.0031496062992125984,159
8,0.09523809523809523,151
8,0.009794319294809012,170
8,0.6666666666666666,145
8,0.005045408678102927,155
8,0.01968503937007874,157
8,0.010570824524312896,181
8,0.004940711462450593,151
8,0.5555555555555556,197
8,0.47619047619047616,167
8,0.12987012987012986,148
8,0.008857395925597875,170
8,0.4,189
8,0.027624309392265192,160
8,0.005995203836930456,163
8,0.2857142857142857,158
8,0.0199203187250996,137
8,0.0075815011372251705,188
8,0.07246376811594203,168
8,0.011534025374855825,170
8,0.0102880658436214,161
8,0.012853470437017995,156
8,0.008038585209003215,156
8,0.35714285714285715,144
8,0.6666666666666666,195
8,0.01447178002894356,159
8,0.016835016835016835,147
8,0.0102880658436214,155
8,0.13513513513513514,179
8,0.4,198
8,0.7142857142857143,159
8,0.5555555555555556,177
8,0.008787346221441126,139
8,0.7692307692307693,200
8,1,172
8,0.011389521640091117,123
8,0.006688963210702341,158
8,0.7142857142857143,141
8,0.006119951040391677,131
8,0.016129032258064516,179
8,0.7142857142857143,190
8,0.35714285714285715,158
8,0.45454545454545453,151
8,0.006289308176100629,154
8,0.5263157894736842,157
8,0.008920606601248885,165
8,0.3225806451612903,169
8,0.7142857142857143,156
8,0.011299435028248588,169
8,0.15151515151515152,151
8,0.7692307692307693,185
8,0.2564102564102564,150
8,0.015015015015015015,167
8,0.5263157894736842,148
8,0.004585052728106373,150
8,0.625,137
8,0.005385029617662897,154
8,0.012091898428053204,148
8,0.38461538461538464,134
8,0.00555247084952804,176
8,0.004985044865403789,180
8,0.2702702702702703,157
8,0.01366120218579235,175
8,0.625,165
8,0.5,147
8,0.23255813953488372,184
8,0.0035727045373347625,154
8,0.12658227848101267,147
8,0.4166666666666667,180
8,0.007680491551459293,162
8,0.011001100110011002,151
8,0.008620689655172414,163
8,0.6666666666666666,168
8,0.02247191011235955,187
8,0.19230769230769232,158
8,0.4166666666666667,166
8,0.6666666666666666,153
8,0.005482456140350877,146
8,0.6666666666666666,168
8,0.38461538461538464,152
8,0.009718172983479106,144
8,0.01288659793814433,149
8,0.45454545454545453,185
8,0.007751937984496124,129
8,0.23255813953488372,188
8,0.008361204013377926,166
8,0.5263157894736842,165
8,0.07194244604316546,155
8,0.8333333333333334,186
8,0.007704160246533128,176
8,0.012121212121212121,162
8,0.43478260869565216,155
8,0.011061946902654867,137
8,0.006211180124223602,132
8,0.7692307692307693,187
8,0.005230125523012552,163
8,0.0069881201956673656,136
8,0.8333333333333334,167
8,0.45454545454545453,166
8,0.009560229445506692,157
8,0.8333333333333334,168
8,0.7692307692307693,163
8,0.004819277108433735,183
8,0.005047955577990914,162
8,0.005170630816959669,178
8,0.47619047619047616,166
8,0.625,156
8,0.43478260869565216,159
8,0.01615508885298869,158
8,0.009523809523809525,138
8,0.47619047619047616,172
8,0.04716981132075472,172
8,0.009950248756218905,135
8,0.0099601593625498,165
8,0.2564102564102564,167
8,0.0029958058717795086,127
8,0.5263157894736842,148
8,0.01838235294117647,192
8,0.011402508551881414,154
8,0.13157894736842105,172
8,0.43478260869565216,151
8,0.005078720162519045,154
8,0.29411764705882354,143
8,0.008968609865470852,159
8,0.011890606420927468,156
8,0.0051440329218107,173
8,0.02493765586034913,158
8,0.45454545454545453,151
8,0.5263157894736842,179
8,0.5,177
8,0.005747126436781609,172
8,0.01122334455667789,139
8,0.6666666666666666,152
8,0.029585798816568046,146
8,0.7692307692307693,147
8,0.125,152
8,0.00693000693000693,178
8,0.007692307692307693,147
8,0.008149959250203748,151
8,0.47619047619047616,172
8,0.3448275862068966,176
8,0.14285714285714285,182
8,0.5,145
8,0.625,178
8,0.01072961373390558,179
8,0.010438413361169102,152
8,0.35714285714285715,169
8,0.005455537370430988,147
8,0.7142857142857143,181
8,0.43478260869565216,191
8,0.007037297677691766,168
8,0.007462686567164179,182
8,0.5,182
8,0.5882352941176471,159
8,0.018281535648994516,148
8,0.3225806451612903,143
8,0.12195121951219512,174
8,0.017543859649122806,175
8,0.012437810945273632,146
8,0.008673026886383347,169
8,0.013513513513513514,146
8,0.7142857142857143,153
8,0.008403361344537815,142
8,0.013755158184319119,161
8,0.14492753623188406,130
8,0.004595588235294118,173
8,0.004793863854266539,168
8,0.5555555555555556,135
8,0.6666666666666666,177
8,0.018115942028985508,164
8,0.5,177
8,0.8333333333333334,176
8,0.3125,149
8,0.01,166
8,0.3333333333333333,156
8,0.4166666666666667,171
8,0.5555555555555556,144
8,0.007462686567164179,140
8,0.009541984732824428,134
8,0.0063532401524777635,155
8,0.0035236081747709656,163
8,0.5882352941176471,161
8,0.017482517482517484,200
8,1,186
8,0.625,203
8,0.8333333333333334,173
8,0.016129032258064516,165
8,0.43478260869565216,167
8,0.0035650623885918,139
8,0.007042253521126761,166
8,0.00700770847932726,158
8,0.006430868167202572,147
9,0.009671179883945842,189
8,0.005390835579514825,184
8,0.011587485515643106,159
8,0.5,127
8,0.625,171
8,0.2,192
8,0.4,149
8,0.5555555555555556,176
8,0.5555555555555556,174
8,0.9090909090909091,168
8,0.7142857142857143,159
8,0.625,146
8,0.6666666666666666,163
8,0.43478260869565216,175
8,0.4166666666666667,157
8,0.00513347022587269,177
8,0.9090909090909091,169
8,0.5263157894736842,181
8,0.5263157894736842,140
8,0.5555555555555556,186
8,0.5882352941176471,146
8,0.009107468123861567,141
8,0.004317789291882556,157
8,0.7142857142857143,169
8,0.23255813953488372,156
8,0.004578754578754579,148
8,0.008431703204047217,168
8,0.7142857142857143,178
8,0.0036603221083455345,154
8,0.011123470522803115,181
8,0.008460236886632826,175
8,0.00646830530401035,144
8,0.4,140
8,0.006042296072507553,162
8,0.7692307692307693,161
8,0.2127659574468085,169
8,0.5555555555555556,173
8,0.5882352941176471,152
8,0.006238303181534623,166
8,0.43478260869565216,175
8,0.052083333333333336,130
8,0.017006802721088437,174
8,0.23255813953488372,157
8,0.625,167
8,0.5263157894736842,151
8,0.2631578947368421,166
8,0.9090909090909091,170
8,0.5,143
8,0.4166666666666667,150
8,0.01597444089456869,170
8,0.0030238887208950713,157
8,0.9090909090909091,149
8,0.08547008547008547,124
8,0.016420361247947456,178
8,0.004562043795620438,160
8,0.4166666666666667,132
8,0.01053740779768177,147
8,0.43478260869565216,143
8,0.00966183574879227,145
8,0.5882352941176471,177
8,0.006544502617801047,154
8,0.0684931506849315,180
8,0.008888888888888889,160
8,0.5555555555555556,184
8,0.11904761904761904,148
8,0.43478260869565216,137
8,0.5,164
8,0.7692307692307693,179
8,0.07407407407407407,156
8,0.02512562814070352,168
8,0.003299241174529858,160
8,0.006238303181534623,152
8,0.5555555555555556,189
8,0.5555555555555556,158
8,0.47619047619047616,193
8,0.007401924500370096,175
8,0.4,152
8,0.05813953488372093,154
8,0.15151515151515152,164
8,0.0071581961345740875,166
8,0.006657789613848202,133
8,0.007434944237918215,180
8,0.45454545454545453,169
8,0.0077459333849728895,164
8,0.013831258644536652,147
8,0.7692307692307693,184
8,0.005189413596263622,145
8,0.35714285714285715,129
8,0.01287001287001287,171
8,0.7142857142857143,187
8,0.5555555555555556,208
8,0.011655011655011656,172
8,0.5263157894736842,163
8,0.006325110689437065,141
8,0.2564102564102564,159
8,0.4166666666666667,152
8,0.011587485515643106,167
8,0.0045662100456621,144
8,0.5263157894736842,161
8,0.30303030303030304,169
8,0.5263157894736842,139
8,0.5263157894736842,124
8,0.47619047619047616,142
8,0.29411764705882354,154
8,0.625,154
8,0.9090909090909091,165
8,0.5555555555555556,164
8,0.03717472118959108,157
8,0.006234413965087282,153
8,0.00968054211035818,179
8,0.9090909090909091,190
8,0.008071025020177562,164
8,0.014492753623188406,159
8,0.5882352941176471,185
8,0.078125,158
8,0.024752475247524754,174
8,0.25,160
8,0.009208103130755065,145
8,0.2777777777777778,152
8,0.005920663114268798,153
8,0.02028397565922921,143
8,0.072992700729927,128
8,0.006146281499692686,168
8,0.3333333333333333,149
8,0.7692307692307693,171
8,0.7142857142857143,185
8,0.8333333333333334,168
8,0.004180602006688963,180
8,0.4166666666666667,163
8,0.002642706131078224,160
8,0.625,161
8,0.6666666666666666,190
8,0.005605381165919282,150
8,0.5,156
8,0.009505703422053232,158
8,0.0025549310168625446,155
8,0.6666666666666666,166
8,0.049019607843137254,170
8,0.47619047619047616,170
8,0.7142857142857143,198
8,0.23255813953488372,170
8,0.00741839762611276,136
8,0.00904977375565611,166
8,0.5263157894736842,148
8,0.7692307692307693,181
8,0.8333333333333334,172
8,0.00984251968503937,143
8,0.47619047619047616,129
8,0.4166666666666667,167
8,0.016778523489932886,164
8,0.00499001996007984,160
8,0.005175983436853002,128
8,0.007283321194464676,163
8,0.009107468123861567,178
8,0.3333333333333333,150
8,0.00929368029739777,137
8,0.9090909090909091,162
8,0.4166666666666667,149
8,0.47619047619047616,161
8,0.005417118093174431,195
8,0.7142857142857143,181
8,0.2222222222222222,174
8,0.5555555555555556,163
8,0.12345679012345678,150
8,0.7692307692307693,161
8,0.00547645125958379,143
9,0.8333333333333334,181
8,0.015337423312883436,133
8,0.07462686567164178,161
8,0.625,183
8,0.007407407407407408,134
8,0.0047169811320754715,178
8,0.011299435028248588,151
8,0.37037037037037035,134
8,0.19607843137254902,144
8,0.23255813953488372,120
8,0.0084530853761623,160
8,0.43478260869565216,166
8,0.008424599831508003,171
8,0.47619047619047616,160
8,0.4166666666666667,208
8,0.010309278350515464,149
8,0.7692307692307693,186
8,0.008968609865470852,141
8,0.045871559633027525,175
8,0.008319467554076539,142
8,0.0072306579898770785,150
8,0.43478260869565216,161
8,0.010214504596527068,196
8,0.6666666666666666,197
8,0.7692307692307693,182
8,0.007363770250368188,161
8,1,171
8,0.2127659574468085,153
8,0.47619047619047616,170
8,0.015220700152207,178
8,0.0066711140760507,173
8,0.010660980810234541,192
8,0.29411764705882354,138
8,0.008771929824561403,156
8,0.30303030303030304,152
8,0.8333333333333334,134
8,0.00784313725490196,169
8,0.018726591760299626,165
8,0.4166666666666667,150
8,0.625,150
8,0.43478260869565216,187
8,0.005449591280653951,147
8,0.07575757575757576,159
8,0.625,170
8,0.5,166
8,0.7142857142857143,167
8,0.6666666666666666,182
8,0.02631578947368421,154
8,0.01451378809869376,152
8,0.005189413596263622,143
8,0.008410428931875526,189
8,0.017006802721088437,150
8,0.005385029617662897,156
8,0.006169031462060457,134
8,0.7692307692307693,153
8,0.01050420168067227,170
8,0.5882352941176471,169
8,0.3448275862068966,172
8,0.008888888888888889,169
8,0.5263157894736842,169
8,0.009633911368015413,170
8,0.03205128205128205,142
8,0.011547344110854504,149
8,0.010224948875255624,145
8,0.30303030303030304,145
8,0.06369426751592357,153
8,0.011834319526627219,185
8,0.5555555555555556,174
8,0.004347826086956522,172
8,0.00909090909090909,161
8,0.5555555555555556,145
8,0.4,152
8,0.005707762557077625,171
8,0.6666666666666666,151
8,0.008025682182985553,170
8,0.5882352941176471,155
8,0.014245014245014245,168
8,0.010101010101010102,158
8,0.8333333333333334,173
8,0.006816632583503749,120
8,0.2127659574468085,129
8,0.5,159
8,0.006548788474132285,137
8,1,177
8,0.3225806451612903,158
8,0.02079002079002079,162
8,0.004219409282700422,163
8,0.006557377049180328,179
8,0.5,161
8,0.005991611743559017,138
8,0.8333333333333334,192
8,0.5882352941176471,172
8,0.004158004158004158,131
8,0.5882352941176471,145
8,0.7692307692307693,140
8,0.03355704697986577,168
8,0.2702702702702703,170
8,0.9090909090909091,170
8,0.47619047619047616,156
8,0.5555555555555556,147
8,0.01904761904761905,125
9,0.5555555555555556,149
8,0.08333333333333333,158
8,0.15873015873015872,142
8,0.049019607843137254,143
8,0.43478260869565216,160
8,0.5263157894736842,132
8,0.011494252873563218,161
8,0.5,136
8,0.29411764705882354,178
8,0.004757373929590866,152
8,0.9090909090909091,171
8,0.4166666666666667,173
8,0.47619047619047616,154
8,0.7142857142857143,161
8,0.5555555555555556,181
8,0.6666666666666666,171
8,0.8333333333333334,166
8,0.007987220447284345,177
8,0.06289308176100629,161
8,0.005344735435595938,151
8,0.08333333333333333,144
8,0.009082652134423252,186
8,0.47619047619047616,174
8,0.022222222222222223,141
8,0.625,154
8,0.010810810810810811,151
8,0.5,170
8,0.38461538461538464,156
8,0.008680555555555556,145
8,0.005555555555555556,162
8,0.008771929824561403,144
8,0.8333333333333334,195
8,0.47619047619047616,135
8,0.5,161
8,0.005917159763313609,157
8,0.7692307692307693,171
8,0.007429420505200594,140
8,0.5555555555555556,136
8,0.6666666666666666,167
8,0.005055611729019211,134
8,0.8333333333333334,155
8,0.5555555555555556,143
8,0.8333333333333334,166
8,0.019305019305019305,147
8,0.05847953216374269,162
8,0.007892659826361484,141
8,0.006622516556291391,163
8,0.006688963210702341,121
8,0.014858841010401188,136
8,0.006305170239596469,173
8,0.005279831045406547,145
8,0.00423908435777872,159
8,0.2857142857142857,169
8,0.012642225031605562,142
8,0.30303030303030304,159
8,0.004046944556859571,159
8,0.011013215859030838,170
8,0.5882352941176471,166
8,0.04784688995215311,176
8,0.005271481286241434,174
8,0.015408320493066256,160
8,0.006887052341597796,183
8,0.5263157894736842,156
8,0.5263157894736842,196
8,0.005889281507656066,195
8,0.625,133
8,0.7692307692307693,159
8,0.25,169
8,0.7142857142857143,155
8,0.45454545454545453,184
8,0.8333333333333334,165
8,0.010309278350515464,162
8,0.35714285714285715,154
8,0.625,170
8,0.2222222222222222,178
8,0.09803921568627451,184
8,0.625,156
9,0.4166666666666667,188
8,0.3125,185
8,0.47619047619047616,156
8,0.45454545454545453,162
8,0.003695491500369549,163
8,0.5555555555555556,173
8,0.14285714285714285,156
8,0.6666666666666666,158
8,0.007905138339920948,186
8,0.625,169
8,0.18867924528301888,150
8,0.011534025374855825,147
8,0.35714285714285715,144
8,1,183
8,0.29411764705882354,120
8,0.015723270440251572,151
8,0.014992503748125937,162
8,0.5263157894736842,167
8,0.0056947608200455585,177
8,0.5882352941176471,166
8,0.00922509225092251,163
8,0.29411764705882354,177
8,0.009560229445506692,166
8,0.006910850034554251,137
8,0.0025303643724696357,168
8,0.022172949002217297,180
8,0.009017132551848512,149
8,0.007097232079488999,157
8,0.010869565217391304,180
8,0.005546311702717693,141
8,0.03717472118959108,162
8,0.8333333333333334,171
8,0.4,170
8,0.47619047619047616,171
8,0.4166666666666667,150
8,0.625,153
8,0.6666666666666666,149
8,0.4,145
8,0.009285051067780872,146
8,0.9090909090909091,172
8,0.7692307692307693,165
8,0.01256281407035176,141
8,0.5,156
8,0.008431703204047217,162
8,0.03003003003003003,185
8,0.5555555555555556,173
8,0.7692307692307693,141
8,0.5555555555555556,209
8,0.5263157894736842,157
8,0.0033647375504710633,148
8,0.009765625,151
8,0.35714285714285715,153
8,0.060240963855421686,154
8,0.45454545454545453,151
8,0.005973715651135006,132
8,0.7142857142857143,152
8,0.007942811755361398,138
8,0.4166666666666667,166
8,0.007204610951008645,155
8,0.23255813953488372,159
8,0.0057570523891767415,168
8,0.019193857965451054,163
8,0.5263157894736842,156
8,0.014025245441795231,154
8,0.02881844380403458,149
8,0.009505703422053232,159
8,0.4,136
8,0.005293806246691371,139
8,0.02666666666666667,147
8,0.625,166
8,0.43478260869565216,194
8,0.7142857142857143,145
8,0.5555555555555556,184
8,0.5,183
8,0.8333333333333334,161
8,0.5263157894736842,188
8,0.057803468208092484,167
8,0.4,138
8,0.5,205
8,0.010298661174047374,122
8,0.5882352941176471,173
8,0.007518796992481203,154
8,0.014903129657228018,169
8,0.00859106529209622,186
8,0.43478260869565216,171
8,0.6666666666666666,153
8,0.01455604075691412,174
8,0.625,168
8,0.20408163265306123,155
8,0.3448275862068966,151
8,0.47619047619047616,143
8,0.7142857142857143,167
8,0.47619047619047616,164
8,0.14705882352941177,196
8,0.8333333333333334,163
8,0.013440860215053764,141
8,0.38461538461538464,163
8,0.10309278350515463,145
8,0.35714285714285715,133
8,0.47619047619047616,181
8,0.004415011037527594,175
8,0.012531328320802004,164
8,0.013140604467805518,152
8,0.14285714285714285,143
8,0.004826254826254826,166
8,0.47619047619047616,164
8,0.6666666666666666,176
8,0.43478260869565216,189
8,1,185
8,0.5882352941176471,161
8,0.011337868480725623,165
8,0.8333333333333334,184
8,0.004601932811780948,162
8,0.5882352941176471,155
8,0.00693000693000693,156
8,0.47619047619047616,176
8,0.8333333333333334,190
8,0.09803921568627451,160
8,0.5555555555555556,171
8,0.006596306068601583,168
8,0.43478260869565216,164
8,0.02004008016032064,151
8,0.0228310502283105,164
8,0.625,158
8,0.009354536950420954,176
8,0.7692307692307693,182
8,0.026455026455026454,141
8,0.0063411540900443885,154
8,0.006944444444444444,124
8,0.012254901960784314,168
8,0.625,163
8,0.005515719801434087,132
8,0.02320185614849188,131
8,0.45454545454545453,133
8,0.008136696501220505,144
8,0.009541984732824428,164
8,0.5882352941176471,146
8,0.7142857142857143,165
8,0.9090909090909091,184
8,0.5555555555555556,180
8,1,163
8,0.5263157894736842,170
8,0.45454545454545453,168
8,0.002913752913752914,154
8,0.5882352941176471,160
8,0.014858841010401188,161
8,0.005030181086519115,163
8,0.8333333333333334,165
8,0.006153846153846154,170
8,0.6666666666666666,144
8,0.005350454788657036,154
8,0.004349717268377556,179
8,0.2564102564102564,163
8,0.01272264631043257,200
8,0.0234192037470726,166
8,0.060240963855421686,166
8,0.7692307692307693,169
8,0.010660980810234541,132
8,0.4166666666666667,152
8,0.007147962830593281,135
8,0.8333333333333334,161
8,0.02857142857142857,166
8,0.5555555555555556,185
8,0.010672358591248666,158
8,0.8333333333333334,143
8,0.009643201542912247,152
8,0.6666666666666666,144
8,0.5263157894736842,176
8,0.45454545454545453,181
8,0.004816955684007707,170
8,0.47619047619047616,178
8,0.06711409395973154,167
8,0.005104645227156712,194
8,0.4166666666666667,170
8,0.060240963855421686,136
8,0.010040160642570281,164
8,0.07633587786259542,150
8,0.009285051067780872,169
8,0.00675219446320054,136
8,0.005027652086475616,165
8,0.13333333333333333,138
8,0.006035003017501509,154
8,0.8333333333333334,182
8,0.5263157894736842,162
8,0.5263157894736842,185
8,0.47619047619047616,177
8,0.01483679525222552,157
8,0.011976047904191617,177
8,0.7692307692307693,177
8,0.007558578987150416,162
8,0.010121457489878543,133
8,0.45454545454545453,182
8,0.9090909090909091,178
8,0.020242914979757085,143
8,0.015220700152207,165
8,0.011547344110854504,156
8,0.0032690421706440013,160
8,0.18518518518518517,152
8,0.16666666666666666,155
8,0.011682242990654205,153
8,0.028328611898016998,166
8,0.8333333333333334,148
8,0.7692307692307693,203
8,0.0076103500761035,153
8,0.21739130434782608,182
8,0.005120327700972862,171
8,0.8333333333333334,163
8,0.22727272727272727,169
8,0.7142857142857143,156
8,0.35714285714285715,122
8,0.5263157894736842,169
8,0.18181818181818182,144
8,0.008912655971479501,162
8,0.4166666666666667,164
8,1,149
8,0.014925373134328358,166
8,0.005414185165132647,152
8,0.03215434083601286,128
8,0.43478260869565216,138
8,0.47619047619047616,165
8,0.5263157894736842,159
8,0.8333333333333334,151
8,0.006734006734006734,147
8,0.5555555555555556,143
8,0.43478260869565216,188
8,0.9090909090909091,167
8,0.008333333333333333,134
8,0.19230769230769232,146
8,0.004235493434985175,179
8,0.009891196834817012,152
8,0.7692307692307693,163
8,0.09009009009009009,181
8,0.5,185
8,0.6666666666666666,142
8,0.006934812760055479,167
8,0.012106537530266344,152
8,0.6666666666666666,146
8,0.5882352941176471,144
8,0.008038585209003215,184
8,0.006729475100942127,147
8,0.5263157894736842,149
8,0.7692307692307693,187
8,0.7142857142857143,184
8,0.06802721088435375,137
8,0.008688097306689836,154
8,0.625,140
8,0.00639386189258312,180
8,0.4,168
8,0.004814636494944632,169
8,0.0025806451612903226,188
8,0.23255813953488372,152
8,0.01597444089456869,156
8,0.0054525627044711015,166
8,0.47619047619047616,158
8,0.43478260869565216,173
8,0.011587485515643106,152
8,0.2631578947368421,134
8,0.7142857142857143,144
8,0.009182736455463728,166
8,0.004945598417408506,168
8,0.0032175032175032173,147
8,0.7692307692307693,168
8,0.005402485143165856,151
8,0.08620689655172414,162
8,0.7142857142857143,175
8,0.007112375533428165,143
8,0.00916590284142988,158
8,0.625,173
8,0.2222222222222222,164
8,0.08403361344537816,162
8,0.034482758620689655,174
8,1,149
8,0.7692307692307693,143
8,0.01366120218579235,176
8,0.5,150
8,0.2222222222222222,136
8,0.5263157894736842,141
8,0.4166666666666667,140
8,0.01020408163265306,154
8,0.004714757190004715,136
8,0.005512679162072767,158
8,0.013623978201634877,147
8,0.5263157894736842,151
