4,0.18867924528301888,36
4,0.12658227848101267,74
4,0.08771929824561403,58
4,0.05917159763313609,62
4,0.028735632183908046,63
4,0.07633587786259542,66
4,0.13333333333333333,63
4,0.02932551319648094,67
4,0.09174311926605505,36
4,0.18518518518518517,68
4,0.11494252873563218,36
4,0.04716981132075472,84
4,0.05025125628140704,57
4,0.04504504504504504,69
4,0.09433962264150944,36
4,0.1,38
4,0.16129032258064516,36
4,0.07407407407407407,71
4,0.05,91
4,0.12987012987012986,64
4,0.1724137931034483,75
4,0.04504504504504504,91
4,0.1282051282051282,40
4,0.10989010989010989,67
4,0.11235955056179775,68
4,0.07042253521126761,86
4,0.02932551319648094,87
4,0.05847953216374269,78
4,0.02457002457002457,94
4,0.08928571428571429,36
4,0.15384615384615385,38
4,0.04739336492890995,90
4,0.09345794392523364,63
4,0.06578947368421052,36
4,0.14492753623188406,63
4,0.14084507042253522,74
4,0.026041666666666668,93
4,0.02967359050445104,58
4,0.14705882352941177,76
4,0.05102040816326531,58
4,0.03289473684210526,57
4,0.07407407407407407,98
4,0.14285714285714285,68
4,0.14492753623188406,63
4,0.024630541871921183,98
4,0.025380710659898477,95
4,0.19607843137254902,68
4,0.23255813953488372,36
4,0.09259259259259259,70
4,0.03184713375796178,59
4,0.09009009009009009,36
4,0.04310344827586207,62
4,0.04184100418410042,98
4,0.03215434083601286,55
4,0.09523809523809523,63
4,0.12987012987012986,36
4,0.11494252873563218,38
4,0.02702702702702703,59
4,0.04784688995215311,53
4,0.03745318352059925,57
4,0.029585798816568046,98
4,0.03731343283582089,54
4,0.08771929824561403,69
4,0.028985507246376812,93
4,0.10869565217391304,76
4,0.04739336492890995,93
4,0.04291845493562232,53
4,0.14705882352941177,72
4,0.04,53
4,0.02444987775061125,96
4,0.0364963503649635,55
4,0.05555555555555555,93
4,0.05917159763313609,53
4,0.0847457627118644,74
4,0.09615384615384616,36
4,0.08849557522123894,36
4,0.055865921787709494,56
4,0.10204081632653061,66
4,0.08064516129032258,74
4,0.23255813953488372,82
4,0.059880239520958084,36
4,0.03636363636363636,62
4,0.10752688172043011,75
4,0.03690036900369004,95
4,0.037037037037037035,57
4,0.03861003861003861,54
4,0.05747126436781609,92
4,0.027247956403269755,54
4,0.11904761904761904,72
4,0.0411522633744856,85
4,0.12658227848101267,36
4,0.05291005291005291,93
4,0.026455026455026454,88
4,0.04149377593360996,92
4,0.056818181818181816,66
4,0.1388888888888889,39
4,0.03787878787878788,90
4,0.10869565217391304,62
4,0.033003300330033,58
4,0.035211267605633804,72
4,0.1282051282051282,62
4,0.03460207612456748,88
4,0.054945054945054944,59
4,0.046511627906976744,59
4,0.056818181818181816,91
4,0.03597122302158273,93
4,0.06896551724137931,75
4,0.12658227848101267,68
4,0.07874015748031496,76
4,0.2222222222222222,34
4,0.033112582781456956,57
4,0.04716981132075472,89
4,0.0546448087431694,62
4,0.06896551724137931,57
4,0.0353356890459364,92
4,0.11363636363636363,63
4,0.14492753623188406,64
4,0.07462686567164178,54
4,0.0228310502283105,53
4,0.22727272727272727,38
4,0.024096385542168676,67
4,0.053475935828877004,55
4,0.07042253521126761,57
4,0.03546099290780142,94
4,0.06134969325153374,59
4,0.02544529262086514,53
4,0.04291845493562232,54
4,0.0411522633744856,63
4,0.04201680672268908,60
4,0.031545741324921134,58
4,0.07142857142857142,59
4,0.03496503496503497,90
4,0.038314176245210725,59
4,0.046948356807511735,53
4,0.04484304932735426,55
4,0.04830917874396135,94
4,0.040983606557377046,58
4,0.07692307692307693,62
4,0.057803468208092484,96
4,0.10204081632653061,73
4,0.09009009009009009,79
4,0.2127659574468085,65
4,0.05291005291005291,97
4,0.08403361344537816,54
4,0.09615384615384616,63
4,0.038461538461538464,92
4,0.12987012987012986,38
4,0.036101083032490974,55
4,0.12658227848101267,38
4,0.1111111111111111,63
4,0.022271714922048998,56
4,0.14705882352941177,36
4,0.14084507042253522,78
4,0.038314176245210725,98
4,0.09259259259259259,67
4,0.16129032258064516,72
4,0.03355704697986577,92
4,0.025252525252525252,58
4,0.13333333333333333,38
4,0.08849557522123894,36
4,0.13513513513513514,62
4,0.04716981132075472,56
4,0.11494252873563218,63
4,0.04784688995215311,59
4,0.027777777777777776,53
4,0.05847953216374269,97
4,0.07246376811594203,53
4,0.10416666666666667,36
4,0.0392156862745098,61
4,0.027472527472527472,59
4,0.14285714285714285,73
4,0.03816793893129771,91
4,0.055248618784530384,58
4,0.1111111111111111,75
4,0.04032258064516129,94
4,0.14492753623188406,78
4,0.10989010989010989,36
4,0.09259259259259259,61
4,0.03508771929824561,53
4,0.13157894736842105,72
4,0.056818181818181816,92
4,0.06097560975609756,93
4,0.09900990099009901,73
4,0.2127659574468085,36
4,0.08771929824561403,67
4,0.042735042735042736,94
4,0.05181347150259067,91
4,0.02932551319648094,59
4,0.16129032258064516,78
4,0.03496503496503497,53
4,0.04405286343612335,68
4,0.1282051282051282,71
4,0.06578947368421052,57
4,0.04081632653061224,60
4,0.050505050505050504,57
4,0.13157894736842105,70
4,0.136986301369863,36
4,0.03424657534246575,96
4,0.047619047619047616,54
4,0.03597122302158273,53
4,0.02967359050445104,57
4,0.07692307692307693,75
4,0.10416666666666667,72
4,0.02610966057441253,55
4,0.028011204481792718,55
4,0.08695652173913043,36
4,0.06172839506172839,34
4,0.025,61
4,0.046511627906976744,57
4,0.14925373134328357,69
4,0.04504504504504504,87
4,0.06289308176100629,92
4,0.029585798816568046,72
4,0.04201680672268908,53
4,0.037037037037037035,54
4,0.09259259259259259,75
4,0.2631578947368421,36
4,0.136986301369863,63
4,0.03333333333333333,95
4,0.1724137931034483,34
4,0.03745318352059925,86
4,0.17857142857142858,34
4,0.02680965147453083,53
4,0.06369426751592357,89
4,0.0546448087431694,67
4,0.08403361344537816,36
4,0.04184100418410042,67
4,0.06711409395973154,79
4,0.09009009009009009,36
4,0.12658227848101267,69
4,0.029154518950437316,56
4,0.0684931506849315,94
4,0.03508771929824561,59
4,0.03759398496240601,94
4,0.038461538461538464,62
4,0.07936507936507936,36
4,0.08849557522123894,69
4,0.0625,71
4,0.15384615384615385,65
4,0.04524886877828054,57
4,0.043478260869565216,94
4,0.15625,36
4,0.033783783783783786,56
4,0.07042253521126761,77
4,0.043668122270742356,55
4,0.04,60
4,0.09345794392523364,36
4,0.03164556962025317,67
4,0.14285714285714285,74
4,0.046948356807511735,94
4,0.12987012987012986,36
4,0.16129032258064516,65
4,0.057803468208092484,59
4,0.054945054945054944,56
4,0.11627906976744186,70
4,0.03745318352059925,56
4,0.08130081300813008,95
4,0.09433962264150944,65
4,0.08064516129032258,65
4,0.05952380952380952,72
4,0.046948356807511735,87
4,0.136986301369863,64
4,0.15625,38
4,0.06535947712418301,53
4,0.18181818181818182,63
4,0.1388888888888889,36
4,0.031055900621118012,64
4,0.032467532467532464,87
4,0.052083333333333336,83
4,0.15384615384615385,62
4,0.09090909090909091,68
4,0.05319148936170213,53
4,0.04504504504504504,53
4,0.03115264797507788,54
4,0.1282051282051282,70
4,0.05025125628140704,58
4,0.12048192771084337,36
4,0.1111111111111111,36
4,0.038314176245210725,61
4,0.040160642570281124,59
4,0.14705882352941177,38
4,0.06097560975609756,59
4,0.18518518518518517,80
4,0.09259259259259259,63
4,0.09174311926605505,38
4,0.03937007874015748,94
4,0.17543859649122806,71
4,0.08547008547008547,59
4,0.02932551319648094,54
4,0.17543859649122806,75
4,0.01818181818181818,71
4,0.12048192771084337,32
4,0.14084507042253522,40
4,0.038314176245210725,89
4,0.09523809523809523,69
4,0.14492753623188406,67
4,0.04405286343612335,94
4,0.12987012987012986,36
4,0.057803468208092484,85
4,0.03663003663003663,96
4,0.03875968992248062,60
4,0.045662100456621,59
4,0.04739336492890995,90
4,0.11904761904761904,70
4,0.11363636363636363,66
4,0.17543859649122806,78
4,0.05235602094240838,94
4,0.17857142857142858,36
4,0.04716981132075472,67
4,0.04201680672268908,93
4,0.09009009009009009,38
4,0.10526315789473684,38
4,0.03968253968253968,57
4,0.10309278350515463,68
4,0.08403361344537816,68
4,0.02610966057441253,57
4,0.07407407407407407,60
4,0.05319148936170213,94
4,0.03597122302158273,59
4,0.14705882352941177,38
4,0.04,74
4,0.02849002849002849,94
4,0.08264462809917356,74
4,0.06451612903225806,58
4,0.10309278350515463,67
4,0.04329004329004329,54
4,0.2222222222222222,40
4,0.1,73
4,0.04672897196261682,53
4,0.09615384615384616,63
4,0.1282051282051282,36
4,0.04926108374384237,53
4,0.12048192771084337,34
4,0.041666666666666664,99
4,0.07352941176470588,71
4,0.0546448087431694,57
4,0.038461538461538464,59
4,0.05235602094240838,55
4,0.10309278350515463,38
4,0.05291005291005291,40
4,0.02570694087403599,88
4,0.136986301369863,62
4,0.03496503496503497,55
4,0.10989010989010989,64
4,0.049019607843137254,59
4,0.05235602094240838,55
4,0.15625,66
4,0.04484304932735426,66
4,0.09900990099009901,65
4,0.043859649122807015,106
4,0.041666666666666664,93
4,0.045871559633027525,93
4,0.03773584905660377,55
4,0.049019607843137254,57
4,0.04950495049504951,55
4,0.09259259259259259,65
4,0.026041666666666668,59
4,0.029498525073746312,61
4,0.06134969325153374,90
4,0.14705882352941177,40
4,0.18867924528301888,64
4,0.12345679012345678,36
4,0.15151515151515152,63
4,0.04291845493562232,54
4,0.043668122270742356,54
4,0.16129032258064516,73
4,0.040160642570281124,57
4,0.1282051282051282,38
4,0.05917159763313609,70
4,0.125,36
4,0.055248618784530384,91
4,0.0546448087431694,60
4,0.049019607843137254,68
4,0.036101083032490974,56
4,0.08547008547008547,36
4,0.13333333333333333,79
4,0.05917159763313609,79
4,0.07142857142857142,59
4,0.06622516556291391,61
4,0.17857142857142858,38
4,0.1,76
4,0.033783783783783786,60
4,0.20408163265306123,38
4,0.04878048780487805,57
4,0.11363636363636363,71
4,0.08403361344537816,62
4,0.12658227848101267,38
4,0.10638297872340426,65
4,0.10638297872340426,74
4,0.22727272727272727,36
4,0.08,38
4,0.11494252873563218,38
4,0.11764705882352941,63
4,0.06060606060606061,70
4,0.11363636363636363,73
4,0.02702702702702703,94
4,0.04424778761061947,96
4,0.09174311926605505,32
4,0.11904761904761904,36
4,0.05025125628140704,89
4,0.040160642570281124,94
4,0.07407407407407407,38
4,0.03076923076923077,54
4,0.05154639175257732,59
4,0.06993006993006994,68
4,0.03802281368821293,54
4,0.06666666666666667,38
4,0.05714285714285714,88
4,0.16666666666666666,70
4,0.2777777777777778,38
4,0.08849557522123894,38
4,0.02881844380403458,89
4,0.10869565217391304,34
4,0.04739336492890995,94
4,0.045662100456621,53
4,0.03546099290780142,92
4,0.044642857142857144,98
4,0.0364963503649635,67
4,0.09523809523809523,34
4,0.026737967914438502,85
4,0.11627906976744186,36
4,0.044444444444444446,56
4,0.02531645569620253,90
4,0.033444816053511704,95
4,0.10752688172043011,73
4,0.13333333333333333,65
4,0.038461538461538464,57
4,0.14492753623188406,69
4,0.05025125628140704,58
4,0.09259259259259259,38
4,0.11627906976744186,75
4,0.036231884057971016,90
4,0.0425531914893617,95
4,0.03424657534246575,59
4,0.052083333333333336,94
4,0.15625,36
4,0.10204081632653061,62
4,0.028089887640449437,89
4,0.125,36
4,0.02717391304347826,71
4,0.10869565217391304,64
4,0.027700831024930747,53
4,0.10526315789473684,75
4,0.04149377593360996,59
4,0.049019607843137254,96
4,0.08771929824561403,63
4,0.06993006993006994,56
4,0.0546448087431694,71
4,0.05847953216374269,53
4,0.07633587786259542,59
4,0.03597122302158273,68
4,0.14492753623188406,65
4,0.03225806451612903,53
4,0.1111111111111111,38
4,0.06493506493506493,54
4,0.03731343283582089,89
4,0.04184100418410042,90
4,0.17543859649122806,63
4,0.046511627906976744,53
4,0.03436426116838488,92
4,0.043668122270742356,56
4,0.03460207612456748,91
4,0.16393442622950818,36
4,0.029498525073746312,57
4,0.0970873786407767,69
4,0.027247956403269755,93
4,0.13157894736842105,64
4,0.04219409282700422,94
4,0.03484320557491289,56
4,0.037037037037037035,58
4,0.04405286343612335,93
4,0.10101010101010101,63
4,0.1,74
4,0.053475935828877004,57
4,0.030211480362537766,56
4,0.12048192771084337,77
4,0.2777777777777778,63
4,0.10309278350515463,68
4,0.03215434083601286,74
4,0.13333333333333333,72
4,0.02386634844868735,68
4,0.07194244604316546,64
4,0.04032258064516129,53
4,0.08064516129032258,36
4,0.0684931506849315,64
4,0.036101083032490974,54
4,0.04132231404958678,90
4,0.1724137931034483,36
4,0.0273972602739726,53
4,0.18867924528301888,68
4,0.07462686567164178,75
4,0.06711409395973154,89
4,0.038314176245210725,57
4,0.08064516129032258,72
4,0.12987012987012986,63
4,0.15873015873015872,72
4,0.11904761904761904,64
4,0.07194244604316546,38
4,0.041666666666666664,69
4,0.06622516556291391,84
4,0.14925373134328357,36
4,0.09174311926605505,65
4,0.10204081632653061,74
4,0.08403361344537816,52
4,0.03215434083601286,59
4,0.056818181818181816,55
4,0.08620689655172414,63
4,0.05714285714285714,60
4,0.03676470588235294,86
4,0.0392156862745098,53
4,0.16129032258064516,79
4,0.041666666666666664,94
4,0.04201680672268908,97
4,0.12987012987012986,36
4,0.0970873786407767,38
4,0.18867924528301888,71
4,0.23255813953488372,73
4,0.08849557522123894,69
4,0.10101010101010101,36
4,0.03676470588235294,53
4,0.053475935828877004,85
4,0.07874015748031496,60
4,0.03184713375796178,95
4,0.057803468208092484,60
4,0.16666666666666666,38
4,0.12195121951219512,36
4,0.08196721311475409,36
4,0.03424657534246575,53
4,0.025839793281653745,93
4,0.040160642570281124,61
4,0.03460207612456748,54
4,0.04081632653061224,54
4,0.04424778761061947,69
4,0.04739336492890995,60
4,0.07633587786259542,36
4,0.03558718861209965,64
4,0.12345679012345678,36
4,0.11494252873563218,36
4,0.03968253968253968,96
4,0.21739130434782608,70
4,0.09090909090909091,94
4,0.15625,71
4,0.09803921568627451,36
4,0.09009009009009009,34
4,0.12987012987012986,65
4,0.12345679012345678,72
4,0.12345679012345678,64
4,0.03134796238244514,93
4,0.045662100456621,59
4,0.03134796238244514,96
4,0.027548209366391185,71
4,0.12987012987012986,36
4,0.03875968992248062,57
4,0.04201680672268908,91
4,0.15625,72
4,0.029069767441860465,94
4,0.022271714922048998,53
4,0.08130081300813008,87
4,0.062111801242236024,70
4,0.038910505836575876,58
4,0.15151515151515152,36
4,0.08064516129032258,93
4,0.06756756756756757,55
4,0.13157894736842105,74
4,0.032679738562091505,55
4,0.045454545454545456,59
4,0.0423728813559322,53
4,0.14084507042253522,38
4,0.08264462809917356,67
4,0.07936507936507936,70
4,0.05154639175257732,65
4,0.07692307692307693,68
4,0.045871559633027525,53
4,0.04201680672268908,93
4,0.08403361344537816,36
4,0.03058103975535168,63
4,0.03690036900369004,58
4,0.035211267605633804,53
4,0.1111111111111111,62
4,0.059880239520958084,86
4,0.03759398496240601,73
4,0.08196721311475409,36
4,0.1282051282051282,38
4,0.038910505836575876,53
4,0.0625,94
4,0.08064516129032258,85
4,0.06329113924050633,58
4,0.12048192771084337,36
4,0.14084507042253522,38
4,0.14492753623188406,77
4,0.08264462809917356,40
4,0.043668122270742356,58
4,0.053475935828877004,61
4,0.14705882352941177,66
4,0.09900990099009901,63
4,0.14285714285714285,36
4,0.078125,70
4,0.044444444444444446,53
4,0.07142857142857142,86
4,0.058823529411764705,53
4,0.0392156862745098,98
4,0.045662100456621,73
4,0.1,77
4,0.04310344827586207,53
4,0.046296296296296294,88
4,0.12658227848101267,71
4,0.03355704697986577,86
4,0.054945054945054944,60
4,0.034482758620689655,102
4,0.1388888888888889,38
4,0.10101010101010101,75
4,0.03571428571428571,91
4,0.0411522633744856,60
4,0.12658227848101267,75
4,0.10989010989010989,60
4,0.02857142857142857,56
4,0.03184713375796178,54
4,0.125,67
4,0.03067484662576687,58
4,0.0425531914893617,92
4,0.047619047619047616,57
4,0.059880239520958084,53
4,0.08130081300813008,74
4,0.14084507042253522,64
4,0.06134969325153374,57
4,0.10638297872340426,63
4,0.11627906976744186,36
4,0.12048192771084337,36
4,0.04807692307692308,60
4,0.04291845493562232,55
4,0.04405286343612335,58
4,0.0423728813559322,58
4,0.11363636363636363,77
4,0.05714285714285714,60
4,0.1111111111111111,87
4,0.07751937984496124,42
4,0.04739336492890995,54
4,0.078125,100
4,0.13157894736842105,71
4,0.14925373134328357,66
4,0.057803468208092484,95
4,0.04405286343612335,83
4,0.030120481927710843,55
4,0.10989010989010989,34
4,0.09900990099009901,36
4,0.07352941176470588,57
4,0.1111111111111111,70
4,0.027548209366391185,53
4,0.07692307692307693,72
4,0.04424778761061947,53
4,0.09433962264150944,36
4,0.11235955056179775,44
4,0.03968253968253968,90
4,0.062111801242236024,73
4,0.040160642570281124,54
4,0.04608294930875576,54
4,0.02247191011235955,60
4,0.04424778761061947,90
4,0.11363636363636363,36
4,0.11904761904761904,70
4,0.05291005291005291,58
4,0.030959752321981424,74
4,0.10989010989010989,69
4,0.10989010989010989,67
4,0.06802721088435375,36
4,0.07407407407407407,34
4,0.078125,92
4,0.033003300330033,68
4,0.05747126436781609,54
4,0.16129032258064516,74
4,0.03546099290780142,59
4,0.08928571428571429,71
4,0.15384615384615385,36
4,0.06896551724137931,36
4,0.04878048780487805,66
4,0.028985507246376812,53
4,0.03058103975535168,54
4,0.027932960893854747,90
4,0.16666666666666666,73
4,0.09803921568627451,36
4,0.24390243902439024,71
4,0.030395136778115502,92
4,0.11235955056179775,63
4,0.029498525073746312,82
4,0.046296296296296294,88
4,0.03636363636363636,56
4,0.11363636363636363,68
4,0.042735042735042736,98
4,0.04219409282700422,57
4,0.10638297872340426,77
4,0.05263157894736842,59
4,0.13333333333333333,38
4,0.050761421319796954,62
4,0.1388888888888889,62
4,0.09009009009009009,62
4,0.0390625,86
4,0.04081632653061224,97
4,0.11764705882352941,66
4,0.09523809523809523,62
4,0.06666666666666667,76
4,0.13333333333333333,36
4,0.07936507936507936,36
4,0.18867924528301888,34
4,0.12195121951219512,71
4,0.09615384615384616,75
4,0.057803468208092484,54
4,0.1111111111111111,36
4,0.07874015748031496,57
4,0.022222222222222223,60
4,0.06578947368421052,56
4,0.17857142857142858,67
4,0.05952380952380952,87
4,0.06369426751592357,66
4,0.045662100456621,54
4,0.078125,85
4,0.15151515151515152,32
4,0.02881844380403458,85
4,0.03460207612456748,56
4,0.03676470588235294,64
4,0.09803921568627451,64
4,0.05813953488372093,59
4,0.16129032258064516,34
4,0.07246376811594203,36
4,0.06172839506172839,53
4,0.072992700729927,73
4,0.11363636363636363,67
4,0.05649717514124294,93
4,0.04854368932038835,55
4,0.09900990099009901,72
4,0.15384615384615385,74
4,0.05434782608695652,93
4,0.09009009009009009,91
4,0.05154639175257732,53
4,0.045662100456621,55
4,0.07042253521126761,57
4,0.03215434083601286,55
4,0.09900990099009901,36
4,0.09900990099009901,40
4,0.05405405405405406,59
4,0.09523809523809523,63
4,0.18867924528301888,36
4,0.05747126436781609,59
4,0.07352941176470588,38
4,0.10204081632653061,63
4,0.02564102564102564,59
4,0.05,95
4,0.0364963503649635,61
4,0.12048192771084337,66
4,0.050761421319796954,62
4,0.05649717514124294,84
4,0.09259259259259259,62
4,0.13157894736842105,36
4,0.0970873786407767,36
4,0.11627906976744186,75
4,0.054945054945054944,62
4,0.1282051282051282,36
4,0.031446540880503145,62
4,0.04405286343612335,53
4,0.10416666666666667,36
4,0.038910505836575876,93
4,0.05128205128205128,66
4,0.14285714285714285,40
4,0.08196721311475409,68
4,0.1388888888888889,38
4,0.050505050505050504,61
4,0.04291845493562232,85
4,0.027700831024930747,55
4,0.125,63
4,0.02967359050445104,54
4,0.11627906976744186,64
4,0.06578947368421052,70
4,0.21739130434782608,64
4,0.04672897196261682,56
4,0.030120481927710843,61
4,0.16666666666666666,40
4,0.11904761904761904,63
4,0.043859649122807015,56
4,0.13513513513513514,71
4,0.10526315789473684,34
4,0.10526315789473684,74
4,0.10752688172043011,38
4,0.05128205128205128,56
4,0.11627906976744186,74
4,0.02631578947368421,60
4,0.04672897196261682,66
4,0.1694915254237288,66
4,0.11494252873563218,36
4,0.05649717514124294,71
4,0.04149377593360996,93
4,0.125,53
4,0.03937007874015748,54
4,0.03802281368821293,91
4,0.054945054945054944,53
4,0.02824858757062147,55
4,0.2127659574468085,38
4,0.1694915254237288,36
4,0.030211480362537766,55
4,0.07407407407407407,38
4,0.15151515151515152,66
4,0.05263157894736842,58
4,0.13333333333333333,77
4,0.04405286343612335,93
4,0.04608294930875576,91
4,0.05649717514124294,92
4,0.12048192771084337,69
4,0.12048192771084337,62
4,0.043668122270742356,53
4,0.1111111111111111,76
4,0.11764705882352941,67
4,0.04329004329004329,94
4,0.1,67
4,0.040983606557377046,62
4,0.05263157894736842,96
4,0.1388888888888889,38
4,0.032362459546925564,53
4,0.13513513513513514,63
4,0.05747126436781609,58
4,0.043859649122807015,95
4,0.15625,68
4,0.04854368932038835,96
4,0.056179775280898875,56
4,0.21739130434782608,36
4,0.15625,39
4,0.08771929824561403,38
4,0.12987012987012986,76
4,0.10101010101010101,63
4,0.04201680672268908,53
4,0.12987012987012986,62
4,0.0970873786407767,36
4,0.059880239520958084,36
4,0.12048192771084337,36
4,0.03546099290780142,72
4,0.13333333333333333,78
4,0.02932551319648094,93
4,0.09523809523809523,68
4,0.07575757575757576,70
4,0.08547008547008547,65
4,0.036101083032490974,71
4,0.060240963855421686,55
4,0.10101010101010101,36
4,0.035842293906810034,70
4,0.056179775280898875,38
4,0.056818181818181816,67
4,0.1388888888888889,73
4,0.040983606557377046,54
4,0.04739336492890995,99
4,0.15625,65
4,0.05154639175257732,54
4,0.05847953216374269,61
4,0.04184100418410042,59
4,0.07246376811594203,95
4,0.031055900621118012,54
4,0.09433962264150944,62
4,0.12345679012345678,79
4,0.030959752321981424,95
4,0.03355704697986577,65
4,0.19607843137254902,79
4,0.03164556962025317,93
4,0.17543859649122806,36
4,0.020080321285140562,59
4,0.043478260869565216,53
4,0.08264462809917356,65
4,0.10869565217391304,36
4,0.032679738562091505,59
4,0.125,69
4,0.12345679012345678,63
4,0.14084507042253522,38
4,0.0353356890459364,53
4,0.2777777777777778,63
4,0.11764705882352941,71
4,0.044642857142857144,56
4,0.04201680672268908,63
4,0.05405405405405406,65
4,0.15873015873015872,64
4,0.05128205128205128,100
4,0.13513513513513514,64
4,0.11904761904761904,70
4,0.06622516556291391,92
4,0.11627906976744186,34
4,0.022123893805309734,57
4,0.03597122302158273,84
4,0.03225806451612903,68
4,0.024691358024691357,70
4,0.05235602094240838,97
4,0.05319148936170213,91
4,0.1388888888888889,36
4,0.031446540880503145,96
4,0.14084507042253522,62
4,0.08771929824561403,40
4,0.02577319587628866,92
4,0.0392156862745098,92
4,0.02617801047120419,55
4,0.06369426751592357,57
4,0.07936507936507936,36
4,0.125,76
4,0.125,63
4,0.05649717514124294,55
4,0.13157894736842105,70
4,0.02967359050445104,88
4,0.0970873786407767,38
4,0.10101010101010101,36
4,0.03333333333333333,71
4,0.14492753623188406,73
4,0.056818181818181816,67
4,0.07518796992481203,73
4,0.08196721311475409,65
4,0.04132231404958678,88
4,0.03861003861003861,64
4,0.05025125628140704,55
4,0.1724137931034483,36
4,0.05291005291005291,91
4,0.07092198581560284,74
4,0.0970873786407767,73
4,0.09523809523809523,34
4,0.16393442622950818,36
4,0.09174311926605505,36
4,0.04184100418410042,53
4,0.08064516129032258,75
4,0.1,64
4,0.12987012987012986,62
4,0.030395136778115502,53
4,0.059880239520958084,68
4,0.16393442622950818,68
4,0.038910505836575876,86
4,0.0970873786407767,38
4,0.04081632653061224,70
4,0.0234192037470726,86
4,0.038461538461538464,58
4,0.03597122302158273,58
4,0.09345794392523364,34
4,0.025510204081632654,93
4,0.03663003663003663,53
4,0.06329113924050633,67
4,0.04608294930875576,53
4,0.054945054945054944,87
4,0.12195121951219512,60
4,0.056179775280898875,57
4,0.14084507042253522,74
4,0.1388888888888889,77
4,0.15873015873015872,62
4,0.07194244604316546,38
4,0.03546099290780142,94
4,0.11494252873563218,63
4,0.034722222222222224,100
4,0.10989010989010989,38
4,0.049019607843137254,73
4,0.07407407407407407,63
4,0.10752688172043011,36
4,0.10989010989010989,34
4,0.11627906976744186,75
4,0.04149377593360996,91
4,0.044444444444444446,59
4,0.1,62
4,0.04975124378109453,36
4,0.072992700729927,79
4,0.032467532467532464,67
4,0.062111801242236024,97
4,0.09523809523809523,74
4,0.19230769230769232,38
4,0.2222222222222222,84
4,0.2,64
4,0.023752969121140142,53
4,0.03289473684210526,95
4,0.04878048780487805,97
4,0.14285714285714285,38
4,0.12195121951219512,40
4,0.025906735751295335,53
4,0.033783783783783786,67
4,0.15625,64
4,0.08196721311475409,38
4,0.10989010989010989,36
4,0.050761421319796954,65
4,0.04201680672268908,67
4,0.04716981132075472,53
4,0.16129032258064516,38
4,0.02242152466367713,53
4,0.12345679012345678,63
4,0.055248618784530384,93
4,0.09900990099009901,38
4,0.08928571428571429,75
4,0.19607843137254902,82
4,0.1111111111111111,38
4,0.022271714922048998,60
4,0.04,90
4,0.04329004329004329,66
4,0.10526315789473684,66
4,0.035211267605633804,79
4,0.0625,57
4,0.0423728813559322,92
4,0.10101010101010101,76
4,0.17857142857142858,36
4,0.046511627906976744,93
4,0.03048780487804878,62
4,0.072992700729927,42
4,0.058823529411764705,90
4,0.06993006993006994,89
4,0.09345794392523364,65
4,0.023148148148148147,99
4,0.03558718861209965,56
4,0.04065040650406504,79
4,0.047619047619047616,93
4,0.026455026455026454,63
4,0.041666666666666664,66
4,0.020703933747412008,92
4,0.16129032258064516,64
4,0.045454545454545456,86
4,0.040160642570281124,60
4,0.10101010101010101,36
4,0.08928571428571429,74
4,0.06369426751592357,68
4,0.04048582995951417,92
4,0.1724137931034483,40
4,0.04504504504504504,90
4,0.04149377593360996,59
4,0.18181818181818182,71
4,0.04291845493562232,55
4,0.125,70
4,0.029154518950437316,57
4,0.035842293906810034,53
4,0.10309278350515463,67
4,0.062111801242236024,53
4,0.03257328990228013,59
4,0.1282051282051282,78
4,0.043859649122807015,55
4,0.16129032258064516,74
4,0.05405405405405406,53
4,0.12048192771084337,76
4,0.026595744680851064,54
4,0.04310344827586207,56
4,0.03745318352059925,71
4,0.06329113924050633,94
4,0.03875968992248062,56
4,0.08064516129032258,62
4,0.058823529411764705,97
4,0.043478260869565216,54
4,0.02702702702702703,72
4,0.024509803921568627,55
4,0.030959752321981424,91
4,0.11494252873563218,66
4,0.05128205128205128,56
4,0.072992700729927,89
4,0.07518796992481203,36
4,0.027700831024930747,91
4,0.027247956403269755,59
4,0.03597122302158273,70
4,0.058823529411764705,61
4,0.12048192771084337,42
4,0.09259259259259259,68
4,0.07407407407407407,66
4,0.049019607843137254,62
4,0.05747126436781609,54
4,0.028409090909090908,68
4,0.07692307692307693,57
4,0.04081632653061224,59
4,0.03571428571428571,57
4,0.0390625,93
4,0.032467532467532464,70
4,0.06622516556291391,57
4,0.036231884057971016,56
4,0.136986301369863,36
4,0.035842293906810034,53
4,0.044444444444444446,94
4,0.03731343283582089,56
4,0.12048192771084337,36
4,0.0364963503649635,89
4,0.08547008547008547,36
4,0.03731343283582089,55
4,0.10101010101010101,63
4,0.12987012987012986,69
4,0.05714285714285714,56
4,0.055865921787709494,53
4,0.04048582995951417,55
4,0.03861003861003861,90
4,0.035842293906810034,53
4,0.03484320557491289,59
4,0.09433962264150944,36
4,0.13333333333333333,75
4,0.03773584905660377,100
4,0.04184100418410042,96
4,0.19230769230769232,36
4,0.08130081300813008,54
4,0.05649717514124294,53
4,0.03322259136212625,53
4,0.033112582781456956,88
4,0.09803921568627451,70
4,0.05747126436781609,61
4,0.11363636363636363,66
4,0.05025125628140704,63
4,0.033444816053511704,53
4,0.036101083032490974,67
4,0.07936507936507936,38
4,0.125,77
4,0.054945054945054944,56
4,0.032467532467532464,53
4,0.04,57
4,0.09615384615384616,36
4,0.10989010989010989,62
4,0.025,58
4,0.03389830508474576,96
4,0.04149377593360996,58
4,0.11764705882352941,73
4,0.09803921568627451,61
4,0.06060606060606061,67
4,0.044444444444444446,40
4,0.032362459546925564,53
4,0.04310344827586207,61
4,0.025510204081632654,89
4,0.10869565217391304,70
4,0.036101083032490974,72
4,0.05952380952380952,96
4,0.07874015748031496,36
4,0.032467532467532464,92
4,0.17543859649122806,74
4,0.11904761904761904,38
4,0.03676470588235294,66
4,0.046511627906976744,53
4,0.047619047619047616,53
4,0.1,76
4,0.07633587786259542,69
4,0.07575757575757576,97
4,0.125,36
4,0.028169014084507043,62
4,0.053763440860215055,59
4,0.03597122302158273,99
4,0.12195121951219512,63
4,0.03875968992248062,90
4,0.057803468208092484,54
4,0.078125,63
4,0.035211267605633804,72
4,0.08264462809917356,63
4,0.030120481927710843,91
4,0.09090909090909091,78
4,0.12658227848101267,75
4,0.05813953488372093,55
4,0.09900990099009901,67
4,0.11494252873563218,66
4,0.18181818181818182,36
4,0.04484304932735426,90
4,0.05405405405405406,98
4,0.0684931506849315,67
4,0.17543859649122806,45
4,0.08849557522123894,32
4,0.03968253968253968,92
4,0.03278688524590164,94
4,0.034482758620689655,89
4,0.10309278350515463,72
4,0.0392156862745098,55
4,0.06172839506172839,55
4,0.04219409282700422,58
4,0.0398406374501992,59
4,0.03745318352059925,96
4,0.02857142857142857,57
4,0.0411522633744856,87
4,0.1694915254237288,36
4,0.11627906976744186,56
4,0.125,67
4,0.15873015873015872,72
4,0.09009009009009009,78
4,0.07194244604316546,38
4,0.0398406374501992,59
4,0.06493506493506493,57
4,0.11627906976744186,66
4,0.037037037037037035,89
4,0.12048192771084337,36
4,0.046948356807511735,92
4,0.03861003861003861,55
4,0.08928571428571429,65
4,0.10101010101010101,76
4,0.06289308176100629,59
4,0.02386634844868735,55
4,0.029585798816568046,54
4,0.19230769230769232,63
4,0.04081632653061224,100
4,0.02444987775061125,53
4,0.13333333333333333,66
4,0.15151515151515152,63
4,0.02824858757062147,70
4,0.10204081632653061,36
4,0.13513513513513514,70
4,0.10416666666666667,68
4,0.045871559633027525,57
4,0.12345679012345678,70
4,0.0353356890459364,54
4,0.0392156862745098,57
4,0.04291845493562232,97
4,0.09433962264150944,72
4,0.03333333333333333,58
4,0.08333333333333333,38
4,0.18181818181818182,36
4,0.15151515151515152,38
4,0.08849557522123894,70
4,0.1388888888888889,69
4,0.025510204081632654,86
4,0.10869565217391304,62
4,0.09615384615384616,78
4,0.0423728813559322,92
4,0.03333333333333333,58
4,0.03636363636363636,57
4,0.13513513513513514,36
4,0.09259259259259259,38
4,0.06535947712418301,57
4,0.13157894736842105,47
4,0.047619047619047616,61
4,0.03164556962025317,54
4,0.04032258064516129,60
4,0.03333333333333333,94
4,0.18181818181818182,36
4,0.053475935828877004,69
4,0.06451612903225806,100
4,0.09523809523809523,89
4,0.03787878787878788,53
4,0.028011204481792718,59
4,0.08130081300813008,62
4,0.11494252873563218,76
4,0.09615384615384616,62
4,0.04807692307692308,57
4,0.06172839506172839,74
4,0.08333333333333333,42
4,0.05319148936170213,74
4,0.11494252873563218,67
4,0.14705882352941177,75
4,0.09615384615384616,40
4,0.03134796238244514,60
4,0.0546448087431694,95
4,0.09345794392523364,64
4,0.08695652173913043,59
4,0.03508771929824561,54
4,0.03937007874015748,53
4,0.10204081632653061,97
4,0.08064516129032258,38
4,0.040983606557377046,54
4,0.025252525252525252,58
4,0.032467532467532464,62
4,0.09433962264150944,36
4,0.05291005291005291,55
4,0.02932551319648094,55
4,0.09523809523809523,72
4,0.09900990099009901,38
4,0.047619047619047616,96
4,0.03436426116838488,54
4,0.042735042735042736,87
4,0.14705882352941177,63
4,0.09615384615384616,40
4,0.10204081632653061,62
4,0.17857142857142858,38
4,0.050505050505050504,59
4,0.08333333333333333,77
4,0.11904761904761904,74
4,0.06802721088435375,94
4,0.12987012987012986,64
4,0.125,38
4,0.04504504504504504,56
4,0.08403361344537816,38
4,0.14492753623188406,62
4,0.03436426116838488,57
4,0.13157894736842105,63
4,0.04219409282700422,58
4,0.04716981132075472,88
4,0.12195121951219512,60
4,0.13157894736842105,64
4,0.07194244604316546,77
4,0.13513513513513514,38
4,0.11627906976744186,36
4,0.04950495049504951,58
4,0.14492753623188406,36
4,0.10752688172043011,77
4,0.07352941176470588,96
4,0.07194244604316546,55
4,0.21739130434782608,38
4,0.05263157894736842,88
4,0.046948356807511735,74
4,0.03558718861209965,91
4,0.046948356807511735,92
4,0.043859649122807015,59
4,0.09615384615384616,36
4,0.15151515151515152,67
4,0.0641025641025641,88
4,0.045662100456621,55
4,0.06134969325153374,55
4,0.12658227848101267,66
4,0.022675736961451247,90
4,0.049019607843137254,59
4,0.03322259136212625,56
4,0.18181818181818182,63
4,0.038910505836575876,53
4,0.044642857142857144,58
4,0.027247956403269755,96
4,0.05025125628140704,55
4,0.07751937984496124,64
4,0.025906735751295335,68
4,0.043859649122807015,59
4,0.1282051282051282,38
4,0.030303030303030304,66
4,0.04524886877828054,86
4,0.07246376811594203,59
4,0.12658227848101267,60
4,0.025906735751295335,70
4,0.07936507936507936,72
4,0.12195121951219512,38
4,0.06993006993006994,59
4,0.052083333333333336,55
4,0.1388888888888889,68
4,0.13333333333333333,66
4,0.04807692307692308,68
4,0.12195121951219512,38
4,0.02506265664160401,89
4,0.04329004329004329,60
4,0.025380710659898477,59
4,0.16393442622950818,72
4,0.04950495049504951,91
4,0.03115264797507788,61
4,0.07194244604316546,66
4,0.04,96
4,0.043478260869565216,53
4,0.12658227848101267,68
4,0.028901734104046242,92
4,0.11494252873563218,60
4,0.0847457627118644,34
4,0.06666666666666667,95
4,0.04950495049504951,92
4,0.03125,95
4,0.028901734104046242,93
4,0.13333333333333333,66
4,0.12048192771084337,64
4,0.1111111111111111,36
4,0.1282051282051282,68
4,0.02531645569620253,56
4,0.13513513513513514,64
4,0.1,36
4,0.09803921568627451,36
4,0.05847953216374269,53
4,0.06944444444444445,36
4,0.20833333333333334,62
4,0.04424778761061947,78
4,0.09174311926605505,61
4,0.09615384615384616,34
4,0.07407407407407407,88
4,0.05319148936170213,90
4,0.10638297872340426,44
4,0.09090909090909091,71
4,0.15384615384615385,65
4,0.04149377593360996,56
4,0.03731343283582089,56
4,0.11627906976744186,64
4,0.09009009009009009,38
4,0.034129692832764506,57
4,0.11627906976744186,63
4,0.06329113924050633,62
4,0.04149377593360996,101
4,0.05263157894736842,95
4,0.029498525073746312,96
4,0.02976190476190476,89
4,0.04310344827586207,60
4,0.12345679012345678,36
4,0.18518518518518517,34
4,0.05649717514124294,54
4,0.03484320557491289,98
4,0.03759398496240601,55
4,0.12195121951219512,67
4,0.10416666666666667,64
4,0.04184100418410042,70
4,0.07092198581560284,96
4,0.136986301369863,62
4,0.05025125628140704,58
4,0.059880239520958084,66
4,0.09900990099009901,62
4,0.06097560975609756,91
4,0.10638297872340426,38
4,0.0423728813559322,64
4,0.04739336492890995,89
4,0.07692307692307693,71
4,0.055248618784530384,56
4,0.11764705882352941,71
4,0.09900990099009901,74
4,0.046296296296296294,63
4,0.08620689655172414,65
4,0.06134969325153374,36
4,0.12658227848101267,70
4,0.03355704697986577,70
4,0.04310344827586207,70
4,0.15625,73
4,0.15151515151515152,36
4,0.15384615384615385,38
4,0.050505050505050504,54
4,0.05917159763313609,88
4,0.0392156862745098,54
4,0.1,63
4,0.10752688172043011,72
4,0.11904761904761904,76
4,0.14084507042253522,60
4,0.07194244604316546,38
4,0.06451612903225806,94
4,0.060240963855421686,59
4,0.10416666666666667,70
4,0.046948356807511735,57
4,0.038314176245210725,59
4,0.08928571428571429,90
4,0.12345679012345678,36
4,0.07692307692307693,54
4,0.02849002849002849,60
4,0.03048780487804878,54
4,0.13513513513513514,38
4,0.052083333333333336,55
4,0.05154639175257732,54
4,0.08196721311475409,64
4,0.03496503496503497,87
4,0.09009009009009009,82
4,0.04329004329004329,60
4,0.034722222222222224,54
4,0.10638297872340426,36
4,0.16666666666666666,36
4,0.057803468208092484,87
4,0.13333333333333333,78
4,0.04149377593360996,57
4,0.05154639175257732,88
4,0.09615384615384616,65
4,0.1388888888888889,38
4,0.028735632183908046,91
4,0.1282051282051282,71
4,0.11627906976744186,38
4,0.04926108374384237,67
4,0.09259259259259259,78
4,0.10752688172043011,74
4,0.08403361344537816,57
4,0.08064516129032258,81
4,0.03731343283582089,59
4,0.17543859649122806,38
4,0.022727272727272728,93
4,0.03058103975535168,101
4,0.054945054945054944,59
4,0.05434782608695652,68
4,0.055865921787709494,53
4,0.13157894736842105,65
4,0.09523809523809523,39
4,0.1724137931034483,74
4,0.21739130434782608,64
4,0.03215434083601286,53
4,0.08771929824561403,36
4,0.043478260869565216,92
4,0.07352941176470588,56
4,0.02617801047120419,56
4,0.0641025641025641,60
4,0.1724137931034483,68
4,0.08333333333333333,96
4,0.03875968992248062,95
4,0.053763440860215055,58
4,0.1,38
4,0.05917159763313609,92
4,0.20833333333333334,34
4,0.03225806451612903,59
4,0.034013605442176874,53
4,0.18867924528301888,34
4,0.03773584905660377,102
4,0.05319148936170213,53
4,0.03225806451612903,70
4,0.04504504504504504,56
4,0.09615384615384616,38
4,0.07194244604316546,74
4,0.03597122302158273,90
4,0.07462686567164178,95
4,0.10309278350515463,62
4,0.07246376811594203,75
4,0.027548209366391185,57
4,0.07352941176470588,92
4,0.09345794392523364,36
4,0.11494252873563218,38
4,0.13333333333333333,68
4,0.10638297872340426,38
4,0.13157894736842105,36
4,0.15151515151515152,38
4,0.04310344827586207,74
4,0.1388888888888889,65
4,0.09174311926605505,73
4,0.09433962264150944,70
4,0.2564102564102564,40
4,0.03773584905660377,53
4,0.03164556962025317,97
4,0.0546448087431694,92
4,0.02849002849002849,55
4,0.04878048780487805,61
4,0.06711409395973154,59
4,0.07194244604316546,58
4,0.15151515151515152,36
4,0.11627906976744186,62
4,0.053475935828877004,59
4,0.05,57
4,0.09259259259259259,38
4,0.07462686567164178,73
4,0.058823529411764705,53
4,0.05128205128205128,85
4,0.027700831024930747,53
4,0.11764705882352941,34
4,0.08928571428571429,68
4,0.07462686567164178,73
4,0.15625,76
4,0.16129032258064516,62
4,0.078125,40
4,0.11363636363636363,63
4,0.04201680672268908,55
4,0.09433962264150944,36
4,0.04926108374384237,98
4,0.05714285714285714,87
4,0.05263157894736842,53
4,0.10752688172043011,42
4,0.04739336492890995,56
4,0.03759398496240601,55
4,0.1388888888888889,36
4,0.03968253968253968,90
4,0.03802281368821293,54
4,0.025839793281653745,58
4,0.031545741324921134,61
4,0.031055900621118012,85
4,0.11363636363636363,63
4,0.038461538461538464,92
4,0.03773584905660377,89
4,0.09009009009009009,38
4,0.1388888888888889,38
4,0.04132231404958678,72
4,0.09009009009009009,36
4,0.10416666666666667,38
4,0.030303030303030304,88
4,0.047619047619047616,63
4,0.10204081632653061,63
4,0.07936507936507936,78
4,0.045871559633027525,56
4,0.03861003861003861,91
4,0.027700831024930747,71
4,0.038910505836575876,53
4,0.07407407407407407,94
4,0.12658227848101267,73
4,0.09433962264150944,64
4,0.06369426751592357,57
4,0.16666666666666666,73
4,0.05555555555555555,54
4,0.07518796992481203,91
4,0.19230769230769232,34
4,0.06666666666666667,66
4,0.03546099290780142,54
4,0.026737967914438502,53
4,0.04310344827586207,92
4,0.03125,86
4,0.16666666666666666,38
4,0.058823529411764705,68
4,0.04310344827586207,67
4,0.03424657534246575,59
4,0.06493506493506493,62
4,0.11627906976744186,36
4,0.11627906976744186,38
4,0.0970873786407767,62
4,0.08771929824561403,56
4,0.18181818181818182,36
4,0.06622516556291391,38
4,0.04854368932038835,67
4,0.03508771929824561,99
4,0.07751937984496124,72
4,0.05291005291005291,53
4,0.07462686567164178,38
4,0.12048192771084337,74
4,0.1724137931034483,36
4,0.07092198581560284,54
4,0.06369426751592357,63
4,0.11235955056179775,68
4,0.10101010101010101,65
4,0.13513513513513514,62
4,0.029411764705882353,56
4,0.08064516129032258,74
4,0.20408163265306123,65
4,0.136986301369863,62
4,0.040160642570281124,53
4,0.054945054945054944,58
4,0.09803921568627451,38
4,0.13333333333333333,36
4,0.1,65
4,0.1111111111111111,64
4,0.06172839506172839,86
4,0.05181347150259067,54
4,0.03164556962025317,69
4,0.10752688172043011,36
4,0.035842293906810034,95
4,0.09345794392523364,40
4,0.07142857142857142,95
4,0.07194244604316546,97
4,0.06134969325153374,56
4,0.028735632183908046,61
4,0.12195121951219512,68
4,0.044642857142857144,91
4,0.08,38
4,0.08928571428571429,62
4,0.03484320557491289,98
4,0.030120481927710843,70
4,0.058823529411764705,54
4,0.1,38
4,0.04149377593360996,96
4,0.03194888178913738,86
4,0.044444444444444446,53
4,0.06369426751592357,68
4,0.058823529411764705,90
4,0.1,64
4,0.11764705882352941,36
4,0.04784688995215311,74
4,0.08064516129032258,38
4,0.06756756756756757,57
4,0.10416666666666667,36
4,0.09803921568627451,36
4,0.03861003861003861,58
4,0.12048192771084337,36
4,0.07194244604316546,53
4,0.18518518518518517,38
4,0.03355704697986577,56
4,0.043859649122807015,54
4,0.031746031746031744,95
4,0.05102040816326531,34
4,0.13513513513513514,38
4,0.050505050505050504,53
4,0.03773584905660377,92
4,0.10989010989010989,36
4,0.11494252873563218,38
4,0.09090909090909091,92
4,0.054945054945054944,67
4,0.125,44
4,0.053475935828877004,95
4,0.03597122302158273,68
4,0.03968253968253968,100
4,0.13513513513513514,38
4,0.11764705882352941,38
4,0.046296296296296294,71
4,0.04878048780487805,93
4,0.11764705882352941,38
4,0.09009009009009009,38
4,0.09433962264150944,63
4,0.07092198581560284,68
4,0.11764705882352941,65
4,0.041666666666666664,57
4,0.16129032258064516,44
4,0.024271844660194174,54
4,0.029850746268656716,55
4,0.09433962264150944,64
4,0.07936507936507936,54
4,0.24390243902439024,65
4,0.05319148936170213,57
4,0.10309278350515463,36
4,0.10101010101010101,68
4,0.03759398496240601,59
4,0.07194244604316546,32
4,0.06622516556291391,94
4,0.038461538461538464,58
4,0.08928571428571429,66
4,0.1282051282051282,69
4,0.05917159763313609,60
4,0.14705882352941177,71
4,0.046511627906976744,54
4,0.03194888178913738,74
4,0.12658227848101267,38
4,0.14084507042253522,36
4,0.1724137931034483,64
4,0.035211267605633804,56
4,0.02881844380403458,53
4,0.1111111111111111,36
4,0.13157894736842105,36
4,0.050505050505050504,98
4,0.13513513513513514,38
4,0.04926108374384237,54
4,0.14285714285714285,38
4,0.033003300330033,96
4,0.1388888888888889,81
4,0.11764705882352941,38
4,0.060240963855421686,71
4,0.02364066193853428,53
4,0.023809523809523808,58
4,0.030864197530864196,54
4,0.13157894736842105,75
4,0.1,65
4,0.0398406374501992,94
4,0.1282051282051282,69
4,0.1282051282051282,38
4,0.06134969325153374,78
4,0.136986301369863,72
4,0.052083333333333336,56
4,0.11764705882352941,62
4,0.14925373134328357,63
4,0.03787878787878788,90
4,0.057803468208092484,93
4,0.027777777777777776,94
4,0.040983606557377046,58
4,0.2127659574468085,69
4,0.10204081632653061,74
4,0.12345679012345678,36
4,0.03636363636363636,57
4,0.10101010101010101,60
4,0.032467532467532464,59
4,0.0423728813559322,55
4,0.08403361344537816,75
4,0.0392156862745098,54
4,0.03048780487804878,97
4,0.03636363636363636,59
4,0.10526315789473684,71
4,0.03676470588235294,97
4,0.04424778761061947,55
4,0.09009009009009009,62
4,0.03968253968253968,93
4,0.14705882352941177,36
4,0.1111111111111111,68
4,0.11494252873563218,64
4,0.10204081632653061,73
4,0.07633587786259542,94
4,0.02012072434607646,71
4,0.02824858757062147,68
4,0.08547008547008547,79
4,0.07092198581560284,91
4,0.06622516556291391,59
4,0.04950495049504951,59
4,0.08928571428571429,72
4,0.045662100456621,57
4,0.11235955056179775,66
4,0.034482758620689655,53
4,0.03636363636363636,96
4,0.09433962264150944,38
4,0.1694915254237288,67
4,0.029850746268656716,53
4,0.14705882352941177,38
4,0.09259259259259259,104
4,0.10309278350515463,38
4,0.04484304932735426,58
4,0.0411522633744856,92
4,0.12658227848101267,62
4,0.03968253968253968,53
4,0.038910505836575876,79
4,0.025974025974025976,67
4,0.12658227848101267,64
4,0.036231884057971016,53
4,0.125,44
4,0.04672897196261682,59
4,0.029069767441860465,67
4,0.06711409395973154,38
4,0.056179775280898875,101
4,0.11363636363636363,38
4,0.12987012987012986,38
4,0.0684931506849315,56
4,0.15151515151515152,38
4,0.05128205128205128,56
4,0.12195121951219512,38
4,0.15151515151515152,76
4,0.03367003367003367,92
4,0.08403361344537816,63
4,0.05128205128205128,59
4,0.05649717514124294,53
4,0.08695652173913043,79
4,0.026385224274406333,53
4,0.060240963855421686,55
4,0.03289473684210526,92
4,0.04950495049504951,95
4,0.03115264797507788,57
4,0.03690036900369004,53
4,0.08849557522123894,62
4,0.045454545454545456,94
4,0.0364963503649635,92
4,0.09009009009009009,65
4,0.16666666666666666,36
4,0.10309278350515463,68
4,0.08928571428571429,67
4,0.0970873786407767,73
4,0.12987012987012986,74
4,0.06369426751592357,86
4,0.07633587786259542,38
4,0.046948356807511735,94
4,0.06711409395973154,59
4,0.04405286343612335,57
4,0.052083333333333336,58
4,0.02702702702702703,100
4,0.03690036900369004,61
4,0.09523809523809523,38
4,0.0411522633744856,54
4,0.021739130434782608,60
4,0.04048582995951417,94
4,0.0970873786407767,74
4,0.07194244604316546,88
4,0.1282051282051282,38
4,0.04672897196261682,63
4,0.03676470588235294,58
4,0.059880239520958084,57
4,0.04048582995951417,59
4,0.03802281368821293,70
4,0.03690036900369004,64
4,0.03225806451612903,94
4,0.12658227848101267,36
4,0.13333333333333333,62
4,0.10989010989010989,78
4,0.03636363636363636,73
4,0.08620689655172414,57
4,0.04504504504504504,90
4,0.043478260869565216,53
4,0.10526315789473684,62
4,0.08620689655172414,36
4,0.044642857142857144,60
4,0.05102040816326531,54
4,0.049019607843137254,63
4,0.07633587786259542,79
4,0.03802281368821293,55
4,0.032679738562091505,66
4,0.06493506493506493,78
4,0.038314176245210725,55
4,0.078125,62
4,0.045454545454545456,57
4,0.019455252918287938,54
4,0.12987012987012986,40
4,0.04950495049504951,55
4,0.15625,63
4,0.05649717514124294,55
4,0.09259259259259259,65
4,0.030303030303030304,53
4,0.050505050505050504,53
4,0.030303030303030304,107
4,0.034722222222222224,54
4,0.15873015873015872,78
4,0.04854368932038835,53
4,0.08064516129032258,72
4,0.13333333333333333,75
4,0.05747126436781609,95
4,0.040160642570281124,55
4,0.03759398496240601,62
4,0.07246376811594203,34
4,0.09345794392523364,36
4,0.056179775280898875,87
4,0.09523809523809523,67
4,0.03367003367003367,53
4,0.11235955056179775,70
4,0.10204081632653061,75
4,0.12658227848101267,34
4,0.1388888888888889,79
4,0.08928571428571429,63
4,0.14285714285714285,36
4,0.08264462809917356,36
4,0.11363636363636363,68
4,0.04807692307692308,98
4,0.02857142857142857,55
4,0.24390243902439024,64
4,0.06097560975609756,53
4,0.04784688995215311,68
4,0.04830917874396135,54
4,0.03802281368821293,68
4,0.04716981132075472,54
4,0.10526315789473684,66
4,0.14705882352941177,65
4,0.07462686567164178,36
4,0.02881844380403458,53
4,0.17543859649122806,43
4,0.024875621890547265,53
4,0.05,53
4,0.09433962264150944,63
4,0.14084507042253522,68
4,0.040160642570281124,59
4,0.034129692832764506,57
4,0.16666666666666666,36
4,0.10869565217391304,69
4,0.2702702702702703,66
4,0.05025125628140704,88
4,0.07462686567164178,64
4,0.027548209366391185,59
4,0.15873015873015872,75
4,0.07352941176470588,87
4,0.10638297872340426,64
4,0.03875968992248062,57
4,0.06369426751592357,36
4,0.043668122270742356,54
4,0.046948356807511735,55
4,0.03484320557491289,56
4,0.07751937984496124,62
4,0.043668122270742356,59
4,0.052083333333333336,97
4,0.0684931506849315,86
4,0.09259259259259259,68
4,0.05847953216374269,60
4,0.046511627906976744,59
4,0.026455026455026454,90
4,0.08620689655172414,64
4,0.06802721088435375,90
4,0.11764705882352941,69
4,0.03745318352059925,58
4,0.17857142857142858,72
4,0.11904761904761904,38
4,0.0273972602739726,89
4,0.03875968992248062,91
4,0.030120481927710843,71
4,0.04201680672268908,92
4,0.04081632653061224,54
4,0.040983606557377046,53
4,0.05102040816326531,61
4,0.044444444444444446,60
4,0.14084507042253522,38
4,0.03067484662576687,55
4,0.03003003003003003,59
4,0.06993006993006994,54
4,0.03676470588235294,53
4,0.10309278350515463,66
4,0.053475935828877004,56
4,0.1111111111111111,36
4,0.14925373134328357,72
4,0.052083333333333336,58
4,0.08,63
4,0.04201680672268908,53
4,0.08130081300813008,75
4,0.05154639175257732,54
4,0.11235955056179775,38
4,0.02932551319648094,53
4,0.12658227848101267,70
4,0.06711409395973154,36
4,0.10416666666666667,68
4,0.08196721311475409,89
4,0.03496503496503497,59
4,0.029154518950437316,90
4,0.1,36
4,0.03194888178913738,53
4,0.05952380952380952,58
4,0.030120481927710843,54
4,0.032362459546925564,59
4,0.07407407407407407,68
4,0.08064516129032258,38
4,0.02680965147453083,56
4,0.055248618784530384,62
4,0.08064516129032258,36
4,0.037037037037037035,59
4,0.05405405405405406,90
4,0.03333333333333333,53
4,0.03802281368821293,59
4,0.06622516556291391,67
4,0.22727272727272727,68
4,0.11627906976744186,75
4,0.03816793893129771,66
4,0.027855153203342618,87
4,0.1388888888888889,67
4,0.045871559633027525,94
4,0.13333333333333333,76
4,0.04504504504504504,76
4,0.054945054945054944,57
4,0.1388888888888889,63
4,0.1111111111111111,36
4,0.03787878787878788,55
4,0.10101010101010101,36
4,0.057803468208092484,103
4,0.1724137931034483,38
4,0.03048780487804878,53
4,0.06666666666666667,101
4,0.04975124378109453,89
4,0.03115264797507788,63
4,0.022935779816513763,61
4,0.12658227848101267,79
4,0.05102040816326531,59
4,0.03745318352059925,94
4,0.09900990099009901,34
4,0.05154639175257732,58
4,0.08620689655172414,38
4,0.03968253968253968,54
4,0.17543859649122806,36
4,0.10526315789473684,62
4,0.16393442622950818,38
4,0.04854368932038835,97
4,0.036231884057971016,60
4,0.03546099290780142,55
4,0.09009009009009009,36
4,0.07874015748031496,36
4,0.10416666666666667,64
4,0.18867924528301888,38
4,0.0353356890459364,53
4,0.11904761904761904,70
4,0.14084507042253522,36
4,0.046948356807511735,53
4,0.11904761904761904,36
4,0.030120481927710843,53
4,0.09174311926605505,75
4,0.03731343283582089,72
4,0.1,77
4,0.03205128205128205,90
4,0.09900990099009901,66
4,0.15151515151515152,72
4,0.02564102564102564,90
4,0.2,64
4,0.21739130434782608,65
4,0.03067484662576687,53
4,0.09900990099009901,62
4,0.02865329512893983,60
4,0.029239766081871343,59
4,0.04524886877828054,73
4,0.032467532467532464,94
4,0.12658227848101267,64
4,0.060240963855421686,38
4,0.125,36
4,0.03690036900369004,93
4,0.09803921568627451,36
4,0.0273972602739726,96
4,0.04424778761061947,61
4,0.028985507246376812,58
4,0.045662100456621,94
4,0.023980815347721823,88
4,0.03508771929824561,58
4,0.08130081300813008,55
4,0.11904761904761904,63
4,0.12658227848101267,65
4,0.03875968992248062,54
4,0.05405405405405406,91
4,0.04950495049504951,64
4,0.028901734104046242,93
