5,0.43478260869565216,184
5,0.002975304968759298,175
4,0.45454545454545453,183
4,0.002658160552897395,147
4,0.0018957345971563982,196
5,0.30303030303030304,184
4,0.4,170
5,0.058823529411764705,151
4,0.001881821603312006,183
4,0.3125,152
4,0.001375515818431912,185
4,0.004420866489832007,154
4,0.000949667616334283,151
4,0.0031928480204342275,184
4,0.0026702269692923898,163
4,0.0016672224074691564,180
4,0.008424599831508003,191
4,0.0012344155042587335,152
4,0.0011546010853250202,174
5,0.47619047619047616,173
4,0.0034989503149055285,167
4,0.23809523809523808,134
4,0.10309278350515463,157
4,0.0015467904098994587,190
4,0.2702702702702703,188
4,0.4166666666666667,189
4,0.5,182
4,0.0016923337282112032,158
4,0.0010448229025180231,217
4,0.0012929919834497026,174
4,0.0005230399079449762,165
4,0.5263157894736842,202
4,0.5882352941176471,192
4,0.4166666666666667,156
4,0.006729475100942127,178
4,0.00025989552200015594,186
4,0.5,158
4,0.0007202535292422932,199
4,0.0006315124723713293,185
4,0.0013397642015005359,176
4,0.0007908889591901297,196
4,0.0004348204191668841,169
4,0.0013783597518952446,180
4,0.20408163265306123,162
4,0.000931098696461825,180
4,0.4166666666666667,167
4,0.0003663540445486518,182
4,0.0012980269989615785,163
4,0.0003005620510354363,153
5,0.0014196479273140261,195
4,0.45454545454545453,190
4,0.00042471862391165854,165
4,0.0033738191632928477,177
4,0.002405002405002405,172
4,0.0013557483731019523,179
4,0.7692307692307693,192
4,0.004100041000410004,170
4,0.001371553970648745,212
4,0.0011215791834903544,198
4,0.0007000840100812098,187
4,0.0011076650420912715,188
4,0.0012149192078726764,224
4,0.625,204
4,0.2702702702702703,194
4,0.0011224604332697272,175
4,0.0025119316754584277,187
4,0.0035829451809387316,167
4,0.45454545454545453,193
4,0.006501950585175552,180
4,0.0013723068478111707,177
4,0.5263157894736842,181
4,0.0010594342621040365,144
4,0.0021231422505307855,186
4,0.4,164
4,0.47619047619047616,206
4,0.00047888133320563166,156
4,0.0010620220900594733,166
4,0.006816632583503749,148
4,0.004166666666666667,176
4,0.0005755395683453237,173
4,0.0006337135614702154,161
4,0.00041240514681623226,169
4,0.0625,167
4,0.6666666666666666,179
4,0.0012866700977869274,181
4,0.00048567265662943174,161
4,0.0009471490812653912,177
4,0.0033101621979476996,196
4,0.0012010569300984868,177
4,0.0008437394532568343,182
4,0.0005588465407399128,195
4,0.001639344262295082,169
4,0.00030704043722558263,176
4,0.0014334862385321102,193
4,0.4166666666666667,177
4,0.0016966406515100101,175
4,0.5263157894736842,176
4,0.008605851979345954,180
4,0.0005070993914807302,191
4,0.0006764984440535787,164
4,0.001775883502042266,179
4,0.000936855911560802,175
4,0.0009394964299135663,161
5,0.0009352787130564908,190
4,0.00038575782123982563,210
4,0.001208605269518975,197
4,0.625,179
4,0.0017602534765006161,187
4,0.00423908435777872,181
4,0.0010967317394165387,200
5,0.0012065637065637065,155
4,0.5555555555555556,184
4,0.5,178
4,0.5882352941176471,188
4,0.0008775778850372971,187
4,0.7142857142857143,198
4,0.0004948045522018803,194
4,0.0027654867256637168,159
4,0.3448275862068966,191
4,0.0022836263987211693,181
4,0.005324813631522897,250
4,0.0010312467773538208,170
4,0.012165450121654502,198
4,0.5555555555555556,160
4,0.0008712319219376198,168
5,0.0013426423200859291,161
4,0.0008675284115554784,158
4,0.0008392077878482712,173
4,1,217
4,0.6666666666666666,181
4,0.0004538646575591159,221
4,0.4166666666666667,160
4,0.0016975046681378374,175
5,0.0011246063877642825,193
4,0.5882352941176471,153
4,0.43478260869565216,178
4,0.016233766233766232,155
4,0.000608457560085184,164
4,0.0017780938833570413,165
4,0.0014289797084881394,176
4,0.0004677049717038492,141
5,0.47619047619047616,162
4,0.0003142875102143441,159
5,0.002498126405196103,176
4,0.001156336725254394,183
4,0.00039071657419707746,181
4,0.21739130434782608,139
4,0.004403346543372964,184
4,0.43478260869565216,202
4,0.0003052037234854265,173
4,0.3225806451612903,168
4,0.00047789725209080046,170
4,0.08695652173913043,176
4,0.0018254837531945967,185
4,0.47619047619047616,204
4,0.5263157894736842,181
4,0.055248618784530384,158
4,0.0015434480629726809,175
4,0.5555555555555556,179
4,0.5,195
4,0.0007987220447284345,176
4,0.45454545454545453,197
4,0.0005125051250512505,186
4,0.43478260869565216,182
4,0.6666666666666666,228
4,0.0006124448799608035,198
4,0.0002771464996397096,182
4,0.058823529411764705,162
4,0.45454545454545453,148
4,0.4,214
4,0.00021753790598011703,182
4,0.0011811953697141507,160
4,0.0023446658851113715,166
4,0.0010432968179447052,170
4,0.0005762692329856509,192
4,0.0009646922631680494,155
4,0.0014738393515106854,182
4,0.0006929046563192905,163
4,0.001376083665886886,187
4,0.000589066918001885,155
4,0.0007463243525636242,170
4,0.0010011012113324658,157
4,0.0012709710218607015,186
4,0.0004739111890431733,178
4,0.7142857142857143,169
4,0.8333333333333334,183
4,0.0005576622797233995,177
4,0.0010398253093480295,176
4,0.0025393600812595226,171
4,0.37037037037037035,138
4,0.47619047619047616,158
4,0.000628140703517588,148
4,0.0007881462799495586,168
4,0.000940379913485048,193
4,0.0003378492516639076,191
4,0.0003626078758430633,162
4,0.0017522340984755564,171
4,0.0014275517487508922,178
4,0.000792393026941363,164
4,0.001145475372279496,180
4,0.015600624024960999,171
4,0.0028066236317709796,193
4,0.0015708451146716933,196
4,0.00315955766192733,167
4,0.0027979854504756574,181
4,0.0008670770831526923,142
4,0.45454545454545453,187
4,0.0015720798616569722,188
4,0.003246753246753247,220
4,0.0011068068622025456,172
4,0.7692307692307693,173
4,0.0010903936321011885,173
4,0.43478260869565216,215
4,0.003718854592785422,166
4,0.0005788376939106274,161
4,0.0010045203415369162,174
4,0.0008729050279329608,187
4,0.0005765017871555402,198
5,0.7692307692307693,198
4,0.005249343832020997,211
4,0.0016863406408094434,175
4,0.001826817683595177,176
4,0.625,182
4,0.000678334011667345,181
4,0.0011101243339253996,189
4,0.0020308692120227455,196
4,0.00023063794455463813,198
4,0.001086130118388183,159
4,0.0013614703880190605,155
4,0.625,189
4,0.0006675567423230974,194
4,0.5882352941176471,206
4,0.5263157894736842,181
4,0.2,161
4,0.005917159763313609,167
4,0.0014202528049992898,183
4,0.0009747538746466517,165
4,0.0006503642039542144,179
5,0.625,177
4,0.00043194678415619197,200
4,0.45454545454545453,189
4,0.0018587360594795538,178
4,0.008032128514056224,174
4,0.0005684078895015062,154
4,0.0004058276855647092,194
4,0.0013276686139139671,215
4,0.0010371292263015972,149
5,0.6666666666666666,188
4,0.0010224948875255625,181
4,0.7692307692307693,208
4,0.0003031956824934813,189
4,0.0024084778420038534,194
4,0.0011726078799249532,157
4,0.0011574074074074073,192
4,0.02145922746781116,150
4,0.18518518518518517,148
4,0.0019964064683569574,195
4,0.000653893938403191,175
4,0.0020185708518368995,209
4,0.0006595435958316845,183
4,0.00037838655970939914,168
4,0.0009224241306152569,164
5,0.5263157894736842,163
4,0.0013061650992685476,162
4,0.001032844453625284,169
4,0.7142857142857143,205
4,0.0025490695895997962,175
4,0.0009700261907071491,163
4,0.010224948875255624,172
4,0.4166666666666667,197
4,0.5,181
4,0.000660414740457007,159
4,0.0002080862309340991,173
4,0.008539709649871904,153
4,0.23255813953488372,183
4,0.0010479983232026828,160
4,0.0009537434430138292,133
5,0.47619047619047616,198
4,0.001110864252388358,180
4,0.001188636633781053,192
4,0.5555555555555556,196
4,0.001701258931609391,184
4,0.0005071765481564133,193
4,0.0011086474501108647,158
4,0.0007002801120448179,181
5,0.25,196
4,0.0025733401955738548,158
4,0.0023479690068091102,179
4,0.45454545454545453,179
4,0.0009515653249595584,198
4,0.000687096330905593,218
4,0.0005090612909794339,185
4,0.0024183796856106408,185
4,0.002066115702479339,144
4,0.0012953367875647669,183
4,0.003132832080200501,159
4,0.0008235197232973729,155
4,0.0017009695526450078,174
4,0.5882352941176471,200
5,0.5882352941176471,177
4,0.00087527352297593,166
4,0.0019256691700365878,154
4,0.0008289811821271657,196
4,0.38461538461538464,201
5,0.0026961445133459154,158
4,0.5263157894736842,152
4,0.0005923819678928973,185
4,0.0007337833871441151,200
4,0.0009930486593843098,169
4,0.0022502250225022503,174
4,0.0005380683346785041,165
4,0.0008688097306689834,172
4,0.5,185
4,0.000999700089973008,181
4,0.0018556318426424198,156
4,0.0004500652594626221,177
4,0.0006375924509053813,209
4,0.0019083969465648854,177
4,0.0011445576284765937,159
4,0.003222687721559781,165
4,0.0078003120124804995,178
4,0.5,185
4,0.4,161
4,0.004748338081671415,186
4,0.003201024327784891,199
4,0.004001600640256103,209
4,0.0008403361344537816,178
4,0.0005204267499349467,210
4,0.0007251105793633529,170
4,0.47619047619047616,181
5,0.38461538461538464,185
4,0.013262599469496022,174
4,0.00031372549019607844,195
4,0.0011555350127108851,168
4,0.3225806451612903,196
4,0.0018436578171091445,180
4,0.3225806451612903,185
5,0.0022794620469569183,155
4,0.0008404067568703252,175
4,0.001524390243902439,208
4,0.0008981498113885396,162
5,0.001552312946289972,178
5,0.000625743069895501,157
5,0.7142857142857143,171
4,0.0006606328863050803,200
4,0.0017132088401576153,203
4,0.00400962309542903,180
4,0.0007785736530675802,154
4,0.5,197
4,0.00026294338828850147,200
4,0.002987750224081267,165
5,0.625,159
4,0.009233610341643583,199
4,0.00042142526023009817,208
4,0.0016030779095864058,189
5,0.5263157894736842,183
4,0.003977724741447892,190
4,0.003987240829346092,188
4,0.0008238589553468446,167
4,0.004051863857374392,201
4,0.0015842839036755386,181
4,0.000714694110920526,169
4,0.00028615578320837865,177
4,0.001142857142857143,187
4,0.5263157894736842,179
4,0.0034164673727365906,161
5,0.7692307692307693,182
4,0.002801905295601009,204
4,0.0017367141368530739,157
5,0.00510204081632653,157
4,0.00128783000643915,168
4,0.625,155
4,0.0009578544061302681,192
4,0.0007881462799495586,206
4,0.19607843137254902,182
4,0.0004934616333580064,173
4,0.000980872976949485,165
4,0.0003821315296725133,177
4,0.43478260869565216,186
4,0.00021849804444250224,157
4,0.003763643206624012,167
4,0.0011779950524207798,196
4,0.0006815238874122538,190
6,0.5,196
4,0.004814636494944632,154
4,0.007189072609633357,158
4,0.0026888948642108095,203
5,0.0025214321734745334,179
4,0.625,194
4,0.0009616309260505818,168
4,0.005065856129685917,164
4,0.8333333333333334,199
4,0.0004318162190171863,179
4,0.0011359763716914687,178
4,0.5,215
4,0.0007582650894752805,181
4,0.0027839643652561247,184
4,0.0021915406530791147,192
4,0.4,183
4,0.0011322463768115942,170
4,0.0014970059880239522,153
4,0.0010662117496534813,190
4,0.0005053057099545225,161
4,0.0030441400304414,168
5,0.007423904974016332,169
4,0.001129305477131564,137
4,0.7692307692307693,168
4,0.038461538461538464,177
4,0.2127659574468085,173
4,0.625,198
4,0.0006146281499692685,173
4,0.000532708288940976,167
4,0.00042052144659377626,174
4,0.0006802258349772124,162
4,0.0030120481927710845,179
4,0.006738544474393531,161
4,0.0006223937262712392,181
4,0.0011158223610801161,171
4,0.0020933640360058614,195
4,0.0023315458148752623,169
4,0.002357934449422306,199
4,0.47619047619047616,191
4,0.0030039050765995794,184
4,0.3225806451612903,189
4,0.0008610297916307905,184
4,0.0007732158045310446,207
4,0.0006462453147214682,177
4,0.0008624407072013799,184
4,0.0006195786864931846,169
4,0.5,216
4,0.6666666666666666,176
4,0.0012453300124533001,200
4,0.00028042624789680314,164
4,0.0006831534362617844,156
4,0.0005377789728421619,198
4,0.0009770395701025891,211
4,0.0008403361344537816,162
4,0.37037037037037035,184
4,0.01669449081803005,196
5,0.001726817475392851,162
4,0.6666666666666666,165
4,0.0005331058748267406,185
4,0.5263157894736842,172
4,0.0002259019133892064,171
4,0.6666666666666666,152
4,0.0021331058020477816,142
4,0.5,200
4,0.0003969671708149736,177
4,0.00081913499344692,170
4,0.0022603978300180833,173
4,0.45454545454545453,172
4,0.0005684402000909505,161
4,0.0016377333770062235,163
4,0.47619047619047616,204
6,0.07751937984496124,179
4,0.001086130118388183,168
4,0.0003451965894576962,189
4,0.9090909090909091,163
4,0.0014394702749388226,174
4,0.0012745347947998981,166
4,0.0004993508439029262,186
4,0.00552791597567717,216
4,0.0023430178069353325,148
4,0.47619047619047616,177
4,0.15625,169
4,0.0008380122349786307,169
5,0.00108038029386344,153
4,0.0014184397163120568,176
4,0.0015368065160596281,176
4,0.0015827793605571383,171
4,0.002171552660152009,231
4,0.0007535795026375283,162
4,0.0013131976362442547,225
4,0.3333333333333333,164
4,0.000286221306314042,177
4,0.0010606703436571913,147
5,0.003471017007983339,154
5,0.0021992522542335605,188
4,0.0014279594459517349,180
4,0.0010011012113324658,161
4,0.0003798526171845324,180
4,0.000583192395171167,164
4,0.005521811154058531,221
4,0.23809523809523808,183
4,0.001661681621801263,183
4,0.8333333333333334,151
4,0.5555555555555556,196
4,0.21739130434782608,203
4,0.00048508367693427115,165
4,0.000551024906325766,172
4,0.5882352941176471,176
5,0.12195121951219512,176
4,0.5555555555555556,206
5,0.0024931438544003987,161
4,0.00033332222259258026,155
4,0.5,182
4,0.000948316737790422,162
6,0.7142857142857143,219
4,0.12195121951219512,180
4,0.00039115978877371407,154
4,0.0037064492216456633,143
4,0.0008163265306122449,172
4,0.0004952701698776683,167
4,0.000927299703264095,164
4,0.0021677866897897246,154
4,0.02,195
4,0.5555555555555556,192
4,0.0012554927809165098,172
4,0.0009211495946941784,208
4,0.0007018528916339135,224
4,0.0007470491558344539,184
4,0.0004917629702483403,185
4,0.00041981528127623844,164
4,0.6666666666666666,241
4,0.0014907573047107932,170
4,0.001857700167193015,173
4,0.000871383757406762,198
4,0.00041013862685587726,185
4,0.0011894849530153444,181
4,0.0005688282138794084,150
4,0.0016998130205677375,186
4,0.0009456264775413711,157
4,0.47619047619047616,177
4,0.9090909090909091,203
4,0.003838771593090211,178
4,0.0003788883416057288,179
4,0.0031545741324921135,193
4,0.0014641288433382138,162
4,0.0008326394671107411,198
4,0.004618937644341801,173
4,0.8333333333333334,181
4,0.0009075233687267447,201
4,0.4166666666666667,190
4,0.0009860960457548566,165
4,0.000807297973682086,187
4,0.006165228113440197,179
4,0.7142857142857143,165
4,0.0004639725328260567,197
4,0.0005993766482857828,159
4,0.001352265043948614,198
4,0.001792435920415845,161
5,0.2127659574468085,178
4,0.0010912265386294195,185
4,0.00022752093192573717,167
4,0.0006636140420731302,203
4,0.0015943877551020409,183
4,0.7142857142857143,189
4,0.0009122422915526364,178
4,0.00026722963042142113,198
4,0.000465267761596799,183
4,0.0004686474833630143,160
4,0.0006105751618024178,183
4,0.00513347022587269,182
5,0.5263157894736842,176
4,0.0025100401606425703,185
5,0.0009075233687267447,187
4,0.5263157894736842,176
4,0.0010147133434804667,157
4,0.45454545454545453,190
4,0.00041715334556983145,195
4,0.0006132335806708775,186
4,0.0005121901249743905,184
4,0.0006912283127116887,174
4,0.0022941041523285156,199
4,0.0014144271570014145,203
4,0.0010045203415369162,158
4,0.5882352941176471,179
5,0.006825938566552901,190
4,0.00048042277203939464,180
4,0.0009029345372460496,215
4,0.0006576783952647156,175
5,0.5555555555555556,192
4,0.0018825301204819277,194
4,0.8333333333333334,209
4,0.0013544629554381688,177
4,0.0005669255626736209,177
4,0.0018221574344023323,178
4,0.002682403433476395,183
4,0.0003241280954233113,198
4,0.0024354603019970775,185
4,0.0010656436487638534,174
4,0.0003101448376391775,155
4,0.8333333333333334,216
4,0.00137797988149373,188
4,0.0011968880909634949,194
4,0.0014332807797047442,182
4,0.5555555555555556,177
4,0.38461538461538464,174
4,0.0008083420903726457,192
4,0.0010978153474585574,156
4,0.0005809225049378413,191
4,0.0006998880179171332,200
4,0.5882352941176471,176
4,0.0011678150181011328,198
4,0.000858074480864939,160
4,0.0010718113612004287,177
4,0.0008678295582747548,154
4,0.0029180040852057193,191
4,0.45454545454545453,201
4,0.0003693034936110496,169
4,0.2777777777777778,158
5,0.625,179
4,0.0016641704110500915,163
4,0.0019175455417066154,181
4,0.5263157894736842,197
4,0.0005679881858457344,176
4,0.0006931928462498268,171
4,0.0017574692442882249,182
4,0.0008295313148071339,140
5,0.01152073732718894,160
4,0.4,204
4,0.5882352941176471,193
4,0.0003428297164798245,173
4,0.0010237510237510238,196
4,0.0010777023386140748,164
4,0.002145922746781116,204
4,0.0007410151908114116,187
4,0.5882352941176471,190
4,0.0022311468094600626,169
4,0.0012717792191275594,159
4,0.000978760888714887,191
4,0.5,186
4,0.47619047619047616,169
4,0.0009180207472688882,159
4,0.0025322866548493288,190
4,0.0006715014773032501,173
4,0.0010831889081455806,167
4,0.0003422899195618689,184
4,0.5882352941176471,172
4,0.38461538461538464,175
5,1,208
5,0.625,187
4,0.5,174
4,0.002210921954455008,189
4,0.0012422360248447205,162
4,0.01658374792703151,170
4,0.0010335917312661498,189
4,0.002508151492350138,147
4,0.0004378667133724494,192
5,0.002886836027713626,185
4,0.6666666666666666,150
4,0.005030181086519115,179
4,0.5,195
4,0.47619047619047616,155
5,0.0010264832683227264,158
4,0.7692307692307693,197
4,0.0005202101649066223,210
4,0.001528117359413203,212
4,0.005574136008918618,210
5,0.0023272050267628577,173
5,0.5555555555555556,189
4,0.0002243309329923503,205
4,0.003355704697986577,210
4,0.17857142857142858,180
4,0.002450379808870375,166
4,0.0016534391534391533,173
4,0.12987012987012986,217
4,0.0038095238095238095,170
4,0.0006346385733324871,183
4,0.0005130046683424819,161
5,0.0015559358954411078,190
4,0.0014581510644502771,201
4,0.6666666666666666,165
4,0.0008321544478655238,163
5,0.8333333333333334,192
4,0.7142857142857143,180
4,0.5263157894736842,172
4,0.00040903141361256544,189
4,0.0007515406583496167,189
4,0.0013542795232936078,153
4,0.7142857142857143,197
4,0.0006829201666325207,188
4,0.0003392245327182062,201
4,0.5555555555555556,195
4,0.11235955056179775,204
4,0.002257336343115124,211
4,0.0005721151095600434,171
4,0.6666666666666666,179
4,0.0025329280648429585,166
5,0.5263157894736842,194
4,0.0004486115472612265,185
4,0.5263157894736842,190
4,0.0007982120051085569,174
4,0.0011474469305794606,192
4,0.45454545454545453,195
4,0.0012056908608632747,138
4,0.0020995171110644553,193
4,0.00048702089319631813,167
4,0.23809523809523808,178
4,0.0009821253191907287,189
4,0.45454545454545453,221
4,0.5263157894736842,218
4,0.001045915699194645,168
4,0.003998400639744102,175
4,0.0013171759747102212,198
4,0.008123476848090982,182
4,0.00589622641509434,166
4,0.0010629251700680273,162
4,0.0020100502512562816,183
4,0.0004598546859192495,173
4,0.0022794620469569183,150
4,0.00045871559633027525,186
4,0.001100836635843241,153
4,0.43478260869565216,169
4,0.0004483500717360115,138
4,0.004260758414997869,168
4,0.0005603810591202018,174
4,0.4,162
4,0.45454545454545453,170
4,0.001166452816983553,191
4,0.5,217
4,0.7142857142857143,187
4,0.0009363295880149813,176
4,0.000579072326133534,187
4,0.15151515151515152,178
4,0.000378000378000378,209
4,0.0006277463904582549,188
4,0.9090909090909091,168
4,0.002800336040324839,178
4,0.0006045583701106341,172
4,0.0005385029617662897,180
5,0.5263157894736842,171
4,0.001528584530724549,168
4,0.0006220452848967405,161
4,0.0009785693316371464,177
4,0.0018698578908002991,185
4,0.0035778175313059034,204
4,0.002649708532061473,159
4,0.47619047619047616,178
4,0.0007045726766715986,189
4,0.00046891118822095095,173
4,0.47619047619047616,203
4,0.0006035731530661516,179
4,0.3125,157
5,0.001785076758300607,178
4,0.00043548316857553457,182
4,0.0037439161362785474,163
4,0.0036900369003690036,187
4,0.002372479240806643,170
4,0.0029342723004694834,162
4,0.0010505305179115453,175
4,0.0005670220004536176,201
4,0.45454545454545453,186
4,0.0007757350089209526,176
4,0.0010969723562966214,165
4,0.0026766595289079227,163
4,0.5555555555555556,140
4,0.001939487975174554,187
4,0.001531159087429184,194
4,0.0007652280379553107,173
4,0.0006070171178827243,209
4,0.0025367833587011668,204
4,0.47619047619047616,198
4,0.23255813953488372,189
4,0.005,171
4,0.5263157894736842,203
4,0.0020554984583761563,149
4,0.0011063170704723973,177
4,0.001795654516071108,164
4,0.00030175015087507544,194
4,0.11494252873563218,193
4,0.014450867052023121,190
4,0.001520912547528517,195
4,0.0065832784726793945,215
5,0.003388681802778719,182
5,0.002607561929595828,151
4,0.00046343498007229587,203
4,0.0004974381933044819,190
4,0.0006461200491051237,209
4,0.0008075587498990552,162
4,0.45454545454545453,192
4,0.625,178
4,0.0007219174126479931,170
4,0.0011446886446886447,174
4,0.0008350033400133601,192
4,0.002416626389560174,191
4,0.35714285714285715,154
5,0.5,180
4,0.0009115770282588879,179
4,0.0011519410206197443,214
4,0.5882352941176471,161
4,0.00044567251983242714,166
4,0.07633587786259542,177
4,0.0029129041654529565,211
5,0.0037537537537537537,180
4,0.47619047619047616,185
4,0.0004919081115647597,177
4,0.0005686664771111743,183
4,0.43478260869565216,191
5,0.004992511233150275,152
4,0.0006069065970747103,157
4,0.0009213193292795283,163
4,0.0014762326542663124,160
5,0.001417836381681554,145
4,0.11235955056179775,147
5,0.004217629692113032,175
4,0.00028476236580573513,166
4,0.0006510840549514942,197
4,0.0013728720483250961,179
4,0.3448275862068966,204
4,0.5882352941176471,186
5,0.0030358227079538553,182
4,0.0031486146095717885,160
5,0.0015735641227380016,180
4,0.18518518518518517,194
4,0.0010398253093480295,176
4,0.0011096316023080338,195
5,0.007633587786259542,193
4,0.001145869141744013,193
5,0.0014044943820224719,165
5,0.0032690421706440013,163
4,0.19230769230769232,178
4,0.0031635558367605187,177
4,0.5882352941176471,192
4,0.0005734602592040372,163
4,0.4,149
4,0.0021168501270110076,187
4,0.0014104372355430183,164
4,0.0004481089801039613,193
4,0.0008558712769599452,203
4,0.000835282325425994,187
4,0.01607717041800643,142
4,0.0021436227224008574,168
4,0.38461538461538464,187
5,0.5555555555555556,170
4,0.0025182573659027953,194
4,0.0006466214031684449,187
4,0.00303951367781155,179
4,0.5,162
4,0.14084507042253522,178
4,0.7692307692307693,187
4,0.00034912544077086896,177
4,0.0013646288209606986,188
4,0.002034587995930824,177
4,0.013123359580052493,159
4,0.0008056070248932571,188
4,0.0016152479405588758,174
4,0.000799105002397315,191
4,0.0006952169076751947,160
4,0.0011068068622025456,185
4,0.0003940420836945386,183
4,0.0009277298450691159,172
4,0.4,178
4,0.7692307692307693,186
4,0.0009699321047526673,181
4,0.00796812749003984,158
4,0.3333333333333333,200
5,0.37037037037037035,167
4,0.8333333333333334,184
4,0.0014604936468526361,184
4,0.5,177
4,0.0008417508417508417,175
4,0.5555555555555556,191
5,0.0020973154362416107,155
4,0.0008789663355893469,173
4,0.0007438262421898245,149
5,0.43478260869565216,172
4,0.0024183796856106408,176
4,0.38461538461538464,160
4,0.003029385034837928,159
4,0.43478260869565216,190
4,0.18867924528301888,184
4,0.0007741735697143299,155
4,0.0013137151865475565,193
4,0.5555555555555556,167
4,0.5882352941176471,154
4,0.30303030303030304,190
4,0.008960573476702509,163
4,0.5,172
4,0.43478260869565216,175
4,0.00021776529256767056,175
5,0.0038314176245210726,176
4,0.0028538812785388126,177
4,0.5555555555555556,223
4,0.5263157894736842,202
4,0.6666666666666666,185
4,0.000864304235090752,227
4,0.0006458696635019053,166
4,0.002254283137962128,167
4,0.0010866021949364338,166
4,0.003987240829346092,179
4,0.0036310820624546117,183
4,0.001212268153715602,175
4,0.00037057624606262737,170
4,0.29411764705882354,183
4,0.0013623978201634877,169
4,0.001915341888527102,183
4,0.45454545454545453,194
4,0.0006169792694965449,149
4,0.003599712023038157,181
4,0.0004562043795620438,184
4,0.0008103071063933231,198
4,0.7142857142857143,189
4,0.47619047619047616,181
4,0.0425531914893617,176
4,0.7142857142857143,190
4,0.4,173
4,0.0023501762632197414,144
4,0.00029787614309969917,205
4,0.00020108990729755273,171
4,0.0013464386697185943,177
4,0.5,201
4,0.5555555555555556,168
4,0.30303030303030304,173
4,0.625,203
4,0.4,176
4,0.00140964195094446,158
4,0.0008073631519457452,178
4,0.8333333333333334,178
4,0.002576655501159495,169
4,0.2564102564102564,180
4,0.625,163
5,0.38461538461538464,210
4,0.001923816852635629,195
4,0.37037037037037035,191
4,0.0006207324643078833,159
4,0.0037369207772795215,217
4,0.5263157894736842,182
4,0.0013220518244315177,209
4,0.0008900756564307966,176
4,0.0002014179825974863,179
4,0.0007108836283500391,184
4,0.00016317472749820508,171
4,0.023529411764705882,165
4,0.00122684333210649,180
4,0.0003415533847940433,167
4,0.625,175
4,0.000463284688441047,193
4,0.0015873015873015873,192
5,0.5,158
4,0.0029824038174768863,201
4,0.0015787811809283233,173
4,0.001511258878645912,154
4,0.00039039625219597894,175
4,0.0008512811781731506,171
4,0.4,221
5,0.8333333333333334,163
4,0.0007567731194187983,193
5,0.37037037037037035,185
4,0.7142857142857143,176
5,0.4,168
4,0.38461538461538464,195
4,0.0012295585884667404,202
4,0.0009324878776575904,180
4,0.001032844453625284,196
4,0.0005103603143819537,187
4,0.0006384065372829418,202
4,0.17857142857142858,185
4,0.5,193
4,0.0008991188635137566,164
4,0.0005126890540886952,187
4,0.001303780964797914,202
4,0.0012283503255128363,207
4,0.45454545454545453,192
4,0.002504382669671926,166
4,0.4,173
4,0.001999600079984003,154
5,0.7692307692307693,176
4,0.5555555555555556,207
5,0.0030075187969924814,178
4,0.47619047619047616,213
4,0.0010513036164844407,186
4,0.45454545454545453,208
4,0.009242144177449169,196
4,0.625,181
4,0.11764705882352941,193
4,0.43478260869565216,156
4,0.0023142791020597086,209
5,0.9090909090909091,172
4,0.012422360248447204,164
4,0.0003380091262464086,165
5,0.0021208907741251328,181
4,0.625,173
4,0.0005730330640077932,159
4,0.001332267519317879,193
4,0.0006747183051076176,177
4,0.5263157894736842,187
4,0.0045871559633027525,153
4,0.0006470816617057072,175
4,0.4,197
4,0.5,208
4,0.0007819831091648421,190
4,0.0007894529091339702,172
5,0.5882352941176471,168
4,0.0007835148476063622,174
4,0.5,167
4,0.9090909090909091,194
4,0.0011339154099104206,220
4,0.0004306632213608958,202
4,0.001278281989006775,183
4,0.0005649079200090385,181
5,0.0016110842597067826,167
4,0.0014999250037498126,151
4,0.8333333333333334,197
4,0.0013896609227348527,178
4,0.00075340917652377,155
4,0.0005671828030174125,186
4,0.004629629629629629,161
4,0.0009261831990367695,181
4,0.45454545454545453,172
4,0.0009755145839430299,194
4,0.0010735373054213634,164
4,0.00043542628233040145,193
4,0.0009022827754218172,176
4,0.00048037661526636886,168
4,0.17857142857142858,159
4,0.0010088781275221952,197
4,0.47619047619047616,191
4,0.006013229104028864,177
4,0.0005220296512841929,189
4,0.005271481286241434,221
4,0.5882352941176471,174
4,0.000978760888714887,176
4,0.00020596473883671115,177
4,0.0008061265618702137,171
4,0.0008151952392598027,167
4,0.0008317391665973551,156
4,0.011876484560570071,223
4,0.4,173
4,0.0008289811821271657,153
4,0.6666666666666666,202
4,0.0004195686833934715,192
4,0.43478260869565216,196
4,0.0008141333550435562,188
4,0.0004023821020441011,180
4,0.0007660487206986365,166
4,0.0008503401360544217,198
4,0.7142857142857143,157
4,0.0013683634373289546,170
4,0.0019688915140775743,189
4,0.12195121951219512,173
4,0.00030957835428146866,163
4,0.0011531365313653136,187
4,0.00033754134881522986,193
4,0.6666666666666666,180
4,0.47619047619047616,197
4,0.2702702702702703,188
4,0.625,177
4,0.5263157894736842,173
4,0.7142857142857143,146
4,0.5555555555555556,168
4,0.5263157894736842,163
4,0.0012294074256208507,183
4,0.002763957987838585,184
5,0.0026406126221283337,198
4,0.3448275862068966,174
4,0.0013422818791946308,194
4,0.5555555555555556,206
4,0.002325581395348837,189
4,0.0007613247049866769,201
4,0.20833333333333334,220
4,0.0022988505747126436,180
5,0.5555555555555556,198
4,0.004562043795620438,199
5,0.5263157894736842,183
4,0.5555555555555556,170
4,0.0016012810248198558,168
4,0.0006127826459954654,191
4,0.0015873015873015873,175
4,0.00043673843734987115,177
4,0.005988023952095809,185
4,0.38461538461538464,150
4,0.0008532423208191126,192
4,0.0015564202334630351,153
4,0.0003824530538876353,186
4,0.0009855129594954174,151
4,0.7692307692307693,158
4,0.00036111512350137223,187
5,0.014245014245014245,220
4,0.0005659629860207142,159
4,0.0008375910880308234,168
4,0.001112099644128114,175
4,0.0016501650165016502,193
5,0.0033738191632928477,132
4,0.001288992008249549,187
4,0.0010033109260559848,198
4,0.0030129557095510697,153
4,0.0012492192379762648,179
4,0.00045378227526432816,161
4,0.0007024938531787847,150
4,0.625,203
4,0.0011983223487118035,190
5,0.0012373174956693887,192
4,0.0019190174630589138,171
4,0.00236630383341221,180
4,0.0003463563313937379,217
4,0.5263157894736842,159
4,0.0012672665061462425,184
4,0.000585480093676815,188
4,0.003234152652005175,166
4,0.000491569581674286,196
4,0.0003232584451268789,176
4,0.0364963503649635,198
4,0.001310615989515072,174
4,0.0008495454931611588,208
4,0.0011980352222355337,152
4,0.0015556938394523958,204
4,0.001027643613194944,167
4,0.00038178139197495513,223
4,0.0008906305664410402,175
4,0.0007108330963889679,174
4,0.0014378145219266715,162
4,0.38461538461538464,192
4,0.0011653653420347278,177
4,0.0006638783774812454,172
5,0.7142857142857143,200
4,0.0012006243246488173,203
4,0.0029655990510083037,184
4,0.5882352941176471,182
4,0.5,214
4,0.13333333333333333,217
4,0.0006841817186644773,183
4,0.001631055292774425,199
4,0.0014285714285714286,191
4,0.0019190174630589138,164
4,0.0017044486108743822,195
4,0.3333333333333333,201
4,0.37037037037037035,213
4,0.0012963443090484833,180
4,0.625,212
4,0.002630886608787161,179
4,0.0005667327854916407,193
4,0.00041904123365739187,200
4,0.0078003120124804995,165
5,0.0023883448770002386,176
5,0.0011068068622025456,167
5,0.4,152
4,0.0002942301468208433,184
4,0.0016260162601626016,180
4,0.0005509338328466751,186
4,0.0008748906386701663,167
5,0.9090909090909091,196
4,0.625,190
4,0.0010882576994232234,178
4,0.00037346877801015837,172
4,0.0007807620237351655,198
4,0.0005931198102016608,155
4,0.6666666666666666,208
4,0.00031136158420774047,171
4,0.4166666666666667,152
4,0.7692307692307693,190
4,0.0011690437222352116,154
5,0.5555555555555556,172
4,0.015527950310559006,146
4,0.0010187449062754685,163
4,0.0008812125484666902,208
4,0.0011253657438667567,175
4,0.0017352073572791948,149
4,0.0012303149606299212,168
4,0.0008139345596614033,144
4,0.0007178750897343862,163
4,0.0015571473061351605,176
4,0.002079434393844874,189
4,0.000308005051282841,146
4,0.0018563207722294413,181
4,0.5263157894736842,161
4,0.35714285714285715,189
5,0.006042296072507553,177
4,0.0025994281258123215,184
4,0.0003305238803503553,187
4,0.0009760858955588092,160
4,0.0006704210244033253,189
4,0.001851851851851852,155
4,0.006188118811881188,145
4,0.0020008003201280513,162
4,0.0008328475056217207,182
4,0.03194888178913738,157
4,0.43478260869565216,194
4,0.0009303190994511117,194
4,0.0007756748371082842,178
4,0.37037037037037035,184
5,0.004868549172346641,202
4,0.000533845825325646,201
4,0.0022148394241417496,175
4,0.47619047619047616,162
4,0.0006510840549514942,173
4,0.5263157894736842,192
4,0.0004832318546438581,175
4,0.7692307692307693,190
4,0.00109421162052741,178
4,0.08403361344537816,200
4,0.0009317927692881103,206
4,0.0015659254619480112,200
4,0.5555555555555556,187
4,0.8333333333333334,198
4,0.000638080653394589,172
4,0.00355998576005696,172
4,0.000835421888053467,169
4,0.0005922767116796967,170
4,0.0021929824561403508,215
4,0.4166666666666667,166
4,0.5263157894736842,178
4,0.00044947860481841064,166
4,0.0008171937566396993,155
4,0.0007048706562345809,158
4,0.0007609191903819814,170
4,0.0003274072618930688,171
4,0.0008491126772522714,204
4,0.00046803332397266686,181
4,0.0002720570231520527,171
4,0.003968253968253968,186
4,0.002482005460412013,191
4,0.0011619800139437602,196
4,0.0004038772213247173,166
4,0.5555555555555556,178
4,0.0007839448102853559,197
4,0.0012733987011333248,183
4,0.0013206550449022716,181
4,0.002048760499897562,182
4,0.4166666666666667,157
4,0.0006059871530723549,183
4,0.6666666666666666,178
4,0.0010048231511254019,206
4,0.00244081034903588,177
4,0.47619047619047616,173
4,0.0006728569506122998,189
4,0.7142857142857143,199
4,0.0015708451146716933,186
4,0.0008292561572269675,205
4,0.7142857142857143,184
4,0.0008471704506946798,158
5,0.002193944712593243,175
4,0.00034487515519381984,166
4,0.0007368110816386678,162
4,0.0025412960609911056,175
4,0.0010716964955524595,171
4,0.0007829014327096218,177
4,0.0007679901697258275,167
4,0.000711591830925781,199
4,0.7142857142857143,171
4,0.0002965335231147881,204
4,0.3333333333333333,178
5,0.0011667250029168126,182
4,0.47619047619047616,189
4,0.002103049421661409,175
4,0.004201680672268907,192
4,0.0017667844522968198,174
4,0.0010513036164844407,181
4,0.0006579380222383051,168
4,0.0012960082944530845,185
4,0.0016989466530750934,164
4,0.0016110842597067826,223
4,0.000574085768413801,154
4,0.0005866478939340608,166
4,0.0009986019572598363,183
4,0.002975304968759298,176
4,0.004130524576621231,178
4,0.7142857142857143,163
4,0.0006037189084762135,174
4,0.4166666666666667,201
4,0.002929973630237328,182
4,0.6666666666666666,209
4,0.0013437248051599033,176
4,0.0007157683773530885,179
4,0.625,188
4,0.0002602675550465879,194
5,0.006489292667099286,179
4,0.0006688963210702341,173
4,0.0004207160587319618,181
4,0.0013347570742124934,170
4,0.0006952169076751947,192
4,0.5882352941176471,194
5,0.24390243902439024,177
4,0.0010220768601798855,178
4,0.45454545454545453,192
4,0.00048409740039695985,176
5,0.16666666666666666,165
4,0.009319664492078284,180
5,0.003022974607013301,216
4,0.38461538461538464,176
4,0.0006899882701994066,162
4,0.0009727626459143969,189
4,0.0009035872413481522,165
4,0.0012492192379762648,171
5,0.5263157894736842,185
4,0.0006387735547748323,166
4,0.00035571997723392144,187
4,0.001440922190201729,204
4,0.0004609781957313419,187
4,0.00041184465219719124,177
4,0.0023872045834328003,160
4,0.6666666666666666,165
4,0.01278772378516624,147
4,0.38461538461538464,180
4,0.0005067396371744198,192
4,0.0024113817217265494,190
4,0.00030554876558298703,176
4,0.625,168
4,0.0023369946249123625,191
4,0.0012851818532322323,174
4,0.5882352941176471,168
4,0.0019692792437967705,175
4,0.2702702702702703,181
4,0.0010331645831180907,204
4,0.005288207297726071,209
4,0.0007776654483241309,170
4,0.7692307692307693,208
4,0.07751937984496124,198
4,0.005608524957936063,176
4,0.47619047619047616,193
4,0.029940119760479042,182
4,0.0016556291390728477,215
4,0.0009780907668231612,204
5,0.2222222222222222,167
4,0.5,168
4,0.0002965335231147881,167
4,0.0011474469305794606,172
4,0.0039478878799842085,168
4,0.00028359944414508946,200
4,0.00042497131443627553,212
4,0.000517196793379881,176
4,0.0007586102260658474,185
4,0.0009357162908206232,164
5,0.00546448087431694,154
4,0.0013433637829124126,168
4,0.5263157894736842,239
4,0.47619047619047616,183
4,0.009082652134423252,181
4,0.005931198102016607,175
4,0.00038320049049662784,191
4,0.0006176270767710456,171
4,0.0076103500761035,168
4,0.011890606420927468,168
4,0.0005500247511138001,162
4,0.0070126227208976155,209
5,1,190
4,0.45454545454545453,158
4,0.02457002457002457,180
4,0.0013044612575006521,174
4,0.22727272727272727,197
4,0.8333333333333334,190
4,0.0007691716021844473,187
4,0.7142857142857143,177
4,0.38461538461538464,183
4,0.43478260869565216,188
5,0.5,160
4,0.4166666666666667,201
4,0.007107320540156361,185
4,0.0016655562958027982,175
4,0.7142857142857143,169
4,0.47619047619047616,197
4,0.0005828864537188156,185
4,0.13333333333333333,179
4,0.0008512087163772557,164
4,0.0008046994447573831,163
4,0.006724949562878279,189
4,0.000827335153470671,205
4,0.29411764705882354,196
4,0.0025348542458808617,189
4,0.5,220
4,0.0004437935472418231,172
4,0.35714285714285715,176
4,0.0015598190609889253,184
4,0.000759762953958365,176
4,0.0013227513227513227,196
4,0.002050861361771944,169
4,0.0009126585744273067,174
4,0.001792435920415845,171
4,0.0033624747814391394,202
5,0.004599816007359705,161
4,0.0004709206498704968,182
4,0.0013989927252378287,180
4,0.0005740198610871936,162
4,0.00014189428875487761,175
4,0.0008134049129656743,171
4,0.002077274615704196,196
4,0.0031979533098816758,166
4,0.6666666666666666,201
4,0.001402524544179523,200
4,0.9090909090909091,172
4,0.0015820281601012498,228
4,0.7142857142857143,175
4,0.001779042874933286,145
4,0.00029721215003269334,182
4,0.0004609994468006638,149
4,0.0004730368968779565,199
4,0.0003683512597613084,178
4,0.37037037037037035,196
4,0.0010197838058331635,175
4,0.30303030303030304,181
4,0.000484050534875841,151
4,0.0007535795026375283,180
4,0.0011049723756906078,180
4,0.0009527439024390244,152
4,0.022988505747126436,180
5,0.625,193
4,0.0005365094693921348,157
4,0.002305741295826608,174
4,0.0010007004903432402,179
4,0.0007834534628643058,181
4,0.00248015873015873,173
4,0.0004250616339369209,171
4,0.0024925224327018943,192
5,0.0026867275658248252,177
4,0.0012090436464756377,178
4,0.0011750881316098707,161
4,0.0006227813414710095,202
4,0.0007215007215007215,187
4,0.7692307692307693,192
4,0.0006329113924050633,199
4,0.0012567550584391101,168
4,0.00048028432832236684,172
4,0.0004025116728385123,214
4,0.0013968431345159939,173
4,0.43478260869565216,175
4,0.02288329519450801,182
4,0.0013533631073216945,181
4,0.04830917874396135,177
4,0.00024512207079125406,143
4,0.0027427317608337905,170
4,0.0029308323563892145,180
4,0.0006622516556291391,185
4,0.6666666666666666,193
4,0.0007320644216691069,190
5,0.0032562683165092803,187
4,0.004743833017077799,173
4,0.0035063113604488078,190
4,0.00044328206037501665,161
4,0.35714285714285715,188
4,0.0012172854534388314,207
5,0.625,202
4,0.4,201
4,0.000478537589127626,199
4,0.0010495382031905961,179
4,0.0013762730525736307,180
4,0.00046345645826574594,179
4,0.0009136592051164915,181
4,0.0021853146853146855,200
4,0.0007342683016374183,135
4,0.5263157894736842,187
4,0.0010145074566298062,176
4,0.5555555555555556,198
4,0.001245019920318725,213
4,0.00129366106080207,194
4,0.0017079419299743809,217
4,0.0005579423087652736,182
4,0.0011097547442015315,169
4,0.7142857142857143,222
4,0.0013220518244315177,201
4,0.0010570824524312897,164
4,0.002053388090349076,197
4,0.000687332462712214,187
4,0.0008877840909090909,164
4,0.0006055834796826743,158
4,0.7142857142857143,193
4,0.5555555555555556,181
4,0.0006706008583690987,196
4,0.00045081597691822196,144
4,0.47619047619047616,182
5,0.0017277125086385626,188
4,0.5263157894736842,183
4,0.47619047619047616,178
4,0.0010725010725010724,185
5,0.0053734551316496505,185
4,0.5882352941176471,152
4,0.38461538461538464,186
4,0.024509803921568627,206
4,0.47619047619047616,196
4,0.000264298551643937,171
4,0.009191176470588236,210
4,0.005717552887364208,185
4,0.00033257948649727286,152
4,0.5555555555555556,189
4,0.0011892020454275182,194
4,0.0005044390637610976,195
4,0.0011254924029262803,169
4,0.45454545454545453,167
4,0.003538570417551309,177
4,0.0008714596949891067,190
4,0.0012748597654258032,166
4,0.0010138902970698571,165
4,0.0005542008423852804,171
4,0.0017111567419575632,170
4,0.4,148
5,0.0032562683165092803,183
4,0.6666666666666666,176
4,0.0008852691218130312,192
4,0.4,198
4,0.0007050197405527354,160
4,0.0018241517694272164,183
4,0.0008972633467922835,197
4,0.0004671150971599402,215
4,0.7142857142857143,190
4,0.8333333333333334,202
4,0.43478260869565216,188
4,0.0022732439190725163,191
4,0.00278473962684489,173
4,0.7142857142857143,187
4,0.0011092623405435386,169
4,0.5555555555555556,184
4,0.47619047619047616,166
4,0.0010404744563520965,173
4,0.0010626992561105207,181
4,0.5555555555555556,210
4,0.0003576793762071679,158
4,0.4166666666666667,173
4,0.0019654088050314465,186
4,0.0010400416016640667,171
4,0.00020832899314597613,173
4,0.0011090163025396474,177
4,0.0013537295248409367,164
4,0.001026588645929576,144
4,0.5263157894736842,214
5,0.7692307692307693,214
5,0.002788622420524261,188
4,0.0017927572606669057,196
4,0.014184397163120567,160
4,0.35714285714285715,196
4,0.0014110342881332016,165
4,0.0006578947368421052,166
4,0.015197568389057751,198
4,0.06329113924050633,188
4,0.0007857311228097745,164
4,0.35714285714285715,214
4,0.5882352941176471,182
4,0.0004543802253725918,177
4,0.7142857142857143,188
4,0.000385996062840159,177
4,0.47619047619047616,206
4,0.9090909090909091,206
4,0.020161290322580645,186
4,0.000630715862503942,177
4,0.0012661433274246644,185
4,0.00019540409566984524,175
4,0.0009237021984112322,163
5,0.7142857142857143,175
4,0.38461538461538464,148
4,0.002174858634188778,167
4,0.00036560397777127816,177
5,0.003316749585406302,157
5,0.004719207173194903,167
4,0.43478260869565216,176
4,0.0013347570742124934,175
4,0.029411764705882353,180
4,0.0029231218941829875,178
4,0.5882352941176471,152
4,0.0005694760820045558,188
4,0.0009646922631680494,178
4,0.0005327934359848687,176
4,0.0011502185415228894,160
5,0.0014843402107763098,164
4,0.0006454527851287678,169
4,0.45454545454545453,173
4,0.0009887284951552303,174
