15,2,0.0025733401955738548,5,3 2  1 1 1,"[0, 1, 5]"
15,2,0.0018417902200939312,3,3 2  1 1 1,"[0, 1, 8]"
15,2,0.002385211687537269,5,3 2  1 1 1,"[0, 1, 11]"
15,2,0.0017467248908296944,3,3 2  1 1 1,"[0, 1, 14]"
15,2,0.0017613386173491853,3,3 2  1 1 1,"[0, 2, 4]"
30,4,0.004146796599626789,4,5 2  1 0 1 0 1,"[0, 2, 4]"
30,4,0.0050735667174023336,3,5 2  1 0 1 0 1,"[0, 2, 16]"
30,4,0.003606202668589975,6,5 2  1 0 1 0 1,"[0, 2, 10]"
30,4,0.004164931278633903,5,5 2  1 0 1 0 1,"[0, 2, 22]"
30,4,0.005213764337851929,3,5 2  1 0 1 0 1,"[0, 2, 28]"
30,4,0.00022083586374427208,6,5 2  1 0 0 1 1,"[0, 1, 27]"
30,4,0.00025233409033560434,5,5 2  1 0 0 1 1,"[0, 3, 4]"
30,4,0.0002392745196564018,6,5 2  1 0 0 1 1,"[0, 2, 9]"
30,4,0.00017545706565603398,7,5 2  1 0 0 1 1,"[0, 1, 12]"
30,4,0.00017149275871826313,6,5 2  1 1 0 0 1,"[0, 3, 14]"
30,4,0.00016862979857170562,7,5 2  1 1 0 0 1,"[0, 1, 19]"
30,4,0.00012661433274246644,6,5 2  1 1 0 0 1,"[0, 2, 23]"
30,4,0.00010064665475681251,6,5 2  1 1 0 0 1,"[0, 1, 4]"
30,4,0.00017729081899493836,4,5 2  1 1 0 0 1,"[0, 3, 29]"
30,4,0.00018351654401644308,6,5 2  1 0 0 1 1,"[0, 3, 19]"
45,6,0.007283321194464676,3,7 2  1 0 0 1 0 0 1,"[0, 3, 42]"
45,6,0.00823045267489712,3,7 2  1 0 0 1 0 0 1,"[0, 3, 24]"
45,6,0.005104645227156712,5,7 2  1 0 0 1 0 0 1,"[0, 3, 33]"
45,6,0.007089684509039348,6,7 2  1 0 0 1 0 0 1,"[0, 3, 15]"
45,6,0.006510416666666667,3,7 2  1 0 0 1 0 0 1,"[0, 3, 6]"
60,8,0.008254230293025175,3,9 2  1 0 0 0 1 0 0 0 1,"[0, 4, 8]"
60,8,0.008413967185527976,3,9 2  1 0 0 0 1 0 0 0 1,"[0, 4, 32]"
60,8,0.01072961373390558,6,9 2  1 0 0 0 1 0 0 0 1,"[0, 4, 20]"
60,8,0.011961722488038277,5,9 2  1 0 0 0 1 0 0 0 1,"[0, 4, 44]"
60,8,0.006968641114982578,3,9 2  1 0 0 0 1 0 0 0 1,"[0, 4, 56]"
60,8,0.0003968253968253968,9,9 2  1 0 1 0 0 0 0 0 1,"[0, 2, 38]"
60,8,0.0003402517863218782,7,9 2  1 0 1 0 0 0 0 0 1,"[0, 2, 8]"
60,8,0.0003595893489634837,7,9 2  1 0 0 0 0 0 1 0 1,"[0, 4, 18]"
60,8,0.00033759262697702683,8,9 2  1 0 0 0 0 0 1 0 1,"[0, 2, 24]"
60,8,0.0003908769323978345,6,9 2  1 0 0 0 0 0 1 0 1,"[0, 6, 8]"
60,8,0.00030388209374762593,7,9 2  1 0 0 0 0 0 1 0 1,"[0, 2, 54]"
60,8,0.00040461258345134534,6,9 2  1 0 1 0 0 0 0 0 1,"[0, 6, 28]"
60,8,0.00032562683165092806,7,9 2  1 0 1 0 0 0 0 0 1,"[0, 4, 46]"
60,8,0.0005289326139849783,7,9 2  1 0 0 0 0 0 1 0 1,"[0, 6, 38]"
60,8,0.00035015231625757206,7,9 2  1 0 1 0 0 0 0 0 1,"[0, 6, 58]"
75,10,0.012554927809165096,4,11 2  1 0 0 0 0 1 0 0 0 0 1,"[0, 5, 70]"
75,10,0.011771630370806356,3,11 2  1 0 0 0 0 1 0 0 0 0 1,"[0, 5, 10]"
75,10,0.010810810810810811,6,11 2  1 0 0 0 0 1 0 0 0 0 1,"[0, 5, 55]"
75,10,0.011848341232227487,6,11 2  1 0 0 0 0 1 0 0 0 0 1,"[0, 5, 25]"
75,10,0.007707129094412331,4,11 2  1 0 0 0 0 1 0 0 0 0 1,"[0, 5, 40]"
90,12,0.01968503937007874,4,13 2  1 0 0 0 0 0 1 0 0 0 0 0 1,"[0, 6, 12]"
90,12,0.012453300124533,6,13 2  1 0 0 0 0 0 1 0 0 0 0 0 1,"[0, 6, 30]"
90,12,0.010298661174047374,4,13 2  1 0 0 0 0 0 1 0 0 0 0 0 1,"[0, 6, 48]"
90,12,0.01710863986313088,6,13 2  1 0 0 0 0 0 1 0 0 0 0 0 1,"[0, 6, 66]"
90,12,0.019398642095053348,4,13 2  1 0 0 0 0 0 1 0 0 0 0 0 1,"[0, 6, 84]"
90,12,0.0007839448102853559,8,13 2  1 0 0 1 0 0 0 0 0 0 0 0 1,"[0, 3, 57]"
90,12,0.0005469412311647114,8,13 2  1 0 0 1 0 0 0 0 0 0 0 0 1,"[0, 3, 12]"
90,12,0.000519899139566924,8,13 2  1 0 0 0 0 0 0 0 0 1 0 0 1,"[0, 6, 27]"
90,12,0.0005904059040590406,8,13 2  1 0 0 1 0 0 0 0 0 0 0 0 1,"[0, 6, 69]"
90,12,0.0004849425343096843,8,13 2  1 0 0 0 0 0 0 0 0 1 0 0 1,"[0, 3, 36]"
90,12,0.0005036768409388536,8,13 2  1 0 0 0 0 0 0 0 0 1 0 0 1,"[0, 9, 12]"
90,12,0.0006002761270184285,7,13 2  1 0 0 0 0 0 0 0 0 1 0 0 1,"[0, 9, 57]"
90,12,0.0002752205204420042,7,13 2  1 0 0 0 0 0 0 0 0 1 0 0 1,"[0, 3, 81]"
90,12,0.0005839075090505664,8,13 2  1 0 0 1 0 0 0 0 0 0 0 0 1,"[0, 9, 87]"
90,12,0.00031785385079940244,8,13 2  1 0 0 1 0 0 0 0 0 0 0 0 1,"[0, 9, 42]"
105,14,0.01845018450184502,6,15 2  1 0 0 0 0 0 0 1 0 0 0 0 0 0 1,"[0, 7, 35]"
105,14,0.01824817518248175,3,15 2  1 0 0 0 0 0 0 1 0 0 0 0 0 0 1,"[0, 7, 98]"
105,14,0.012812299807815503,4,15 2  1 0 0 0 0 0 0 1 0 0 0 0 0 0 1,"[0, 7, 56]"
105,14,0.022321428571428572,6,15 2  1 0 0 0 0 0 0 1 0 0 0 0 0 0 1,"[0, 7, 77]"
105,14,0.014104372355430184,4,15 2  1 0 0 0 0 0 0 1 0 0 0 0 0 0 1,"[0, 7, 14]"
120,16,0.02789400278940028,7,17 2  1 0 0 0 0 0 0 0 1 0 0 0 0 0 0 0 1,"[0, 8, 40]"
120,16,0.03179650238473768,4,17 2  1 0 0 0 0 0 0 0 1 0 0 0 0 0 0 0 1,"[0, 8, 64]"
120,16,0.017528483786152498,4,17 2  1 0 0 0 0 0 0 0 1 0 0 0 0 0 0 0 1,"[0, 8, 16]"
120,16,0.01721170395869191,6,17 2  1 0 0 0 0 0 0 0 1 0 0 0 0 0 0 0 1,"[0, 8, 88]"
120,16,0.01524390243902439,4,17 2  1 0 0 0 0 0 0 0 1 0 0 0 0 0 0 0 1,"[0, 8, 112]"
120,16,0.0008009932316071929,8,17 2  1 0 0 0 0 0 0 0 0 0 0 0 1 0 0 0 1,"[0, 8, 36]"
120,16,0.0006966941860870171,8,17 2  1 0 0 0 1 0 0 0 0 0 0 0 0 0 0 0 1,"[0, 4, 16]"
120,16,0.000714872931336455,8,17 2  1 0 0 0 1 0 0 0 0 0 0 0 0 0 0 0 1,"[0, 4, 76]"
120,16,0.0005994844433786943,8,17 2  1 0 0 0 0 0 0 0 0 0 0 0 1 0 0 0 1,"[0, 4, 48]"
120,16,0.0006842987648407294,8,17 2  1 0 0 0 1 0 0 0 0 0 0 0 0 0 0 0 1,"[0, 8, 92]"
120,16,0.0008537886872998933,8,17 2  1 0 0 0 1 0 0 0 0 0 0 0 0 0 0 0 1,"[0, 12, 56]"
120,16,0.0005039687539372559,8,17 2  1 0 0 0 0 0 0 0 0 0 0 0 1 0 0 0 1,"[0, 4, 108]"
120,16,0.0005639998872000226,9,17 2  1 0 0 0 0 0 0 0 0 0 0 0 1 0 0 0 1,"[0, 12, 16]"
120,16,0.0008252527336496802,8,17 2  1 0 0 0 0 0 0 0 0 0 0 0 1 0 0 0 1,"[0, 12, 76]"
120,16,0.0006759268647132381,7,17 2  1 0 0 0 1 0 0 0 0 0 0 0 0 0 0 0 1,"[0, 12, 116]"
135,18,0.03913894324853229,7,19 2  1 0 0 0 0 0 0 0 0 1 0 0 0 0 0 0 0 0 1,"[0, 9, 99]"
135,18,0.026525198938992044,4,19 2  1 0 0 0 0 0 0 0 0 1 0 0 0 0 0 0 0 0 1,"[0, 9, 72]"
135,18,0.016366612111292964,4,19 2  1 0 0 0 0 0 0 0 0 1 0 0 0 0 0 0 0 0 1,"[0, 9, 126]"
135,18,0.03898635477582846,6,19 2  1 0 0 0 0 0 0 0 0 1 0 0 0 0 0 0 0 0 1,"[0, 9, 45]"
135,18,0.017761989342806393,3,19 2  1 0 0 0 0 0 0 0 0 1 0 0 0 0 0 0 0 0 1,"[0, 9, 18]"
