18,2,0.0005111429155591903,3,3 2  1 1 1,"[0, 1, 17]"
18,2,0.0008154611432765229,4,3 2  1 1 1,"[0, 1, 11]"
18,2,0.0006887526689165921,6,3 2  1 1 1,"[0, 1, 5]"
18,2,0.000619041723412158,5,3 2  1 1 1,"[0, 1, 14]"
18,2,0.0005934542001721018,5,3 2  1 1 1,"[0, 1, 8]"
36,4,0.001197676507575304,3,5 2  1 0 1 0 1,"[0, 2, 4]"
36,4,0.0010768319603725839,6,5 2  1 0 1 0 1,"[0, 2, 16]"
36,4,0.00102014792144861,6,5 2  1 0 1 0 1,"[0, 2, 22]"
36,4,0.001196315348725924,6,5 2  1 0 1 0 1,"[0, 2, 28]"
36,4,0.0011965300628178283,5,5 2  1 0 1 0 1,"[0, 2, 10]"
54,6,0.002183406113537118,3,7 2  1 0 0 1 0 0 1,"[0, 3, 6]"
54,6,0.002174149364061311,6,7 2  1 0 0 1 0 0 1,"[0, 3, 15]"
54,6,0.0016329196603527107,7,7 2  1 0 0 1 0 0 1,"[0, 3, 33]"
54,6,0.0015108022359873092,6,7 2  1 0 0 1 0 0 1,"[0, 3, 42]"
54,6,0.001520450053215752,6,7 2  1 0 0 1 0 0 1,"[0, 3, 24]"
72,8,0.0022114108801415304,7,9 2  1 0 0 0 1 0 0 0 1,"[0, 4, 32]"
72,8,0.0020230629172567267,6,9 2  1 0 0 0 1 0 0 0 1,"[0, 4, 44]"
72,8,0.003475842891901286,7,9 2  1 0 0 0 1 0 0 0 1,"[0, 4, 56]"
72,8,0.001752694768206117,4,9 2  1 0 0 0 1 0 0 0 1,"[0, 4, 8]"
72,8,0.001970831690973591,6,9 2  1 0 0 0 1 0 0 0 1,"[0, 4, 20]"
90,10,0.002865740077374982,3,11 2  1 0 0 0 0 1 0 0 0 0 1,"[0, 5, 10]"
90,10,0.0029748624126134165,7,11 2  1 0 0 0 0 1 0 0 0 0 1,"[0, 5, 70]"
90,10,0.002462144527883787,6,11 2  1 0 0 0 0 1 0 0 0 0 1,"[0, 5, 25]"
90,10,0.003238341968911917,7,11 2  1 0 0 0 0 1 0 0 0 0 1,"[0, 5, 55]"
90,10,0.00315955766192733,6,11 2  1 0 0 0 0 1 0 0 0 0 1,"[0, 5, 40]"
108,12,0.003284072249589491,4,13 2  1 0 0 0 0 0 1 0 0 0 0 0 1,"[0, 6, 12]"
108,12,0.0031118717908822156,3,13 2  1 0 0 0 0 0 1 0 0 0 0 0 1,"[0, 6, 102]"
108,12,0.0058771672054069935,7,13 2  1 0 0 0 0 0 1 0 0 0 0 0 1,"[0, 6, 30]"
108,12,0.002567064561673726,6,13 2  1 0 0 0 0 0 1 0 0 0 0 0 1,"[0, 6, 66]"
108,12,0.0041356492969396195,7,13 2  1 0 0 0 0 0 1 0 0 0 0 0 1,"[0, 6, 48]"
126,14,0.004021717273275689,7,15 2  1 0 0 0 0 0 0 1 0 0 0 0 0 0 1,"[0, 7, 77]"
126,14,0.0038729666924864447,6,15 2  1 0 0 0 0 0 0 1 0 0 0 0 0 0 1,"[0, 7, 35]"
126,14,0.003348961821835231,6,15 2  1 0 0 0 0 0 0 1 0 0 0 0 0 0 1,"[0, 7, 56]"
126,14,0.0040650406504065045,4,15 2  1 0 0 0 0 0 0 1 0 0 0 0 0 0 1,"[0, 7, 14]"
126,14,0.0030234315948601664,7,15 2  1 0 0 0 0 0 0 1 0 0 0 0 0 0 1,"[0, 7, 98]"
144,16,0.006138735420503376,7,17 2  1 0 0 0 0 0 0 0 1 0 0 0 0 0 0 0 1,"[0, 8, 112]"
144,16,0.004538234626730202,4,17 2  1 0 0 0 0 0 0 0 1 0 0 0 0 0 0 0 1,"[0, 8, 16]"
144,16,0.004236390595212879,7,17 2  1 0 0 0 0 0 0 0 1 0 0 0 0 0 0 0 1,"[0, 8, 40]"
144,16,0.006842285323297981,7,17 2  1 0 0 0 0 0 0 0 1 0 0 0 0 0 0 0 1,"[0, 8, 64]"
144,16,0.0036907178446207787,7,17 2  1 0 0 0 0 0 0 0 1 0 0 0 0 0 0 0 1,"[0, 8, 88]"
162,18,0.007471049682480389,7,19 2  1 0 0 0 0 0 0 0 0 1 0 0 0 0 0 0 0 0 1,"[0, 9, 72]"
162,18,0.006385696040868455,4,19 2  1 0 0 0 0 0 0 0 0 1 0 0 0 0 0 0 0 0 1,"[0, 9, 18]"
162,18,0.005278437582475587,7,19 2  1 0 0 0 0 0 0 0 0 1 0 0 0 0 0 0 0 0 1,"[0, 9, 99]"
162,18,0.005360493165371214,7,19 2  1 0 0 0 0 0 0 0 0 1 0 0 0 0 0 0 0 0 1,"[0, 9, 126]"
162,18,0.007390983000739098,7,19 2  1 0 0 0 0 0 0 0 0 1 0 0 0 0 0 0 0 0 1,"[0, 9, 45]"
