9,2,0.03663003663003663
9,2,0.042735042735042736
9,2,0.055248618784530384
9,2,0.10204081632653061
9,2,0.03816793893129771
9,2,0.042735042735042736
9,2,0.03731343283582089
9,2,0.03546099290780142
9,2,0.078125
14,3,0.029069767441860465
14,3,0.02262443438914027
14,3,0.021645021645021644
14,3,0.04807692307692308
14,3,0.05181347150259067
14,3,0.024271844660194174
14,3,0.01730103806228374
14,3,0.021413276231263382
14,3,0.016339869281045753
14,3,0.026954177897574125
14,3,0.028409090909090908
14,3,0.020366598778004074
21,5,0.03205128205128205
21,5,0.024630541871921183
21,5,0.027932960893854747
21,5,0.01297016861219196
21,5,0.016260162601626018
21,5,0.017482517482517484
21,5,0.01422475106685633
21,5,0.01579778830963665
21,5,0.0228310502283105
21,5,0.01818181818181818
21,5,0.019801980198019802
21,5,0.011933174224343675
31,5,0.0004791566842357451
31,5,0.00047913372622298883
31,5,0.0005709717939933768
31,5,0.0005417705060136526
31,5,0.0010566356720202875
31,5,0.0007190106413574921
31,5,0.0004869023273931249
31,5,0.00035866719271188265
31,5,0.00040768070447225733
31,5,0.000401074880680223
31,5,0.0009632055480639568
31,5,0.0003774581965047371
