12,2,0.012903225806451613,5,3 2  1 1 1,"[0, 4, 5]"
12,2,0.012634238787113077,4,3 2  1 1 1,"[0, 1, 8]"
12,2,0.007886435331230283,4,3 2  1 1 1,"[0, 1, 5]"
12,2,0.009111617312072893,2,3 2  1 1 1,"[0, 1, 11]"
12,2,0.009770395701025891,3,3 2  1 1 1,"[0, 2, 7]"
24,4,0.032,3,5 2  1 0 1 0 1,"[0, 2, 4]"
24,4,0.016778523489932886,3,5 2  1 0 1 0 1,"[0, 4, 14]"
24,4,0.02040816326530612,3,5 2  1 0 1 0 1,"[0, 2, 22]"
24,4,0.017167381974248927,4,5 2  1 0 1 0 1,"[0, 2, 10]"
24,4,0.017497812773403325,5,5 2  1 0 1 0 1,"[0, 2, 16]"
36,6,0.03205128205128205,4,7 2  1 0 0 1 0 0 1,"[0, 3, 6]"
36,6,0.03184713375796178,3,7 2  1 0 0 1 0 0 1,"[0, 3, 33]"
36,6,0.03125,5,7 2  1 0 0 1 0 0 1,"[0, 3, 15]"
36,6,0.027285129604365622,3,7 2  1 0 0 1 0 0 1,"[0, 6, 21]"
36,6,0.02506265664160401,6,7 2  1 0 0 1 0 0 1,"[0, 3, 24]"
48,8,0.034129692832764506,3,9 2  1 0 0 0 1 0 0 0 1,"[0, 8, 28]"
48,8,0.056657223796033995,5,9 2  1 0 0 0 1 0 0 0 1,"[0, 4, 20]"
48,8,0.03350083752093802,3,9 2  1 0 0 0 1 0 0 0 1,"[0, 4, 8]"
48,8,0.033277870216306155,6,9 2  1 0 0 0 1 0 0 0 1,"[0, 4, 32]"
48,8,0.024067388688327317,3,9 2  1 0 0 0 1 0 0 0 1,"[0, 4, 44]"
60,10,0.03571428571428571,5,11 2  1 0 0 0 0 1 0 0 0 0 1,"[0, 5, 25]"
60,10,0.03795066413662239,4,11 2  1 0 0 0 0 1 0 0 0 0 1,"[0, 5, 55]"
60,10,0.046296296296296294,4,11 2  1 0 0 0 0 1 0 0 0 0 1,"[0, 10, 35]"
60,10,0.06060606060606061,3,11 2  1 0 0 0 0 1 0 0 0 0 1,"[0, 5, 10]"
60,10,0.0411522633744856,6,11 2  1 0 0 0 0 1 0 0 0 0 1,"[0, 5, 40]"
72,12,0.10050251256281408,4,13 2  1 0 0 0 0 0 1 0 0 0 0 0 1,"[0, 6, 66]"
72,12,0.07462686567164178,6,13 2  1 0 0 0 0 0 1 0 0 0 0 0 1,"[0, 6, 30]"
72,12,0.04504504504504504,6,13 2  1 0 0 0 0 0 1 0 0 0 0 0 1,"[0, 6, 48]"
72,12,0.06006006006006006,3,13 2  1 0 0 0 0 0 1 0 0 0 0 0 1,"[0, 12, 42]"
72,12,0.055248618784530384,4,13 2  1 0 0 0 0 0 1 0 0 0 0 0 1,"[0, 6, 12]"
84,14,0.06097560975609756,4,15 2  1 0 0 0 0 0 0 1 0 0 0 0 0 0 1,"[0, 7, 14]"
84,14,0.05698005698005698,6,15 2  1 0 0 0 0 0 0 1 0 0 0 0 0 0 1,"[0, 7, 56]"
84,14,0.07547169811320754,6,15 2  1 0 0 0 0 0 0 1 0 0 0 0 0 0 1,"[0, 7, 35]"
84,14,0.06622516556291391,4,15 2  1 0 0 0 0 0 0 1 0 0 0 0 0 0 1,"[0, 14, 49]"
84,14,0.05917159763313609,4,15 2  1 0 0 0 0 0 0 1 0 0 0 0 0 0 1,"[0, 7, 77]"
96,16,0.0881057268722467,4,17 2  1 0 0 0 0 0 0 0 1 0 0 0 0 0 0 0 1,"[0, 8, 88]"
96,16,0.07662835249042145,3,17 2  1 0 0 0 0 0 0 0 1 0 0 0 0 0 0 0 1,"[0, 8, 16]"
96,16,0.05970149253731343,4,17 2  1 0 0 0 0 0 0 0 1 0 0 0 0 0 0 0 1,"[0, 16, 56]"
96,16,0.09523809523809523,6,17 2  1 0 0 0 0 0 0 0 1 0 0 0 0 0 0 0 1,"[0, 8, 40]"
96,16,0.0547945205479452,5,17 2  1 0 0 0 0 0 0 0 1 0 0 0 0 0 0 0 1,"[0, 8, 64]"
108,18,0.05970149253731343,5,19 2  1 0 0 0 0 0 0 0 0 1 0 0 0 0 0 0 0 0 1,"[0, 9, 72]"
108,18,0.09433962264150944,4,19 2  1 0 0 0 0 0 0 0 0 1 0 0 0 0 0 0 0 0 1,"[0, 18, 63]"
108,18,0.08032128514056225,6,19 2  1 0 0 0 0 0 0 0 0 1 0 0 0 0 0 0 0 0 1,"[0, 9, 45]"
108,18,0.08333333333333333,3,19 2  1 0 0 0 0 0 0 0 0 1 0 0 0 0 0 0 0 0 1,"[0, 9, 18]"
108,18,0.09009009009009009,4,19 2  1 0 0 0 0 0 0 0 0 1 0 0 0 0 0 0 0 0 1,"[0, 9, 99]"
