21,5,0.002763576067431256
21,5,0.0027408524050979853
21,5,0.0027288852503752218
21,5,0.001988466892026248
21,5,0.002936857562408223
21,5,0.002635393332454869
21,5,0.0029832935560859188
21,5,0.0037126415444588825
21,5,0.0016952025767079167
21,5,0.0027311211252219036
21,5,0.00158052789631737
21,5,0.0029507229271171437
231,55,0.02457002457002457
231,55,0.024009603841536616
231,55,0.027359781121751026
231,55,0.023255813953488372
231,55,0.030257186081694403
231,55,0.02092050209205021
231,55,0.03690036900369004
231,55,0.02004008016032064
231,55,0.03058103975535168
231,55,0.022172949002217297
231,55,0.020387359836901122
231,55,0.021367521367521368
441,105,0.0664451827242525
441,105,0.05434782608695652
441,105,0.04310344827586207
441,105,0.06802721088435375
441,105,0.033783783783783786
441,105,0.03184713375796178
441,105,0.033003300330033
441,105,0.04987531172069826
441,105,0.0333889816360601
441,105,0.030303030303030304
441,105,0.046189376443418015
441,105,0.042826552462526764
651,155,0.057803468208092484
651,155,0.05813953488372093
651,155,0.04830917874396135
651,155,0.07936507936507936
651,155,0.05141388174807198
651,155,0.056657223796033995
651,155,0.07246376811594203
651,155,0.05434782608695652
651,155,0.060240963855421686
651,155,0.06191950464396285
651,155,0.08196721311475409
651,155,0.06920415224913495
861,205,0.09090909090909091
861,205,0.06993006993006994
861,205,0.08438818565400844
861,205,0.11764705882352941
861,205,0.1
861,205,0.07194244604316546
861,205,0.10309278350515463
861,205,0.11494252873563218
861,205,0.09216589861751152
861,205,0.08196721311475409
861,205,0.0947867298578199
861,205,0.0823045267489712
1071,255,0.0966183574879227
1071,255,0.09302325581395349
1071,255,0.0823045267489712
1071,255,0.13513513513513514
1071,255,0.1111111111111111
1071,255,0.0975609756097561
1071,255,0.15748031496062992
1071,255,0.11904761904761904
1071,255,0.11560693641618497
1071,255,0.1282051282051282
1071,255,0.10362694300518134
1071,255,0.16806722689075632
1281,305,0.10695187165775401
1281,305,0.15267175572519084
1281,305,0.12048192771084337
1281,305,0.14388489208633093
1281,305,0.14084507042253522
1281,305,0.0970873786407767
1281,305,0.16666666666666666
1281,305,0.16260162601626016
1281,305,0.12121212121212122
1281,305,0.1282051282051282
1281,305,0.23255813953488372
1281,305,0.16806722689075632
1491,355,0.15037593984962405
1491,355,0.15748031496062992
1491,355,0.12987012987012986
1491,355,0.11695906432748537
1491,355,0.19230769230769232
1491,355,0.21739130434782608
1491,355,0.18018018018018017
1491,355,0.10989010989010989
1491,355,0.12987012987012986
1491,355,0.14814814814814814
1491,355,0.13245033112582782
1491,355,0.16393442622950818
1701,405,0.12269938650306748
1701,405,0.23809523809523808
1701,405,0.16806722689075632
1701,405,0.17857142857142858
1701,405,0.15873015873015872
1701,405,0.17543859649122806
1701,405,0.14388489208633093
1701,405,0.15748031496062992
1701,405,0.2
1701,405,0.1834862385321101
1701,405,0.15503875968992248
1701,405,0.15748031496062992
1911,455,0.25316455696202533
1911,455,0.15037593984962405
1911,455,0.15503875968992248
1911,455,0.1834862385321101
1911,455,0.12903225806451613
1911,455,0.17543859649122806
1911,455,0.2
1911,455,0.17857142857142858
1911,455,0.16
1911,455,0.1834862385321101
1911,455,0.23529411764705882
1911,455,0.21978021978021978
