14,3,0.03759398496240601,4,4 2  1 1 0 1,"[0, 1, 3]"
14,3,0.02518891687657431,4,4 2  1 1 0 1,"[0, 2, 13]"
14,3,0.021119324181626188,4,4 2  1 1 0 1,"[0, 1, 10]"
14,3,0.015105740181268883,5,4 2  1 0 1 1,"[0, 2, 3]"
14,3,0.019801980198019802,4,4 2  1 0 1 1,"[0, 1, 5]"
14,3,0.02288329519450801,4,4 2  1 0 1 1,"[0, 1, 12]"
14,3,0.02812939521800281,4,4 2  1 1 0 1,"[0, 4, 5]"
14,3,0.022962112514351322,4,4 2  1 0 1 1,"[0, 3, 9]"
14,3,0.01936108422071636,4,4 2  1 1 0 1,"[0, 3, 8]"
14,3,0.020703933747412008,4,4 2  1 0 1 1,"[0, 4, 13]"
28,6,0.05714285714285714,4,7 2  1 0 0 0 1 0 1,"[0, 2, 10]"
28,6,0.05390835579514825,5,7 2  1 0 1 0 0 0 1,"[0, 4, 26]"
28,6,0.04576659038901602,5,7 2  1 0 1 0 0 0 1,"[0, 6, 16]"
28,6,0.03731343283582089,5,7 2  1 0 0 0 1 0 1,"[0, 2, 24]"
28,6,0.042643923240938165,5,7 2  1 0 0 0 1 0 1,"[0, 6, 18]"
28,6,0.04716981132075472,5,7 2  1 0 0 0 1 0 1,"[0, 4, 6]"
28,6,0.03076923076923077,5,7 2  1 0 1 0 0 0 1,"[0, 2, 6]"
28,6,0.035398230088495575,5,7 2  1 0 1 0 0 0 1,"[0, 2, 20]"
28,6,0.04672897196261682,5,7 2  1 0 0 0 1 0 1,"[0, 8, 26]"
28,6,0.030864197530864196,5,7 2  1 0 1 0 0 0 1,"[0, 8, 10]"
42,9,0.0425531914893617,5,10 2  1 0 0 1 0 0 0 0 0 1,"[0, 3, 9]"
42,9,0.060240963855421686,5,10 2  1 0 0 1 0 0 0 0 0 1,"[0, 6, 39]"
42,9,0.0851063829787234,6,10 2  1 0 0 0 0 0 1 0 0 1,"[0, 6, 9]"
42,9,0.05319148936170213,5,10 2  1 0 0 1 0 0 0 0 0 1,"[0, 9, 24]"
42,9,0.05952380952380952,5,10 2  1 0 0 1 0 0 0 0 0 1,"[0, 3, 30]"
42,9,0.06944444444444445,5,10 2  1 0 0 0 0 0 1 0 0 1,"[0, 3, 15]"
42,9,0.06557377049180328,5,10 2  1 0 0 0 0 0 1 0 0 1,"[0, 9, 27]"
42,9,0.056818181818181816,5,10 2  1 0 0 0 0 0 1 0 0 1,"[0, 3, 36]"
42,9,0.0711743772241993,5,10 2  1 0 0 1 0 0 0 0 0 1,"[0, 12, 15]"
42,9,0.06711409395973154,5,10 2  1 0 0 0 0 0 1 0 0 1,"[0, 12, 39]"
56,12,0.09049773755656108,5,13 2  1 0 0 0 0 0 0 0 1 0 0 0 1,"[0, 8, 12]"
56,12,0.11976047904191617,5,13 2  1 0 0 0 0 0 0 0 1 0 0 0 1,"[0, 4, 20]"
56,12,0.10869565217391304,6,13 2  1 0 0 0 1 0 0 0 0 0 0 0 1,"[0, 4, 12]"
56,12,0.0641025641025641,5,13 2  1 0 0 0 1 0 0 0 0 0 0 0 1,"[0, 4, 40]"
56,12,0.07462686567164178,5,13 2  1 0 0 0 1 0 0 0 0 0 0 0 1,"[0, 12, 32]"
56,12,0.06578947368421052,6,13 2  1 0 0 0 0 0 0 0 1 0 0 0 1,"[0, 12, 36]"
56,12,0.11764705882352941,5,13 2  1 0 0 0 1 0 0 0 0 0 0 0 1,"[0, 8, 52]"
56,12,0.11494252873563218,6,13 2  1 0 0 0 0 0 0 0 1 0 0 0 1,"[0, 4, 48]"
56,12,0.10256410256410256,5,13 2  1 0 0 0 0 0 0 0 1 0 0 0 1,"[0, 16, 52]"
56,12,0.05730659025787966,5,13 2  1 0 0 0 1 0 0 0 0 0 0 0 1,"[0, 16, 20]"
70,15,0.09523809523809523,6,16 2  1 0 0 0 0 1 0 0 0 0 0 0 0 0 0 1,"[0, 5, 50]"
70,15,0.11494252873563218,6,16 2  1 0 0 0 0 1 0 0 0 0 0 0 0 0 0 1,"[0, 15, 40]"
70,15,0.1092896174863388,6,16 2  1 0 0 0 0 0 0 0 0 0 1 0 0 0 0 1,"[0, 10, 15]"
70,15,0.07246376811594203,6,16 2  1 0 0 0 0 0 0 0 0 0 1 0 0 0 0 1,"[0, 5, 60]"
70,15,0.1092896174863388,6,16 2  1 0 0 0 0 1 0 0 0 0 0 0 0 0 0 1,"[0, 10, 65]"
70,15,0.08547008547008547,5,16 2  1 0 0 0 0 0 0 0 0 0 1 0 0 0 0 1,"[0, 15, 45]"
70,15,0.09569377990430622,6,16 2  1 0 0 0 0 0 0 0 0 0 1 0 0 0 0 1,"[0, 5, 25]"
70,15,0.09389671361502347,6,16 2  1 0 0 0 0 1 0 0 0 0 0 0 0 0 0 1,"[0, 5, 15]"
70,15,0.07246376811594203,5,16 2  1 0 0 0 0 0 0 0 0 0 1 0 0 0 0 1,"[0, 20, 65]"
70,15,0.10526315789473684,5,16 2  1 0 0 0 0 1 0 0 0 0 0 0 0 0 0 1,"[0, 20, 25]"
84,18,0.1342281879194631,6,19 2  1 0 0 0 0 0 0 0 0 0 0 0 1 0 0 0 0 0 1,"[0, 18, 54]"
84,18,0.08695652173913043,5,19 2  1 0 0 0 0 0 0 0 0 0 0 0 1 0 0 0 0 0 1,"[0, 6, 30]"
84,18,0.09049773755656108,6,19 2  1 0 0 0 0 0 1 0 0 0 0 0 0 0 0 0 0 0 1,"[0, 18, 48]"
84,18,0.10050251256281408,5,19 2  1 0 0 0 0 0 1 0 0 0 0 0 0 0 0 0 0 0 1,"[0, 6, 18]"
84,18,0.10810810810810811,6,19 2  1 0 0 0 0 0 1 0 0 0 0 0 0 0 0 0 0 0 1,"[0, 12, 78]"
84,18,0.10695187165775401,6,19 2  1 0 0 0 0 0 0 0 0 0 0 0 1 0 0 0 0 0 1,"[0, 6, 72]"
84,18,0.09259259259259259,6,19 2  1 0 0 0 0 0 1 0 0 0 0 0 0 0 0 0 0 0 1,"[0, 6, 60]"
84,18,0.1092896174863388,5,19 2  1 0 0 0 0 0 0 0 0 0 0 0 1 0 0 0 0 0 1,"[0, 12, 18]"
84,18,0.14184397163120568,5,19 2  1 0 0 0 0 0 1 0 0 0 0 0 0 0 0 0 0 0 1,"[0, 24, 30]"
84,18,0.16129032258064516,6,19 2  1 0 0 0 0 0 0 0 0 0 0 0 1 0 0 0 0 0 1,"[0, 24, 78]"
98,21,0.136986301369863,6,22 2  1 0 0 0 0 0 0 0 0 0 0 0 0 0 1 0 0 0 0 0 0 1,"[0, 14, 21]"
98,21,0.12578616352201258,6,22 2  1 0 0 0 0 0 0 0 0 0 0 0 0 0 1 0 0 0 0 0 0 1,"[0, 21, 63]"
98,21,0.13986013986013987,6,22 2  1 0 0 0 0 0 0 1 0 0 0 0 0 0 0 0 0 0 0 0 0 1,"[0, 7, 21]"
98,21,0.10638297872340426,6,22 2  1 0 0 0 0 0 0 0 0 0 0 0 0 0 1 0 0 0 0 0 0 1,"[0, 7, 35]"
98,21,0.10869565217391304,6,22 2  1 0 0 0 0 0 0 1 0 0 0 0 0 0 0 0 0 0 0 0 0 1,"[0, 7, 70]"
98,21,0.15625,6,22 2  1 0 0 0 0 0 0 0 0 0 0 0 0 0 1 0 0 0 0 0 0 1,"[0, 7, 84]"
98,21,0.15873015873015872,6,22 2  1 0 0 0 0 0 0 1 0 0 0 0 0 0 0 0 0 0 0 0 0 1,"[0, 21, 56]"
98,21,0.11235955056179775,6,22 2  1 0 0 0 0 0 0 1 0 0 0 0 0 0 0 0 0 0 0 0 0 1,"[0, 14, 91]"
98,21,0.15748031496062992,6,22 2  1 0 0 0 0 0 0 1 0 0 0 0 0 0 0 0 0 0 0 0 0 1,"[0, 28, 35]"
98,21,0.14814814814814814,6,22 2  1 0 0 0 0 0 0 0 0 0 0 0 0 0 1 0 0 0 0 0 0 1,"[0, 28, 91]"
112,24,0.12987012987012986,5,25 2  1 0 0 0 0 0 0 0 0 0 0 0 0 0 0 0 1 0 0 0 0 0 0 0 1,"[0, 8, 40]"
112,24,0.17699115044247787,6,25 2  1 0 0 0 0 0 0 0 1 0 0 0 0 0 0 0 0 0 0 0 0 0 0 0 1,"[0, 8, 24]"
112,24,0.1342281879194631,6,25 2  1 0 0 0 0 0 0 0 1 0 0 0 0 0 0 0 0 0 0 0 0 0 0 0 1,"[0, 16, 104]"
112,24,0.1724137931034483,6,25 2  1 0 0 0 0 0 0 0 1 0 0 0 0 0 0 0 0 0 0 0 0 0 0 0 1,"[0, 24, 64]"
112,24,0.145985401459854,6,25 2  1 0 0 0 0 0 0 0 1 0 0 0 0 0 0 0 0 0 0 0 0 0 0 0 1,"[0, 8, 80]"
112,24,0.21978021978021978,6,25 2  1 0 0 0 0 0 0 0 0 0 0 0 0 0 0 0 1 0 0 0 0 0 0 0 1,"[0, 16, 24]"
112,24,0.17699115044247787,5,25 2  1 0 0 0 0 0 0 0 0 0 0 0 0 0 0 0 1 0 0 0 0 0 0 0 1,"[0, 8, 96]"
112,24,0.16129032258064516,6,25 2  1 0 0 0 0 0 0 0 0 0 0 0 0 0 0 0 1 0 0 0 0 0 0 0 1,"[0, 24, 72]"
112,24,0.17094017094017094,5,25 2  1 0 0 0 0 0 0 0 1 0 0 0 0 0 0 0 0 0 0 0 0 0 0 0 1,"[0, 32, 40]"
112,24,0.17391304347826086,6,25 2  1 0 0 0 0 0 0 0 0 0 0 0 0 0 0 0 1 0 0 0 0 0 0 0 1,"[0, 32, 104]"
126,27,0.1724137931034483,6,28 2  1 0 0 0 0 0 0 0 0 0 0 0 0 0 0 0 0 0 1 0 0 0 0 0 0 0 0 1,"[0, 18, 27]"
126,27,0.15503875968992248,6,28 2  1 0 0 0 0 0 0 0 0 0 0 0 0 0 0 0 0 0 1 0 0 0 0 0 0 0 0 1,"[0, 9, 45]"
126,27,0.12269938650306748,6,28 2  1 0 0 0 0 0 0 0 0 1 0 0 0 0 0 0 0 0 0 0 0 0 0 0 0 0 0 1,"[0, 9, 27]"
126,27,0.17699115044247787,6,28 2  1 0 0 0 0 0 0 0 0 1 0 0 0 0 0 0 0 0 0 0 0 0 0 0 0 0 0 1,"[0, 27, 72]"
126,27,0.19230769230769232,6,28 2  1 0 0 0 0 0 0 0 0 1 0 0 0 0 0 0 0 0 0 0 0 0 0 0 0 0 0 1,"[0, 18, 117]"
126,27,0.13071895424836602,6,28 2  1 0 0 0 0 0 0 0 0 0 0 0 0 0 0 0 0 0 1 0 0 0 0 0 0 0 0 1,"[0, 27, 81]"
126,27,0.23255813953488372,6,28 2  1 0 0 0 0 0 0 0 0 1 0 0 0 0 0 0 0 0 0 0 0 0 0 0 0 0 0 1,"[0, 9, 90]"
126,27,0.15748031496062992,6,28 2  1 0 0 0 0 0 0 0 0 0 0 0 0 0 0 0 0 0 1 0 0 0 0 0 0 0 0 1,"[0, 9, 108]"
126,27,0.13986013986013987,6,28 2  1 0 0 0 0 0 0 0 0 1 0 0 0 0 0 0 0 0 0 0 0 0 0 0 0 0 0 1,"[0, 36, 45]"
126,27,0.18691588785046728,6,28 2  1 0 0 0 0 0 0 0 0 0 0 0 0 0 0 0 0 0 1 0 0 0 0 0 0 0 0 1,"[0, 36, 117]"
