14,3,0.004769854519437157
14,3,0.005346164127238706
14,3,0.0038255547054322878
14,3,0.0036350418029807343
14,3,0.006067961165048544
14,3,0.006624710168930109
14,3,0.005112474437627812
14,3,0.0040192926045016075
14,3,0.003843936190659235
14,3,0.0035341933203746245
14,3,0.005022601707684581
14,3,0.006049606775559589
14,3,0.0028461647929415115
14,3,0.007109847138286527
14,3,0.0031923383878691143
14,3,0.0032520325203252032
14,3,0.0026852846401718583
14,3,0.004224757076468103
28,6,0.007927070947284977
28,6,0.007719027402547279
28,6,0.008463817181548879
28,6,0.00777000777000777
28,6,0.0113314447592068
28,6,0.008818342151675485
28,6,0.010395010395010396
28,6,0.007027406886858749
28,6,0.009394081728511038
28,6,0.010793308148947653
28,6,0.010378827192527244
28,6,0.009045680687471733
28,6,0.007939658594680429
28,6,0.00980392156862745
28,6,0.01050420168067227
28,6,0.006906077348066298
28,6,0.005408328826392645
28,6,0.00772499034376207
42,9,0.01330671989354624
42,9,0.014204545454545454
42,9,0.018315018315018316
42,9,0.010111223458038422
42,9,0.013458950201884253
42,9,0.010869565217391304
42,9,0.009751340809361287
42,9,0.01759014951627089
42,9,0.015060240963855422
42,9,0.014738393515106854
42,9,0.00878348704435661
42,9,0.01658374792703151
42,9,0.011242270938729624
42,9,0.013377926421404682
42,9,0.013614703880190605
42,9,0.01448225923244026
42,9,0.013468013468013467
42,9,0.009886307464162136
56,12,0.014524328249818447
56,12,0.013395847287340924
56,12,0.02447980416156671
56,12,0.029850746268656716
56,12,0.022935779816513763
56,12,0.014204545454545454
56,12,0.013089005235602094
56,12,0.01876172607879925
56,12,0.029282576866764276
56,12,0.013869625520110958
56,12,0.024752475247524754
56,12,0.01774622892635315
56,12,0.013966480446927373
56,12,0.013568521031207599
56,12,0.024009603841536616
56,12,0.013449899125756557
56,12,0.026881720430107527
56,12,0.02531645569620253
70,15,0.018957345971563982
70,15,0.02466091245376079
70,15,0.021691973969631236
70,15,0.022598870056497175
70,15,0.016736401673640166
70,15,0.016570008285004142
70,15,0.023282887077997673
70,15,0.026281208935611037
70,15,0.02677376171352075
70,15,0.016877637130801686
70,15,0.018975332068311195
70,15,0.023255813953488372
70,15,0.02849002849002849
70,15,0.0221483942414175
70,15,0.027816411682892908
70,15,0.023391812865497075
70,15,0.020554984583761562
70,15,0.021413276231263382
84,18,0.029282576866764276
84,18,0.02932551319648094
84,18,0.027624309392265192
84,18,0.0351493848857645
84,18,0.028288543140028287
84,18,0.01809954751131222
84,18,0.022598870056497175
84,18,0.02902757619738752
84,18,0.030349013657056147
84,18,0.02706359945872801
84,18,0.02386634844868735
84,18,0.029154518950437316
84,18,0.03367003367003367
84,18,0.02047082906857728
84,18,0.023174971031286212
84,18,0.03205128205128205
84,18,0.022857142857142857
84,18,0.025220680958385876
98,21,0.028530670470756064
98,21,0.028901734104046242
98,21,0.046511627906976744
98,21,0.03546099290780142
98,21,0.030627871362940276
98,21,0.04106776180698152
98,21,0.029806259314456036
98,21,0.03571428571428571
98,21,0.03067484662576687
98,21,0.030959752321981424
98,21,0.02677376171352075
98,21,0.02844950213371266
98,21,0.027472527472527472
98,21,0.02861230329041488
98,21,0.023781212841854936
98,21,0.029239766081871343
98,21,0.02911208151382824
98,21,0.02902757619738752
112,24,0.05698005698005698
112,24,0.05181347150259067
112,24,0.03179650238473768
112,24,0.042105263157894736
112,24,0.03766478342749529
112,24,0.04395604395604396
112,24,0.0338409475465313
112,24,0.026737967914438502
112,24,0.03710575139146568
112,24,0.056022408963585436
112,24,0.031545741324921134
112,24,0.03656307129798903
112,24,0.02812939521800281
112,24,0.042643923240938165
112,24,0.0353356890459364
112,24,0.03937007874015748
112,24,0.03139717425431711
112,24,0.027624309392265192
126,27,0.06622516556291391
126,27,0.05128205128205128
126,27,0.035650623885918005
126,27,0.034782608695652174
126,27,0.05333333333333334
126,27,0.04415011037527594
126,27,0.0449438202247191
126,27,0.03676470588235294
126,27,0.04329004329004329
126,27,0.05181347150259067
126,27,0.04716981132075472
126,27,0.030534351145038167
126,27,0.041237113402061855
126,27,0.025348542458808618
126,27,0.04962779156327544
126,27,0.04672897196261682
126,27,0.03710575139146568
126,27,0.03861003861003861
140,30,0.0398406374501992
140,30,0.03395585738539898
140,30,0.044642857142857144
140,30,0.03816793893129771
140,30,0.03795066413662239
140,30,0.027855153203342618
140,30,0.04040404040404041
140,30,0.045454545454545456
140,30,0.032362459546925564
140,30,0.03231017770597738
140,30,0.04201680672268908
140,30,0.02554278416347382
140,30,0.046511627906976744
140,30,0.04878048780487805
140,30,0.039525691699604744
140,30,0.05865102639296188
140,30,0.05037783375314862
140,30,0.02962962962962963
154,33,0.06269592476489028
154,33,0.04158004158004158
154,33,0.06779661016949153
154,33,0.05
154,33,0.048426150121065374
154,33,0.06042296072507553
154,33,0.05235602094240838
154,33,0.058997050147492625
154,33,0.04040404040404041
154,33,0.056818181818181816
154,33,0.04424778761061947
154,33,0.028530670470756064
154,33,0.03616636528028933
154,33,0.042643923240938165
154,33,0.047058823529411764
154,33,0.0392156862745098
154,33,0.04975124378109453
154,33,0.03466204506065858
168,36,0.072992700729927
168,36,0.06734006734006734
168,36,0.05115089514066496
168,36,0.06389776357827476
168,36,0.041237113402061855
168,36,0.07246376811594203
168,36,0.054945054945054944
168,36,0.056657223796033995
168,36,0.053763440860215055
168,36,0.04938271604938271
168,36,0.04175365344467641
168,36,0.042643923240938165
168,36,0.08333333333333333
168,36,0.06578947368421052
168,36,0.0437636761487965
168,36,0.035650623885918005
168,36,0.04819277108433735
168,36,0.047505938242280284
182,39,0.07407407407407407
182,39,0.06060606060606061
182,39,0.08368200836820083
182,39,0.04395604395604396
182,39,0.060790273556231005
182,39,0.04819277108433735
182,39,0.07633587786259542
182,39,0.04672897196261682
182,39,0.0468384074941452
182,39,0.041407867494824016
182,39,0.05194805194805195
182,39,0.057803468208092484
182,39,0.06134969325153374
182,39,0.045662100456621
182,39,0.04739336492890995
182,39,0.07936507936507936
182,39,0.046511627906976744
182,39,0.05555555555555555
196,42,0.04739336492890995
196,42,0.04950495049504951
196,42,0.045146726862302484
196,42,0.06944444444444445
196,42,0.05025125628140704
196,42,0.043478260869565216
196,42,0.05167958656330749
196,42,0.043859649122807015
196,42,0.056022408963585436
196,42,0.05063291139240506
196,42,0.057803468208092484
196,42,0.06535947712418301
196,42,0.06389776357827476
196,42,0.043859649122807015
196,42,0.06825938566552901
196,42,0.05714285714285714
196,42,0.052083333333333336
196,42,0.06451612903225806
210,45,0.06134969325153374
210,45,0.08368200836820083
210,45,0.055248618784530384
210,45,0.07518796992481203
210,45,0.07352941176470588
210,45,0.07575757575757576
210,45,0.06666666666666667
210,45,0.06666666666666667
210,45,0.06734006734006734
210,45,0.08032128514056225
210,45,0.0706713780918728
210,45,0.07462686567164178
210,45,0.07220216606498195
210,45,0.056657223796033995
210,45,0.06802721088435375
210,45,0.07722007722007722
210,45,0.07633587786259542
210,45,0.10989010989010989
224,48,0.066006600660066
224,48,0.05917159763313609
224,48,0.043010752688172046
224,48,0.05025125628140704
224,48,0.11173184357541899
224,48,0.058823529411764705
224,48,0.07905138339920949
224,48,0.07722007722007722
224,48,0.04672897196261682
224,48,0.06430868167202572
224,48,0.09174311926605505
224,48,0.04938271604938271
224,48,0.057803468208092484
224,48,0.06968641114982578
224,48,0.072992700729927
224,48,0.05952380952380952
224,48,0.06472491909385113
224,48,0.0970873786407767
238,51,0.07751937984496124
238,51,0.08888888888888889
238,51,0.056338028169014086
238,51,0.05917159763313609
238,51,0.11695906432748537
238,51,0.08064516129032258
238,51,0.06289308176100629
238,51,0.08196721311475409
238,51,0.09569377990430622
238,51,0.08064516129032258
238,51,0.09389671361502347
238,51,0.08264462809917356
238,51,0.07662835249042145
238,51,0.06578947368421052
238,51,0.05012531328320802
238,51,0.058997050147492625
238,51,0.05970149253731343
238,51,0.0784313725490196
252,54,0.07905138339920949
252,54,0.05970149253731343
252,54,0.072992700729927
252,54,0.06711409395973154
252,54,0.08264462809917356
252,54,0.05714285714285714
252,54,0.07194244604316546
252,54,0.10256410256410256
252,54,0.08064516129032258
252,54,0.06451612903225806
252,54,0.06369426751592357
252,54,0.05319148936170213
252,54,0.08620689655172414
252,54,0.06944444444444445
252,54,0.07380073800738007
252,54,0.05747126436781609
252,54,0.04576659038901602
252,54,0.09615384615384616
266,57,0.06825938566552901
266,57,0.05405405405405406
266,57,0.07434944237918216
266,57,0.06472491909385113
266,57,0.08695652173913043
266,57,0.10204081632653061
266,57,0.08968609865470852
266,57,0.091324200913242
266,57,0.06993006993006994
266,57,0.08583690987124463
266,57,0.10989010989010989
266,57,0.07017543859649122
266,57,0.06944444444444445
266,57,0.08196721311475409
266,57,0.08547008547008547
266,57,0.08620689655172414
266,57,0.0664451827242525
266,57,0.10752688172043011
280,60,0.08064516129032258
280,60,0.06993006993006994
280,60,0.0851063829787234
280,60,0.08298755186721991
280,60,0.07168458781362007
280,60,0.10362694300518134
280,60,0.08849557522123894
280,60,0.08771929824561403
280,60,0.11976047904191617
280,60,0.10362694300518134
280,60,0.07662835249042145
280,60,0.10204081632653061
280,60,0.07633587786259542
280,60,0.08097165991902834
280,60,0.06006006006006006
280,60,0.10309278350515463
280,60,0.066006600660066
280,60,0.07905138339920949
294,63,0.07518796992481203
294,63,0.07220216606498195
294,63,0.050761421319796954
294,63,0.07874015748031496
294,63,0.0975609756097561
294,63,0.06666666666666667
294,63,0.1282051282051282
294,63,0.0823045267489712
294,63,0.06944444444444445
294,63,0.11235955056179775
294,63,0.09009009009009009
294,63,0.10526315789473684
294,63,0.09615384615384616
294,63,0.09049773755656108
294,63,0.07662835249042145
294,63,0.08888888888888889
294,63,0.0749063670411985
294,63,0.059880239520958084
308,66,0.11834319526627218
308,66,0.08264462809917356
308,66,0.10204081632653061
308,66,0.10101010101010101
308,66,0.08196721311475409
308,66,0.08
308,66,0.09569377990430622
308,66,0.09852216748768473
308,66,0.08733624454148471
308,66,0.07168458781362007
308,66,0.11560693641618497
308,66,0.06993006993006994
308,66,0.07547169811320754
308,66,0.10416666666666667
308,66,0.08438818565400844
308,66,0.059880239520958084
308,66,0.08064516129032258
308,66,0.07751937984496124
322,69,0.09345794392523364
322,69,0.0784313725490196
322,69,0.11299435028248588
322,69,0.08438818565400844
322,69,0.15748031496062992
322,69,0.11173184357541899
322,69,0.1
322,69,0.07434944237918216
322,69,0.07462686567164178
322,69,0.08264462809917356
322,69,0.11173184357541899
322,69,0.09174311926605505
322,69,0.08064516129032258
322,69,0.12048192771084337
322,69,0.07905138339920949
322,69,0.07662835249042145
322,69,0.10309278350515463
322,69,0.078125
336,72,0.13986013986013987
336,72,0.12578616352201258
336,72,0.0749063670411985
336,72,0.09345794392523364
336,72,0.09900990099009901
336,72,0.08928571428571429
336,72,0.08771929824561403
336,72,0.13333333333333333
336,72,0.10869565217391304
336,72,0.10256410256410256
336,72,0.16393442622950818
336,72,0.11363636363636363
336,72,0.0970873786407767
336,72,0.12903225806451613
336,72,0.09302325581395349
336,72,0.10362694300518134
336,72,0.13513513513513514
336,72,0.08771929824561403
350,75,0.11560693641618497
350,75,0.09615384615384616
350,75,0.14184397163120568
350,75,0.08928571428571429
350,75,0.14084507042253522
350,75,0.11299435028248588
350,75,0.09900990099009901
350,75,0.10101010101010101
350,75,0.12987012987012986
350,75,0.10204081632653061
350,75,0.07936507936507936
350,75,0.10471204188481675
350,75,0.1388888888888889
350,75,0.10256410256410256
350,75,0.10309278350515463
350,75,0.11235955056179775
350,75,0.145985401459854
350,75,0.10869565217391304
364,78,0.14492753623188406
364,78,0.10471204188481675
364,78,0.11627906976744186
364,78,0.0970873786407767
364,78,0.09615384615384616
364,78,0.0975609756097561
364,78,0.10989010989010989
364,78,0.09216589861751152
364,78,0.13793103448275862
364,78,0.12903225806451613
364,78,0.09803921568627451
364,78,0.10309278350515463
364,78,0.09950248756218906
364,78,0.11173184357541899
364,78,0.17699115044247787
364,78,0.09569377990430622
364,78,0.14285714285714285
364,78,0.11494252873563218
378,81,0.1360544217687075
378,81,0.0966183574879227
378,81,0.1111111111111111
378,81,0.16806722689075632
378,81,0.11976047904191617
378,81,0.11627906976744186
378,81,0.11976047904191617
378,81,0.12269938650306748
378,81,0.09090909090909091
378,81,0.11627906976744186
378,81,0.10050251256281408
378,81,0.0711743772241993
378,81,0.10582010582010581
378,81,0.1092896174863388
378,81,0.11494252873563218
378,81,0.10204081632653061
378,81,0.08695652173913043
378,81,0.10638297872340426
392,84,0.10256410256410256
392,84,0.14388489208633093
392,84,0.08333333333333333
392,84,0.10050251256281408
392,84,0.09049773755656108
392,84,0.15625
392,84,0.09216589861751152
392,84,0.125
392,84,0.15151515151515152
392,84,0.15625
392,84,0.12987012987012986
392,84,0.10152284263959391
392,84,0.1092896174863388
392,84,0.08968609865470852
392,84,0.22988505747126436
392,84,0.10695187165775401
392,84,0.1941747572815534
392,84,0.09345794392523364
406,87,0.13157894736842105
406,87,0.1282051282051282
406,87,0.11695906432748537
406,87,0.11764705882352941
406,87,0.08968609865470852
406,87,0.15873015873015872
406,87,0.11494252873563218
406,87,0.0851063829787234
406,87,0.16666666666666666
406,87,0.12121212121212122
406,87,0.1652892561983471
406,87,0.12121212121212122
406,87,0.15384615384615385
406,87,0.1282051282051282
406,87,0.12345679012345678
406,87,0.11764705882352941
406,87,0.15503875968992248
406,87,0.11428571428571428
420,90,0.13245033112582782
420,90,0.11904761904761904
420,90,0.1
420,90,0.1342281879194631
420,90,0.10869565217391304
420,90,0.15151515151515152
420,90,0.07042253521126761
420,90,0.09345794392523364
420,90,0.10695187165775401
420,90,0.11627906976744186
420,90,0.11627906976744186
420,90,0.12121212121212122
420,90,0.14925373134328357
420,90,0.11834319526627218
420,90,0.13513513513513514
420,90,0.16393442622950818
420,90,0.15037593984962405
420,90,0.18181818181818182
434,93,0.12738853503184713
434,93,0.13986013986013987
434,93,0.12578616352201258
434,93,0.1342281879194631
434,93,0.14705882352941177
434,93,0.15037593984962405
434,93,0.19607843137254902
434,93,0.145985401459854
434,93,0.10309278350515463
434,93,0.14925373134328357
434,93,0.17094017094017094
434,93,0.12658227848101267
434,93,0.16806722689075632
434,93,0.14084507042253522
434,93,0.12048192771084337
434,93,0.125
434,93,0.13333333333333333
434,93,0.09174311926605505
448,96,0.14084507042253522
448,96,0.11834319526627218
448,96,0.13157894736842105
448,96,0.12987012987012986
448,96,0.16393442622950818
448,96,0.21505376344086022
448,96,0.13986013986013987
448,96,0.15503875968992248
448,96,0.125
448,96,0.13245033112582782
448,96,0.12578616352201258
448,96,0.18018018018018017
448,96,0.20202020202020202
448,96,0.10989010989010989
448,96,0.1652892561983471
448,96,0.10989010989010989
448,96,0.16260162601626016
448,96,0.11695906432748537
462,99,0.13157894736842105
462,99,0.17857142857142858
462,99,0.16
462,99,0.16129032258064516
462,99,0.13157894736842105
462,99,0.17094017094017094
462,99,0.2
462,99,0.11363636363636363
462,99,0.16393442622950818
462,99,0.18518518518518517
462,99,0.10810810810810811
462,99,0.12658227848101267
462,99,0.10695187165775401
462,99,0.11049723756906077
462,99,0.1
462,99,0.12195121951219512
462,99,0.2247191011235955
462,99,0.15748031496062992
476,102,0.08196721311475409
476,102,0.12578616352201258
476,102,0.15267175572519084
476,102,0.20408163265306123
476,102,0.11976047904191617
476,102,0.09900990099009901
476,102,0.16393442622950818
476,102,0.15748031496062992
476,102,0.11363636363636363
476,102,0.16129032258064516
476,102,0.18018018018018017
476,102,0.09523809523809523
476,102,0.11235955056179775
476,102,0.09615384615384616
476,102,0.21505376344086022
476,102,0.12987012987012986
476,102,0.16393442622950818
476,102,0.12195121951219512
490,105,0.145985401459854
490,105,0.20833333333333334
490,105,0.1342281879194631
490,105,0.14492753623188406
490,105,0.1652892561983471
490,105,0.11627906976744186
490,105,0.12578616352201258
490,105,0.19047619047619047
490,105,0.11235955056179775
490,105,0.15503875968992248
490,105,0.12048192771084337
490,105,0.18867924528301888
490,105,0.16129032258064516
490,105,0.11976047904191617
490,105,0.12195121951219512
490,105,0.15151515151515152
490,105,0.12987012987012986
490,105,0.14084507042253522
504,108,0.17391304347826086
504,108,0.1282051282051282
504,108,0.15625
504,108,0.12658227848101267
504,108,0.16260162601626016
504,108,0.15748031496062992
504,108,0.16260162601626016
504,108,0.09615384615384616
504,108,0.16666666666666666
504,108,0.15873015873015872
504,108,0.15503875968992248
504,108,0.15625
504,108,0.13157894736842105
504,108,0.1388888888888889
504,108,0.15037593984962405
504,108,0.11904761904761904
504,108,0.11560693641618497
504,108,0.2247191011235955
518,111,0.1282051282051282
518,111,0.17543859649122806
518,111,0.1834862385321101
518,111,0.13333333333333333
518,111,0.10638297872340426
518,111,0.11173184357541899
518,111,0.16260162601626016
518,111,0.2247191011235955
518,111,0.12738853503184713
518,111,0.16666666666666666
518,111,0.09900990099009901
518,111,0.12578616352201258
518,111,0.14705882352941177
518,111,0.1724137931034483
518,111,0.13986013986013987
518,111,0.13071895424836602
518,111,0.1342281879194631
518,111,0.11560693641618497
532,114,0.1342281879194631
532,114,0.18518518518518517
532,114,0.13513513513513514
532,114,0.20833333333333334
532,114,0.18018018018018017
532,114,0.19047619047619047
532,114,0.12658227848101267
532,114,0.15037593984962405
532,114,0.17543859649122806
532,114,0.16666666666666666
532,114,0.17857142857142858
532,114,0.14285714285714285
532,114,0.2247191011235955
532,114,0.14492753623188406
532,114,0.1694915254237288
532,114,0.15384615384615385
532,114,0.1941747572815534
532,114,0.15503875968992248
546,117,0.15873015873015872
546,117,0.17857142857142858
546,117,0.1724137931034483
546,117,0.1941747572815534
546,117,0.1342281879194631
546,117,0.18867924528301888
546,117,0.13513513513513514
546,117,0.18018018018018017
546,117,0.10526315789473684
546,117,0.14285714285714285
546,117,0.23255813953488372
546,117,0.15384615384615385
546,117,0.19230769230769232
546,117,0.12987012987012986
546,117,0.145985401459854
546,117,0.145985401459854
546,117,0.1652892561983471
546,117,0.12269938650306748
560,120,0.15625
560,120,0.2247191011235955
560,120,0.17857142857142858
560,120,0.20833333333333334
560,120,0.17699115044247787
560,120,0.15151515151515152
560,120,0.19607843137254902
560,120,0.1652892561983471
560,120,0.19801980198019803
560,120,0.12345679012345678
560,120,0.17391304347826086
560,120,0.13986013986013987
560,120,0.14925373134328357
560,120,0.11428571428571428
560,120,0.2857142857142857
560,120,0.24691358024691357
560,120,0.14184397163120568
560,120,0.1834862385321101
574,123,0.18691588785046728
574,123,0.13333333333333333
574,123,0.16393442622950818
574,123,0.1360544217687075
574,123,0.21052631578947367
574,123,0.21052631578947367
574,123,0.18691588785046728
574,123,0.18867924528301888
574,123,0.18181818181818182
574,123,0.14285714285714285
574,123,0.1652892561983471
574,123,0.2127659574468085
574,123,0.17391304347826086
574,123,0.16806722689075632
574,123,0.20408163265306123
574,123,0.24691358024691357
574,123,0.15873015873015872
574,123,0.1342281879194631
588,126,0.20408163265306123
588,126,0.17699115044247787
588,126,0.14388489208633093
588,126,0.14285714285714285
588,126,0.16806722689075632
588,126,0.17543859649122806
588,126,0.20618556701030927
588,126,0.22988505747126436
588,126,0.16
588,126,0.125
588,126,0.14705882352941177
588,126,0.21978021978021978
588,126,0.14388489208633093
588,126,0.19801980198019803
588,126,0.21978021978021978
588,126,0.15873015873015872
588,126,0.15873015873015872
588,126,0.10695187165775401
602,129,0.21739130434782608
602,129,0.20833333333333334
602,129,0.21978021978021978
602,129,0.23255813953488372
602,129,0.13157894736842105
602,129,0.1652892561983471
602,129,0.17857142857142858
602,129,0.18518518518518517
602,129,0.2222222222222222
602,129,0.16
602,129,0.17699115044247787
602,129,0.18018018018018017
602,129,0.1388888888888889
602,129,0.1092896174863388
602,129,0.13333333333333333
602,129,0.18867924528301888
602,129,0.13157894736842105
602,129,0.16
616,132,0.13071895424836602
616,132,0.17094017094017094
616,132,0.15873015873015872
616,132,0.19047619047619047
616,132,0.18867924528301888
616,132,0.23809523809523808
616,132,0.17094017094017094
616,132,0.14184397163120568
616,132,0.14184397163120568
616,132,0.1388888888888889
616,132,0.18867924528301888
616,132,0.2127659574468085
616,132,0.20833333333333334
616,132,0.15267175572519084
616,132,0.1834862385321101
616,132,0.11494252873563218
616,132,0.3225806451612903
616,132,0.19607843137254902
630,135,0.2247191011235955
630,135,0.14925373134328357
630,135,0.14492753623188406
630,135,0.2
630,135,0.1694915254237288
630,135,0.15384615384615385
630,135,0.2
630,135,0.15873015873015872
630,135,0.17699115044247787
630,135,0.14084507042253522
630,135,0.14184397163120568
630,135,0.16806722689075632
630,135,0.17857142857142858
630,135,0.2127659574468085
630,135,0.23529411764705882
630,135,0.16
630,135,0.23529411764705882
630,135,0.22988505747126436
644,138,0.16260162601626016
644,138,0.16806722689075632
644,138,0.24390243902439024
644,138,0.12345679012345678
644,138,0.1724137931034483
644,138,0.20202020202020202
644,138,0.16260162601626016
644,138,0.18518518518518517
644,138,0.2702702702702703
644,138,0.20618556701030927
644,138,0.14285714285714285
644,138,0.19047619047619047
644,138,0.20833333333333334
644,138,0.21739130434782608
644,138,0.23529411764705882
644,138,0.18018018018018017
644,138,0.16806722689075632
644,138,0.20202020202020202
658,141,0.24096385542168675
658,141,0.23255813953488372
658,141,0.18518518518518517
658,141,0.1652892561983471
658,141,0.23255813953488372
658,141,0.24691358024691357
658,141,0.18867924528301888
658,141,0.2
658,141,0.19047619047619047
658,141,0.16129032258064516
658,141,0.16806722689075632
658,141,0.13513513513513514
658,141,0.16806722689075632
658,141,0.2702702702702703
658,141,0.13157894736842105
658,141,0.20833333333333334
658,141,0.1724137931034483
658,141,0.23255813953488372
672,144,0.21739130434782608
672,144,0.15873015873015872
672,144,0.22988505747126436
672,144,0.16
672,144,0.16260162601626016
672,144,0.3225806451612903
672,144,0.13071895424836602
672,144,0.17699115044247787
672,144,0.16806722689075632
672,144,0.1724137931034483
672,144,0.1652892561983471
672,144,0.2597402597402597
672,144,0.22988505747126436
672,144,0.29850746268656714
672,144,0.16129032258064516
672,144,0.17699115044247787
672,144,0.18867924528301888
672,144,0.17543859649122806
686,147,0.17391304347826086
686,147,0.19230769230769232
686,147,0.18867924528301888
686,147,0.17699115044247787
686,147,0.20833333333333334
686,147,0.23255813953488372
686,147,0.22988505747126436
686,147,0.13793103448275862
686,147,0.21052631578947367
686,147,0.24096385542168675
686,147,0.22988505747126436
686,147,0.145985401459854
686,147,0.20408163265306123
686,147,0.2127659574468085
686,147,0.2222222222222222
686,147,0.16806722689075632
686,147,0.19230769230769232
686,147,0.1694915254237288
700,150,0.18181818181818182
700,150,0.15267175572519084
700,150,0.17094017094017094
700,150,0.1724137931034483
700,150,0.18518518518518517
700,150,0.19047619047619047
700,150,0.2247191011235955
700,150,0.16
700,150,0.22988505747126436
700,150,0.21978021978021978
700,150,0.20408163265306123
700,150,0.2127659574468085
700,150,0.15748031496062992
700,150,0.16393442622950818
700,150,0.2222222222222222
700,150,0.16806722689075632
700,150,0.19607843137254902
700,150,0.17857142857142858
714,153,0.2222222222222222
714,153,0.2247191011235955
714,153,0.14084507042253522
714,153,0.1694915254237288
714,153,0.14285714285714285
714,153,0.2127659574468085
714,153,0.2564102564102564
714,153,0.25316455696202533
714,153,0.30303030303030304
714,153,0.16806722689075632
714,153,0.20833333333333334
714,153,0.17857142857142858
714,153,0.15037593984962405
714,153,0.15151515151515152
714,153,0.20833333333333334
714,153,0.1834862385321101
714,153,0.18691588785046728
714,153,0.2
728,156,0.2
728,156,0.1694915254237288
728,156,0.28169014084507044
728,156,0.2631578947368421
728,156,0.24691358024691357
728,156,0.2247191011235955
728,156,0.40816326530612246
728,156,0.18018018018018017
728,156,0.18691588785046728
728,156,0.29411764705882354
728,156,0.18181818181818182
728,156,0.19607843137254902
728,156,0.20618556701030927
728,156,0.13513513513513514
728,156,0.2631578947368421
728,156,0.24096385542168675
728,156,0.18018018018018017
728,156,0.3076923076923077
742,159,0.2564102564102564
742,159,0.17857142857142858
742,159,0.19230769230769232
742,159,0.1834862385321101
742,159,0.18518518518518517
742,159,0.273972602739726
742,159,0.1724137931034483
742,159,0.2222222222222222
742,159,0.16
742,159,0.2127659574468085
742,159,0.2127659574468085
742,159,0.31746031746031744
742,159,0.15384615384615385
742,159,0.17699115044247787
742,159,0.2777777777777778
742,159,0.19230769230769232
742,159,0.20408163265306123
742,159,0.29411764705882354
756,162,0.19607843137254902
756,162,0.16393442622950818
756,162,0.23529411764705882
756,162,0.21052631578947367
756,162,0.2127659574468085
756,162,0.14084507042253522
756,162,0.15384615384615385
756,162,0.12903225806451613
756,162,0.19607843137254902
756,162,0.20202020202020202
756,162,0.21505376344086022
756,162,0.2127659574468085
756,162,0.23809523809523808
756,162,0.2564102564102564
756,162,0.23255813953488372
756,162,0.20408163265306123
756,162,0.18018018018018017
756,162,0.2247191011235955
770,165,0.19607843137254902
770,165,0.23529411764705882
770,165,0.21978021978021978
770,165,0.37735849056603776
770,165,0.13333333333333333
770,165,0.1694915254237288
770,165,0.23809523809523808
770,165,0.16393442622950818
770,165,0.2777777777777778
770,165,0.21052631578947367
770,165,0.11834319526627218
770,165,0.2222222222222222
770,165,0.2
770,165,0.2127659574468085
770,165,0.20833333333333334
770,165,0.273972602739726
770,165,0.23809523809523808
770,165,0.2857142857142857
784,168,0.16806722689075632
784,168,0.2127659574468085
784,168,0.2597402597402597
784,168,0.24691358024691357
784,168,0.20408163265306123
784,168,0.2857142857142857
784,168,0.20202020202020202
784,168,0.2127659574468085
784,168,0.1652892561983471
784,168,0.2631578947368421
784,168,0.2
784,168,0.23529411764705882
784,168,0.18518518518518517
784,168,0.18181818181818182
784,168,0.1941747572815534
784,168,0.1724137931034483
784,168,0.14705882352941177
784,168,0.25316455696202533
798,171,0.15037593984962405
798,171,0.24096385542168675
798,171,0.2564102564102564
798,171,0.17857142857142858
798,171,0.2597402597402597
798,171,0.2247191011235955
798,171,0.16260162601626016
798,171,0.20833333333333334
798,171,0.2857142857142857
798,171,0.20408163265306123
798,171,0.273972602739726
798,171,0.3125
798,171,0.21052631578947367
798,171,0.21978021978021978
798,171,0.2247191011235955
798,171,0.19801980198019803
798,171,0.3448275862068966
798,171,0.1834862385321101
812,174,0.20202020202020202
812,174,0.2564102564102564
812,174,0.21978021978021978
812,174,0.2564102564102564
812,174,0.3076923076923077
812,174,0.23255813953488372
812,174,0.24096385542168675
812,174,0.24691358024691357
812,174,0.22988505747126436
812,174,0.23809523809523808
812,174,0.24691358024691357
812,174,0.23809523809523808
812,174,0.2564102564102564
812,174,0.2127659574468085
812,174,0.1834862385321101
812,174,0.24390243902439024
812,174,0.24096385542168675
812,174,0.2564102564102564
826,177,0.20618556701030927
826,177,0.25
826,177,0.3508771929824561
826,177,0.2247191011235955
826,177,0.2597402597402597
826,177,0.14492753623188406
826,177,0.3333333333333333
826,177,0.2702702702702703
826,177,0.3125
826,177,0.19230769230769232
826,177,0.1652892561983471
826,177,0.19047619047619047
826,177,0.1652892561983471
826,177,0.21739130434782608
826,177,0.22727272727272727
826,177,0.1652892561983471
826,177,0.17094017094017094
826,177,0.3508771929824561
840,180,0.28169014084507044
840,180,0.20408163265306123
840,180,0.20202020202020202
840,180,0.29411764705882354
840,180,0.24390243902439024
840,180,0.2702702702702703
840,180,0.25
840,180,0.2127659574468085
840,180,0.1941747572815534
840,180,0.20618556701030927
840,180,0.21052631578947367
840,180,0.19607843137254902
840,180,0.23255813953488372
840,180,0.23255813953488372
840,180,0.25
840,180,0.24096385542168675
840,180,0.26666666666666666
840,180,0.2597402597402597
854,183,0.21505376344086022
854,183,0.2898550724637681
854,183,0.2127659574468085
854,183,0.20408163265306123
854,183,0.21978021978021978
854,183,0.28169014084507044
854,183,0.21052631578947367
854,183,0.22988505747126436
854,183,0.273972602739726
854,183,0.20833333333333334
854,183,0.22988505747126436
854,183,0.20833333333333334
854,183,0.25316455696202533
854,183,0.22988505747126436
854,183,0.26666666666666666
854,183,0.29850746268656714
854,183,0.20833333333333334
854,183,0.23529411764705882
868,186,0.2564102564102564
868,186,0.3508771929824561
868,186,0.26666666666666666
868,186,0.36363636363636365
868,186,0.19607843137254902
868,186,0.21739130434782608
868,186,0.2777777777777778
868,186,0.25
868,186,0.2777777777777778
868,186,0.26666666666666666
868,186,0.2898550724637681
868,186,0.1652892561983471
868,186,0.2564102564102564
868,186,0.25
868,186,0.20408163265306123
868,186,0.20833333333333334
868,186,0.24390243902439024
868,186,0.24096385542168675
882,189,0.3333333333333333
882,189,0.17094017094017094
882,189,0.22988505747126436
882,189,0.21978021978021978
882,189,0.3076923076923077
882,189,0.23255813953488372
882,189,0.2777777777777778
882,189,0.32786885245901637
882,189,0.31746031746031744
882,189,0.1834862385321101
882,189,0.18181818181818182
882,189,0.2631578947368421
882,189,0.2777777777777778
882,189,0.2631578947368421
882,189,0.25316455696202533
882,189,0.19801980198019803
882,189,0.18867924528301888
882,189,0.20618556701030927
896,192,0.2222222222222222
896,192,0.2777777777777778
896,192,0.2564102564102564
896,192,0.28169014084507044
896,192,0.1941747572815534
896,192,0.21978021978021978
896,192,0.3333333333333333
896,192,0.2222222222222222
896,192,0.20202020202020202
896,192,0.2898550724637681
896,192,0.24390243902439024
896,192,0.18181818181818182
896,192,0.1652892561983471
896,192,0.25316455696202533
896,192,0.29411764705882354
896,192,0.29850746268656714
896,192,0.22727272727272727
896,192,0.19230769230769232
910,195,0.25316455696202533
910,195,0.2597402597402597
910,195,0.21052631578947367
910,195,0.3125
910,195,0.30303030303030304
910,195,0.29850746268656714
910,195,0.20833333333333334
910,195,0.2564102564102564
910,195,0.29850746268656714
910,195,0.2247191011235955
910,195,0.30303030303030304
910,195,0.24691358024691357
910,195,0.22988505747126436
910,195,0.24096385542168675
910,195,0.3389830508474576
910,195,0.4444444444444444
910,195,0.2898550724637681
910,195,0.24691358024691357
924,198,0.3076923076923077
924,198,0.21978021978021978
924,198,0.2898550724637681
924,198,0.16260162601626016
924,198,0.2857142857142857
924,198,0.24691358024691357
924,198,0.24096385542168675
924,198,0.2702702702702703
924,198,0.2597402597402597
924,198,0.23255813953488372
924,198,0.24691358024691357
924,198,0.4
924,198,0.25
924,198,0.24691358024691357
924,198,0.2857142857142857
924,198,0.23809523809523808
924,198,0.2777777777777778
924,198,0.2597402597402597
938,201,0.2777777777777778
938,201,0.22988505747126436
938,201,0.25
938,201,0.2
938,201,0.21978021978021978
938,201,0.17699115044247787
938,201,0.18867924528301888
938,201,0.2222222222222222
938,201,0.2631578947368421
938,201,0.2597402597402597
938,201,0.24096385542168675
938,201,0.3333333333333333
938,201,0.3448275862068966
938,201,0.22727272727272727
938,201,0.2702702702702703
938,201,0.25316455696202533
938,201,0.31746031746031744
938,201,0.2702702702702703
952,204,0.3508771929824561
952,204,0.2631578947368421
952,204,0.425531914893617
952,204,0.3508771929824561
952,204,0.273972602739726
952,204,0.4
952,204,0.2631578947368421
952,204,0.2247191011235955
952,204,0.23529411764705882
952,204,0.32786885245901637
952,204,0.2564102564102564
952,204,0.22727272727272727
952,204,0.2857142857142857
952,204,0.273972602739726
952,204,0.2564102564102564
952,204,0.22727272727272727
952,204,0.21739130434782608
952,204,0.25316455696202533
966,207,0.20202020202020202
966,207,0.29411764705882354
966,207,0.38461538461538464
966,207,0.29411764705882354
966,207,0.3333333333333333
966,207,0.38461538461538464
966,207,0.24096385542168675
966,207,0.273972602739726
966,207,0.2857142857142857
966,207,0.36363636363636365
966,207,0.2777777777777778
966,207,0.17857142857142858
966,207,0.21978021978021978
966,207,0.29411764705882354
966,207,0.29850746268656714
966,207,0.25
966,207,0.28169014084507044
966,207,0.35714285714285715
980,210,0.35714285714285715
980,210,0.40816326530612246
980,210,0.3125
980,210,0.25
980,210,0.23255813953488372
980,210,0.29411764705882354
980,210,0.2898550724637681
980,210,0.21978021978021978
980,210,0.39215686274509803
980,210,0.22727272727272727
980,210,0.28169014084507044
980,210,0.3125
980,210,0.3448275862068966
980,210,0.26666666666666666
980,210,0.3125
980,210,0.30303030303030304
980,210,0.37735849056603776
980,210,0.31746031746031744
994,213,0.2898550724637681
994,213,0.19047619047619047
994,213,0.3448275862068966
994,213,0.23255813953488372
994,213,0.28169014084507044
994,213,0.4166666666666667
994,213,0.20202020202020202
994,213,0.3448275862068966
994,213,0.3225806451612903
994,213,0.22988505747126436
994,213,0.23255813953488372
994,213,0.2898550724637681
994,213,0.20618556701030927
994,213,0.1724137931034483
994,213,0.2857142857142857
994,213,0.20618556701030927
994,213,0.28169014084507044
994,213,0.2898550724637681
1008,216,0.24096385542168675
1008,216,0.23255813953488372
1008,216,0.19607843137254902
1008,216,0.28169014084507044
1008,216,0.2702702702702703
1008,216,0.3389830508474576
1008,216,0.29850746268656714
1008,216,0.23809523809523808
1008,216,0.3125
1008,216,0.2127659574468085
1008,216,0.3389830508474576
1008,216,0.29411764705882354
1008,216,0.32786885245901637
1008,216,0.3508771929824561
1008,216,0.25
1008,216,0.30303030303030304
1008,216,0.32786885245901637
1008,216,0.3508771929824561
1022,219,0.23529411764705882
1022,219,0.24096385542168675
1022,219,0.29411764705882354
1022,219,0.25
1022,219,0.2702702702702703
1022,219,0.2857142857142857
1022,219,0.31746031746031744
1022,219,0.4
1022,219,0.2898550724637681
1022,219,0.35714285714285715
1022,219,0.273972602739726
1022,219,0.18181818181818182
1022,219,0.32786885245901637
1022,219,0.2898550724637681
1022,219,0.29411764705882354
1022,219,0.3125
1022,219,0.21505376344086022
1022,219,0.2857142857142857
1036,222,0.3508771929824561
1036,222,0.32786885245901637
1036,222,0.39215686274509803
1036,222,0.25
1036,222,0.2857142857142857
1036,222,0.21052631578947367
1036,222,0.2597402597402597
1036,222,0.3448275862068966
1036,222,0.3389830508474576
1036,222,0.22727272727272727
1036,222,0.23809523809523808
1036,222,0.32786885245901637
1036,222,0.28169014084507044
1036,222,0.2777777777777778
1036,222,0.3448275862068966
1036,222,0.2702702702702703
1036,222,0.39215686274509803
1036,222,0.21739130434782608
1050,225,0.29850746268656714
1050,225,0.2857142857142857
1050,225,0.3389830508474576
1050,225,0.3076923076923077
1050,225,0.19230769230769232
1050,225,0.22988505747126436
1050,225,0.26666666666666666
1050,225,0.23809523809523808
1050,225,0.29850746268656714
1050,225,0.29411764705882354
1050,225,0.2702702702702703
1050,225,0.2597402597402597
1050,225,0.2247191011235955
1050,225,0.2
1050,225,0.2898550724637681
1050,225,0.26666666666666666
1050,225,0.2597402597402597
1050,225,0.32786885245901637
1064,228,0.2127659574468085
1064,228,0.20833333333333334
1064,228,0.24096385542168675
1064,228,0.3225806451612903
1064,228,0.3225806451612903
1064,228,0.273972602739726
1064,228,0.3225806451612903
1064,228,0.30303030303030304
1064,228,0.2631578947368421
1064,228,0.29850746268656714
1064,228,0.29411764705882354
1064,228,0.19801980198019803
1064,228,0.2247191011235955
1064,228,0.3333333333333333
1064,228,0.2898550724637681
1064,228,0.20618556701030927
1064,228,0.31746031746031744
1064,228,0.3076923076923077
1078,231,0.20408163265306123
1078,231,0.3508771929824561
1078,231,0.3076923076923077
1078,231,0.273972602739726
1078,231,0.3508771929824561
1078,231,0.38461538461538464
1078,231,0.29850746268656714
1078,231,0.31746031746031744
1078,231,0.30303030303030304
1078,231,0.37735849056603776
1078,231,0.32786885245901637
1078,231,0.29411764705882354
1078,231,0.37735849056603776
1078,231,0.25
1078,231,0.3125
1078,231,0.38461538461538464
1078,231,0.39215686274509803
1078,231,0.3448275862068966
1092,234,0.2898550724637681
1092,234,0.23809523809523808
1092,234,0.43478260869565216
1092,234,0.19607843137254902
1092,234,0.3125
1092,234,0.32786885245901637
1092,234,0.2702702702702703
1092,234,0.3389830508474576
1092,234,0.3389830508474576
1092,234,0.2857142857142857
1092,234,0.273972602739726
1092,234,0.24691358024691357
1092,234,0.38461538461538464
1092,234,0.25316455696202533
1092,234,0.3125
1092,234,0.2777777777777778
1092,234,0.46511627906976744
1092,234,0.23809523809523808
1106,237,0.29411764705882354
1106,237,0.25
1106,237,0.28169014084507044
1106,237,0.3448275862068966
1106,237,0.39215686274509803
1106,237,0.30303030303030304
1106,237,0.3389830508474576
1106,237,0.3448275862068966
1106,237,0.2898550724637681
1106,237,0.2631578947368421
1106,237,0.3508771929824561
1106,237,0.38461538461538464
1106,237,0.3225806451612903
1106,237,0.26666666666666666
1106,237,0.3389830508474576
1106,237,0.3225806451612903
1106,237,0.26666666666666666
1106,237,0.24691358024691357
1120,240,0.4444444444444444
1120,240,0.36363636363636365
1120,240,0.24096385542168675
1120,240,0.3508771929824561
1120,240,0.3076923076923077
1120,240,0.29850746268656714
1120,240,0.37037037037037035
1120,240,0.39215686274509803
1120,240,0.2631578947368421
1120,240,0.29850746268656714
1120,240,0.22727272727272727
1120,240,0.32786885245901637
1120,240,0.3225806451612903
1120,240,0.24390243902439024
1120,240,0.31746031746031744
1120,240,0.36363636363636365
1120,240,0.36363636363636365
1120,240,0.273972602739726
1134,243,0.2857142857142857
1134,243,0.37037037037037035
1134,243,0.30303030303030304
1134,243,0.25
1134,243,0.273972602739726
1134,243,0.3225806451612903
1134,243,0.3125
1134,243,0.3076923076923077
1134,243,0.2631578947368421
1134,243,0.2857142857142857
1134,243,0.38461538461538464
1134,243,0.39215686274509803
1134,243,0.3225806451612903
1134,243,0.2597402597402597
1134,243,0.273972602739726
1134,243,0.25
1134,243,0.2631578947368421
1134,243,0.46511627906976744
1148,246,0.4
1148,246,0.24691358024691357
1148,246,0.3333333333333333
1148,246,0.36363636363636365
1148,246,0.35714285714285715
1148,246,0.40816326530612246
1148,246,0.273972602739726
1148,246,0.35714285714285715
1148,246,0.3076923076923077
1148,246,0.43478260869565216
1148,246,0.2631578947368421
1148,246,0.25316455696202533
1148,246,0.26666666666666666
1148,246,0.4166666666666667
1148,246,0.3448275862068966
1148,246,0.24390243902439024
1148,246,0.31746031746031744
1148,246,0.2777777777777778
1162,249,0.24691358024691357
1162,249,0.29411764705882354
1162,249,0.3508771929824561
1162,249,0.2564102564102564
1162,249,0.28169014084507044
1162,249,0.2702702702702703
1162,249,0.3333333333333333
1162,249,0.22727272727272727
1162,249,0.3508771929824561
1162,249,0.2898550724637681
1162,249,0.273972602739726
1162,249,0.3448275862068966
1162,249,0.2702702702702703
1162,249,0.29411764705882354
1162,249,0.32786885245901637
1162,249,0.37037037037037035
1162,249,0.3333333333333333
1162,249,0.273972602739726
1176,252,0.40816326530612246
1176,252,0.38461538461538464
1176,252,0.2898550724637681
1176,252,0.2631578947368421
1176,252,0.3125
1176,252,0.4
1176,252,0.36363636363636365
1176,252,0.3225806451612903
1176,252,0.425531914893617
1176,252,0.39215686274509803
1176,252,0.47619047619047616
1176,252,0.3076923076923077
1176,252,0.28169014084507044
1176,252,0.35714285714285715
1176,252,0.25316455696202533
1176,252,0.2857142857142857
1176,252,0.4444444444444444
1176,252,0.2597402597402597
1190,255,0.4
1190,255,0.37735849056603776
1190,255,0.38461538461538464
1190,255,0.37037037037037035
1190,255,0.29411764705882354
1190,255,0.35714285714285715
1190,255,0.35714285714285715
1190,255,0.35714285714285715
1190,255,0.29850746268656714
1190,255,0.31746031746031744
1190,255,0.2777777777777778
1190,255,0.3333333333333333
1190,255,0.25316455696202533
1190,255,0.3225806451612903
1190,255,0.3225806451612903
1190,255,0.3076923076923077
1190,255,0.35714285714285715
1190,255,0.3448275862068966
1204,258,0.25316455696202533
1204,258,0.3389830508474576
1204,258,0.3389830508474576
1204,258,0.4444444444444444
1204,258,0.3508771929824561
1204,258,0.3333333333333333
1204,258,0.36363636363636365
1204,258,0.2777777777777778
1204,258,0.37037037037037035
1204,258,0.38461538461538464
1204,258,0.4444444444444444
1204,258,0.273972602739726
1204,258,0.37037037037037035
1204,258,0.23255813953488372
1204,258,0.3448275862068966
1204,258,0.39215686274509803
1204,258,0.21505376344086022
1204,258,0.37037037037037035
1218,261,0.3125
1218,261,0.29850746268656714
1218,261,0.4
1218,261,0.2898550724637681
1218,261,0.3508771929824561
1218,261,0.3076923076923077
1218,261,0.39215686274509803
1218,261,0.28169014084507044
1218,261,0.30303030303030304
1218,261,0.3333333333333333
1218,261,0.19230769230769232
1218,261,0.625
1218,261,0.3225806451612903
1218,261,0.37037037037037035
1218,261,0.2898550724637681
1218,261,0.3333333333333333
1218,261,0.3448275862068966
1218,261,0.3389830508474576
1232,264,0.26666666666666666
1232,264,0.2777777777777778
1232,264,0.3448275862068966
1232,264,0.28169014084507044
1232,264,0.3389830508474576
1232,264,0.3389830508474576
1232,264,0.32786885245901637
1232,264,0.3225806451612903
1232,264,0.28169014084507044
1232,264,0.37037037037037035
1232,264,0.3389830508474576
1232,264,0.273972602739726
1232,264,0.3389830508474576
1232,264,0.3125
1232,264,0.4166666666666667
1232,264,0.2777777777777778
1232,264,0.29850746268656714
1232,264,0.29850746268656714
1246,267,0.425531914893617
1246,267,0.3333333333333333
1246,267,0.425531914893617
1246,267,0.3125
1246,267,0.36363636363636365
1246,267,0.35714285714285715
1246,267,0.36363636363636365
1246,267,0.2631578947368421
1246,267,0.2631578947368421
1246,267,0.39215686274509803
1246,267,0.3333333333333333
1246,267,0.46511627906976744
1246,267,0.2702702702702703
1246,267,0.2898550724637681
1246,267,0.3508771929824561
1246,267,0.3508771929824561
1246,267,0.4444444444444444
1246,267,0.36363636363636365
1260,270,0.3389830508474576
1260,270,0.2857142857142857
1260,270,0.4444444444444444
1260,270,0.3508771929824561
1260,270,0.37037037037037035
1260,270,0.45454545454545453
1260,270,0.3389830508474576
1260,270,0.30303030303030304
1260,270,0.2597402597402597
1260,270,0.31746031746031744
1260,270,0.32786885245901637
1260,270,0.3225806451612903
1260,270,0.2777777777777778
1260,270,0.2898550724637681
1260,270,0.32786885245901637
1260,270,0.21052631578947367
1260,270,0.35714285714285715
1260,270,0.3225806451612903
1274,273,0.2777777777777778
1274,273,0.3225806451612903
1274,273,0.273972602739726
1274,273,0.36363636363636365
1274,273,0.35714285714285715
1274,273,0.31746031746031744
1274,273,0.4
1274,273,0.3125
1274,273,0.29850746268656714
1274,273,0.29411764705882354
1274,273,0.26666666666666666
1274,273,0.26666666666666666
1274,273,0.2777777777777778
1274,273,0.25316455696202533
1274,273,0.32786885245901637
1274,273,0.3125
1274,273,0.29850746268656714
1274,273,0.35714285714285715
1288,276,0.2898550724637681
1288,276,0.35714285714285715
1288,276,0.2857142857142857
1288,276,0.26666666666666666
1288,276,0.3448275862068966
1288,276,0.425531914893617
1288,276,0.31746031746031744
1288,276,0.29411764705882354
1288,276,0.43478260869565216
1288,276,0.29850746268656714
1288,276,0.29411764705882354
1288,276,0.3389830508474576
1288,276,0.37037037037037035
1288,276,0.26666666666666666
1288,276,0.37735849056603776
1288,276,0.3389830508474576
1288,276,0.3333333333333333
1288,276,0.37735849056603776
1302,279,0.36363636363636365
1302,279,0.29850746268656714
1302,279,0.37735849056603776
1302,279,0.3448275862068966
1302,279,0.3125
1302,279,0.4878048780487805
1302,279,0.2702702702702703
1302,279,0.3076923076923077
1302,279,0.29850746268656714
1302,279,0.3076923076923077
1302,279,0.4
1302,279,0.3076923076923077
1302,279,0.29850746268656714
1302,279,0.29850746268656714
1302,279,0.43478260869565216
1302,279,0.4
1302,279,0.29411764705882354
1302,279,0.25316455696202533
1316,282,0.425531914893617
1316,282,0.39215686274509803
1316,282,0.2898550724637681
1316,282,0.35714285714285715
1316,282,0.35714285714285715
1316,282,0.3389830508474576
1316,282,0.29411764705882354
1316,282,0.38461538461538464
1316,282,0.23255813953488372
1316,282,0.36363636363636365
1316,282,0.37735849056603776
1316,282,0.21052631578947367
1316,282,0.3389830508474576
1316,282,0.4
1316,282,0.2777777777777778
1316,282,0.3225806451612903
1316,282,0.2564102564102564
1316,282,0.35714285714285715
1330,285,0.3389830508474576
1330,285,0.32786885245901637
1330,285,0.29411764705882354
1330,285,0.32786885245901637
1330,285,0.37735849056603776
1330,285,0.36363636363636365
1330,285,0.37037037037037035
1330,285,0.43478260869565216
1330,285,0.2702702702702703
1330,285,0.2777777777777778
1330,285,0.3076923076923077
1330,285,0.3225806451612903
1330,285,0.29411764705882354
1330,285,0.37037037037037035
1330,285,0.35714285714285715
1330,285,0.39215686274509803
1330,285,0.40816326530612246
1330,285,0.3076923076923077
1344,288,0.35714285714285715
1344,288,0.2857142857142857
1344,288,0.3333333333333333
1344,288,0.37735849056603776
1344,288,0.425531914893617
1344,288,0.31746031746031744
1344,288,0.3389830508474576
1344,288,0.29850746268656714
1344,288,0.37735849056603776
1344,288,0.2702702702702703
1344,288,0.38461538461538464
1344,288,0.273972602739726
1344,288,0.3333333333333333
1344,288,0.3333333333333333
1344,288,0.46511627906976744
1344,288,0.3448275862068966
1344,288,0.3076923076923077
1344,288,0.425531914893617
1358,291,0.35714285714285715
1358,291,0.4166666666666667
1358,291,0.45454545454545453
1358,291,0.46511627906976744
1358,291,0.4166666666666667
1358,291,0.425531914893617
1358,291,0.37735849056603776
1358,291,0.35714285714285715
1358,291,0.3448275862068966
1358,291,0.31746031746031744
1358,291,0.273972602739726
1358,291,0.3448275862068966
1358,291,0.47619047619047616
1358,291,0.35714285714285715
1358,291,0.425531914893617
1358,291,0.3333333333333333
1358,291,0.45454545454545453
1358,291,0.38461538461538464
1372,294,0.2857142857142857
1372,294,0.37037037037037035
1372,294,0.3448275862068966
1372,294,0.3389830508474576
1372,294,0.3333333333333333
1372,294,0.2702702702702703
1372,294,0.3389830508474576
1372,294,0.2898550724637681
1372,294,0.3225806451612903
1372,294,0.3225806451612903
1372,294,0.37037037037037035
1372,294,0.3225806451612903
1372,294,0.3125
1372,294,0.30303030303030304
1372,294,0.2898550724637681
1372,294,0.3225806451612903
1372,294,0.4
1372,294,0.31746031746031744
1386,297,0.31746031746031744
1386,297,0.40816326530612246
1386,297,0.273972602739726
1386,297,0.32786885245901637
1386,297,0.29850746268656714
1386,297,0.37735849056603776
1386,297,0.31746031746031744
1386,297,0.2702702702702703
1386,297,0.47619047619047616
1386,297,0.3448275862068966
1386,297,0.40816326530612246
1386,297,0.4166666666666667
1386,297,0.36363636363636365
1386,297,0.37735849056603776
1386,297,0.3448275862068966
1386,297,0.37037037037037035
1386,297,0.2777777777777778
1386,297,0.31746031746031744
1400,300,0.4166666666666667
1400,300,0.273972602739726
1400,300,0.37037037037037035
1400,300,0.35714285714285715
1400,300,0.37037037037037035
1400,300,0.425531914893617
1400,300,0.29411764705882354
1400,300,0.4444444444444444
1400,300,0.425531914893617
1400,300,0.2898550724637681
1400,300,0.3508771929824561
1400,300,0.37735849056603776
1400,300,0.5405405405405406
1400,300,0.38461538461538464
1400,300,0.4
1400,300,0.6060606060606061
1400,300,0.37735849056603776
1400,300,0.28169014084507044
