14,3,0.02518891687657431
14,3,0.024213075060532687
14,3,0.022935779816513763
14,3,0.024330900243309004
14,3,0.05
14,3,0.014124293785310734
14,3,0.03067484662576687
14,3,0.031746031746031744
14,3,0.017391304347826087
14,3,0.02444987775061125
14,3,0.03424657534246575
14,3,0.02178649237472767
15,2,0.0022311468094600626
15,2,0.0018625442354255914
15,2,0.0028677946659019216
15,2,0.00414765657403567
15,2,0.0031279324366593683
15,2,0.0020429009193054137
15,2,0.003566333808844508
15,2,0.002425418384671356
15,2,0.002760143527463428
15,2,0.0022104332449160036
15,2,0.0025786487880350697
15,2,0.0014236902050113896
15,2,0.0026852846401718583
31,5,0.000523642456930408
31,5,0.000879430129276229
31,5,0.0005454942177612917
31,5,0.0004433999911320002
31,5,0.00036060726263026935
31,5,0.00024498995541182814
31,5,0.00033764392072120744
31,5,0.00047023417661995676
31,5,0.0003991856612510479
31,5,0.00047878961984104186
31,5,0.0004948780125699015
31,5,0.0006210794360598721
42,5,0.0000233877644571466
42,5,0.000023676148174805737
42,5,0.000023688038014563405
42,5,0.000010097776772488001
42,5,0.000023510548007363504
42,5,0.000022682320492115625
42,5,0.000022198149562252492
42,5,0.000018117517465286837
42,5,0.000040940484817221204
42,5,0.00001553453560282542
42,5,0.000022306341916070157
42,5,0.000013380253421999813
63,8,0.0000017411068181220667
63,8,0.0000017692927216959167
63,8,0.0000012564520382730369
63,8,0.0000017533305829420923
63,8,0.000001896626281171053
63,8,0.000001790872638510567
63,8,0.000001574605765954378
63,8,0.0000016127172430921273
63,8,0.0000012672539797477606
63,8,0.0000015935904517159623
63,8,0.000001254158947840909
63,8,0.0000016612217355580857
63,8,0.0000019711937628275435
63,8,0.0000015102737884734696
73,9,0.0000010287346152738285
73,9,0.0000013586823607160365
73,9,0.0000011149301184100384
73,9,0.0000011272535065756642
73,9,0.0000012570726047424321
73,9,0.0000011339152813340195
73,9,0.0000012281848275696052
73,9,0.0000012206909061701287
73,9,0.0000012680453955179414
73,9,0.0000012764499578005643
73,9,0.0000011146099957332729
73,9,0.0000011173849794630229
