15,4,0.05,5,5 2  1 0 0 1 1,"[0, 1, 12]"
15,4,0.041237113402061855,5,5 2  1 0 0 1 1,"[0, 2, 9]"
15,4,0.041407867494824016,5,5 2  1 1 0 0 1,"[0, 2, 8]"
15,4,0.0408997955010225,5,5 2  1 0 0 1 1,"[0, 3, 4]"
15,4,0.030257186081694403,5,5 2  1 1 0 0 1,"[0, 1, 4]"
15,4,0.062111801242236024,5,5 2  1 1 0 0 1,"[0, 3, 14]"
15,4,0.03868471953578337,4,5 2  1 0 0 1 1,"[0, 6, 8]"
15,4,0.02894356005788712,5,5 2  1 1 0 0 1,"[0, 6, 13]"
15,4,0.03289473684210526,5,5 2  1 1 0 0 1,"[0, 7, 9]"
15,4,0.025906735751295335,4,5 2  1 0 0 1 1,"[0, 7, 13]"
30,8,0.11428571428571428,6,9 2  1 0 0 0 0 0 1 0 1,"[0, 6, 8]"
30,8,0.08658008658008658,5,9 2  1 0 0 0 0 0 1 0 1,"[0, 4, 18]"
30,8,0.08547008547008547,5,9 2  1 0 0 0 0 0 1 0 1,"[0, 2, 24]"
30,8,0.08196721311475409,6,9 2  1 0 1 0 0 0 0 0 1,"[0, 6, 28]"
30,8,0.08163265306122448,6,9 2  1 0 1 0 0 0 0 0 1,"[0, 4, 16]"
30,8,0.10526315789473684,5,9 2  1 0 0 0 0 0 1 0 1,"[0, 12, 16]"
30,8,0.07751937984496124,5,9 2  1 0 1 0 0 0 0 0 1,"[0, 2, 8]"
30,8,0.07662835249042145,5,9 2  1 0 1 0 0 0 0 0 1,"[0, 12, 26]"
30,8,0.08403361344537816,5,9 2  1 0 1 0 0 0 0 0 1,"[0, 14, 18]"
30,8,0.08928571428571429,5,9 2  1 0 0 0 0 0 1 0 1,"[0, 14, 26]"
45,12,0.17699115044247787,6,13 2  1 0 0 0 0 0 0 0 0 1 0 0 1,"[0, 6, 27]"
45,12,0.136986301369863,6,13 2  1 0 0 0 0 0 0 0 0 1 0 0 1,"[0, 3, 36]"
45,12,0.14184397163120568,6,13 2  1 0 0 1 0 0 0 0 0 0 0 0 1,"[0, 9, 42]"
45,12,0.11428571428571428,6,13 2  1 0 0 0 0 0 0 0 0 1 0 0 1,"[0, 18, 24]"
45,12,0.19047619047619047,6,13 2  1 0 0 1 0 0 0 0 0 0 0 0 1,"[0, 18, 39]"
45,12,0.1342281879194631,5,13 2  1 0 0 1 0 0 0 0 0 0 0 0 1,"[0, 3, 12]"
45,12,0.13333333333333333,5,13 2  1 0 0 1 0 0 0 0 0 0 0 0 1,"[0, 6, 24]"
45,12,0.12048192771084337,6,13 2  1 0 0 0 0 0 0 0 0 1 0 0 1,"[0, 9, 12]"
45,12,0.19801980198019803,6,13 2  1 0 0 0 0 0 0 0 0 1 0 0 1,"[0, 21, 39]"
45,12,0.16666666666666666,5,13 2  1 0 0 1 0 0 0 0 0 0 0 0 1,"[0, 21, 27]"
60,16,0.12195121951219512,6,17 2  1 0 0 0 1 0 0 0 0 0 0 0 0 0 0 0 1,"[0, 8, 32]"
60,16,0.14705882352941177,6,17 2  1 0 0 0 1 0 0 0 0 0 0 0 0 0 0 0 1,"[0, 24, 52]"
60,16,0.15267175572519084,6,17 2  1 0 0 0 1 0 0 0 0 0 0 0 0 0 0 0 1,"[0, 4, 16]"
60,16,0.11976047904191617,5,17 2  1 0 0 0 0 0 0 0 0 0 0 0 1 0 0 0 1,"[0, 8, 36]"
60,16,0.1092896174863388,6,17 2  1 0 0 0 0 0 0 0 0 0 0 0 1 0 0 0 1,"[0, 24, 32]"
60,16,0.18691588785046728,6,17 2  1 0 0 0 0 0 0 0 0 0 0 0 1 0 0 0 1,"[0, 12, 16]"
60,16,0.17857142857142858,6,17 2  1 0 0 0 1 0 0 0 0 0 0 0 0 0 0 0 1,"[0, 12, 56]"
60,16,0.11235955056179775,6,17 2  1 0 0 0 0 0 0 0 0 0 0 0 1 0 0 0 1,"[0, 4, 48]"
60,16,0.12345679012345678,6,17 2  1 0 0 0 1 0 0 0 0 0 0 0 0 0 0 0 1,"[0, 28, 36]"
60,16,0.19230769230769232,6,17 2  1 0 0 0 0 0 0 0 0 0 0 0 1 0 0 0 1,"[0, 28, 52]"
75,20,0.1694915254237288,6,21 2  1 0 0 0 0 0 0 0 0 0 0 0 0 0 0 1 0 0 0 0 1,"[0, 15, 20]"
75,20,0.21052631578947367,6,21 2  1 0 0 0 0 0 0 0 0 0 0 0 0 0 0 1 0 0 0 0 1,"[0, 5, 60]"
75,20,0.15625,6,21 2  1 0 0 0 0 1 0 0 0 0 0 0 0 0 0 0 0 0 0 0 1,"[0, 15, 70]"
75,20,0.19047619047619047,7,21 2  1 0 0 0 0 0 0 0 0 0 0 0 0 0 0 1 0 0 0 0 1,"[0, 10, 45]"
75,20,0.18018018018018017,6,21 2  1 0 0 0 0 1 0 0 0 0 0 0 0 0 0 0 0 0 0 0 1,"[0, 5, 20]"
75,20,0.2564102564102564,6,21 2  1 0 0 0 0 0 0 0 0 0 0 0 0 0 0 1 0 0 0 0 1,"[0, 30, 40]"
75,20,0.20202020202020202,6,21 2  1 0 0 0 0 1 0 0 0 0 0 0 0 0 0 0 0 0 0 0 1,"[0, 10, 40]"
75,20,0.21505376344086022,6,21 2  1 0 0 0 0 1 0 0 0 0 0 0 0 0 0 0 0 0 0 0 1,"[0, 30, 65]"
75,20,0.37735849056603776,6,21 2  1 0 0 0 0 1 0 0 0 0 0 0 0 0 0 0 0 0 0 0 1,"[0, 35, 45]"
75,20,0.15873015873015872,7,21 2  1 0 0 0 0 0 0 0 0 0 0 0 0 0 0 1 0 0 0 0 1,"[0, 35, 65]"
90,24,0.21505376344086022,6,25 2  1 0 0 0 0 0 0 0 0 0 0 0 0 0 0 0 0 0 1 0 0 0 0 0 1,"[0, 18, 24]"
90,24,0.18518518518518517,7,25 2  1 0 0 0 0 0 1 0 0 0 0 0 0 0 0 0 0 0 0 0 0 0 0 0 1,"[0, 6, 24]"
90,24,0.3076923076923077,6,25 2  1 0 0 0 0 0 0 0 0 0 0 0 0 0 0 0 0 0 1 0 0 0 0 0 1,"[0, 6, 72]"
90,24,0.20408163265306123,6,25 2  1 0 0 0 0 0 1 0 0 0 0 0 0 0 0 0 0 0 0 0 0 0 0 0 1,"[0, 18, 84]"
90,24,0.2702702702702703,6,25 2  1 0 0 0 0 0 0 0 0 0 0 0 0 0 0 0 0 0 1 0 0 0 0 0 1,"[0, 12, 54]"
90,24,0.20618556701030927,7,25 2  1 0 0 0 0 0 1 0 0 0 0 0 0 0 0 0 0 0 0 0 0 0 0 0 1,"[0, 12, 48]"
90,24,0.21978021978021978,6,25 2  1 0 0 0 0 0 1 0 0 0 0 0 0 0 0 0 0 0 0 0 0 0 0 0 1,"[0, 36, 78]"
90,24,0.25,6,25 2  1 0 0 0 0 0 0 0 0 0 0 0 0 0 0 0 0 0 1 0 0 0 0 0 1,"[0, 36, 48]"
90,24,0.28169014084507044,6,25 2  1 0 0 0 0 0 1 0 0 0 0 0 0 0 0 0 0 0 0 0 0 0 0 0 1,"[0, 42, 54]"
90,24,0.23255813953488372,6,25 2  1 0 0 0 0 0 0 0 0 0 0 0 0 0 0 0 0 0 1 0 0 0 0 0 1,"[0, 42, 78]"
105,28,0.24390243902439024,7,29 2  1 0 0 0 0 0 0 1 0 0 0 0 0 0 0 0 0 0 0 0 0 0 0 0 0 0 0 0 1,"[0, 7, 28]"
105,28,0.26666666666666666,6,29 2  1 0 0 0 0 0 0 0 0 0 0 0 0 0 0 0 0 0 0 0 0 1 0 0 0 0 0 0 1,"[0, 42, 56]"
105,28,0.26666666666666666,6,29 2  1 0 0 0 0 0 0 1 0 0 0 0 0 0 0 0 0 0 0 0 0 0 0 0 0 0 0 0 1,"[0, 14, 56]"
105,28,0.23255813953488372,6,29 2  1 0 0 0 0 0 0 1 0 0 0 0 0 0 0 0 0 0 0 0 0 0 0 0 0 0 0 0 1,"[0, 42, 91]"
105,28,0.35714285714285715,6,29 2  1 0 0 0 0 0 0 0 0 0 0 0 0 0 0 0 0 0 0 0 0 1 0 0 0 0 0 0 1,"[0, 21, 28]"
105,28,0.15151515151515152,7,29 2  1 0 0 0 0 0 0 0 0 0 0 0 0 0 0 0 0 0 0 0 0 1 0 0 0 0 0 0 1,"[0, 7, 84]"
105,28,0.21978021978021978,7,29 2  1 0 0 0 0 0 0 1 0 0 0 0 0 0 0 0 0 0 0 0 0 0 0 0 0 0 0 0 1,"[0, 21, 98]"
105,28,0.273972602739726,6,29 2  1 0 0 0 0 0 0 0 0 0 0 0 0 0 0 0 0 0 0 0 0 1 0 0 0 0 0 0 1,"[0, 14, 63]"
105,28,0.28169014084507044,6,29 2  1 0 0 0 0 0 0 1 0 0 0 0 0 0 0 0 0 0 0 0 0 0 0 0 0 0 0 0 1,"[0, 49, 63]"
105,28,0.18691588785046728,6,29 2  1 0 0 0 0 0 0 0 0 0 0 0 0 0 0 0 0 0 0 0 0 1 0 0 0 0 0 0 1,"[0, 49, 91]"
120,32,0.4,6,33 2  1 0 0 0 0 0 0 0 0 0 0 0 0 0 0 0 0 0 0 0 0 0 0 0 1 0 0 0 0 0 0 0 1,"[0, 24, 32]"
120,32,0.1724137931034483,6,33 2  1 0 0 0 0 0 0 0 1 0 0 0 0 0 0 0 0 0 0 0 0 0 0 0 0 0 0 0 0 0 0 0 1,"[0, 8, 32]"
120,32,0.29411764705882354,7,33 2  1 0 0 0 0 0 0 0 1 0 0 0 0 0 0 0 0 0 0 0 0 0 0 0 0 0 0 0 0 0 0 0 1,"[0, 16, 64]"
120,32,0.36363636363636365,6,33 2  1 0 0 0 0 0 0 0 0 0 0 0 0 0 0 0 0 0 0 0 0 0 0 0 1 0 0 0 0 0 0 0 1,"[0, 8, 96]"
120,32,0.36363636363636365,7,33 2  1 0 0 0 0 0 0 0 0 0 0 0 0 0 0 0 0 0 0 0 0 0 0 0 1 0 0 0 0 0 0 0 1,"[0, 16, 72]"
120,32,0.3389830508474576,6,33 2  1 0 0 0 0 0 0 0 1 0 0 0 0 0 0 0 0 0 0 0 0 0 0 0 0 0 0 0 0 0 0 0 1,"[0, 24, 112]"
120,32,0.3333333333333333,7,33 2  1 0 0 0 0 0 0 0 0 0 0 0 0 0 0 0 0 0 0 0 0 0 0 0 1 0 0 0 0 0 0 0 1,"[0, 48, 64]"
120,32,0.20833333333333334,7,33 2  1 0 0 0 0 0 0 0 1 0 0 0 0 0 0 0 0 0 0 0 0 0 0 0 0 0 0 0 0 0 0 0 1,"[0, 48, 104]"
120,32,0.31746031746031744,6,33 2  1 0 0 0 0 0 0 0 1 0 0 0 0 0 0 0 0 0 0 0 0 0 0 0 0 0 0 0 0 0 0 0 1,"[0, 56, 72]"
120,32,0.3389830508474576,6,33 2  1 0 0 0 0 0 0 0 0 0 0 0 0 0 0 0 0 0 0 0 0 0 0 0 1 0 0 0 0 0 0 0 1,"[0, 56, 104]"
135,36,0.21739130434782608,7,37 2  1 0 0 0 0 0 0 0 0 0 0 0 0 0 0 0 0 0 0 0 0 0 0 0 0 0 0 1 0 0 0 0 0 0 0 0 1,"[0, 27, 36]"
135,36,0.32786885245901637,6,37 2  1 0 0 0 0 0 0 0 0 0 0 0 0 0 0 0 0 0 0 0 0 0 0 0 0 0 0 1 0 0 0 0 0 0 0 0 1,"[0, 18, 81]"
135,36,0.45454545454545453,7,37 2  1 0 0 0 0 0 0 0 0 1 0 0 0 0 0 0 0 0 0 0 0 0 0 0 0 0 0 0 0 0 0 0 0 0 0 0 1,"[0, 18, 72]"
135,36,0.3389830508474576,6,37 2  1 0 0 0 0 0 0 0 0 0 0 0 0 0 0 0 0 0 0 0 0 0 0 0 0 0 0 1 0 0 0 0 0 0 0 0 1,"[0, 9, 108]"
135,36,0.37037037037037035,6,37 2  1 0 0 0 0 0 0 0 0 1 0 0 0 0 0 0 0 0 0 0 0 0 0 0 0 0 0 0 0 0 0 0 0 0 0 0 1,"[0, 9, 36]"
135,36,0.2898550724637681,7,37 2  1 0 0 0 0 0 0 0 0 0 0 0 0 0 0 0 0 0 0 0 0 0 0 0 0 0 0 1 0 0 0 0 0 0 0 0 1,"[0, 54, 72]"
135,36,0.2564102564102564,7,37 2  1 0 0 0 0 0 0 0 0 1 0 0 0 0 0 0 0 0 0 0 0 0 0 0 0 0 0 0 0 0 0 0 0 0 0 0 1,"[0, 54, 117]"
135,36,0.37735849056603776,7,37 2  1 0 0 0 0 0 0 0 0 1 0 0 0 0 0 0 0 0 0 0 0 0 0 0 0 0 0 0 0 0 0 0 0 0 0 0 1,"[0, 27, 126]"
135,36,0.2564102564102564,7,37 2  1 0 0 0 0 0 0 0 0 1 0 0 0 0 0 0 0 0 0 0 0 0 0 0 0 0 0 0 0 0 0 0 0 0 0 0 1,"[0, 63, 81]"
135,36,0.4166666666666667,7,37 2  1 0 0 0 0 0 0 0 0 0 0 0 0 0 0 0 0 0 0 0 0 0 0 0 0 0 0 1 0 0 0 0 0 0 0 0 1,"[0, 63, 117]"
