15,2,0.0000406477627471384
15,2,0.000013876284597046571
15,2,0.000019215766151812238
15,2,0.00002073166180854725
15,2,0.00002523436415710915
15,2,0.00002495159390781883
15,2,0.00001771733410817141
15,2,0.000011380823994418844
15,2,0.00002096919625070771
15,2,0.000014898400358753481
15,2,0.00001572010664520348
15,2,0.00001066651875760656
15,2,0.000016678730948719573
15,2,0.000017075919538267136
15,2,0.000033320449426221864
15,2,0.00002361063233995533
15,2,0.000014285081660669313
15,2,0.000020310795797290133
15,2,0.000013545216642194975
15,2,0.0000144184879620044
15,2,0.000013664151551837692
15,2,0.000014010429363618278
15,2,0.00001693362526903297
15,2,0.000025668141729211374
30,4,0.000000999999000001
30,4,0.0000011102923321990217
30,4,0.000000999999000001
30,4,0.000000999999000001
30,4,0.0000336870473303015
30,4,0.000000999999000001
30,4,0.000029739600061858368
30,4,0.00004842615012106537
30,4,0.000025014258127132466
30,4,0.000001042802561081378
30,4,0.000020478710332738084
30,4,0.0000011033534331228245
30,4,0.000000999999000001
30,4,0.000001098460869583366
30,4,0.000000999999000001
30,4,0.00002249602382778844
30,4,0.000022192139544173455
30,4,0.00004870707080546883
30,4,0.000017673871125666527
30,4,0.000000999999000001
30,4,0.000000999999000001
30,4,0.000000999999000001
30,4,0.0000010113563178215546
30,4,0.0000011004613354010268
30,4,0.000000999999000001
30,4,0.000030951511362299824
30,4,0.000034673943571624234
30,4,0.000000999999000001
30,4,0.0000010469101598233988
30,4,0.00003560150523164119
30,4,0.00003660067564847247
30,4,0.0000010709209931250085
30,4,0.0000011059538027613234
30,4,0.000028484510123394898
30,4,0.0000582964608218635
30,4,0.000000999999000001
30,4,0.000000999999000001
30,4,0.000000999999000001
30,4,0.000000999999000001
30,4,0.000001020616348171428
30,4,0.000000999999000001
30,4,0.00006621946454940965
30,4,0.000045911363521585224
30,4,0.00003605955596262788
30,4,0.0000011712018334461982
30,4,0.0000669644351884714
30,4,0.00007779255836386692
30,4,0.0000011450269361861604
30,4,0.000000999999000001
30,4,0.000000999999000001
30,4,0.0000010088231674222752
30,4,0.000000999999000001
30,4,0.00003102574205818568
30,4,0.000029427430485052337
30,4,0.000000999999000001
30,4,0.0000010652637001700266
30,4,0.00004907879109121784
30,4,0.000000999999000001
30,4,0.00003074066559689151
30,4,0.0000010790347645578515
45,6,0.00006493464328153713
45,6,0.00007427764985515858
45,6,0.00012624668602449185
45,6,0.000055920280048762487
45,6,0.00007995011113065448
45,6,0.00006128953174797744
45,6,0.00005866203627660323
45,6,0.00006185248183083347
45,6,0.00008688625720069856
45,6,0.000047936800122718206
45,6,0.00003733391076448649
45,6,0.00005791964228828923
45,6,0.00010303223878751661
45,6,0.000054419399427507917
45,6,0.0000475212895377129
45,6,0.00006940540390474803
45,6,0.00005000425036128071
45,6,0.00006678153089981434
45,6,0.00007572086261206687
45,6,0.00007131955439542414
45,6,0.00005063598800939804
45,6,0.00006608773808107643
45,6,0.00005246617243532232
45,6,0.00007592553223798099
