15,2,0.0017953321364452424
15,2,0.003427004797806717
15,2,0.00355998576005696
15,2,0.002794076557697681
15,2,0.0021668472372697724
15,2,0.0025025025025025025
15,2,0.0013157894736842105
15,2,0.0018389113644722325
15,2,0.0038550501156515036
15,2,0.004723665564478035
15,2,0.0029411764705882353
15,2,0.0021272069772388853
15,2,0.0031735956839098697
21,2,0.0002540456774127988
21,2,0.0003349073981044241
21,2,0.00020883802522763344
21,2,0.0002411149153686647
21,2,0.00023193246126727897
21,2,0.00015235309352956412
21,2,0.00018301610541727673
21,2,0.00018788869473723767
21,2,0.00022967386311437759
21,2,0.0002424418745605741
21,2,0.00024163344206838228
21,2,0.0001680248676804167
21,2,0.00025259541791911895
28,3,0.00013047505969233982
28,3,0.00008144449964571643
28,3,0.00007510157488002523
28,3,0.00010796454444360471
28,3,0.00017747173762578308
28,3,0.0000733928794228384
28,3,0.00008798247389120087
28,3,0.0001419083839473236
28,3,0.0000825879768423313
28,3,0.0000878456727221617
28,3,0.00010364842454394693
28,3,0.0001259287243420224
31,5,0.0006559958016268696
31,5,0.0004434983147064041
31,5,0.0004410726887791108
31,5,0.0003349859305909152
31,5,0.00046165920317621533
31,5,0.0003354804079441761
31,5,0.0004577077993409008
31,5,0.0003784008778900367
31,5,0.0007908264136022143
31,5,0.0005441288497116117
31,5,0.0003316749585406302
31,5,0.0009813542688910696
35,3,0.000005035330395721581
35,3,0.000006989966601939576
35,3,0.000011114865465668404
35,3,0.000004669225090734717
35,3,0.000008024445671293027
35,3,0.000011888443600629137
35,3,0.00000676109207863691
35,3,0.0000038595539204769795
35,3,0.000006389388503573266
35,3,0.000007745585403599219
35,3,0.000006647508547034114
35,3,0.000006048794414785189
35,3,0.00000837646514846028
35,3,0.000005082819460285899
35,3,0.0000046023267523128995
35,3,0.000004305968330464123
35,3,0.000006335048019663989
35,3,0.000009097194425239256
35,3,0.000005062575970280654
35,3,0.000009345829330203103
42,5,0.00002411300317809382
42,5,0.000020366640257923134
42,5,0.000015986187933625346
42,5,0.000015620167510676384
42,5,0.000027893146932730098
42,5,0.00002674032735508748
42,5,0.000020331897901341497
42,5,0.000015310254655465684
42,5,0.00001678187423327812
42,5,0.000022179784900446035
42,5,0.000020682779931084976
42,5,0.000011938587903822736
45,4,0.0000014014631275051154
45,4,0.0000012526634757152395
45,4,0.0000016318279557258967
45,4,0.0000015759264004548754
45,4,0.0000013223617857543815
45,4,0.000001447142400259328
45,4,0.0000016667219462778849
45,4,0.0000012254753281792292
45,4,0.0000012490942505315832
45,4,0.000001286557697802778
45,4,0.0000018173957119275135
45,4,0.0000013123815985726539
62,5,0.000000999999000001
62,5,0.000000999999000001
62,5,0.0000010936237035501103
62,5,0.000000999999000001
62,5,0.000000999999000001
62,5,0.000000999999000001
62,5,0.000000999999000001
62,5,0.0000010254076533761187
62,5,0.000000999999000001
62,5,0.000000999999000001
62,5,0.000000999999000001
62,5,0.000000999999000001
