18,2,0.0006699269779594024
18,2,0.0006168650916044661
18,2,0.0004934372841211882
18,2,0.00037993920972644377
18,2,0.00047404598246029864
18,2,0.0005158627805003869
18,2,0.0006191950464396285
18,2,0.0006152331733727083
18,2,0.0009643201542912247
18,2,0.000478148608587549
18,2,0.0004577916132576451
18,2,0.0003702195401873311
18,2,0.0006881365262868153
18,2,0.0006188884762965714
18,2,0.0005123738279448686
18,2,0.00045310376076121433
18,2,0.0013012361743656475
18,2,0.0004392322220758115
18,2,0.0003134108502836368
18,2,0.0004562251927551439
18,2,0.0007479991024010772
18,2,0.000396589331746976
18,2,0.0005624929688378895
18,2,0.0005500852632157984
18,2,0.0006263309532757109
18,2,0.00048482497818287597
18,2,0.0007391529307413703
36,4,0.0012688745083111281
36,4,0.0007071635669330316
36,4,0.0007754342431761787
36,4,0.0010361620557455186
36,4,0.001104728236853734
36,4,0.0008955758552749418
36,4,0.0020622808826562177
36,4,0.0012843565373747753
36,4,0.0009418856550814731
36,4,0.0013007284079084287
36,4,0.0010314595152140279
36,4,0.0011181930001118194
36,4,0.001452643811737362
36,4,0.001624167614097775
36,4,0.0014566642388929353
36,4,0.0006172839506172839
36,4,0.0008748141020033243
36,4,0.0016204829039053639
36,4,0.0009475080538184574
36,4,0.0011009578333149841
36,4,0.001223540927444023
36,4,0.001795654516071108
36,4,0.0008673026886383347
36,4,0.001440922190201729
36,4,0.0008302889405513118
36,4,0.0009676795045480937
36,4,0.001913143294432753
54,6,0.0013477088948787063
54,6,0.0014847809948032665
54,6,0.0023250406882120438
54,6,0.0017226528854435831
54,6,0.002230649118893598
54,6,0.003979307600477517
54,6,0.002363507445048452
54,6,0.0034211426616489907
54,6,0.0013180440226703571
54,6,0.001532097441397273
54,6,0.0015035333032626672
54,6,0.0019290123456790122
54,6,0.0012260912211868563
54,6,0.0026795284030010718
54,6,0.0010738831615120276
54,6,0.001493205913095416
54,6,0.0016761649346295675
54,6,0.0014992503748125937
54,6,0.004288164665523156
54,6,0.0021390374331550803
54,6,0.0017044486108743822
54,6,0.0015299877600979193
54,6,0.0018450184501845018
54,6,0.0025490695895997962
54,6,0.0015410695022345508
54,6,0.0012701638511367966
54,6,0.00185459940652819
72,8,0.002229157378510923
72,8,0.002728512960436562
72,8,0.00279876854184159
72,8,0.002069108214359611
72,8,0.0013806433798149939
72,8,0.003869969040247678
72,8,0.0038955979742890533
72,8,0.003920031360250882
72,8,0.002332633543270352
72,8,0.0023992322456813818
72,8,0.0022742779167614284
72,8,0.0030902348578491965
72,8,0.0020733982998133943
72,8,0.0028473804100227792
72,8,0.0017953321364452424
72,8,0.0020226537216828477
72,8,0.0028910089621277824
72,8,0.0029472443265546712
72,8,0.002955082742316785
72,8,0.004935834155972359
72,8,0.003538570417551309
72,8,0.0037425149700598802
72,8,0.0020420665713702267
72,8,0.002353494939985879
72,8,0.0030321406913280777
72,8,0.0016191709844559584
72,8,0.0023747328425552127
90,10,0.003207184092366902
90,10,0.0041876046901172526
90,10,0.0023775558725630053
90,10,0.0027609055770292656
90,10,0.0032164683177870698
90,10,0.002889338341519792
90,10,0.0020300446609825416
90,10,0.002101281781886951
90,10,0.002999400119976005
90,10,0.00253613999492772
90,10,0.002596053997923157
90,10,0.0037064492216456633
90,10,0.0028011204481792717
90,10,0.006234413965087282
90,10,0.004642525533890436
90,10,0.0024521824423737125
90,10,0.0030413625304136255
90,10,0.0058823529411764705
90,10,0.0025713551041398816
90,10,0.0027233115468409588
90,10,0.0030637254901960784
90,10,0.0033200531208499337
90,10,0.002384358607534573
90,10,0.0018587360594795538
90,10,0.002349624060150376
90,10,0.003969829297340214
90,10,0.002154243860404998
108,12,0.004522840343735866
108,12,0.002627430373095113
108,12,0.004325259515570935
108,12,0.0024894199651481204
108,12,0.003537318712415989
108,12,0.00441306266548985
108,12,0.002139495079161318
108,12,0.006793478260869565
108,12,0.002987750224081267
108,12,0.0027609055770292656
108,12,0.0039016777214202106
108,12,0.002586652871184687
108,12,0.0034129692832764505
108,12,0.0029940119760479044
108,12,0.0058445353594389245
108,12,0.006925207756232687
108,12,0.0032372936225315637
108,12,0.0031887755102040817
108,12,0.0044822949350067235
108,12,0.0016553550736633008
108,12,0.0039447731755424065
108,12,0.004728132387706856
108,12,0.004332755632582322
108,12,0.002136752136752137
108,12,0.0034928396786587496
108,12,0.0020056157240272766
108,12,0.004370629370629371
126,14,0.006230529595015576
126,14,0.0039856516540454365
126,14,0.005743825387708214
126,14,0.0032948929159802307
126,14,0.004557885141294439
126,14,0.002633658151171978
126,14,0.002688172043010753
126,14,0.003920031360250882
126,14,0.004269854824935952
126,14,0.00322061191626409
126,14,0.0034590107229332413
126,14,0.005249343832020997
126,14,0.0019466614755693985
126,14,0.002864508736751647
126,14,0.007587253414264037
126,14,0.00741839762611276
126,14,0.004122011541632316
126,14,0.003169572107765452
126,14,0.005238344683080147
126,14,0.0028935185185185184
126,14,0.0061162079510703364
126,14,0.0030892801977139327
126,14,0.004171881518564873
126,14,0.005633802816901409
126,14,0.004205214465937763
126,14,0.0034940600978336828
126,14,0.005065856129685917
144,16,0.005012531328320802
144,16,0.0027548209366391185
144,16,0.003930817610062893
144,16,0.0030978934324659233
144,16,0.0036886757654002213
144,16,0.0068073519400953025
144,16,0.005230125523012552
144,16,0.007122507122507123
144,16,0.003946329913180742
144,16,0.004880429477794046
144,16,0.0043308791684712
144,16,0.00432152117545376
144,16,0.006397952655150352
144,16,0.004342162396873643
144,16,0.006422607578676943
144,16,0.0059031877213695395
144,16,0.0036443148688046646
144,16,0.004273504273504274
144,16,0.004476275738585497
144,16,0.006476683937823834
144,16,0.00333889816360601
144,16,0.005313496280552604
144,16,0.002788622420524261
144,16,0.00481000481000481
144,16,0.00397456279809221
144,16,0.002777777777777778
144,16,0.0028129395218002813
162,18,0.006138735420503376
162,18,0.005125576627370579
162,18,0.004275331338178709
162,18,0.008620689655172414
162,18,0.010080645161290322
162,18,0.004721435316336166
162,18,0.004325259515570935
162,18,0.0059031877213695395
162,18,0.004230118443316413
162,18,0.008944543828264758
162,18,0.0044014084507042256
162,18,0.00501002004008016
162,18,0.004636068613815485
162,18,0.010070493454179255
162,18,0.006798096532970768
162,18,0.003976143141153081
162,18,0.0036101083032490976
162,18,0.006910850034554251
162,18,0.00612369871402327
162,18,0.006724949562878279
162,18,0.003290556103981573
162,18,0.004889975550122249
162,18,0.005246589716684155
162,18,0.004557885141294439
162,18,0.008071025020177562
162,18,0.004395604395604396
162,18,0.00851063829787234
180,20,0.008291873963515755
180,20,0.005330490405117271
180,20,0.009478672985781991
180,20,0.0058309037900874635
180,20,0.004100041000410004
180,20,0.005627462014631401
180,20,0.0058927519151443725
180,20,0.006688963210702341
180,20,0.007955449482895784
180,20,0.003356831151393085
180,20,0.004668534080298786
180,20,0.0071174377224199285
180,20,0.006418485237483954
180,20,0.010548523206751054
180,20,0.0038314176245210726
180,20,0.007142857142857143
180,20,0.004111842105263158
180,20,0.0045682960255824575
180,20,0.0030921459492888066
180,20,0.00779423226812159
180,20,0.008149959250203748
180,20,0.004906771344455349
180,20,0.004992511233150275
180,20,0.004807692307692308
180,20,0.006402048655569782
180,20,0.007836990595611285
180,20,0.006142506142506142
198,22,0.006540222367560497
198,22,0.006443298969072165
198,22,0.005344735435595938
198,22,0.007178750897343862
198,22,0.0056753688989784334
198,22,0.0048828125
198,22,0.01122334455667789
198,22,0.007993605115907274
198,22,0.005841121495327103
198,22,0.0048543689320388345
198,22,0.003367003367003367
198,22,0.00482392667631452
198,22,0.006887052341597796
198,22,0.009149130832570906
198,22,0.004336513443191674
198,22,0.009784735812133072
198,22,0.003816793893129771
198,22,0.0035919540229885057
198,22,0.010121457489878543
198,22,0.007763975155279503
198,22,0.004784688995215311
198,22,0.012165450121654502
198,22,0.006882312456985547
198,22,0.005
198,22,0.006939625260235947
198,22,0.01597444089456869
198,22,0.010131712259371834
216,24,0.00589622641509434
216,24,0.004580852038479157
216,24,0.013175230566534914
216,24,0.006702412868632708
216,24,0.0048828125
216,24,0.009174311926605505
216,24,0.014064697609001406
216,24,0.004730368968779565
216,24,0.008375209380234505
216,24,0.005512679162072767
216,24,0.004562043795620438
216,24,0.004791566842357451
216,24,0.006906077348066298
216,24,0.009025270758122744
216,24,0.006854009595613434
216,24,0.004962779156327543
216,24,0.006954102920723227
216,24,0.013333333333333334
216,24,0.013679890560875513
216,24,0.006273525721455458
216,24,0.008389261744966443
216,24,0.008726003490401396
216,24,0.013623978201634877
216,24,0.00846740050804403
216,24,0.005344735435595938
216,24,0.0057570523891767415
216,24,0.007122507122507123
234,26,0.006765899864682003
234,26,0.0077279752704791345
234,26,0.008244023083264633
234,26,0.010672358591248666
234,26,0.00630119722747322
234,26,0.009708737864077669
234,26,0.005763688760806916
234,26,0.0074962518740629685
234,26,0.00715307582260372
234,26,0.009505703422053232
234,26,0.008561643835616438
234,26,0.005449591280653951
234,26,0.00832639467110741
234,26,0.009569377990430622
234,26,0.0056022408963585435
234,26,0.005030181086519115
234,26,0.006016847172081829
234,26,0.005227391531625719
234,26,0.0036509675063891934
234,26,0.007358351729212656
234,26,0.006734006734006734
234,26,0.006680026720106881
234,26,0.007733952049497293
234,26,0.007062146892655367
234,26,0.01277139208173691
234,26,0.006138735420503376
234,26,0.00940733772342427
252,28,0.01
252,28,0.0063411540900443885
252,28,0.011560693641618497
252,28,0.010298661174047374
252,28,0.006112469437652812
252,28,0.004017677782241864
252,28,0.011389521640091117
252,28,0.008223684210526315
252,28,0.007905138339920948
252,28,0.008818342151675485
252,28,0.01141552511415525
252,28,0.016420361247947456
252,28,0.006544502617801047
252,28,0.007390983000739098
252,28,0.009302325581395349
252,28,0.006949270326615705
252,28,0.006578947368421052
252,28,0.00552791597567717
252,28,0.00983284169124877
252,28,0.007961783439490446
252,28,0.008058017727639
252,28,0.00846740050804403
252,28,0.012853470437017995
252,28,0.008888888888888889
252,28,0.0057110222729868645
252,28,0.008136696501220505
252,28,0.008726003490401396
270,30,0.010638297872340425
270,30,0.004595588235294118
270,30,0.007017543859649123
270,30,0.010526315789473684
270,30,0.009000900090009001
270,30,0.008136696501220505
270,30,0.0078064012490242
270,30,0.011876484560570071
270,30,0.007524454477050414
270,30,0.007173601147776184
270,30,0.011299435028248588
270,30,0.0058823529411764705
270,30,0.009633911368015413
270,30,0.006825938566552901
270,30,0.010787486515641856
270,30,0.007722007722007722
270,30,0.007722007722007722
270,30,0.011441647597254004
270,30,0.005327650506126798
270,30,0.012642225031605562
270,30,0.015600624024960999
270,30,0.00796812749003984
270,30,0.009514747859181731
270,30,0.01044932079414838
270,30,0.020242914979757085
270,30,0.006648936170212766
270,30,0.012706480304955527
288,32,0.02320185614849188
288,32,0.011750881316098707
288,32,0.008576329331046312
288,32,0.00946073793755913
288,32,0.005241090146750524
288,32,0.008084074373484237
288,32,0.006868131868131868
288,32,0.012180267965895249
288,32,0.011933174224343675
288,32,0.008488964346349746
288,32,0.007251631617113851
288,32,0.010822510822510822
288,32,0.01455604075691412
288,32,0.008285004142502071
288,32,0.007710100231303007
288,32,0.00625
288,32,0.005934718100890208
288,32,0.00683526999316473
288,32,0.014285714285714285
288,32,0.008389261744966443
288,32,0.011135857461024499
288,32,0.004878048780487805
288,32,0.0045871559633027525
288,32,0.010416666666666666
288,32,0.00578368999421631
288,32,0.009182736455463728
288,32,0.01968503937007874
306,34,0.010395010395010396
306,34,0.004327131112072695
306,34,0.007194244604316547
306,34,0.012594458438287154
306,34,0.00823045267489712
306,34,0.015455950540958269
306,34,0.008264462809917356
306,34,0.009433962264150943
306,34,0.017513134851138354
306,34,0.007942811755361398
306,34,0.016474464579901153
306,34,0.009541984732824428
306,34,0.011363636363636364
306,34,0.008298755186721992
306,34,0.008396305625524769
306,34,0.006097560975609756
306,34,0.014347202295552367
306,34,0.011834319526627219
306,34,0.011778563015312132
306,34,0.01597444089456869
306,34,0.007304601899196494
306,34,0.007429420505200594
306,34,0.00630119722747322
306,34,0.0088339222614841
306,34,0.006329113924050633
306,34,0.010964912280701754
306,34,0.00764525993883792
324,36,0.00796812749003984
324,36,0.011428571428571429
324,36,0.018148820326678767
324,36,0.01845018450184502
324,36,0.015313935681470138
324,36,0.012285012285012284
324,36,0.006501950585175552
324,36,0.01006036217303823
324,36,0.014204545454545454
324,36,0.008203445447087777
324,36,0.005470459518599562
