24,2,0.00003638427617120985
24,2,0.000032252342326361453
24,2,0.00004298874984416578
24,2,0.00006123136270397697
24,2,0.00007359001530672318
24,2,0.0000575016675483589
24,2,0.00004396705987873885
24,2,0.000039474359429832355
24,2,0.00006419268075054083
24,2,0.00003565672557157731
24,2,0.000041683861259436186
24,2,0.00005340026166128214
24,2,0.00004375965447376828
24,2,0.00003057757990686069
24,2,0.000037906930903246346
24,2,0.00006721469044274316
24,2,0.00005447750623767446
24,2,0.000026131152253158602
24,2,0.00005696350348331824
24,2,0.00003757731532628383
24,2,0.000042279007627132974
24,2,0.00006281091402442088
24,2,0.00003841706332284548
24,2,0.000043412198827870635
24,2,0.00002535516243784816
24,2,0.00005939441454925579
24,2,0.00005507790770044228
24,2,0.00004308729054190885
24,2,0.00004448794376723908
24,2,0.00008384548953189063
24,2,0.00004760046077246028
24,2,0.00009757430283160627
24,2,0.000032816473869882684
24,2,0.000029623397744474496
24,2,0.000055501595670875536
24,2,0.000052297152420050727
24,2,0.00005160384758287578
24,2,0.00007378984651711924
24,2,0.00004292674550878925
24,2,0.00006584622273143301
24,2,0.000029663028001898435
24,2,0.00003503154590708933
24,2,0.00003576985674172375
24,2,0.000023904572944804342
24,2,0.00005227118289686896
24,2,0.00003505045513015986
24,2,0.00022551982319245862
24,2,0.00003998032967779852
48,4,0.00008472278704080249
48,4,0.00015516866834248827
48,4,0.00013151146122384566
48,4,0.000047860858910974014
48,4,0.00007210637131896974
48,4,0.0000636902108145978
48,4,0.00010951343182241303
48,4,0.00009486945962355798
48,4,0.00010823682216690118
48,4,0.000058014399173874955
48,4,0.0000950344499881207
48,4,0.000143742184018744
48,4,0.0001631108501337509
48,4,0.00016250914113918907
48,4,0.000056472289047764264
48,4,0.00008910988139474787
48,4,0.00005485282985749235
48,4,0.00011850587789154341
48,4,0.00010899776554580631
48,4,0.00005705059817552187
48,4,0.00013478178828476697
48,4,0.00006725040013988083
48,4,0.00008265419139404559
48,4,0.0000888075806150813
48,4,0.00006355945669376418
48,4,0.00006561722845950433
48,4,0.00013515705249499919
48,4,0.00008873035731714892
48,4,0.0001168306189686193
48,4,0.00006558022100534478
48,4,0.00008901786588568325
48,4,0.00011351768605548745
48,4,0.00011318875356544574
48,4,0.00008957924628022179
48,4,0.00010649740678814471
48,4,0.00019095266283488324
48,4,0.0000804705920221455
48,4,0.00011250112501125012
48,4,0.00006742406364831608
48,4,0.0000836491087187466
48,4,0.00008247218625518543
48,4,0.00010356255178127589
48,4,0.0000626299571611093
48,4,0.00015697108592597244
48,4,0.00010462987182840701
48,4,0.00012825610178404236
48,4,0.0000978559755751485
48,4,0.00010781903652908957
72,6,0.00010588509349653756
72,6,0.0001702736297229648
72,6,0.00010165184243964421
72,6,0.00010693471635566487
72,6,0.00011659632022013385
72,6,0.00010409293417162843
72,6,0.00016895031171332511
72,6,0.0001795654516071108
72,6,0.00015669560312137643
72,6,0.0003397546971086875
72,6,0.00019192752816536476
72,6,0.00009477325498744255
72,6,0.00015504597113044017
72,6,0.0001722029928880164
72,6,0.0001881750780926574
72,6,0.0001281443417865884
72,6,0.00009661182335494218
72,6,0.00012057780886005739
72,6,0.0000614786853397927
72,6,0.0002667520273154076
72,6,0.00007694024051519185
72,6,0.00008641249870381252
72,6,0.00023324703193151867
72,6,0.00015681600777807397
72,6,0.0002134426159527011
72,6,0.00010891585161304377
72,6,0.00016553002714692446
72,6,0.00016138402943644697
72,6,0.0001305159294691917
72,6,0.0001472016957635352
72,6,0.00014022492077291976
72,6,0.00008949827268333722
72,6,0.00015940319444001657
72,6,0.00008949506882170792
72,6,0.00019976826880818252
72,6,0.00014055011314284107
72,6,0.00016423057973394647
72,6,0.0001808579903060117
72,6,0.00010082474642576273
72,6,0.00010518675909076566
72,6,0.0001352704055406758
72,6,0.00009998800143982723
72,6,0.00013045463440088708
72,6,0.00013918271907359983
72,6,0.00015023812743197968
72,6,0.00010763799190562301
72,6,0.0002523595619038005
72,6,0.0002030456852791878
96,8,0.00032267432480397534
96,8,0.00021400903118111585
96,8,0.00018546681998590452
96,8,0.00019285287254353653
96,8,0.00022438126865169297
96,8,0.00016963240657495208
96,8,0.00017560495908404454
96,8,0.00017377704405248067
96,8,0.00017668156681213448
96,8,0.0003254890472935586
96,8,0.00017096939647803043
96,8,0.00028896723111599147
96,8,0.0001306796649373391
96,8,0.00022002684327487954
96,8,0.00018005041411595248
96,8,0.00010828370330265295
96,8,0.0002025070371195399
96,8,0.00014199099777074134
96,8,0.00019479128114225608
96,8,0.0002028479857195018
96,8,0.0002461780852268531
96,8,0.00023553242103775584
96,8,0.0001507181720900089
96,8,0.00022140058006951978
96,8,0.00018667164457718873
96,8,0.0004124221553181837
96,8,0.00012987181651709763
96,8,0.000387551835057939
96,8,0.00018576311487591025
96,8,0.00020019218449711723
96,8,0.0003088040020998672
96,8,0.00019500399758195044
96,8,0.00019402782358990278
96,8,0.0001505638616619239
96,8,0.0002866479390013186
96,8,0.00015591867282025695
96,8,0.0002664322063251006
96,8,0.0003022609116189094
96,8,0.0003028192471913515
96,8,0.00019240389425481972
96,8,0.00026628321883154926
96,8,0.0003763076691502973
96,8,0.00025003125390673836
96,8,0.0002555453337422059
96,8,0.00016596683982540288
96,8,0.00017187150885997627
96,8,0.00021120662343971107
96,8,0.0005213220727765613
120,10,0.00023368307900824902
120,10,0.0005351886540005352
120,10,0.00023737745388942958
120,10,0.00023606062036731032
120,10,0.00011225990413004187
120,10,0.00021858401276530636
120,10,0.0002622263012980202
120,10,0.0002148043132706105
120,10,0.00011663439781660408
120,10,0.0001819505094614265
120,10,0.0002827974321993156
120,10,0.0002085810232985003
120,10,0.0002852090582396897
120,10,0.00016751541141785044
120,10,0.0002107525975257645
120,10,0.00024530245793062845
120,10,0.00016156393892883107
120,10,0.00025900696728742
120,10,0.00018600498493359622
120,10,0.00019846782836502203
120,10,0.0001718449271377509
120,10,0.0004999000199960008
120,10,0.00043417853421326847
120,10,0.0002555388035673217
120,10,0.00019153785745752648
120,10,0.0001662869780667476
120,10,0.00018221574344023323
120,10,0.00019861762135536665
120,10,0.00020428591857163286
120,10,0.00018724137285374575
120,10,0.00022771781208726145
120,10,0.00019617074701820463
120,10,0.00016053941242575052
120,10,0.00025790478155465003
120,10,0.00013388135434378053
120,10,0.00013573125212080082
120,10,0.00021393577647990073
120,10,0.00019422755700578798
120,10,0.0002499187763976708
120,10,0.00025104182356780637
120,10,0.0001757932671178694
120,10,0.00021007962017604673
120,10,0.00023716352424997035
120,10,0.00015943877551020407
120,10,0.0002795248078266946
120,10,0.00020711223411966944
120,10,0.0002817298211015636
120,10,0.0002809620139357159
144,12,0.00023773863015001307
144,12,0.0005273705305347537
144,12,0.0002048131080389145
144,12,0.00023100556723417033
144,12,0.0007830240388379923
144,12,0.0002478499020992887
144,12,0.00034893052793188875
144,12,0.00029579672848818294
144,12,0.00020152757904919288
144,12,0.000343335851129575
144,12,0.0002600915522263837
144,12,0.00039517881841533294
144,12,0.0001637143512000262
144,12,0.0002624603028791895
144,12,0.00017578090667791664
144,12,0.00025767882910740053
144,12,0.00031662603299243265
144,12,0.00022967913824387332
144,12,0.00020602414602991471
144,12,0.0003640997633351538
144,12,0.0003659250585480094
144,12,0.00028925978421220097
144,12,0.00021730627145899432
144,12,0.0003147128245476003
144,12,0.0005752746936662257
144,12,0.00016800792997429478
144,12,0.0005950255861002023
144,12,0.00021333333333333333
144,12,0.0002868452756583099
144,12,0.00027109086965950986
144,12,0.0003499440089585666
144,12,0.00020557097337855896
144,12,0.0002400845097474311
144,12,0.00019757379381198878
144,12,0.0002166706389617143
144,12,0.0005776006469127245
144,12,0.00030057108506161706
144,12,0.0003311806590495115
144,12,0.00018837003409497618
144,12,0.0004106776180698152
144,12,0.0002497689637085696
144,12,0.0004333694474539545
144,12,0.00041696201476045533
144,12,0.0003892413685726519
144,12,0.0003683648285261723
144,12,0.00033443697535199494
144,12,0.00019356961731286659
144,12,0.00037855844942459116
168,14,0.00036691861745064946
168,14,0.00026793848132468785
168,14,0.0002990520051436945
168,14,0.00026326181387389757
168,14,0.0004135991397137894
168,14,0.00030470154483683233
168,14,0.00039502271380604387
168,14,0.0003563030000712606
168,14,0.00046112699437425065
168,14,0.0003545973547037339
168,14,0.000379204429107732
168,14,0.00028613121977738993
168,14,0.0005197235070942259
168,14,0.00025304284015283785
168,14,0.0005111167901865576
168,14,0.0004125242357988532
168,14,0.00017344850313941792
168,14,0.00037214841278701945
168,14,0.0002328397131414734
168,14,0.0005265097667561733
168,14,0.00040426908150064685
168,14,0.0003065415976948072
168,14,0.00034962590028669323
168,14,0.0002875463668516548
168,14,0.00022374868547647282
168,14,0.0003059413816312794
168,14,0.00033488496701383075
