9,2,0.03048780487804878,1
9,2,0.03225806451612903,2
9,2,0.03861003861003861,2
9,2,0.09615384615384616,1
9,2,0.04032258064516129,2
9,2,0.04716981132075472,2
9,2,0.04484304932735426,1
9,2,0.03484320557491289,2
9,2,0.034722222222222224,2
14,3,0.03496503496503497,1
14,3,0.024630541871921183,2
14,3,0.021231422505307854,2
14,3,0.030120481927710843,3
14,3,0.025510204081632654,1
14,3,0.03558718861209965,3
14,3,0.015360983102918587,2
14,3,0.03184713375796178,2
14,3,0.02824858757062147,2
14,3,0.027624309392265192,2
14,3,0.018726591760299626,2
14,3,0.03125,2
15,4,0.05714285714285714,1
15,4,0.030959752321981424,3
15,4,0.0423728813559322,1
15,4,0.043478260869565216,2
15,4,0.05235602094240838,1
15,4,0.0423728813559322,2
15,4,0.04504504504504504,1
15,4,0.0411522633744856,2
15,4,0.08620689655172414,2
15,4,0.03759398496240601,2
15,4,0.03460207612456748,3
15,4,0.07092198581560284,2
21,5,0.02100840336134454,2
21,5,0.02,3
21,5,0.02857142857142857,2
21,5,0.020202020202020204,3
21,5,0.032362459546925564,2
21,5,0.05181347150259067,2
21,5,0.014970059880239521,2
21,5,0.02881844380403458,4
21,5,0.01072961373390558,3
21,5,0.028328611898016998,4
21,5,0.02207505518763797,3
21,5,0.011947431302270013,2
