9,2,0.08196721311475409,1
9,2,0.05235602094240838,2
9,2,0.04854368932038835,2
9,2,0.04,1
9,2,0.05952380952380952,2
9,2,0.05405405405405406,2
9,2,0.04784688995215311,1
9,2,0.04149377593360996,2
9,2,0.055248618784530384,2
18,4,0.11363636363636363,1
18,4,0.09009009009009009,2
18,4,0.10869565217391304,2
18,4,0.11494252873563218,1
18,4,0.10638297872340426,2
18,4,0.078125,2
18,4,0.11627906976744186,1
18,4,0.06329113924050633,2
18,4,0.07874015748031496,2
27,6,0.1694915254237288,1
27,6,0.12048192771084337,3
27,6,0.13513513513513514,2
27,6,0.13157894736842105,1
27,6,0.18518518518518517,3
27,6,0.1724137931034483,3
27,6,0.08064516129032258,1
27,6,0.08403361344537816,3
27,6,0.14925373134328357,2
36,8,0.10416666666666667,1
36,8,0.13513513513513514,2
36,8,0.11904761904761904,2
36,8,0.10309278350515463,1
36,8,0.2777777777777778,2
36,8,0.12195121951219512,2
36,8,0.11494252873563218,1
36,8,0.19607843137254902,2
36,8,0.17543859649122806,2
45,10,0.3225806451612903,3
45,10,0.2222222222222222,5
45,10,0.2564102564102564,6
45,10,0.37037037037037035,3
45,10,0.2777777777777778,5
45,10,0.29411764705882354,5
45,10,0.24390243902439024,3
45,10,0.18518518518518517,5
45,10,0.16129032258064516,6
54,12,0.37037037037037035,1
54,12,0.14925373134328357,3
54,12,0.19607843137254902,2
54,12,0.22727272727272727,1
54,12,0.2222222222222222,3
54,12,0.21739130434782608,3
54,12,0.3333333333333333,1
54,12,0.2564102564102564,3
54,12,0.2222222222222222,2
63,14,0.19607843137254902,3
63,14,0.2222222222222222,4
63,14,0.3448275862068966,4
63,14,0.2857142857142857,3
63,14,0.3225806451612903,6
63,14,0.2777777777777778,4
63,14,0.29411764705882354,3
63,14,0.24390243902439024,6
63,14,0.35714285714285715,4
72,16,0.47619047619047616,1
72,16,0.5,2
72,16,0.4166666666666667,2
72,16,0.3448275862068966,1
72,16,0.2702702702702703,2
72,16,0.4166666666666667,2
72,16,0.2564102564102564,1
72,16,0.3448275862068966,2
72,16,0.38461538461538464,2
81,18,0.47619047619047616,1
81,18,0.3333333333333333,6
81,18,0.3333333333333333,2
81,18,0.5,1
81,18,0.3448275862068966,4
81,18,0.45454545454545453,6
81,18,0.2631578947368421,1
81,18,0.2777777777777778,4
81,18,0.2564102564102564,2
90,20,0.3448275862068966,3
90,20,0.24390243902439024,5
90,20,0.3125,6
90,20,0.38461538461538464,3
90,20,0.30303030303030304,5
90,20,0.3125,5
90,20,0.43478260869565216,3
90,20,0.4,5
90,20,0.3333333333333333,6
99,22,0.625,3
99,22,0.3333333333333333,5
99,22,0.3225806451612903,6
99,22,0.625,3
99,22,0.4166666666666667,9
99,22,0.43478260869565216,5
99,22,0.43478260869565216,3
99,22,0.37037037037037035,9
99,22,0.5263157894736842,6
108,24,0.5555555555555556,1
108,24,0.5882352941176471,3
108,24,0.45454545454545453,2
108,24,0.3448275862068966,1
108,24,0.4166666666666667,3
108,24,0.4,3
108,24,0.35714285714285715,1
108,24,0.43478260869565216,3
108,24,0.3225806451612903,2
117,26,0.2702702702702703,3
117,26,0.625,7
117,26,0.3448275862068966,10
117,26,0.38461538461538464,3
117,26,0.37037037037037035,5
117,26,0.2857142857142857,7
117,26,0.5555555555555556,3
117,26,0.47619047619047616,5
117,26,0.7142857142857143,10
126,28,0.5,3
126,28,0.5555555555555556,4
126,28,0.5555555555555556,4
126,28,0.3125,3
126,28,0.5,6
126,28,0.5263157894736842,4
126,28,0.2857142857142857,3
126,28,0.5882352941176471,6
126,28,0.43478260869565216,4
135,30,0.625,3
135,30,0.6666666666666666,8
135,30,0.5555555555555556,6
135,30,0.7692307692307693,3
135,30,0.5555555555555556,8
135,30,0.625,8
135,30,0.47619047619047616,3
135,30,0.625,8
135,30,0.2631578947368421,6
144,32,0.625,1
144,32,0.6666666666666666,2
144,32,0.5263157894736842,2
144,32,0.6666666666666666,1
144,32,0.5882352941176471,2
144,32,0.5555555555555556,2
144,32,0.5,1
144,32,0.3333333333333333,2
144,32,0.5,2
153,34,0.43478260869565216,5
153,34,0.3448275862068966,8
153,34,0.47619047619047616,10
153,34,0.4,5
153,34,0.43478260869565216,8
153,34,0.5555555555555556,8
153,34,0.7142857142857143,5
153,34,0.45454545454545453,8
153,34,0.43478260869565216,10
162,36,0.5,1
162,36,0.5555555555555556,6
162,36,0.5,2
162,36,0.5263157894736842,1
162,36,0.5263157894736842,4
162,36,0.4,6
162,36,0.5263157894736842,1
162,36,0.7142857142857143,4
162,36,0.5263157894736842,2
171,38,0.8333333333333334,3
171,38,0.9090909090909091,7
171,38,0.47619047619047616,10
171,38,0.7142857142857143,3
171,38,0.5555555555555556,5
171,38,0.7692307692307693,7
171,38,0.625,3
171,38,0.8333333333333334,5
171,38,0.6666666666666666,10
180,40,0.5263157894736842,3
180,40,0.6666666666666666,5
180,40,0.6666666666666666,6
180,40,0.7692307692307693,3
180,40,0.4166666666666667,5
180,40,0.47619047619047616,5
180,40,0.5882352941176471,3
180,40,0.5555555555555556,5
180,40,0.6666666666666666,6
189,42,0.7692307692307693,7
189,42,0.7142857142857143,9
189,42,0.5882352941176471,8
189,42,0.7692307692307693,7
189,42,0.9090909090909091,13
189,42,0.7692307692307693,9
189,42,0.7692307692307693,7
189,42,0.7692307692307693,13
189,42,0.6666666666666666,8
198,44,0.5263157894736842,3
198,44,0.5882352941176471,5
198,44,0.5,6
198,44,0.5555555555555556,3
198,44,0.5882352941176471,9
198,44,0.5555555555555556,5
198,44,1,3
198,44,0.8333333333333334,9
198,44,0.5,6
207,46,0.8333333333333334,3
207,46,0.5555555555555556,6
207,46,0.8333333333333334,6
207,46,0.5882352941176471,3
207,46,0.625,6
207,46,0.5882352941176471,6
207,46,0.8333333333333334,3
207,46,0.7692307692307693,6
207,46,0.4166666666666667,6
216,48,0.7692307692307693,1
216,48,0.625,3
216,48,0.5263157894736842,2
216,48,0.8333333333333334,1
216,48,0.7692307692307693,3
216,48,0.5882352941176471,3
216,48,0.4166666666666667,1
216,48,0.5555555555555556,3
216,48,0.8333333333333334,2
225,50,0.6666666666666666,5
225,50,0.6666666666666666,8
225,50,0.5263157894736842,10
225,50,0.6666666666666666,5
225,50,0.7692307692307693,12
225,50,0.6666666666666666,8
225,50,0.7692307692307693,5
225,50,0.5555555555555556,12
225,50,0.8333333333333334,10
234,52,0.8333333333333334,3
234,52,0.625,7
234,52,0.7692307692307693,10
234,52,0.7142857142857143,3
234,52,0.8333333333333334,5
234,52,0.7142857142857143,7
234,52,0.5555555555555556,3
234,52,0.5555555555555556,5
234,52,0.625,10
243,54,0.7692307692307693,1
243,54,0.5882352941176471,9
243,54,0.7142857142857143,2
243,54,0.5263157894736842,1
243,54,0.5555555555555556,5
243,54,0.7142857142857143,9
243,54,0.7692307692307693,1
243,54,0.7692307692307693,5
243,54,0.8333333333333334,2
252,56,0.9090909090909091,3
252,56,0.7692307692307693,4
252,56,0.5,4
252,56,0.43478260869565216,3
252,56,0.6666666666666666,6
252,56,0.8333333333333334,4
252,56,1,3
252,56,0.9090909090909091,6
252,56,0.8333333333333334,4
261,58,0.8333333333333334,3
261,58,0.9090909090909091,5
261,58,0.5882352941176471,6
261,58,0.9090909090909091,3
261,58,0.7142857142857143,5
261,58,0.6666666666666666,5
261,58,0.625,3
261,58,0.7142857142857143,5
261,58,0.5555555555555556,6
270,60,1,3
270,60,0.7142857142857143,8
270,60,0.8333333333333334,6
270,60,0.7142857142857143,3
270,60,0.9090909090909091,8
270,60,1,8
270,60,0.5555555555555556,3
270,60,0.6666666666666666,8
270,60,0.7142857142857143,6
279,62,0.625,7
279,62,0.8333333333333334,14
279,62,0.6666666666666666,14
279,62,0.5,7
279,62,0.7692307692307693,8
279,62,0.8333333333333334,14
279,62,0.7692307692307693,7
279,62,0.5555555555555556,8
279,62,0.7142857142857143,14
288,64,0.7692307692307693,1
288,64,0.7142857142857143,2
288,64,0.8333333333333334,2
288,64,0.8333333333333334,1
288,64,0.9090909090909091,2
288,64,1,2
288,64,0.8333333333333334,1
288,64,0.7692307692307693,2
288,64,0.625,2
297,66,0.7692307692307693,3
297,66,0.8333333333333334,8
297,66,0.9090909090909091,6
297,66,0.9090909090909091,3
297,66,0.9090909090909091,20
297,66,0.9090909090909091,8
297,66,0.7142857142857143,3
297,66,0.8333333333333334,20
297,66,0.8333333333333334,6
306,68,0.8333333333333334,5
306,68,0.7142857142857143,8
306,68,0.625,10
306,68,0.8333333333333334,5
306,68,0.7692307692307693,8
306,68,0.7692307692307693,8
306,68,0.9090909090909091,5
306,68,0.6666666666666666,8
306,68,0.7142857142857143,10
315,70,0.8333333333333334,9
315,70,0.8333333333333334,11
315,70,0.7692307692307693,12
315,70,0.8333333333333334,9
315,70,0.9090909090909091,15
315,70,0.7142857142857143,11
315,70,0.6666666666666666,9
315,70,0.6666666666666666,15
315,70,0.7692307692307693,12
324,72,0.9090909090909091,1
324,72,0.9090909090909091,6
324,72,0.7692307692307693,2
324,72,0.9090909090909091,1
324,72,0.8333333333333334,4
324,72,0.7692307692307693,6
324,72,0.5882352941176471,1
324,72,0.7142857142857143,4
324,72,0.7692307692307693,2
333,74,0.7692307692307693,3
333,74,0.9090909090909091,7
333,74,0.7692307692307693,10
333,74,0.7692307692307693,3
333,74,0.9090909090909091,5
