15,2,0.0044822949350067235
15,2,0.0023375409069658717
15,2,0.003897116134060795
15,2,0.0053475935828877
15,2,0.0027070925825663237
15,2,0.002907822041291073
15,2,0.003787878787878788
15,2,0.0028328611898017
15,2,0.0033333333333333335
15,2,0.002933411557641537
15,2,0.0019485580670303975
15,2,0.0034626038781163434
15,2,0.002232142857142857
21,2,0.00017062808196973057
21,2,0.0001924446240594269
21,2,0.0002364010307084939
21,2,0.00023832221163012392
21,2,0.00025203518411170197
21,2,0.00010289759631215014
21,2,0.00017952354451286287
21,2,0.00019722698854111198
21,2,0.00016135798883402719
21,2,0.0001372250353354466
21,2,0.00013058410269133837
21,2,0.00021227366320660594
21,2,0.00013948946854512484
28,3,0.00009344833708684154
28,3,0.00009095539547405952
28,3,0.00013950114390938006
28,3,0.00019200491532583234
28,3,0.00010035324341682723
28,3,0.00017042162309553835
28,3,0.00009067827348567283
28,3,0.00008884703206489387
28,3,0.0001373022847100176
28,3,0.00014410052452590929
28,3,0.00007959185297792918
28,3,0.00006646549776011273
31,5,0.0007867820613690008
31,5,0.0005037783375314861
31,5,0.0007620208793720948
31,5,0.0005318300271233314
31,5,0.00042441218911807145
31,5,0.0004050714951188885
31,5,0.00033955857385398983
31,5,0.00035414527038991396
31,5,0.0006801795674057951
31,5,0.0003589504289457626
31,5,0.0002786990329143558
31,5,0.0003343698799612131
42,5,0.000013190906716545883
42,5,0.00002511837032013363
42,5,0.000030417233187634787
42,5,0.00001557620267754924
42,5,0.000018542830229263552
42,5,0.00001696370107244518
42,5,0.000029369265650881666
42,5,0.00006427767957576732
42,5,0.000026746764310187576
42,5,0.000021061366503581485
42,5,0.000017708266927332357
42,5,0.00002407347223726814
63,8,0.0000019990900142255247
63,8,0.0000010845770539937164
63,8,0.0000014569409834001971
63,8,0.0000015423903626514493
63,8,0.0000013700514426915703
63,8,0.0000013657483693305907
63,8,0.0000013034201876064813
63,8,0.0000014164366137533162
63,8,0.0000012400890532750938
63,8,0.0000023393120691425788
63,8,0.0000012666274941003659
63,8,0.0000021937464187089715
63,8,0.0000014284975548407355
63,8,0.0000014378314740734541
73,9,0.000001130177839133877
73,9,0.0000011325756855027593
73,9,0.0000011843003461473052
73,9,0.0000012029806009754248
