21,3,1
21,3,1
21,3,1
21,3,1
21,3,1
21,3,1
21,3,1
21,3,1
21,3,1
21,3,1
21,3,1
21,3,1
21,3,1
21,3,1
21,3,1
21,3,1
21,3,1
21,3,1
21,3,1
21,3,1
21,3,1
21,3,1
21,3,1
21,3,1
21,3,1
21,3,1
21,3,1
21,3,1
21,3,1
21,3,1
21,3,1
21,3,1
21,3,1
21,3,1
21,3,1
21,3,1
42,6,1
42,6,1
42,6,1
42,6,1
42,6,1
42,6,1
42,6,1
42,6,1
42,6,1
42,6,1
42,6,1
42,6,1
42,6,1
42,6,1
42,6,1
42,6,1
42,6,1
42,6,1
42,6,1
42,6,1
42,6,1
42,6,1
42,6,1
42,6,1
42,6,1
42,6,1
42,6,1
42,6,1
42,6,1
42,6,1
42,6,1
42,6,1
42,6,1
42,6,1
42,6,1
42,6,1
63,9,1
63,9,1
63,9,1
63,9,1
63,9,1
63,9,1
63,9,1
63,9,1
63,9,1
63,9,1
63,9,1
63,9,1
63,9,1
63,9,1
63,9,1
63,9,1
63,9,1
63,9,1
63,9,1
63,9,1
63,9,1
63,9,1
63,9,1
63,9,1
63,9,1
63,9,1
63,9,1
63,9,1
63,9,1
63,9,1
63,9,1
63,9,1
63,9,1
63,9,1
63,9,1
63,9,1
84,12,1
84,12,1
84,12,1
84,12,1
84,12,1
84,12,1
84,12,1
84,12,1
84,12,1
84,12,1
84,12,1
84,12,1
84,12,1
84,12,1
84,12,1
84,12,1
84,12,1
84,12,1
84,12,1
84,12,1
84,12,1
84,12,1
84,12,1
84,12,1
84,12,1
84,12,1
84,12,1
84,12,1
84,12,1
84,12,1
84,12,1
84,12,1
84,12,1
84,12,1
84,12,1
84,12,1
105,15,1
105,15,1
105,15,1
105,15,1
105,15,1
105,15,1
105,15,1
105,15,1
105,15,1
105,15,1
105,15,1
105,15,1
105,15,1
105,15,1
105,15,1
105,15,1
105,15,1
105,15,1
105,15,1
105,15,1
105,15,1
105,15,1
105,15,1
105,15,1
105,15,1
105,15,1
105,15,1
105,15,1
105,15,1
105,15,1
105,15,1
105,15,1
105,15,1
105,15,1
105,15,1
105,15,1
126,18,1
126,18,1
126,18,1
126,18,1
126,18,1
126,18,1
126,18,1
126,18,1
126,18,1
126,18,1
126,18,1
126,18,1
126,18,1
126,18,1
126,18,1
126,18,1
126,18,1
126,18,1
126,18,1
126,18,1
126,18,1
126,18,1
126,18,1
126,18,1
126,18,1
126,18,1
126,18,1
126,18,1
126,18,1
126,18,1
126,18,1
126,18,1
126,18,1
126,18,1
126,18,1
126,18,1
147,21,1
147,21,1
147,21,1
147,21,1
147,21,1
147,21,1
147,21,1
147,21,1
147,21,1
147,21,1
147,21,1
147,21,1
147,21,1
147,21,1
147,21,1
147,21,1
147,21,1
147,21,1
147,21,1
147,21,1
147,21,1
147,21,1
147,21,1
147,21,1
147,21,1
147,21,1
147,21,1
147,21,1
147,21,1
147,21,1
147,21,1
147,21,1
147,21,1
147,21,1
147,21,1
147,21,1
168,24,1
168,24,1
168,24,1
168,24,1
168,24,1
168,24,1
168,24,1
168,24,1
168,24,1
168,24,1
168,24,1
168,24,1
168,24,1
168,24,1
168,24,1
168,24,1
168,24,1
168,24,1
168,24,1
168,24,1
168,24,1
168,24,1
168,24,1
168,24,1
168,24,1
168,24,1
168,24,1
168,24,1
168,24,1
168,24,1
168,24,1
168,24,1
168,24,1
168,24,1
168,24,1
168,24,1
189,27,1
189,27,1
189,27,1
189,27,1
189,27,1
189,27,1
189,27,1
189,27,1
189,27,1
189,27,1
189,27,1
189,27,1
189,27,1
189,27,1
189,27,1
189,27,1
189,27,1
189,27,1
189,27,1
189,27,1
189,27,1
189,27,1
189,27,1
189,27,1
189,27,1
189,27,1
189,27,1
189,27,1
189,27,1
189,27,1
189,27,1
189,27,1
189,27,1
189,27,1
189,27,1
189,27,1
210,30,1
210,30,1
210,30,1
210,30,1
210,30,1
210,30,1
210,30,1
210,30,1
210,30,1
210,30,1
210,30,1
210,30,1
210,30,1
210,30,1
210,30,1
210,30,1
210,30,1
210,30,1
210,30,1
210,30,1
210,30,1
210,30,1
210,30,1
210,30,1
210,30,1
210,30,1
210,30,1
210,30,1
210,30,1
210,30,1
210,30,1
210,30,1
210,30,1
210,30,1
210,30,1
210,30,1
231,33,1
231,33,1
231,33,1
231,33,1
231,33,1
231,33,1
231,33,1
231,33,1
231,33,1
231,33,1
231,33,1
231,33,1
231,33,1
231,33,1
231,33,1
231,33,1
231,33,1
231,33,1
231,33,1
231,33,1
231,33,1
231,33,1
231,33,1
231,33,1
231,33,1
231,33,1
231,33,1
231,33,1
231,33,1
231,33,1
231,33,1
231,33,1
231,33,1
231,33,1
231,33,1
231,33,1
252,36,1
252,36,1
252,36,1
252,36,1
252,36,1
252,36,1
252,36,1
252,36,1
252,36,1
252,36,1
252,36,1
252,36,1
252,36,1
252,36,1
252,36,1
252,36,1
252,36,1
252,36,1
252,36,1
252,36,1
252,36,1
252,36,1
252,36,1
252,36,1
252,36,1
252,36,1
252,36,1
252,36,1
252,36,1
252,36,1
252,36,1
252,36,1
252,36,1
252,36,1
252,36,1
252,36,1
273,39,1
273,39,1
273,39,1
273,39,1
273,39,1
273,39,1
273,39,1
273,39,1
273,39,1
273,39,1
273,39,1
273,39,1
273,39,1
273,39,1
