9,2,0.04008016032064128,3,3 2  1 1 1,"[0, 2, 4]"
9,2,0.03787878787878788,3,3 2  1 1 1,"[0, 1, 5]"
9,2,0.02364066193853428,3,3 2  1 1 1,"[0, 1, 8]"
9,2,0.03430531732418525,3,3 2  1 1 1,"[0, 5, 7]"
9,2,0.02865329512893983,3,3 2  1 1 1,"[0, 4, 5]"
18,4,0.09523809523809523,3,5 2  1 0 1 0 1,"[0, 2, 16]"
18,4,0.07326007326007326,3,5 2  1 0 1 0 1,"[0, 4, 8]"
18,4,0.055865921787709494,3,5 2  1 0 1 0 1,"[0, 2, 4]"
18,4,0.0966183574879227,3,5 2  1 0 1 0 1,"[0, 4, 14]"
18,4,0.08163265306122448,3,5 2  1 0 1 0 1,"[0, 2, 10]"
27,6,0.08849557522123894,3,7 2  1 0 0 1 0 0 1,"[0, 3, 24]"
27,6,0.09259259259259259,3,7 2  1 0 0 1 0 0 1,"[0, 6, 21]"
27,6,0.09569377990430622,3,7 2  1 0 0 1 0 0 1,"[0, 6, 12]"
27,6,0.07722007722007722,3,7 2  1 0 0 1 0 0 1,"[0, 3, 15]"
27,6,0.10256410256410256,3,7 2  1 0 0 1 0 0 1,"[0, 3, 6]"
36,8,0.19801980198019803,3,9 2  1 0 0 0 1 0 0 0 1,"[0, 4, 8]"
36,8,0.18181818181818182,3,9 2  1 0 0 0 1 0 0 0 1,"[0, 4, 20]"
36,8,0.13071895424836602,3,9 2  1 0 0 0 1 0 0 0 1,"[0, 4, 32]"
36,8,0.19801980198019803,3,9 2  1 0 0 0 1 0 0 0 1,"[0, 8, 28]"
36,8,0.13986013986013987,3,9 2  1 0 0 0 1 0 0 0 1,"[0, 8, 16]"
45,10,0.145985401459854,3,11 2  1 0 0 0 0 1 0 0 0 0 1,"[0, 5, 25]"
45,10,0.14084507042253522,3,11 2  1 0 0 0 0 1 0 0 0 0 1,"[0, 5, 10]"
45,10,0.14814814814814814,4,11 2  1 0 0 0 0 1 0 0 0 0 1,"[0, 10, 35]"
45,10,0.1694915254237288,3,11 2  1 0 0 0 0 1 0 0 0 0 1,"[0, 5, 40]"
45,10,0.22988505747126436,3,11 2  1 0 0 0 0 1 0 0 0 0 1,"[0, 10, 20]"
54,12,0.3333333333333333,3,13 2  1 0 0 0 0 0 1 0 0 0 0 0 1,"[0, 6, 12]"
54,12,0.18018018018018017,4,13 2  1 0 0 0 0 0 1 0 0 0 0 0 1,"[0, 6, 30]"
54,12,0.15151515151515152,3,13 2  1 0 0 0 0 0 1 0 0 0 0 0 1,"[0, 12, 42]"
54,12,0.20618556701030927,3,13 2  1 0 0 0 0 0 1 0 0 0 0 0 1,"[0, 6, 48]"
54,12,0.20202020202020202,3,13 2  1 0 0 0 0 0 1 0 0 0 0 0 1,"[0, 12, 24]"
63,14,0.2898550724637681,3,15 2  1 0 0 0 0 0 0 1 0 0 0 0 0 0 1,"[0, 7, 14]"
63,14,0.2631578947368421,3,15 2  1 0 0 0 0 0 0 1 0 0 0 0 0 0 1,"[0, 7, 35]"
63,14,0.18518518518518517,3,15 2  1 0 0 0 0 0 0 1 0 0 0 0 0 0 1,"[0, 14, 28]"
63,14,0.26666666666666666,3,15 2  1 0 0 0 0 0 0 1 0 0 0 0 0 0 1,"[0, 7, 56]"
63,14,0.3125,3,15 2  1 0 0 0 0 0 0 1 0 0 0 0 0 0 1,"[0, 14, 49]"
72,16,0.20408163265306123,3,17 2  1 0 0 0 0 0 0 0 1 0 0 0 0 0 0 0 1,"[0, 16, 32]"
72,16,0.23529411764705882,3,17 2  1 0 0 0 0 0 0 0 1 0 0 0 0 0 0 0 1,"[0, 16, 56]"
72,16,0.2631578947368421,3,17 2  1 0 0 0 0 0 0 0 1 0 0 0 0 0 0 0 1,"[0, 8, 40]"
72,16,0.273972602739726,4,17 2  1 0 0 0 0 0 0 0 1 0 0 0 0 0 0 0 1,"[0, 8, 16]"
72,16,0.3389830508474576,4,17 2  1 0 0 0 0 0 0 0 1 0 0 0 0 0 0 0 1,"[0, 8, 64]"
81,18,0.3076923076923077,4,19 2  1 0 0 0 0 0 0 0 0 1 0 0 0 0 0 0 0 0 1,"[0, 18, 63]"
81,18,0.3225806451612903,4,19 2  1 0 0 0 0 0 0 0 0 1 0 0 0 0 0 0 0 0 1,"[0, 9, 18]"
81,18,0.24691358024691357,4,19 2  1 0 0 0 0 0 0 0 0 1 0 0 0 0 0 0 0 0 1,"[0, 18, 36]"
81,18,0.29850746268656714,4,19 2  1 0 0 0 0 0 0 0 0 1 0 0 0 0 0 0 0 0 1,"[0, 9, 72]"
81,18,0.3448275862068966,4,19 2  1 0 0 0 0 0 0 0 0 1 0 0 0 0 0 0 0 0 1,"[0, 9, 45]"
