21,5,0.014326647564469915,5,6 2  1 0 0 0 1 1,"[0, 2, 13]"
21,5,0.01603849238171612,5,6 2  1 1 0 0 0 1,"[0, 4, 20]"
21,5,0.012180267965895249,5,6 2  1 1 0 0 0 1,"[0, 1, 5]"
21,5,0.011848341232227487,6,6 2  1 1 0 0 0 1,"[0, 2, 10]"
21,5,0.01728608470181504,6,6 2  1 1 0 0 0 1,"[0, 8, 19]"
21,5,0.012048192771084338,5,6 2  1 0 0 0 1 1,"[0, 4, 5]"
21,5,0.014295925661186561,5,6 2  1 0 0 0 1 1,"[0, 1, 17]"
21,5,0.01282051282051282,6,6 2  1 0 0 0 1 1,"[0, 8, 10]"
21,5,0.02607561929595828,5,6 2  1 0 0 0 1 1,"[0, 11, 19]"
21,5,0.021253985122210415,6,6 2  1 1 0 0 0 1,"[0, 11, 13]"
42,10,0.03577817531305903,6,11 2  1 0 1 0 0 0 0 0 0 0 1,"[0, 4, 20]"
42,10,0.03731343283582089,6,11 2  1 0 0 0 0 0 0 0 1 0 1,"[0, 2, 34]"
42,10,0.043010752688172046,7,11 2  1 0 1 0 0 0 0 0 0 0 1,"[0, 2, 10]"
42,10,0.028050490883590462,7,11 2  1 0 0 0 0 0 0 0 1 0 1,"[0, 4, 26]"
42,10,0.02457002457002457,6,11 2  1 0 0 0 0 0 0 0 1 0 1,"[0, 8, 10]"
42,10,0.029282576866764276,7,11 2  1 0 0 0 0 0 0 0 1 0 1,"[0, 16, 20]"
42,10,0.04056795131845842,8,11 2  1 0 1 0 0 0 0 0 0 0 1,"[0, 8, 40]"
42,10,0.020512820512820513,5,11 2  1 0 1 0 0 0 0 0 0 0 1,"[0, 16, 38]"
42,10,0.03367003367003367,6,11 2  1 0 0 0 0 0 0 0 1 0 1,"[0, 22, 38]"
42,10,0.03372681281618887,7,11 2  1 0 1 0 0 0 0 0 0 0 1,"[0, 22, 26]"
63,15,0.05141388174807198,7,16 2  1 0 0 0 0 0 0 0 0 0 0 0 1 0 0 1,"[0, 12, 15]"
63,15,0.045454545454545456,7,16 2  1 0 0 1 0 0 0 0 0 0 0 0 0 0 0 1,"[0, 3, 15]"
63,15,0.05012531328320802,7,16 2  1 0 0 0 0 0 0 0 0 0 0 0 1 0 0 1,"[0, 24, 30]"
63,15,0.047505938242280284,7,16 2  1 0 0 0 0 0 0 0 0 0 0 0 1 0 0 1,"[0, 6, 39]"
63,15,0.04291845493562232,7,16 2  1 0 0 1 0 0 0 0 0 0 0 0 0 0 0 1,"[0, 6, 30]"
63,15,0.046948356807511735,7,16 2  1 0 0 1 0 0 0 0 0 0 0 0 0 0 0 1,"[0, 12, 60]"
63,15,0.04854368932038835,7,16 2  1 0 0 0 0 0 0 0 0 0 0 0 1 0 0 1,"[0, 3, 51]"
63,15,0.042826552462526764,7,16 2  1 0 0 1 0 0 0 0 0 0 0 0 0 0 0 1,"[0, 24, 57]"
63,15,0.04987531172069826,7,16 2  1 0 0 1 0 0 0 0 0 0 0 0 0 0 0 1,"[0, 33, 39]"
63,15,0.04246284501061571,7,16 2  1 0 0 0 0 0 0 0 0 0 0 0 1 0 0 1,"[0, 33, 57]"
84,20,0.07936507936507936,7,21 2  1 0 0 0 0 0 0 0 0 0 0 0 0 0 0 0 1 0 0 0 1,"[0, 16, 20]"
84,20,0.06968641114982578,7,21 2  1 0 0 0 0 0 0 0 0 0 0 0 0 0 0 0 1 0 0 0 1,"[0, 4, 68]"
84,20,0.06153846153846154,7,21 2  1 0 0 0 1 0 0 0 0 0 0 0 0 0 0 0 0 0 0 0 1,"[0, 4, 20]"
84,20,0.06116207951070336,8,21 2  1 0 0 0 1 0 0 0 0 0 0 0 0 0 0 0 0 0 0 0 1,"[0, 8, 40]"
84,20,0.05830903790087463,8,21 2  1 0 0 0 0 0 0 0 0 0 0 0 0 0 0 0 1 0 0 0 1,"[0, 32, 40]"
84,20,0.052083333333333336,7,21 2  1 0 0 0 0 0 0 0 0 0 0 0 0 0 0 0 1 0 0 0 1,"[0, 8, 52]"
84,20,0.050505050505050504,7,21 2  1 0 0 0 1 0 0 0 0 0 0 0 0 0 0 0 0 0 0 0 1,"[0, 16, 80]"
84,20,0.049019607843137254,7,21 2  1 0 0 0 1 0 0 0 0 0 0 0 0 0 0 0 0 0 0 0 1,"[0, 32, 76]"
84,20,0.05509641873278237,8,21 2  1 0 0 0 1 0 0 0 0 0 0 0 0 0 0 0 0 0 0 0 1,"[0, 44, 52]"
84,20,0.055401662049861494,7,21 2  1 0 0 0 0 0 0 0 0 0 0 0 0 0 0 0 1 0 0 0 1,"[0, 44, 76]"
105,25,0.07722007722007722,7,26 2  1 0 0 0 0 1 0 0 0 0 0 0 0 0 0 0 0 0 0 0 0 0 0 0 0 1,"[0, 5, 25]"
105,25,0.07936507936507936,7,26 2  1 0 0 0 0 0 0 0 0 0 0 0 0 0 0 0 0 0 0 0 1 0 0 0 0 1,"[0, 40, 50]"
105,25,0.09803921568627451,7,26 2  1 0 0 0 0 0 0 0 0 0 0 0 0 0 0 0 0 0 0 0 1 0 0 0 0 1,"[0, 10, 65]"
105,25,0.08888888888888889,8,26 2  1 0 0 0 0 1 0 0 0 0 0 0 0 0 0 0 0 0 0 0 0 0 0 0 0 1,"[0, 20, 100]"
105,25,0.056818181818181816,7,26 2  1 0 0 0 0 1 0 0 0 0 0 0 0 0 0 0 0 0 0 0 0 0 0 0 0 1,"[0, 40, 95]"
105,25,0.06756756756756757,7,26 2  1 0 0 0 0 0 0 0 0 0 0 0 0 0 0 0 0 0 0 0 1 0 0 0 0 1,"[0, 20, 25]"
105,25,0.07352941176470588,8,26 2  1 0 0 0 0 0 0 0 0 0 0 0 0 0 0 0 0 0 0 0 1 0 0 0 0 1,"[0, 5, 85]"
105,25,0.08968609865470852,8,26 2  1 0 0 0 0 1 0 0 0 0 0 0 0 0 0 0 0 0 0 0 0 0 0 0 0 1,"[0, 10, 50]"
105,25,0.07407407407407407,7,26 2  1 0 0 0 0 1 0 0 0 0 0 0 0 0 0 0 0 0 0 0 0 0 0 0 0 1,"[0, 55, 65]"
105,25,0.07604562737642585,7,26 2  1 0 0 0 0 0 0 0 0 0 0 0 0 0 0 0 0 0 0 0 1 0 0 0 0 1,"[0, 55, 95]"
126,30,0.11235955056179775,8,31 2  1 0 0 0 0 0 1 0 0 0 0 0 0 0 0 0 0 0 0 0 0 0 0 0 0 0 0 0 0 0 1,"[0, 12, 60]"
126,30,0.10309278350515463,8,31 2  1 0 0 0 0 0 0 0 0 0 0 0 0 0 0 0 0 0 0 0 0 0 0 0 1 0 0 0 0 0 1,"[0, 6, 102]"
126,30,0.08,8,31 2  1 0 0 0 0 0 0 0 0 0 0 0 0 0 0 0 0 0 0 0 0 0 0 0 1 0 0 0 0 0 1,"[0, 48, 60]"
126,30,0.10526315789473684,7,31 2  1 0 0 0 0 0 0 0 0 0 0 0 0 0 0 0 0 0 0 0 0 0 0 0 1 0 0 0 0 0 1,"[0, 24, 30]"
126,30,0.07380073800738007,8,31 2  1 0 0 0 0 0 1 0 0 0 0 0 0 0 0 0 0 0 0 0 0 0 0 0 0 0 0 0 0 0 1,"[0, 48, 114]"
126,30,0.11695906432748537,8,31 2  1 0 0 0 0 0 1 0 0 0 0 0 0 0 0 0 0 0 0 0 0 0 0 0 0 0 0 0 0 0 1,"[0, 6, 30]"
126,30,0.09345794392523364,8,31 2  1 0 0 0 0 0 0 0 0 0 0 0 0 0 0 0 0 0 0 0 0 0 0 0 1 0 0 0 0 0 1,"[0, 12, 78]"
126,30,0.0966183574879227,8,31 2  1 0 0 0 0 0 1 0 0 0 0 0 0 0 0 0 0 0 0 0 0 0 0 0 0 0 0 0 0 0 1,"[0, 24, 120]"
126,30,0.10582010582010581,7,31 2  1 0 0 0 0 0 1 0 0 0 0 0 0 0 0 0 0 0 0 0 0 0 0 0 0 0 0 0 0 0 1,"[0, 66, 78]"
126,30,0.06097560975609756,7,31 2  1 0 0 0 0 0 0 0 0 0 0 0 0 0 0 0 0 0 0 0 0 0 0 0 1 0 0 0 0 0 1,"[0, 66, 114]"
147,35,0.09090909090909091,7,36 2  1 0 0 0 0 0 0 0 0 0 0 0 0 0 0 0 0 0 0 0 0 0 0 0 0 0 0 0 1 0 0 0 0 0 0 1,"[0, 28, 35]"
147,35,0.1342281879194631,8,36 2  1 0 0 0 0 0 0 1 0 0 0 0 0 0 0 0 0 0 0 0 0 0 0 0 0 0 0 0 0 0 0 0 0 0 0 1,"[0, 14, 70]"
147,35,0.10050251256281408,8,36 2  1 0 0 0 0 0 0 1 0 0 0 0 0 0 0 0 0 0 0 0 0 0 0 0 0 0 0 0 0 0 0 0 0 0 0 1,"[0, 7, 35]"
147,35,0.09950248756218906,8,36 2  1 0 0 0 0 0 0 0 0 0 0 0 0 0 0 0 0 0 0 0 0 0 0 0 0 0 0 0 1 0 0 0 0 0 0 1,"[0, 56, 70]"
147,35,0.12578616352201258,7,36 2  1 0 0 0 0 0 0 0 0 0 0 0 0 0 0 0 0 0 0 0 0 0 0 0 0 0 0 0 1 0 0 0 0 0 0 1,"[0, 14, 91]"
147,35,0.11299435028248588,8,36 2  1 0 0 0 0 0 0 0 0 0 0 0 0 0 0 0 0 0 0 0 0 0 0 0 0 0 0 0 1 0 0 0 0 0 0 1,"[0, 7, 119]"
147,35,0.136986301369863,8,36 2  1 0 0 0 0 0 0 1 0 0 0 0 0 0 0 0 0 0 0 0 0 0 0 0 0 0 0 0 0 0 0 0 0 0 0 1,"[0, 28, 140]"
147,35,0.09852216748768473,8,36 2  1 0 0 0 0 0 0 1 0 0 0 0 0 0 0 0 0 0 0 0 0 0 0 0 0 0 0 0 0 0 0 0 0 0 0 1,"[0, 56, 133]"
147,35,0.08403361344537816,8,36 2  1 0 0 0 0 0 0 1 0 0 0 0 0 0 0 0 0 0 0 0 0 0 0 0 0 0 0 0 0 0 0 0 0 0 0 1,"[0, 77, 91]"
147,35,0.06920415224913495,7,36 2  1 0 0 0 0 0 0 0 0 0 0 0 0 0 0 0 0 0 0 0 0 0 0 0 0 0 0 0 1 0 0 0 0 0 0 1,"[0, 77, 133]"
168,40,0.11976047904191617,7,41 2  1 0 0 0 0 0 0 0 0 0 0 0 0 0 0 0 0 0 0 0 0 0 0 0 0 0 0 0 0 0 0 0 1 0 0 0 0 0 0 0 1,"[0, 16, 104]"
168,40,0.11560693641618497,8,41 2  1 0 0 0 0 0 0 0 1 0 0 0 0 0 0 0 0 0 0 0 0 0 0 0 0 0 0 0 0 0 0 0 0 0 0 0 0 0 0 0 1,"[0, 16, 80]"
168,40,0.12195121951219512,8,41 2  1 0 0 0 0 0 0 0 0 0 0 0 0 0 0 0 0 0 0 0 0 0 0 0 0 0 0 0 0 0 0 0 1 0 0 0 0 0 0 0 1,"[0, 32, 40]"
168,40,0.11428571428571428,8,41 2  1 0 0 0 0 0 0 0 1 0 0 0 0 0 0 0 0 0 0 0 0 0 0 0 0 0 0 0 0 0 0 0 0 0 0 0 0 0 0 0 1,"[0, 64, 152]"
168,40,0.13245033112582782,8,41 2  1 0 0 0 0 0 0 0 0 0 0 0 0 0 0 0 0 0 0 0 0 0 0 0 0 0 0 0 0 0 0 0 1 0 0 0 0 0 0 0 1,"[0, 8, 136]"
168,40,0.12422360248447205,7,41 2  1 0 0 0 0 0 0 0 1 0 0 0 0 0 0 0 0 0 0 0 0 0 0 0 0 0 0 0 0 0 0 0 0 0 0 0 0 0 0 0 1,"[0, 32, 160]"
168,40,0.11494252873563218,8,41 2  1 0 0 0 0 0 0 0 1 0 0 0 0 0 0 0 0 0 0 0 0 0 0 0 0 0 0 0 0 0 0 0 0 0 0 0 0 0 0 0 1,"[0, 8, 40]"
168,40,0.10638297872340426,7,41 2  1 0 0 0 0 0 0 0 0 0 0 0 0 0 0 0 0 0 0 0 0 0 0 0 0 0 0 0 0 0 0 0 1 0 0 0 0 0 0 0 1,"[0, 64, 80]"
168,40,0.12658227848101267,7,41 2  1 0 0 0 0 0 0 0 1 0 0 0 0 0 0 0 0 0 0 0 0 0 0 0 0 0 0 0 0 0 0 0 0 0 0 0 0 0 0 0 1,"[0, 88, 104]"
168,40,0.13986013986013987,8,41 2  1 0 0 0 0 0 0 0 0 0 0 0 0 0 0 0 0 0 0 0 0 0 0 0 0 0 0 0 0 0 0 0 1 0 0 0 0 0 0 0 1,"[0, 88, 152]"
189,45,0.13793103448275862,8,46 2  1 0 0 0 0 0 0 0 0 0 0 0 0 0 0 0 0 0 0 0 0 0 0 0 0 0 0 0 0 0 0 0 0 0 0 0 1 0 0 0 0 0 0 0 0 1,"[0, 18, 117]"
189,45,0.11235955056179775,8,46 2  1 0 0 0 0 0 0 0 0 0 0 0 0 0 0 0 0 0 0 0 0 0 0 0 0 0 0 0 0 0 0 0 0 0 0 0 1 0 0 0 0 0 0 0 0 1,"[0, 36, 45]"
189,45,0.11173184357541899,8,46 2  1 0 0 0 0 0 0 0 0 1 0 0 0 0 0 0 0 0 0 0 0 0 0 0 0 0 0 0 0 0 0 0 0 0 0 0 0 0 0 0 0 0 0 0 0 1,"[0, 18, 90]"
189,45,0.10810810810810811,7,46 2  1 0 0 0 0 0 0 0 0 1 0 0 0 0 0 0 0 0 0 0 0 0 0 0 0 0 0 0 0 0 0 0 0 0 0 0 0 0 0 0 0 0 0 0 0 1,"[0, 36, 180]"
189,45,0.15384615384615385,8,46 2  1 0 0 0 0 0 0 0 0 1 0 0 0 0 0 0 0 0 0 0 0 0 0 0 0 0 0 0 0 0 0 0 0 0 0 0 0 0 0 0 0 0 0 0 0 1,"[0, 9, 45]"
189,45,0.1652892561983471,8,46 2  1 0 0 0 0 0 0 0 0 1 0 0 0 0 0 0 0 0 0 0 0 0 0 0 0 0 0 0 0 0 0 0 0 0 0 0 0 0 0 0 0 0 0 0 0 1,"[0, 72, 171]"
189,45,0.21505376344086022,8,46 2  1 0 0 0 0 0 0 0 0 0 0 0 0 0 0 0 0 0 0 0 0 0 0 0 0 0 0 0 0 0 0 0 0 0 0 0 1 0 0 0 0 0 0 0 0 1,"[0, 9, 153]"
189,45,0.1,8,46 2  1 0 0 0 0 0 0 0 0 0 0 0 0 0 0 0 0 0 0 0 0 0 0 0 0 0 0 0 0 0 0 0 0 0 0 0 1 0 0 0 0 0 0 0 0 1,"[0, 72, 90]"
189,45,0.14084507042253522,8,46 2  1 0 0 0 0 0 0 0 0 1 0 0 0 0 0 0 0 0 0 0 0 0 0 0 0 0 0 0 0 0 0 0 0 0 0 0 0 0 0 0 0 0 0 0 0 1,"[0, 99, 117]"
189,45,0.15037593984962405,8,46 2  1 0 0 0 0 0 0 0 0 0 0 0 0 0 0 0 0 0 0 0 0 0 0 0 0 0 0 0 0 0 0 0 0 0 0 0 1 0 0 0 0 0 0 0 0 1,"[0, 99, 171]"
