12,2,0.001448225923244026
12,2,0.002473410833539451
12,2,0.002052545155993432
12,2,0.002364066193853428
12,2,0.0021645021645021645
12,2,0.0024521824423737125
12,2,0.0017442874585731729
12,2,0.002635740643120717
12,2,0.0024160425223483935
12,2,0.001840264998159735
12,2,0.0014359563469270534
12,2,0.0019230769230769232
24,4,0.004042037186742118
24,4,0.002167316861725184
24,4,0.003444712366517396
24,4,0.006561679790026247
24,4,0.004098360655737705
24,4,0.003033980582524272
24,4,0.005344735435595938
24,4,0.004454342984409799
24,4,0.004038772213247173
24,4,0.003487966515521451
24,4,0.005235602094240838
24,4,0.0020189783969311527
36,6,0.0031259768677711786
36,6,0.011627906976744186
36,6,0.007627765064836003
36,6,0.004545454545454545
36,6,0.010214504596527068
36,6,0.0030721966205837174
36,6,0.003852080123266564
36,6,0.0025516713447307987
36,6,0.006476683937823834
36,6,0.013157894736842105
36,6,0.009900990099009901
36,6,0.004
48,8,0.012738853503184714
48,8,0.008097165991902834
48,8,0.008403361344537815
48,8,0.011061946902654867
48,8,0.016129032258064516
48,8,0.007272727272727273
48,8,0.008539709649871904
48,8,0.011494252873563218
48,8,0.008396305625524769
48,8,0.008051529790660225
48,8,0.008547008547008548
48,8,0.00764525993883792
60,10,0.008857395925597875
60,10,0.009082652134423252
60,10,0.01358695652173913
60,10,0.008025682182985553
60,10,0.01020408163265306
60,10,0.008787346221441126
60,10,0.009337068160597572
60,10,0.0073152889539136795
60,10,0.008952551477170993
60,10,0.009337068160597572
60,10,0.011210762331838564
60,10,0.01297016861219196
72,12,0.012674271229404309
72,12,0.009041591320072333
72,12,0.02512562814070352
72,12,0.006609385327164574
72,12,0.013550135501355014
72,12,0.006455777921239509
72,12,0.011961722488038277
72,12,0.01107419712070875
72,12,0.010121457489878543
72,12,0.008025682182985553
72,12,0.010976948408342482
72,12,0.00946073793755913
84,14,0.02207505518763797
84,14,0.01730103806228374
84,14,0.013297872340425532
84,14,0.010427528675703858
84,14,0.016556291390728478
84,14,0.01037344398340249
84,14,0.010330578512396695
84,14,0.021739130434782608
84,14,0.015015015015015015
84,14,0.011778563015312132
84,14,0.006257822277847309
84,14,0.015723270440251572
96,16,0.01288659793814433
96,16,0.015455950540958269
96,16,0.015267175572519083
96,16,0.021691973969631236
96,16,0.011933174224343675
96,16,0.014025245441795231
96,16,0.015174506828528073
96,16,0.01366120218579235
96,16,0.014792899408284023
96,16,0.017452006980802792
96,16,0.01589825119236884
96,16,0.015197568389057751
108,18,0.01620745542949757
108,18,0.02127659574468085
108,18,0.012004801920768308
108,18,0.008952551477170993
108,18,0.01824817518248175
108,18,0.015600624024960999
108,18,0.016638935108153077
108,18,0.020618556701030927
108,18,0.022573363431151242
108,18,0.02127659574468085
108,18,0.012903225806451613
108,18,0.013262599469496022
120,20,0.01890359168241966
120,20,0.01287001287001287
120,20,0.026246719160104987
120,20,0.01904761904761905
120,20,0.014025245441795231
120,20,0.01589825119236884
120,20,0.023752969121140142
120,20,0.02242152466367713
120,20,0.01366120218579235
120,20,0.027932960893854747
120,20,0.02506265664160401
120,20,0.021321961620469083
132,22,0.014727540500736377
132,22,0.0199203187250996
132,22,0.013850415512465374
132,22,0.020080321285140562
132,22,0.04065040650406504
132,22,0.028735632183908046
132,22,0.02617801047120419
132,22,0.02288329519450801
132,22,0.01610305958132045
132,22,0.023529411764705882
132,22,0.015060240963855422
132,22,0.01692047377326565
144,24,0.03076923076923077
144,24,0.020491803278688523
144,24,0.02403846153846154
144,24,0.03816793893129771
144,24,0.02109704641350211
144,24,0.013869625520110958
144,24,0.026041666666666668
144,24,0.0273224043715847
144,24,0.013003901170351105
144,24,0.01584786053882726
144,24,0.026041666666666668
144,24,0.04032258064516129
156,26,0.024390243902439025
156,26,0.022321428571428572
156,26,0.02444987775061125
156,26,0.0199203187250996
156,26,0.034722222222222224
156,26,0.034013605442176874
156,26,0.028409090909090908
156,26,0.02865329512893983
156,26,0.022988505747126436
156,26,0.02053388090349076
156,26,0.026041666666666668
156,26,0.034129692832764506
168,28,0.03968253968253968
168,28,0.028089887640449437
168,28,0.04878048780487805
168,28,0.02932551319648094
168,28,0.02518891687657431
168,28,0.04132231404958678
168,28,0.028089887640449437
168,28,0.01733102253032929
168,28,0.03731343283582089
168,28,0.02493765586034913
168,28,0.02159827213822894
168,28,0.014577259475218658
180,30,0.039525691699604744
180,30,0.028089887640449437
180,30,0.04784688995215311
180,30,0.038461538461538464
180,30,0.031545741324921134
180,30,0.02336448598130841
180,30,0.036101083032490974
180,30,0.04926108374384237
180,30,0.04830917874396135
180,30,0.03225806451612903
180,30,0.03048780487804878
180,30,0.03205128205128205
192,32,0.014184397163120567
192,32,0.02518891687657431
192,32,0.03968253968253968
192,32,0.01984126984126984
192,32,0.03968253968253968
192,32,0.03067484662576687
192,32,0.021141649048625793
192,32,0.0390625
192,32,0.040160642570281124
192,32,0.04424778761061947
192,32,0.04524886877828054
192,32,0.023752969121140142
204,34,0.031055900621118012
204,34,0.02564102564102564
204,34,0.021231422505307854
204,34,0.0546448087431694
204,34,0.06060606060606061
204,34,0.021141649048625793
204,34,0.056818181818181816
204,34,0.02336448598130841
204,34,0.016025641025641024
204,34,0.04975124378109453
204,34,0.050761421319796954
204,34,0.020161290322580645
216,36,0.036101083032490974
216,36,0.022222222222222223
216,36,0.032467532467532464
216,36,0.02518891687657431
216,36,0.05181347150259067
216,36,0.026455026455026454
216,36,0.02976190476190476
216,36,0.031446540880503145
216,36,0.059880239520958084
216,36,0.029154518950437316
216,36,0.02976190476190476
216,36,0.028735632183908046
228,38,0.044444444444444446
228,38,0.03125
228,38,0.02976190476190476
228,38,0.03558718861209965
228,38,0.029585798816568046
228,38,0.02865329512893983
228,38,0.03937007874015748
228,38,0.03508771929824561
228,38,0.04032258064516129
228,38,0.03389830508474576
228,38,0.029411764705882353
228,38,0.02967359050445104
240,40,0.029850746268656716
240,40,0.04149377593360996
240,40,0.04201680672268908
240,40,0.05847953216374269
240,40,0.05291005291005291
240,40,0.03861003861003861
240,40,0.03717472118959108
240,40,0.026954177897574125
240,40,0.04032258064516129
240,40,0.04739336492890995
240,40,0.034482758620689655
240,40,0.034482758620689655
