21,3,0.0014905351021016545,4,4 2  1 0 1 1,"[0, 2, 3]"
21,3,0.0016494845360824743,5,4 2  1 1 0 1,"[0, 1, 10]"
21,3,0.0018912529550827422,5,4 2  1 1 0 1,"[0, 2, 6]"
21,3,0.0015151515151515152,4,4 2  1 0 1 1,"[0, 1, 12]"
21,3,0.0014214641080312722,4,4 2  1 0 1 1,"[0, 1, 19]"
21,3,0.0009885818792941526,5,4 2  1 1 0 1,"[0, 1, 3]"
21,3,0.0011186307959058113,5,4 2  1 0 1 1,"[0, 2, 17]"
21,3,0.001594896331738437,4,4 2  1 0 1 1,"[0, 3, 16]"
21,3,0.000934361130576968,5,4 2  1 1 0 1,"[0, 2, 20]"
21,3,0.0011846937566639024,4,4 2  1 1 0 1,"[0, 3, 8]"
42,6,0.003562522265764161,5,7 2  1 0 1 0 0 0 1,"[0, 2, 20]"
42,6,0.002905287623474724,5,7 2  1 0 0 0 1 0 1,"[0, 4, 6]"
42,6,0.0030441400304414,5,7 2  1 0 1 0 0 0 1,"[0, 2, 6]"
42,6,0.002982848620432513,6,7 2  1 0 0 0 1 0 1,"[0, 4, 34]"
42,6,0.0038528221922558272,5,7 2  1 0 0 0 1 0 1,"[0, 2, 38]"
42,6,0.002105041574571098,6,7 2  1 0 1 0 0 0 1,"[0, 4, 40]"
42,6,0.0020078305391024996,5,7 2  1 0 0 0 1 0 1,"[0, 2, 24]"
42,6,0.0020620682544592226,6,7 2  1 0 1 0 0 0 1,"[0, 4, 12]"
42,6,0.0026961445133459154,6,7 2  1 0 1 0 0 0 1,"[0, 6, 16]"
42,6,0.00299311583358276,5,7 2  1 0 0 0 1 0 1,"[0, 6, 32]"
63,9,0.004792715073088905,5,10 2  1 0 0 0 0 0 1 0 0 1,"[0, 6, 9]"
63,9,0.00357653791130186,5,10 2  1 0 0 1 0 0 0 0 0 1,"[0, 3, 9]"
63,9,0.003561887800534283,6,10 2  1 0 0 1 0 0 0 0 0 1,"[0, 6, 60]"
63,9,0.0035727045373347625,5,10 2  1 0 0 0 0 0 1 0 0 1,"[0, 3, 36]"
63,9,0.003850596842510589,6,10 2  1 0 0 0 0 0 1 0 0 1,"[0, 3, 57]"
63,9,0.0035229874933943982,6,10 2  1 0 0 1 0 0 0 0 0 1,"[0, 3, 30]"
63,9,0.002721458701864199,5,10 2  1 0 0 0 0 0 1 0 0 1,"[0, 6, 51]"
63,9,0.003195398625978591,5,10 2  1 0 0 1 0 0 0 0 0 1,"[0, 6, 18]"
63,9,0.004125412541254125,6,10 2  1 0 0 0 0 0 1 0 0 1,"[0, 9, 48]"
63,9,0.002626740215392698,5,10 2  1 0 0 1 0 0 0 0 0 1,"[0, 9, 24]"
84,12,0.006412311638345623,5,13 2  1 0 0 0 1 0 0 0 0 0 0 0 1,"[0, 4, 12]"
84,12,0.008116883116883116,6,13 2  1 0 0 0 1 0 0 0 0 0 0 0 1,"[0, 4, 40]"
84,12,0.00647878198898607,6,13 2  1 0 0 0 0 0 0 0 1 0 0 0 1,"[0, 4, 48]"
84,12,0.005629045876723895,5,13 2  1 0 0 0 1 0 0 0 0 0 0 0 1,"[0, 8, 24]"
84,12,0.0047092064987049684,7,13 2  1 0 0 0 1 0 0 0 0 0 0 0 1,"[0, 8, 80]"
84,12,0.005523336095001381,6,13 2  1 0 0 0 0 0 0 0 1 0 0 0 1,"[0, 8, 12]"
84,12,0.005474952094169176,6,13 2  1 0 0 0 0 0 0 0 1 0 0 0 1,"[0, 8, 68]"
84,12,0.003304692663582287,7,13 2  1 0 0 0 0 0 0 0 1 0 0 0 1,"[0, 4, 76]"
84,12,0.0075528700906344415,6,13 2  1 0 0 0 1 0 0 0 0 0 0 0 1,"[0, 12, 32]"
84,12,0.007215007215007215,6,13 2  1 0 0 0 0 0 0 0 1 0 0 0 1,"[0, 12, 64]"
105,15,0.00848536274925753,6,16 2  1 0 0 0 0 0 0 0 0 0 1 0 0 0 0 1,"[0, 10, 85]"
105,15,0.0072306579898770785,6,16 2  1 0 0 0 0 1 0 0 0 0 0 0 0 0 0 1,"[0, 5, 50]"
105,15,0.006412311638345623,6,16 2  1 0 0 0 0 1 0 0 0 0 0 0 0 0 0 1,"[0, 10, 30]"
105,15,0.0057570523891767415,7,16 2  1 0 0 0 0 1 0 0 0 0 0 0 0 0 0 1,"[0, 5, 15]"
105,15,0.005993407252022775,6,16 2  1 0 0 0 0 0 0 0 0 0 1 0 0 0 0 1,"[0, 10, 15]"
105,15,0.00620347394540943,6,16 2  1 0 0 0 0 0 0 0 0 0 1 0 0 0 0 1,"[0, 5, 60]"
105,15,0.005871990604815032,6,16 2  1 0 0 0 0 1 0 0 0 0 0 0 0 0 0 1,"[0, 10, 100]"
105,15,0.005462988254575253,6,16 2  1 0 0 0 0 0 0 0 0 0 1 0 0 0 0 1,"[0, 5, 95]"
105,15,0.007222824124232575,6,16 2  1 0 0 0 0 1 0 0 0 0 0 0 0 0 0 1,"[0, 15, 40]"
105,15,0.0044742729306487695,6,16 2  1 0 0 0 0 0 0 0 0 0 1 0 0 0 0 1,"[0, 15, 80]"
126,18,0.009140767824497258,7,19 2  1 0 0 0 0 0 1 0 0 0 0 0 0 0 0 0 0 0 1,"[0, 6, 18]"
126,18,0.008227067050596462,6,19 2  1 0 0 0 0 0 0 0 0 0 0 0 1 0 0 0 0 0 1,"[0, 12, 102]"
126,18,0.00927213722763097,6,19 2  1 0 0 0 0 0 0 0 0 0 0 0 1 0 0 0 0 0 1,"[0, 6, 72]"
126,18,0.007958615200955034,6,19 2  1 0 0 0 0 0 0 0 0 0 0 0 1 0 0 0 0 0 1,"[0, 6, 114]"
126,18,0.006535947712418301,6,19 2  1 0 0 0 0 0 1 0 0 0 0 0 0 0 0 0 0 0 1,"[0, 12, 36]"
126,18,0.007886435331230283,6,19 2  1 0 0 0 0 0 1 0 0 0 0 0 0 0 0 0 0 0 1,"[0, 6, 60]"
126,18,0.005865102639296188,6,19 2  1 0 0 0 0 0 0 0 0 0 0 0 1 0 0 0 0 0 1,"[0, 12, 18]"
126,18,0.00644122383252818,6,19 2  1 0 0 0 0 0 1 0 0 0 0 0 0 0 0 0 0 0 1,"[0, 12, 120]"
126,18,0.010471204188481676,6,19 2  1 0 0 0 0 0 1 0 0 0 0 0 0 0 0 0 0 0 1,"[0, 18, 48]"
126,18,0.008673026886383347,7,19 2  1 0 0 0 0 0 0 0 0 0 0 0 1 0 0 0 0 0 1,"[0, 18, 96]"
147,21,0.011827321111768185,6,22 2  1 0 0 0 0 0 0 1 0 0 0 0 0 0 0 0 0 0 0 0 0 1,"[0, 14, 42]"
147,21,0.011627906976744186,6,22 2  1 0 0 0 0 0 0 1 0 0 0 0 0 0 0 0 0 0 0 0 0 1,"[0, 7, 70]"
147,21,0.00872219799389446,6,22 2  1 0 0 0 0 0 0 0 0 0 0 0 0 0 1 0 0 0 0 0 0 1,"[0, 14, 21]"
147,21,0.009082652134423252,6,22 2  1 0 0 0 0 0 0 0 0 0 0 0 0 0 1 0 0 0 0 0 0 1,"[0, 7, 84]"
147,21,0.00999000999000999,7,22 2  1 0 0 0 0 0 0 1 0 0 0 0 0 0 0 0 0 0 0 0 0 1,"[0, 14, 140]"
147,21,0.007920792079207921,6,22 2  1 0 0 0 0 0 0 1 0 0 0 0 0 0 0 0 0 0 0 0 0 1,"[0, 7, 21]"
147,21,0.007317965605561654,7,22 2  1 0 0 0 0 0 0 0 0 0 0 0 0 0 1 0 0 0 0 0 0 1,"[0, 14, 119]"
147,21,0.006800408024481469,7,22 2  1 0 0 0 0 0 0 0 0 0 0 0 0 0 1 0 0 0 0 0 0 1,"[0, 7, 133]"
147,21,0.010610079575596816,6,22 2  1 0 0 0 0 0 0 1 0 0 0 0 0 0 0 0 0 0 0 0 0 1,"[0, 21, 56]"
147,21,0.009433962264150943,6,22 2  1 0 0 0 0 0 0 0 0 0 0 0 0 0 1 0 0 0 0 0 0 1,"[0, 21, 112]"
168,24,0.015408320493066256,7,25 2  1 0 0 0 0 0 0 0 0 0 0 0 0 0 0 0 1 0 0 0 0 0 0 0 1,"[0, 8, 152]"
168,24,0.012224938875305624,6,25 2  1 0 0 0 0 0 0 0 1 0 0 0 0 0 0 0 0 0 0 0 0 0 0 0 1,"[0, 8, 80]"
168,24,0.012322858903265557,6,25 2  1 0 0 0 0 0 0 0 0 0 0 0 0 0 0 0 1 0 0 0 0 0 0 0 1,"[0, 8, 96]"
168,24,0.013486176668914362,6,25 2  1 0 0 0 0 0 0 0 1 0 0 0 0 0 0 0 0 0 0 0 0 0 0 0 1,"[0, 8, 24]"
168,24,0.011554015020219527,6,25 2  1 0 0 0 0 0 0 0 1 0 0 0 0 0 0 0 0 0 0 0 0 0 0 0 1,"[0, 16, 160]"
168,24,0.00951927653498334,6,25 2  1 0 0 0 0 0 0 0 1 0 0 0 0 0 0 0 0 0 0 0 0 0 0 0 1,"[0, 16, 48]"
168,24,0.008718395815170008,7,25 2  1 0 0 0 0 0 0 0 0 0 0 0 0 0 0 0 1 0 0 0 0 0 0 0 1,"[0, 16, 24]"
168,24,0.012077294685990338,6,25 2  1 0 0 0 0 0 0 0 0 0 0 0 0 0 0 0 1 0 0 0 0 0 0 0 1,"[0, 16, 136]"
168,24,0.010666666666666666,6,25 2  1 0 0 0 0 0 0 0 1 0 0 0 0 0 0 0 0 0 0 0 0 0 0 0 1,"[0, 24, 64]"
168,24,0.012232415902140673,7,25 2  1 0 0 0 0 0 0 0 0 0 0 0 0 0 0 0 1 0 0 0 0 0 0 0 1,"[0, 24, 128]"
189,27,0.013812154696132596,6,28 2  1 0 0 0 0 0 0 0 0 1 0 0 0 0 0 0 0 0 0 0 0 0 0 0 0 0 0 1,"[0, 9, 90]"
189,27,0.01466275659824047,7,28 2  1 0 0 0 0 0 0 0 0 0 0 0 0 0 0 0 0 0 1 0 0 0 0 0 0 0 0 1,"[0, 9, 108]"
189,27,0.016339869281045753,7,28 2  1 0 0 0 0 0 0 0 0 1 0 0 0 0 0 0 0 0 0 0 0 0 0 0 0 0 0 1,"[0, 18, 180]"
189,27,0.025510204081632654,6,28 2  1 0 0 0 0 0 0 0 0 0 0 0 0 0 0 0 0 0 1 0 0 0 0 0 0 0 0 1,"[0, 9, 171]"
189,27,0.011160714285714286,7,28 2  1 0 0 0 0 0 0 0 0 0 0 0 0 0 0 0 0 0 1 0 0 0 0 0 0 0 0 1,"[0, 18, 27]"
189,27,0.012084592145015106,6,28 2  1 0 0 0 0 0 0 0 0 0 0 0 0 0 0 0 0 0 1 0 0 0 0 0 0 0 0 1,"[0, 18, 153]"
189,27,0.012578616352201259,7,28 2  1 0 0 0 0 0 0 0 0 1 0 0 0 0 0 0 0 0 0 0 0 0 0 0 0 0 0 1,"[0, 18, 54]"
189,27,0.007243752263672582,6,28 2  1 0 0 0 0 0 0 0 0 1 0 0 0 0 0 0 0 0 0 0 0 0 0 0 0 0 0 1,"[0, 9, 27]"
189,27,0.01639344262295082,6,28 2  1 0 0 0 0 0 0 0 0 0 0 0 0 0 0 0 0 0 1 0 0 0 0 0 0 0 0 1,"[0, 27, 144]"
189,27,0.011013215859030838,7,28 2  1 0 0 0 0 0 0 0 0 1 0 0 0 0 0 0 0 0 0 0 0 0 0 0 0 0 0 1,"[0, 27, 72]"
