6,2,0.000000999999000001
6,2,0.000000999999000001
6,2,0.000000999999000001
12,4,0.000000999999000001
12,4,0.000000999999000001
12,4,0.000000999999000001
18,6,0.0000011477519441770182
18,6,0.000001089427509112244
18,6,0.000000999999000001
24,8,0.000001219087298597635
24,8,0.0000010219583071669425
24,8,0.000000999999000001
30,10,0.0000010999793203887767
30,10,0.0000012035015154491082
30,10,0.0000010948837178747432
36,12,0.000001152828915347081
36,12,0.000000999999000001
36,12,0.000000999999000001
42,14,0.000001155683112152921
42,14,0.0000010143482604485225
42,14,0.000001080491074549454
48,16,0.00000149069597017177
48,16,0.0000010837850368736184
48,16,0.0000011498701681593131
54,18,0.0000015574160101119906
54,18,0.00000102218112599793
