15,2,0.0039856516540454365,1
15,2,0.002244165170556553,2
15,2,0.0026055237102657635,2
15,2,0.0012675877804537963,2
15,2,0.003943217665615142,3
15,2,0.0031735956839098697,1
15,2,0.0029420417769932335,2
15,2,0.0017367141368530739,2
15,2,0.0022461814914645105,3
15,2,0.003713330857779428,2
15,2,0.0030902348578491965,1
15,2,0.002363507445048452,2
15,2,0.004595588235294118,2
21,2,0.0001986728652600628,1
21,2,0.00016085187151152502,2
21,2,0.00020737422753100245,2
21,2,0.00015734898431230628,3
21,2,0.00013028636944002918,3
21,2,0.00023350301218885724,1
21,2,0.00017582726729261175,2
21,2,0.00022578460149017836,2
21,2,0.00019503442357576113,3
21,2,0.00022288592698257033,1
21,2,0.00020944601528955913,2
21,2,0.00020114248933944808,2
21,2,0.0002461477871313937,3
28,3,0.00006243639292470796,1
28,3,0.00012965460014521316,2
28,3,0.00016167103178452486,2
28,3,0.0001114615959071302,3
28,3,0.00011544011544011544,3
28,3,0.00010377319330870449,4
28,3,0.00007952792225350321,2
28,3,0.0003270111183780249,4
28,3,0.00013232764324467382,1
28,3,0.0000887941751021133,3
28,3,0.00015509887553315238,2
28,3,0.00012447719577773352,3
31,5,0.0004605535854096624,3
31,5,0.0010102030508132135,2
31,5,0.00045351473922902497,3
31,5,0.0004962286621675268,2
31,5,0.00026186236514088196,4
31,5,0.0006782419967444384,3
31,5,0.0003312245371137094,1
31,5,0.0007049203440011279,2
31,5,0.0007031359864997891,2
31,5,0.0004022040783493545,3
31,5,0.00027873787490244177,2
31,5,0.00038806317668516434,3
35,3,0.00000681574054384157,1
35,3,0.000004395065396375565,2
35,3,0.000008570691491960262,2
35,3,0.0000062233717481326775,3
35,3,0.0000070086416551608136,3
35,3,0.000007747109553425617,4
35,3,0.0000052581875237932985,2
35,3,0.000005706479250670797,4
35,3,0.0000061025174104821725,3
35,3,0.000009078405650399676,3
35,3,0.000009250146152309206,1
35,3,0.000013538963104971642,1
35,3,0.0000067791830270950386,2
35,3,0.000012225820688778286,3
35,3,0.000012086680840314398,2
35,3,0.000004506569000303292,2
35,3,0.0000056449241124626945,3
35,3,0.00000499812820098873,3
35,3,0.00000733165242981959,4
35,3,0.000009017929447327176,3
42,5,0.00001569107413247974,2
42,5,0.000015981282721676374,3
42,5,0.0000213395246407491,4
42,5,0.000013738566078381267,3
42,5,0.000020333923694917944,3
42,5,0.000021663825094941713,4
42,5,0.00002361894144628226,2
42,5,0.00002563412414606324,5
42,5,0.000017940019339340846,3
42,5,0.000013877189647061436,5
42,5,0.000025723935865083103,4
42,5,0.00002687153525142352,3
45,4,0.0000019584460827063533,1
45,4,0.000001851527491665349,3
45,4,0.0000015607582912943087,4
45,4,0.000001958239370480873,2
45,4,0.0000017049211184146143,2
45,4,0.0000012893110952955618,2
45,4,0.0000012096851262197558,1
45,4,0.0000013477835497357063,2
45,4,0.0000014500213878154702,2
45,4,0.0000015641753784717851,3
45,4,0.0000014574563393448063,4
45,4,0.000001459887261666105,4
