21,2,0.00019496597843676278,3,3 2  1 1 1,"[0, 1, 20]"
21,2,0.0001526274821044277,3,3 2  1 1 1,"[0, 2, 4]"
21,2,0.0001539041638771537,5,3 2  1 1 1,"[0, 1, 14]"
21,2,0.0001317106580264475,3,3 2  1 1 1,"[0, 1, 11]"
21,2,0.00008632149577887885,4,3 2  1 1 1,"[0, 2, 7]"
42,4,0.0004398794730243913,3,5 2  1 0 1 0 1,"[0, 2, 40]"
42,4,0.0003196113525952442,3,5 2  1 0 1 0 1,"[0, 2, 22]"
42,4,0.0003728977887161129,6,5 2  1 0 1 0 1,"[0, 2, 28]"
42,4,0.0003178841630109988,3,5 2  1 0 1 0 1,"[0, 2, 4]"
42,4,0.0002738938113693321,6,5 2  1 0 1 0 1,"[0, 2, 16]"
