7,3,0.05714285714285714
7,3,0.04926108374384237
7,3,0.026455026455026454
7,3,0.05235602094240838
7,3,0.05813953488372093
7,3,0.05235602094240838
14,6,0.0970873786407767
14,6,0.10989010989010989
14,6,0.1111111111111111
14,6,0.10101010101010101
14,6,0.07462686567164178
14,6,0.08928571428571429
21,9,0.16393442622950818
21,9,0.18867924528301888
21,9,0.10638297872340426
21,9,0.09523809523809523
21,9,0.10416666666666667
21,9,0.09803921568627451
28,12,0.18518518518518517
28,12,0.2127659574468085
28,12,0.1724137931034483
28,12,0.19607843137254902
28,12,0.2857142857142857
28,12,0.15625
35,15,0.30303030303030304
35,15,0.2564102564102564
35,15,0.2857142857142857
35,15,0.2777777777777778
35,15,0.38461538461538464
35,15,0.1694915254237288
42,18,0.4166666666666667
42,18,0.4166666666666667
42,18,0.35714285714285715
42,18,0.22727272727272727
42,18,0.30303030303030304
42,18,0.3448275862068966
49,21,0.3333333333333333
49,21,0.2702702702702703
49,21,0.45454545454545453
49,21,0.4166666666666667
49,21,0.4166666666666667
49,21,0.37037037037037035
56,24,0.3448275862068966
56,24,0.45454545454545453
56,24,0.29411764705882354
56,24,0.30303030303030304
56,24,0.3125
56,24,0.5
63,27,0.7692307692307693
63,27,0.5555555555555556
63,27,0.47619047619047616
63,27,0.18181818181818182
63,27,0.2702702702702703
63,27,0.3225806451612903
70,30,0.5
70,30,0.5555555555555556
70,30,0.37037037037037035
70,30,0.30303030303030304
70,30,0.25
70,30,0.38461538461538464
77,33,0.43478260869565216
77,33,0.5263157894736842
77,33,0.3333333333333333
77,33,0.4166666666666667
77,33,0.4166666666666667
77,33,0.5263157894736842
84,36,0.45454545454545453
84,36,0.45454545454545453
84,36,0.4
84,36,0.6666666666666666
84,36,0.7692307692307693
84,36,0.5263157894736842
91,39,0.5263157894736842
91,39,0.7692307692307693
91,39,0.43478260869565216
91,39,0.45454545454545453
91,39,0.47619047619047616
91,39,0.43478260869565216
98,42,0.5882352941176471
98,42,0.5882352941176471
98,42,0.5263157894736842
98,42,0.6666666666666666
98,42,0.45454545454545453
98,42,0.35714285714285715
105,45,0.43478260869565216
105,45,0.5263157894736842
105,45,0.5882352941176471
105,45,0.625
105,45,0.6666666666666666
105,45,0.47619047619047616
112,48,0.6666666666666666
112,48,0.5882352941176471
112,48,0.45454545454545453
112,48,0.625
112,48,0.625
112,48,0.5263157894736842
119,51,0.45454545454545453
119,51,0.4
119,51,0.6666666666666666
119,51,0.9090909090909091
119,51,0.7142857142857143
119,51,0.5882352941176471
126,54,0.5555555555555556
126,54,0.43478260869565216
126,54,0.5
126,54,0.5555555555555556
126,54,0.5
126,54,0.5263157894736842
133,57,0.4
133,57,0.6666666666666666
133,57,0.7692307692307693
133,57,0.625
133,57,0.5263157894736842
133,57,0.7142857142857143
140,60,0.6666666666666666
140,60,0.5555555555555556
140,60,0.8333333333333334
140,60,1
140,60,0.5263157894736842
140,60,0.4166666666666667
