9,2,0.0015765410688948448
9,2,0.001584786053882726
9,2,0.0024838549428713363
9,2,0.0018539117538005192
9,2,0.0028677946659019216
9,2,0.001603592046183451
9,2,0.004345936549326379
9,2,0.0023736055067647755
9,2,0.002276867030965392
18,4,0.004967709885742673
18,4,0.0072254335260115606
18,4,0.004393673110720563
18,4,0.0035612535612535613
18,4,0.004930966469428008
18,4,0.005022601707684581
18,4,0.008012820512820512
18,4,0.00408997955010225
18,4,0.004807692307692308
27,6,0.0052056220718375845
27,6,0.015060240963855422
27,6,0.007168458781362007
27,6,0.006172839506172839
27,6,0.016891891891891893
27,6,0.009033423667570008
27,6,0.005027652086475616
27,6,0.008547008547008548
27,6,0.007911392405063292
36,8,0.00999000999000999
36,8,0.012345679012345678
36,8,0.011441647597254004
36,8,0.0129366106080207
36,8,0.00778816199376947
36,8,0.012706480304955527
36,8,0.008291873963515755
36,8,0.014064697609001406
36,8,0.005241090146750524
45,10,0.014367816091954023
45,10,0.009596928982725527
45,10,0.012391573729863693
45,10,0.007434944237918215
45,10,0.010775862068965518
45,10,0.009523809523809525
45,10,0.011198208286674132
45,10,0.01002004008016032
45,10,0.015267175572519083
54,12,0.02066115702479339
54,12,0.016835016835016835
54,12,0.012376237623762377
54,12,0.023809523809523808
54,12,0.009017132551848512
54,12,0.008517887563884156
54,12,0.008771929824561403
54,12,0.02557544757033248
54,12,0.027855153203342618
63,14,0.01272264631043257
63,14,0.03257328990228013
63,14,0.014577259475218658
63,14,0.02262443438914027
63,14,0.013071895424836602
63,14,0.023474178403755867
63,14,0.024875621890547265
63,14,0.014104372355430184
63,14,0.028328611898016998
72,16,0.015360983102918587
72,16,0.01639344262295082
72,16,0.01841620626151013
72,16,0.015723270440251572
72,16,0.01447178002894356
72,16,0.011806375442739079
72,16,0.01050420168067227
72,16,0.0234192037470726
72,16,0.015455950540958269
81,18,0.02178649237472767
81,18,0.01447178002894356
81,18,0.017241379310344827
81,18,0.024096385542168676
81,18,0.01455604075691412
81,18,0.01680672268907563
81,18,0.028011204481792718
81,18,0.024154589371980676
81,18,0.02092050209205021
90,20,0.024213075060532687
90,20,0.01838235294117647
90,20,0.009560229445506692
90,20,0.01937984496124031
90,20,0.015360983102918587
90,20,0.017241379310344827
90,20,0.011574074074074073
90,20,0.013262599469496022
90,20,0.026737967914438502
99,22,0.024752475247524754
99,22,0.04329004329004329
99,22,0.023752969121140142
99,22,0.019157088122605363
99,22,0.027247956403269755
99,22,0.026525198938992044
99,22,0.016025641025641024
99,22,0.0228310502283105
99,22,0.02610966057441253
108,24,0.053763440860215055
108,24,0.021691973969631236
108,24,0.035842293906810034
108,24,0.016260162601626018
108,24,0.023752969121140142
108,24,0.02512562814070352
108,24,0.017953321364452424
108,24,0.02849002849002849
108,24,0.029239766081871343
117,26,0.03058103975535168
117,26,0.027624309392265192
117,26,0.017857142857142856
117,26,0.06134969325153374
117,26,0.01968503937007874
117,26,0.02512562814070352
117,26,0.023094688221709007
117,26,0.021739130434782608
117,26,0.02012072434607646
126,28,0.01972386587771203
126,28,0.023474178403755867
126,28,0.022172949002217297
126,28,0.04184100418410042
126,28,0.031446540880503145
126,28,0.031446540880503145
126,28,0.0390625
126,28,0.029940119760479042
126,28,0.038314176245210725
135,30,0.05952380952380952
135,30,0.04405286343612335
135,30,0.03048780487804878
135,30,0.03597122302158273
135,30,0.03389830508474576
135,30,0.04716981132075472
135,30,0.02028397565922921
135,30,0.038314176245210725
135,30,0.017452006980802792
144,32,0.040160642570281124
144,32,0.038910505836575876
144,32,0.030303030303030304
144,32,0.05102040816326531
144,32,0.01818181818181818
144,32,0.06369426751592357
144,32,0.0546448087431694
144,32,0.040160642570281124
144,32,0.04132231404958678
153,34,0.03558718861209965
153,34,0.030303030303030304
153,34,0.03184713375796178
153,34,0.0625
153,34,0.03322259136212625
153,34,0.04926108374384237
153,34,0.09009009009009009
153,34,0.038910505836575876
153,34,0.04201680672268908
162,36,0.026595744680851064
162,36,0.04310344827586207
162,36,0.04524886877828054
162,36,0.029239766081871343
162,36,0.031055900621118012
162,36,0.046296296296296294
162,36,0.03759398496240601
162,36,0.041666666666666664
162,36,0.028169014084507043
171,38,0.04149377593360996
171,38,0.04672897196261682
171,38,0.038461538461538464
171,38,0.03508771929824561
171,38,0.02849002849002849
171,38,0.02824858757062147
171,38,0.045454545454545456
171,38,0.057803468208092484
171,38,0.046296296296296294
180,40,0.03436426116838488
180,40,0.04219409282700422
180,40,0.08130081300813008
180,40,0.028985507246376812
180,40,0.025974025974025976
180,40,0.03424657534246575
180,40,0.021551724137931036
180,40,0.046948356807511735
180,40,0.029239766081871343
