15,2,0.003061849357011635
15,2,0.0033749578130273373
15,2,0.002724053391446472
15,2,0.003343363423604146
15,2,0.002977076510866329
15,2,0.003885003885003885
15,2,0.0036127167630057803
15,2,0.002108370229812355
15,2,0.0021159542953872196
15,2,0.004512635379061372
15,2,0.004357298474945534
15,2,0.004180602006688963
15,2,0.003202049311559398
21,2,0.00019085426368425072
21,2,0.0003371885221027076
21,2,0.0001394194573794719
21,2,0.0001790670606142
21,2,0.00026259814605708885
21,2,0.00010841871306987586
21,2,0.0001801477211313277
21,2,0.00016407429283979785
21,2,0.0001750026250393756
21,2,0.00013800527180138282
21,2,0.0001676221127091086
21,2,0.00015763174072731286
21,2,0.00025437525437525436
27,2,0.000027689095757199857
27,2,0.000011885278537445164
27,2,0.000013037707658088724
27,2,0.00000989309521312695
27,2,0.000008812925388892365
27,2,0.00000882992071614189
27,2,0.000006544990922097591
27,2,0.000025116666917833334
27,2,0.000011835650161852517
27,2,0.000011270374018632182
27,2,0.00001397645526346317
27,2,0.00001538646176002659
27,2,0.000013863491742211144
27,2,0.000011349501075932702
27,2,0.000012751084798539235
27,2,0.000011647423182332257
27,2,0.000013089416421458266
28,3,0.00011768721093078815
28,3,0.00007258158169782836
28,3,0.00010766116876964816
28,3,0.00009792592882743492
28,3,0.00008966679817797066
28,3,0.00017260723224303098
28,3,0.00009583041849143756
28,3,0.0000933968431867003
28,3,0.0001155308062894971
28,3,0.00009903049148832926
28,3,0.00007185663164853484
28,3,0.00014914243102162565
33,2,0.0000014312798189259275
33,2,0.0000016301581872901784
33,2,0.0000014586670642020638
33,2,0.0000013756675770834692
33,2,0.00000126505958557154
33,2,0.000001322820263384097
33,2,0.0000013018499157117271
33,2,0.0000021779019181871146
33,2,0.0000015233519959186353
33,2,0.0000013251924113121604
33,2,0.0000013387273335054937
35,3,0.00000788149385834591
35,3,0.000007135400649178751
35,3,0.000012913590003848249
35,3,0.00000729562226186177
35,3,0.000007975785515175926
35,3,0.0000034829419435373314
35,3,0.0000068015366031493835
35,3,0.0000055699073501611374
35,3,0.0000068001305625068
35,3,0.000005468966622349807
35,3,0.0000046278106429463605
35,3,0.000006368197729992237
35,3,0.000004364599432340198
35,3,0.0000044071151993470416
35,3,0.00000671667905893953
35,3,0.000005688045945759931
35,3,0.000010753566958160021
35,3,0.000006044290140433037
35,3,0.000011999011281470407
35,3,0.000008480634894250724
39,2,0.0000010864074136441908
39,2,0.000000999999000001
39,2,0.000000999999000001
39,2,0.000000999999000001
39,2,0.0000011020029344134137
39,2,0.0000010509023467910487
39,2,0.0000011370684896148693
39,2,0.000000999999000001
39,2,0.000000999999000001
39,2,0.000000999999000001
39,2,0.000000999999000001
39,2,0.000000999999000001
39,2,0.000001125432362978047
42,5,0.000012174899739700644
42,5,0.000023541431742795734
42,5,0.000024071038448669714
42,5,0.000015474510386491372
42,5,0.00002007403303382876
42,5,0.000012404531623492695
42,5,0.000015068614938120732
42,5,0.000031928582147452575
42,5,0.00002224486254899431
42,5,0.00002588092187843731
42,5,0.000018699278207861176
42,5,0.000017605075895482185
45,4,0.000001397148949909835
45,4,0.0000012168698068559904
45,4,0.0000020566271725695295
45,4,0.0000015218346751856943
45,4,0.0000018615976603440604
45,4,0.000002152088989740561
45,4,0.0000017125399021797207
45,4,0.0000017113804747917079
45,4,0.0000013877813622628386
45,4,0.0000015745184964985857
45,4,0.00000144020540785609
45,4,0.000001650013084603761
49,3,0.000000999999000001
49,3,0.000000999999000001
49,3,0.000000999999000001
49,3,0.000000999999000001
49,3,0.000000999999000001
49,3,0.000000999999000001
49,3,0.000000999999000001
49,3,0.000000999999000001
49,3,0.000000999999000001
49,3,0.000000999999000001
49,3,0.000000999999000001
49,3,0.000000999999000001
49,3,0.000000999999000001
49,3,0.0000010270044662370229
56,3,0.000000999999000001
56,3,0.000000999999000001
56,3,0.000000999999000001
56,3,0.000000999999000001
56,3,0.000000999999000001
56,3,0.000000999999000001
56,3,0.000000999999000001
56,3,0.000000999999000001
56,3,0.000000999999000001
56,3,0.000000999999000001
56,3,0.000000999999000001
56,3,0.000000999999000001
56,3,0.000000999999000001
56,3,0.000000999999000001
56,3,0.000000999999000001
56,3,0.000000999999000001
62,5,0.000000999999000001
62,5,0.000000999999000001
62,5,0.000000999999000001
62,5,0.000000999999000001
62,5,0.000000999999000001
62,5,0.000000999999000001
62,5,0.000000999999000001
62,5,0.000000999999000001
62,5,0.0000010352699922023465
62,5,0.000000999999000001
62,5,0.000000999999000001
62,5,0.000000999999000001
