15,4,0.0009858044164037854
15,4,0.0005064060363599534
15,4,0.0014417531718569781
15,4,0.00110803324099723
15,4,0.0010561892691170257
15,4,0.000909008271975275
15,4,0.0007487832272557095
15,4,0.0007935248373274084
15,4,0.0007713668620796051
15,4,0.002509410288582183
15,4,0.0008985533291400845
15,4,0.0015883100381194409
30,8,0.00218435998252512
30,8,0.0025826446280991736
30,8,0.0023348120476301658
30,8,0.0029647198339756895
30,8,0.0021217907914279654
30,8,0.0028694404591104736
30,8,0.0016482610845557936
30,8,0.0019519812609798946
30,8,0.0021285653469561515
30,8,0.002288329519450801
30,8,0.0022416498542927594
30,8,0.001671402306535183
45,12,0.0025753283543651817
45,12,0.003377237419790611
45,12,0.002703433360367667
45,12,0.0021949078138718174
45,12,0.0041981528127623844
45,12,0.002627430373095113
45,12,0.0024313153415998056
45,12,0.006184291898577613
45,12,0.0017102787754403968
45,12,0.003078817733990148
45,12,0.0019896538002387586
45,12,0.001795009872554299
60,16,0.0022941041523285156
60,16,0.003365870077415012
60,16,0.006119951040391677
60,16,0.0033545790003354577
60,16,0.003536067892503536
60,16,0.0045662100456621
60,16,0.003071253071253071
60,16,0.003075030750307503
60,16,0.006020469596628537
60,16,0.005621135469364812
60,16,0.0038255547054322878
60,16,0.0055248618784530384
75,20,0.007621951219512195
75,20,0.005291005291005291
75,20,0.007067137809187279
75,20,0.005382131324004306
75,20,0.007905138339920948
75,20,0.007674597083653108
75,20,0.005141388174807198
75,20,0.003417634996582365
75,20,0.006097560975609756
75,20,0.0057306590257879654
75,20,0.007739938080495356
75,20,0.0040436716538617065
90,24,0.007380073800738007
90,24,0.006574621959237344
90,24,0.007112375533428165
90,24,0.009009009009009009
90,24,0.007593014426727411
90,24,0.00413393964448119
90,24,0.007380073800738007
90,24,0.004608294930875576
90,24,0.006138735420503376
90,24,0.006858710562414266
90,24,0.005580357142857143
90,24,0.00859106529209622
105,28,0.008264462809917356
105,28,0.009852216748768473
105,28,0.009587727708533078
105,28,0.006779661016949152
105,28,0.004597701149425287
105,28,0.009285051067780872
105,28,0.004945598417408506
105,28,0.003929273084479371
105,28,0.0068073519400953025
105,28,0.005350454788657036
105,28,0.006565988181221274
105,28,0.008389261744966443
120,32,0.0059594755661501785
120,32,0.0076103500761035
120,32,0.011160714285714286
120,32,0.0102880658436214
120,32,0.0068212824010914054
120,32,0.005385029617662897
120,32,0.00778816199376947
120,32,0.006289308176100629
120,32,0.015313935681470138
120,32,0.005858230814294083
120,32,0.005810575246949448
120,32,0.00855431993156544
135,36,0.006038647342995169
135,36,0.011534025374855825
135,36,0.0071174377224199285
135,36,0.009505703422053232
135,36,0.009671179883945842
135,36,0.009871668311944718
135,36,0.011806375442739079
135,36,0.007698229407236336
135,36,0.008756567425569177
135,36,0.01072961373390558
135,36,0.004965243296921549
135,36,0.008787346221441126
150,40,0.012468827930174564
150,40,0.010341261633919338
150,40,0.014144271570014143
150,40,0.01002004008016032
150,40,0.01221001221001221
150,40,0.014044943820224719
150,40,0.009057971014492754
150,40,0.010626992561105207
150,40,0.008726003490401396
150,40,0.0075075075075075074
150,40,0.010940919037199124
150,40,0.013157894736842105
165,44,0.009250693802035153
165,44,0.0078125
165,44,0.0211864406779661
165,44,0.007137758743754461
165,44,0.016
165,44,0.013850415512465374
165,44,0.009149130832570906
165,44,0.013315579227696404
165,44,0.008857395925597875
165,44,0.011061946902654867
165,44,0.010582010582010581
165,44,0.006493506493506494
180,48,0.007204610951008645
180,48,0.01652892561983471
180,48,0.012180267965895249
180,48,0.010869565217391304
180,48,0.00992063492063492
180,48,0.008726003490401396
180,48,0.011547344110854504
180,48,0.01037344398340249
180,48,0.009099181073703366
180,48,0.012077294685990338
180,48,0.011198208286674132
180,48,0.01757469244288225
195,52,0.012062726176115802
195,52,0.013623978201634877
195,52,0.011123470522803115
195,52,0.010090817356205853
195,52,0.009551098376313277
195,52,0.022026431718061675
195,52,0.01122334455667789
195,52,0.015698587127158554
195,52,0.01059322033898305
195,52,0.009345794392523364
195,52,0.012360939431396786
195,52,0.0073475385745775165
210,56,0.0117096018735363
210,56,0.007575757575757576
210,56,0.010559662090813094
210,56,0.007598784194528876
210,56,0.011547344110854504
210,56,0.011025358324145534
210,56,0.011627906976744186
210,56,0.01256281407035176
210,56,0.015015015015015015
210,56,0.009940357852882704
210,56,0.016233766233766232
210,56,0.013888888888888888
225,60,0.018832391713747645
225,60,0.030120481927710843
225,60,0.01483679525222552
225,60,0.010604453870625663
225,60,0.02237136465324385
225,60,0.014164305949008499
225,60,0.011312217194570135
225,60,0.0205761316872428
225,60,0.0273224043715847
225,60,0.015822784810126583
225,60,0.022026431718061675
225,60,0.01855287569573284
240,64,0.02481389578163772
240,64,0.009267840593141797
240,64,0.0136986301369863
240,64,0.013717421124828532
240,64,0.01697792869269949
240,64,0.01310615989515072
240,64,0.011848341232227487
240,64,0.014970059880239521
240,64,0.023310023310023312
240,64,0.017035775127768313
240,64,0.023255813953488372
240,64,0.009057971014492754
255,68,0.01838235294117647
255,68,0.01733102253032929
255,68,0.012135922330097087
255,68,0.02564102564102564
255,68,0.010683760683760684
255,68,0.014025245441795231
255,68,0.009930486593843098
255,68,0.028328611898016998
255,68,0.008481764206955046
255,68,0.008888888888888889
255,68,0.01757469244288225
255,68,0.02066115702479339
270,72,0.014705882352941176
270,72,0.03115264797507788
270,72,0.010515247108307046
270,72,0.014245014245014245
270,72,0.02004008016032064
270,72,0.014534883720930232
270,72,0.01141552511415525
270,72,0.019417475728155338
270,72,0.030303030303030304
270,72,0.019120458891013385
270,72,0.015527950310559006
270,72,0.016366612111292964
285,76,0.027247956403269755
285,76,0.013175230566534914
285,76,0.029069767441860465
285,76,0.017825311942959002
285,76,0.010834236186348862
285,76,0.016366612111292964
285,76,0.0234192037470726
285,76,0.01483679525222552
285,76,0.03389830508474576
285,76,0.013003901170351105
285,76,0.009487666034155597
285,76,0.030120481927710843
300,80,0.029069767441860465
300,80,0.01890359168241966
300,80,0.023094688221709007
300,80,0.010869565217391304
300,80,0.01680672268907563
300,80,0.016835016835016835
300,80,0.01584786053882726
300,80,0.025380710659898477
300,80,0.02666666666666667
300,80,0.02824858757062147
300,80,0.02967359050445104
300,80,0.031545741324921134
315,84,0.018214936247723135
315,84,0.036101083032490974
