9,2,0.054945054945054944,1
9,2,0.04065040650406504,1
9,2,0.04938271604938271,1
9,2,0.025094102885821833,1
9,2,0.03731343283582089,1
9,2,0.05128205128205128,1
9,2,0.044543429844097995,1
9,2,0.03766478342749529,1
9,2,0.039603960396039604,1
9,2,0.0423728813559322,1
9,2,0.03257328990228013,1
9,2,0.0447427293064877,1
9,2,0.04175365344467641,1
9,2,0.06006006006006006,1
9,2,0.03169572107765452,1
18,4,0.08928571428571429,4
18,4,0.066006600660066,4
18,4,0.08,4
18,4,0.08264462809917356,4
18,4,0.05865102639296188,4
18,4,0.06369426751592357,4
18,4,0.08771929824561403,4
18,4,0.056338028169014086,4
18,4,0.07272727272727272,4
18,4,0.05934718100890208,4
18,4,0.08368200836820083,4
18,4,0.0851063829787234,4
18,4,0.08583690987124463,4
18,4,0.06116207951070336,4
18,4,0.06711409395973154,4
18,4,0.10810810810810811,4
18,4,0.06389776357827476,4
18,4,0.06289308176100629,4
18,4,0.06493506493506493,4
18,4,0.0711743772241993,4
27,6,0.11834319526627218,1
27,6,0.15748031496062992,1
27,6,0.16666666666666666,1
27,6,0.08064516129032258,1
27,6,0.12048192771084337,1
27,6,0.09049773755656108,1
27,6,0.1282051282051282,1
27,6,0.125,1
27,6,0.11560693641618497,1
27,6,0.10695187165775401,1
27,6,0.10362694300518134,1
27,6,0.11834319526627218,1
27,6,0.1342281879194631,1
27,6,0.12422360248447205,1
27,6,0.10416666666666667,1
27,6,0.13986013986013987,1
27,6,0.09049773755656108,1
27,6,0.10582010582010581,1
27,6,0.09174311926605505,1
27,6,0.11834319526627218,1
36,8,0.28169014084507044,16
36,8,0.12121212121212122,16
36,8,0.19801980198019803,16
36,8,0.20833333333333334,16
36,8,0.14084507042253522,16
36,8,0.15748031496062992,16
36,8,0.1111111111111111,16
36,8,0.2127659574468085,16
36,8,0.12578616352201258,16
36,8,0.12195121951219512,16
36,8,0.12738853503184713,16
36,8,0.15873015873015872,16
36,8,0.11494252873563218,16
36,8,0.13333333333333333,16
36,8,0.13986013986013987,16
36,8,0.17391304347826086,16
36,8,0.145985401459854,16
36,8,0.13793103448275862,16
36,8,0.10582010582010581,16
36,8,0.15384615384615385,16
45,10,0.012961762799740765,2
45,10,0.004786979415988511,2
45,10,0.0073475385745775165,2
45,10,0.007022471910112359,2
45,10,0.006357279084551812,2
45,10,0.007165890361877463,2
45,10,0.010251153254741158,2
45,10,0.0065832784726793945,2
45,10,0.011376564277588168,2
45,10,0.17699115044247787,3
45,10,0.21505376344086022,3
45,10,0.21505376344086022,3
45,10,0.17543859649122806,3
45,10,0.1652892561983471,3
45,10,0.17391304347826086,3
45,10,0.16666666666666666,3
45,10,0.16666666666666666,3
45,10,0.16806722689075632,3
45,10,0.19607843137254902,3
45,10,0.011904761904761904,2
45,10,0.008074283407347598,2
54,12,0.1724137931034483,4
54,12,0.30303030303030304,4
54,12,0.2,4
54,12,0.2222222222222222,4
54,12,0.18018018018018017,4
54,12,0.15384615384615385,4
54,12,0.21505376344086022,4
54,12,0.18691588785046728,4
54,12,0.21505376344086022,4
54,12,0.1834862385321101,4
54,12,0.19230769230769232,4
54,12,0.2564102564102564,4
54,12,0.19607843137254902,4
54,12,0.20408163265306123,4
54,12,0.2702702702702703,4
54,12,0.2,4
54,12,0.24096385542168675,4
54,12,0.1834862385321101,4
54,12,0.1694915254237288,4
54,12,0.18867924528301888,4
63,14,0.0000845401438873249,3
63,14,0.00009561646324264112,3
63,14,0.000053256643766309845,3
63,14,0.00007174656244282696,3
63,14,0.21052631578947367,3
63,14,0.2222222222222222,3
63,14,0.21978021978021978,3
63,14,0.23255813953488372,3
63,14,0.2564102564102564,3
63,14,0.00009346667912889055,3
63,14,0.00007281252958009014,3
63,14,0.00012184274974717629,3
63,14,0.30303030303030304,3
63,14,0.3225806451612903,3
63,14,0.24096385542168675,3
63,14,0.18691588785046728,3
63,14,0.00011410705523922544,3
63,14,0.2777777777777778,3
63,14,0.00004646181651764039,3
63,14,0.24691358024691357,3
72,16,0.18867924528301888,64
72,16,0.32786885245901637,64
72,16,0.20202020202020202,64
72,16,0.29850746268656714,64
72,16,0.21978021978021978,64
72,16,0.25,64
72,16,0.25316455696202533,64
72,16,0.3225806451612903,64
72,16,0.24691358024691357,64
72,16,0.40816326530612246,64
72,16,0.2597402597402597,64
72,16,0.3389830508474576,64
72,16,0.25,64
72,16,0.37037037037037035,64
72,16,0.30303030303030304,64
72,16,0.2631578947368421,64
72,16,0.25,64
72,16,0.24691358024691357,64
72,16,0.17699115044247787,64
72,16,0.29850746268656714,64
81,18,0.43478260869565216,1
81,18,0.22988505747126436,1
81,18,0.3448275862068966,1
81,18,0.3225806451612903,1
81,18,0.3125,1
81,18,0.3076923076923077,1
81,18,0.2222222222222222,1
81,18,0.24096385542168675,1
81,18,0.23809523809523808,1
81,18,0.29411764705882354,1
81,18,0.24096385542168675,1
81,18,0.37735849056603776,1
81,18,0.2898550724637681,1
81,18,0.31746031746031744,1
81,18,0.32786885245901637,1
81,18,0.2898550724637681,1
81,18,0.25316455696202533,1
81,18,0.3225806451612903,1
81,18,0.31746031746031744,1
81,18,0.38461538461538464,1
90,20,0.3508771929824561,12
90,20,0.273972602739726,12
90,20,0.3225806451612903,12
90,20,0.32786885245901637,12
90,20,0.23529411764705882,12
90,20,0.3448275862068966,12
90,20,0.3333333333333333,12
90,20,0.3225806451612903,12
90,20,0.2898550724637681,12
90,20,0.3508771929824561,12
90,20,0.2631578947368421,12
90,20,0.37037037037037035,12
90,20,0.35714285714285715,12
90,20,0.5,12
90,20,0.3389830508474576,12
90,20,0.3389830508474576,12
90,20,0.3333333333333333,12
90,20,0.29850746268656714,12
90,20,0.25,12
90,20,0.35714285714285715,12
99,22,0.2898550724637681,3
99,22,0.3076923076923077,3
99,22,0.425531914893617,3
99,22,0.32786885245901637,3
99,22,0.45454545454545453,3
99,22,0.43478260869565216,3
99,22,0.2777777777777778,3
99,22,0.36363636363636365,3
99,22,0.2857142857142857,3
99,22,0.37037037037037035,3
99,22,0.2857142857142857,3
99,22,0.3448275862068966,3
99,22,0.37735849056603776,3
99,22,0.5263157894736842,3
99,22,0.3333333333333333,3
99,22,0.3389830508474576,3
99,22,0.4,3
99,22,0.37037037037037035,3
99,22,0.3125,3
99,22,0.425531914893617,3
108,24,0.4444444444444444,16
108,24,0.5128205128205128,16
108,24,0.39215686274509803,16
108,24,0.4444444444444444,16
108,24,0.36363636363636365,16
108,24,0.2898550724637681,16
108,24,0.4878048780487805,16
108,24,0.35714285714285715,16
108,24,0.3225806451612903,16
108,24,0.35714285714285715,16
108,24,0.47619047619047616,16
108,24,0.36363636363636365,16
108,24,0.40816326530612246,16
108,24,0.32786885245901637,16
108,24,0.3225806451612903,16
108,24,0.2898550724637681,16
108,24,0.36363636363636365,16
108,24,0.3389830508474576,16
108,24,0.4444444444444444,16
108,24,0.425531914893617,16
117,26,0.37037037037037035,3
117,26,0.36363636363636365,3
117,26,0.40816326530612246,3
117,26,0.5128205128205128,3
117,26,0.5263157894736842,3
117,26,0.47619047619047616,3
117,26,0.2631578947368421,3
117,26,0.36363636363636365,3
117,26,0.45454545454545453,3
117,26,0.37037037037037035,3
117,26,0.425531914893617,3
117,26,0.38461538461538464,3
117,26,0.32786885245901637,3
117,26,0.3125,3
117,26,0.40816326530612246,3
117,26,0.2898550724637681,3
117,26,0.5128205128205128,3
117,26,0.46511627906976744,3
117,26,0.32786885245901637,3
117,26,0.37037037037037035,3
126,28,0.4166666666666667,12
126,28,0.425531914893617,12
126,28,0.5128205128205128,12
126,28,0.5128205128205128,12
126,28,0.45454545454545453,12
126,28,0.5263157894736842,12
126,28,0.5405405405405406,12
126,28,0.4166666666666667,12
126,28,0.3389830508474576,12
126,28,0.6896551724137931,12
126,28,0.3448275862068966,12
126,28,0.39215686274509803,12
126,28,0.37735849056603776,12
126,28,0.40816326530612246,12
126,28,0.30303030303030304,12
126,28,0.47619047619047616,12
126,28,0.40816326530612246,12
126,28,0.45454545454545453,12
126,28,0.39215686274509803,12
126,28,0.39215686274509803,12
135,30,0.40816326530612246,3
135,30,0.5263157894736842,3
135,30,0.4,3
135,30,0.5128205128205128,3
135,30,0.5882352941176471,3
135,30,0.40816326530612246,3
135,30,0.5405405405405406,3
135,30,0.46511627906976744,3
135,30,0.40816326530612246,3
135,30,0.4166666666666667,3
135,30,0.37735849056603776,3
135,30,0.31746031746031744,3
135,30,0.46511627906976744,3
135,30,0.4166666666666667,3
135,30,0.4166666666666667,3
135,30,0.36363636363636365,3
135,30,0.37037037037037035,3
135,30,0.45454545454545453,3
135,30,0.6060606060606061,3
135,30,0.3448275862068966,3
144,32,0.5,256
144,32,0.5882352941176471,256
144,32,0.4,256
144,32,0.35714285714285715,256
144,32,0.5263157894736842,256
144,32,0.425531914893617,256
144,32,0.35714285714285715,256
144,32,0.39215686274509803,256
144,32,0.5128205128205128,256
144,32,0.4878048780487805,256
144,32,0.46511627906976744,256
144,32,0.43478260869565216,256
144,32,0.47619047619047616,256
144,32,0.4878048780487805,256
144,32,0.43478260869565216,256
144,32,0.5555555555555556,256
144,32,0.4878048780487805,256
144,32,0.38461538461538464,256
144,32,0.37735849056603776,256
144,32,0.39215686274509803,256
153,34,0.2857142857142857,5
153,34,0.4444444444444444,5
153,34,0.46511627906976744,5
153,34,0.4444444444444444,5
153,34,0.5405405405405406,5
153,34,0.4878048780487805,5
153,34,0.5263157894736842,5
153,34,0.5263157894736842,5
153,34,0.6060606060606061,5
153,34,0.46511627906976744,5
153,34,0.43478260869565216,5
153,34,0.36363636363636365,5
153,34,0.47619047619047616,5
153,34,0.46511627906976744,5
153,34,0.45454545454545453,5
153,34,0.425531914893617,5
153,34,0.5405405405405406,5
153,34,0.4,5
153,34,0.46511627906976744,5
153,34,0.625,5
162,36,0.5263157894736842,4
162,36,0.5405405405405406,4
162,36,0.5555555555555556,4
162,36,0.5714285714285714,4
162,36,0.5128205128205128,4
162,36,0.425531914893617,4
162,36,0.6060606060606061,4
162,36,0.6060606060606061,4
162,36,0.5,4
162,36,0.5714285714285714,4
162,36,0.5128205128205128,4
162,36,0.5263157894736842,4
162,36,0.4166666666666667,4
162,36,0.625,4
162,36,0.5263157894736842,4
162,36,0.5,4
162,36,0.6666666666666666,4
162,36,0.6451612903225806,4
162,36,0.5555555555555556,4
162,36,0.4444444444444444,4
171,38,0.47619047619047616,3
171,38,0.5263157894736842,3
171,38,0.5405405405405406,3
171,38,0.47619047619047616,3
171,38,0.5714285714285714,3
171,38,0.5555555555555556,3
171,38,0.5882352941176471,3
171,38,0.4166666666666667,3
171,38,0.5,3
171,38,0.4878048780487805,3
171,38,0.5263157894736842,3
171,38,0.5882352941176471,3
