21,5,0.003208213025344883,"(1, 2, 3, 9)"
21,5,0.003527336860670194,"(1, 2, 3, 15)"
21,5,0.002271694684234439,"(1, 2, 4, 7)"
21,5,0.003124023742580444,"(1, 2, 6, 15)"
21,5,0.0025025025025025025,"(1, 2, 7, 13)"
21,5,0.0033025099075297227,"(1, 2, 8, 17)"
21,5,0.0022552999548940008,"(1, 2, 8, 20)"
21,5,0.0023430178069353325,"(1, 2, 9, 12)"
21,5,0.0011242270938729624,"(1, 2, 10, 16)"
21,5,0.0023685457129322598,"(1, 2, 11, 14)"
21,5,0.002289901534234028,"(1, 2, 14, 20)"
21,5,0.005189413596263622,"(1, 2, 16, 19)"
21,5,0.0024319066147859923,"(1, 3, 5, 12)"
21,5,0.002080299563137092,"(1, 3, 6, 20)"
21,5,0.0032808398950131233,"(1, 3, 8, 9)"
21,5,0.001669449081803005,"(1, 3, 8, 15)"
21,5,0.0019054878048780487,"(1, 3, 11, 18)"
21,5,0.0016900456312320432,"(1, 3, 12, 17)"
21,5,0.002952465308532625,"(1, 3, 14, 18)"
21,5,0.002560163850486431,"(1, 4, 7, 17)"
21,5,0.002744990392533626,"(1, 4, 8, 13)"
21,5,0.002053388090349076,"(1, 4, 8, 19)"
21,5,0.002533569799847986,"(1, 4, 10, 11)"
21,5,0.0025886616619207868,"(1, 4, 10, 14)"
21,5,0.0023713540431586438,"(1, 4, 11, 19)"
21,5,0.001195457262402869,"(1, 5, 7, 13)"
21,5,0.0026766595289079227,"(1, 5, 8, 11)"
21,5,0.001924557351809084,"(1, 5, 10, 19)"
21,5,0.0017844396859386152,"(1, 5, 14, 20)"
21,5,0.0019688915140775743,"(1, 5, 15, 18)"
21,5,0.0023089355806972986,"(1, 6, 8, 9)"
21,5,0.002092487968194183,"(1, 6, 9, 14)"
21,5,0.0015323322096230463,"(1, 6, 11, 15)"
21,5,0.004589261128958238,"(1, 6, 12, 14)"
21,5,0.0023736055067647755,"(1, 6, 12, 20)"
21,5,0.004450378282153983,"(1, 7, 10, 11)"
21,5,0.0033068783068783067,"(1, 7, 10, 14)"
21,5,0.0016105653084232566,"(1, 7, 11, 16)"
21,5,0.0026246719160104987,"(1, 7, 14, 19)"
21,5,0.0022471910112359553,"(1, 7, 16, 20)"
21,5,0.0023629489603024575,"(1, 7, 19, 20)"
21,5,0.0030873726458783574,"(1, 8, 10, 16)"
21,5,0.002461841457410143,"(1, 8, 11, 20)"
21,5,0.00156128024980484,"(1, 8, 12, 15)"
21,5,0.0014336917562724014,"(1, 8, 12, 18)"
21,5,0.0027533039647577094,"(1, 8, 13, 16)"
21,5,0.00249500998003992,"(1, 9, 14, 18)"
21,5,0.0022675736961451248,"(1, 9, 15, 17)"
21,5,0.00388651379712398,"(1, 9, 15, 20)"
21,5,0.001965795164143896,"(1, 10, 13, 20)"
42,10,0.000382511570975022,"(1, 3, 6, 29)"
42,10,0.0006475006475006475,"(1, 4, 13, 14)"
42,10,0.0003631477648255075,"(1, 9, 12, 29)"
42,10,0.00034132022663663046,"(1, 9, 18, 29)"
42,10,0.0005460601758313766,"(1, 10, 13, 14)"
42,10,0.00036293688527565054,"(1, 14, 16, 19)"
42,10,0.000894134477825465,"(1, 14, 25, 34)"
42,10,0.0006425496369594551,"(1, 14, 31, 34)"
42,10,0.00033997416196369077,"(1, 14, 37, 40)"
42,10,0.0006047411707789066,"(1, 24, 27, 29)"
42,10,0.0005058168942842691,"(1, 29, 30, 33)"
42,10,0.0007591285204585136,"(1, 29, 30, 39)"
42,10,0.0003598028280502285,"(2, 3, 16, 39)"
42,10,0.005931198102016607,"(2, 4, 6, 18)"
42,10,0.004557885141294439,"(2, 4, 6, 30)"
42,10,0.004240882103477523,"(2, 4, 8, 14)"
42,10,0.006215040397762586,"(2, 4, 12, 30)"
42,10,0.003419972640218878,"(2, 4, 14, 26)"
42,10,0.004909180166912126,"(2, 4, 16, 34)"
42,10,0.0045105999097880016,"(2, 4, 16, 40)"
42,10,0.0069881201956673656,"(2, 4, 18, 24)"
42,10,0.004975124378109453,"(2, 4, 20, 32)"
42,10,0.0024443901246638962,"(2, 4, 22, 28)"
42,10,0.006053268765133172,"(2, 4, 28, 40)"
42,10,0.003772161448509996,"(2, 4, 32, 38)"
42,10,0.0006054001695120475,"(2, 5, 28, 29)"
42,10,0.0007560864962951762,"(2, 5, 28, 41)"
42,10,0.006426735218508998,"(2, 6, 10, 24)"
42,10,0.0050025012506253125,"(2, 6, 12, 40)"
42,10,0.007524454477050414,"(2, 6, 16, 18)"
42,10,0.0027824151363383415,"(2, 6, 16, 30)"
42,10,0.0031938677738741618,"(2, 6, 22, 36)"
42,10,0.003527336860670194,"(2, 6, 24, 34)"
42,10,0.004870920603994155,"(2, 6, 28, 36)"
42,10,0.0038895371450797353,"(2, 8, 14, 34)"
42,10,0.0030202355783751134,"(2, 8, 16, 26)"
42,10,0.006830601092896175,"(2, 8, 16, 38)"
42,10,0.0038639876352395673,"(2, 8, 20, 22)"
42,10,0.004807692307692308,"(2, 8, 20, 28)"
42,10,0.002508151492350138,"(2, 8, 22, 38)"
42,10,0.005980861244019139,"(2, 10, 14, 26)"
42,10,0.005211047420531527,"(2, 10, 16, 22)"
42,10,0.005614823133071308,"(2, 10, 20, 38)"
42,10,0.003538570417551309,"(2, 10, 28, 40)"
42,10,0.0037243947858473,"(2, 10, 30, 36)"
42,10,0.00036679749110516086,"(2, 11, 17, 28)"
42,10,0.003849114703618168,"(2, 12, 16, 18)"
42,10,0.005249343832020997,"(2, 12, 18, 28)"
42,10,0.005599104143337066,"(2, 12, 22, 30)"
42,10,0.008038585209003215,"(2, 12, 24, 28)"
42,10,0.004380201489268506,"(2, 12, 24, 40)"
63,15,0.000025811514000165195,"(1, 3, 10, 33)"
63,15,0.00033970853008119035,"(1, 3, 22, 57)"
63,15,0.000021153366135153085,"(1, 3, 37, 51)"
63,15,0.00022983750488404697,"(1, 3, 43, 57)"
63,15,0.000029044353632432086,"(1, 3, 46, 60)"
63,15,0.00003422418897228183,"(1, 4, 7, 45)"
63,15,0.00004209445153034379,"(1, 4, 18, 61)"
63,15,0.00004594996967302002,"(1, 6, 28, 30)"
63,15,0.00038528221922558276,"(1, 7, 21, 61)"
63,15,0.000020640431302452495,"(1, 7, 27, 40)"
63,15,0.0003321376378371197,"(1, 7, 42, 61)"
63,15,0.00004798740810411348,"(1, 12, 15, 46)"
63,15,0.000026622154424468954,"(1, 13, 27, 61)"
63,15,0.000028794213514852055,"(1, 15, 37, 48)"
63,15,0.00002563057625224588,"(1, 16, 27, 49)"
63,15,0.000027336969150230314,"(1, 16, 31, 36)"
63,15,0.000016769913433706855,"(1, 18, 25, 31)"
63,15,0.000024111084588918064,"(1, 18, 49, 52)"
63,15,0.000025635175562499838,"(1, 19, 57, 60)"
63,15,0.00027323150905762453,"(1, 21, 28, 31)"
63,15,0.0005104124132298898,"(1, 22, 33, 36)"
63,15,0.000018700676964506113,"(1, 24, 37, 57)"
63,15,0.0005079494082389395,"(1, 28, 31, 42)"
63,15,0.000024619384318436964,"(1, 28, 33, 48)"
63,15,0.0000428181172017504,"(1, 31, 54, 61)"
63,15,0.00045057222672794447,"(1, 33, 36, 43)"
63,15,0.000025894526415006397,"(1, 33, 39, 46)"
63,15,0.000026972280587240493,"(1, 34, 36, 58)"
63,15,0.000029895813091376554,"(2, 3, 6, 20)"
63,15,0.00038650330460325436,"(2, 3, 9, 23)"
63,15,0.0002383165320178261,"(2, 3, 9, 44)"
63,15,0.000022785375434631035,"(2, 3, 15, 29)"
63,15,0.000015550866105487746,"(2, 3, 33, 56)"
63,15,0.000022252089471201345,"(2, 5, 9, 53)"
63,15,0.00003367320824858909,"(2, 6, 11, 39)"
63,15,0.0003324468085106383,"(2, 6, 23, 51)"
63,15,0.000025614229216614414,"(2, 6, 29, 57)"
63,15,0.0004793634053976319,"(2, 6, 44, 51)"
63,15,0.000015571473061351604,"(2, 8, 14, 27)"
63,15,0.000042768124061774276,"(2, 8, 36, 59)"
63,15,0.00003793525968582018,"(2, 9, 32, 62)"
63,15,0.000020202999741401603,"(2, 11, 30, 33)"
63,15,0.000022862368541380887,"(2, 11, 48, 51)"
63,15,0.000020798582368625756,"(2, 12, 56, 60)"
63,15,0.00002123097174157661,"(2, 14, 17, 54)"
63,15,0.0003489670575097711,"(2, 14, 21, 59)"
63,15,0.0007517666516313336,"(2, 14, 42, 59)"
63,15,0.0006589351607801792,"(2, 21, 56, 62)"
63,15,0.000015088327066648159,"(2, 24, 29, 30)"
63,15,0.00003912286535865887,"(2, 26, 54, 59)"
84,20,0.009208103130755065,"(1, 21, 29, 36)"
84,20,0.0007954816641476414,"(1, 25, 37, 56)"
84,20,0.0005363368195226602,"(1, 29, 48, 60)"
84,20,0.0176678445229682,"(1, 49, 56, 64)"
84,20,0.0005933309600094933,"(2, 6, 12, 58)"
84,20,0.0016597510373443983,"(2, 8, 26, 28)"
84,20,0.0008466683600033867,"(2, 18, 24, 58)"
84,20,0.0011590171534538712,"(2, 18, 36, 58)"
84,20,0.0009208103130755065,"(2, 20, 26, 28)"
84,20,0.0007641754546843956,"(2, 28, 32, 38)"
84,20,0.000687757909215956,"(2, 28, 50, 68)"
84,20,0.0007395355716609969,"(2, 28, 62, 68)"
84,20,0.0006106497313141182,"(2, 28, 74, 80)"
84,20,0.0008068420203324189,"(2, 48, 54, 58)"
84,20,0.0008599191675982457,"(2, 58, 60, 66)"
84,20,0.0007332991127080736,"(2, 58, 60, 78)"
84,20,0.019801980198019802,"(3, 7, 24, 35)"
84,20,0.008665511265164644,"(3, 52, 63, 80)"
84,20,0.0028129395218002813,"(4, 6, 32, 78)"
84,20,0.01160092807424594,"(4, 7, 56, 67)"
84,20,0.02012072434607646,"(4, 8, 12, 36)"
84,20,0.01017293997965412,"(4, 8, 12, 60)"
84,20,0.014204545454545454,"(4, 8, 16, 28)"
84,20,0.019083969465648856,"(4, 8, 24, 60)"
84,20,0.006191950464396285,"(4, 8, 28, 52)"
84,20,0.014814814814814815,"(4, 8, 32, 68)"
84,20,0.008333333333333333,"(4, 8, 32, 80)"
84,20,0.01680672268907563,"(4, 8, 36, 48)"
84,20,0.0068634179821551134,"(4, 8, 40, 64)"
84,20,0.010309278350515464,"(4, 8, 44, 56)"
84,20,0.009652509652509652,"(4, 8, 56, 80)"
84,20,0.009267840593141797,"(4, 8, 64, 76)"
84,20,0.0009175153683824204,"(4, 10, 56, 58)"
84,20,0.0010667804565820354,"(4, 10, 56, 82)"
84,20,0.007886435331230283,"(4, 12, 20, 48)"
84,20,0.010775862068965518,"(4, 12, 24, 80)"
84,20,0.004462293618920125,"(4, 12, 32, 36)"
84,20,0.008795074758135445,"(4, 12, 32, 60)"
84,20,0.010141987829614604,"(4, 12, 44, 72)"
84,20,0.010649627263045794,"(4, 12, 48, 68)"
84,20,0.011876484560570071,"(4, 12, 56, 72)"
84,20,0.008445945945945946,"(4, 16, 28, 68)"
84,20,0.012033694344163659,"(4, 16, 32, 52)"
84,20,0.010787486515641856,"(4, 16, 32, 76)"
84,20,0.012610340479192938,"(4, 16, 40, 44)"
84,20,0.00779423226812159,"(4, 16, 40, 56)"
84,20,0.01303780964797914,"(4, 16, 44, 76)"
84,20,0.005186721991701245,"(4, 20, 28, 52)"
84,20,0.015037593984962405,"(4, 20, 32, 44)"
84,20,0.007220216606498195,"(4, 20, 40, 76)"
105,25,0.0000016983704305555863,"(1, 16, 42, 46)"
105,25,0.000001839804200677747,"(1, 60, 64, 90)"
105,25,0.0000015989638714113255,"(2, 15, 23, 75)"
105,25,0.000002205612976238711,"(2, 32, 84, 92)"
105,25,0.00000217269586147065,"(4, 30, 45, 46)"
105,25,0.0000015421277692952184,"(4, 63, 64, 79)"
105,25,0.009442870632672332,"(5, 10, 15, 45)"
105,25,0.011210762331838564,"(5, 10, 15, 75)"
105,25,0.009250693802035153,"(5, 10, 20, 35)"
105,25,0.014367816091954023,"(5, 10, 30, 75)"
105,25,0.0106951871657754,"(5, 10, 35, 65)"
105,25,0.01358695652173913,"(5, 10, 40, 85)"
105,25,0.007423904974016332,"(5, 10, 40, 100)"
105,25,0.024154589371980676,"(5, 10, 45, 60)"
105,25,0.013227513227513227,"(5, 10, 50, 80)"
105,25,0.009970089730807577,"(5, 10, 55, 70)"
105,25,0.009328358208955223,"(5, 10, 70, 100)"
105,25,0.008460236886632826,"(5, 10, 80, 95)"
105,25,0.013568521031207599,"(5, 15, 25, 60)"
105,25,0.011135857461024499,"(5, 15, 30, 100)"
105,25,0.013812154696132596,"(5, 15, 40, 45)"
105,25,0.008710801393728223,"(5, 15, 40, 75)"
105,25,0.011350737797956867,"(5, 15, 55, 90)"
105,25,0.010764262648008612,"(5, 15, 60, 85)"
105,25,0.01430615164520744,"(5, 15, 70, 90)"
105,25,0.007097232079488999,"(5, 20, 35, 85)"
105,25,0.008710801393728223,"(5, 20, 40, 65)"
105,25,0.015772870662460567,"(5, 20, 40, 95)"
105,25,0.0075815011372251705,"(5, 20, 50, 55)"
105,25,0.012422360248447204,"(5, 20, 50, 70)"
105,25,0.007855459544383346,"(5, 20, 55, 95)"
105,25,0.00819000819000819,"(5, 25, 35, 65)"
105,25,0.008880994671403197,"(5, 25, 40, 55)"
105,25,0.012468827930174564,"(5, 25, 50, 95)"
105,25,0.00684931506849315,"(5, 25, 70, 100)"
105,25,0.009000900090009001,"(5, 25, 75, 90)"
105,25,0.017123287671232876,"(5, 30, 40, 45)"
105,25,0.01466275659824047,"(5, 30, 45, 70)"
105,25,0.010764262648008612,"(5, 30, 55, 75)"
105,25,0.009930486593843098,"(5, 30, 60, 70)"
105,25,0.007892659826361484,"(5, 30, 60, 100)"
105,25,0.019267822736030827,"(5, 35, 50, 55)"
105,25,0.011467889908256881,"(5, 35, 50, 70)"
105,25,0.013280212483399735,"(5, 35, 55, 80)"
105,25,0.015873015873015872,"(5, 35, 70, 95)"
105,25,0.009560229445506692,"(5, 35, 80, 100)"
105,25,0.009099181073703366,"(5, 35, 95, 100)"
105,25,0.016129032258064516,"(5, 40, 50, 80)"
105,25,0.012150668286755772,"(5, 40, 55, 100)"
105,25,0.008130081300813009,"(5, 40, 60, 75)"
105,25,0.010427528675703858,"(5, 40, 60, 90)"
126,30,0.08333333333333333,"(1, 19, 28, 63)"
126,30,0.034722222222222224,"(1, 28, 63, 73)"
126,30,0.00078125,"(1, 42, 67, 79)"
126,30,0.0005451373746184038,"(1, 43, 48, 60)"
126,30,0.0008248102936324645,"(1, 48, 60, 85)"
126,30,0.04424778761061947,"(1, 54, 64, 99)"
126,30,0.04184100418410042,"(1, 64, 99, 108)"
126,30,0.0006863889079552475,"(1, 67, 79, 84)"
126,30,0.000055751926229051216,"(2, 6, 20, 66)"
126,30,0.0010610079575596816,"(2, 6, 44, 114)"
126,30,0.00005997648921622724,"(2, 6, 74, 102)"
126,30,0.0006497303618998116,"(2, 6, 86, 114)"
126,30,0.00012920898260847095,"(2, 6, 92, 120)"
126,30,0.00003755304367418979,"(2, 8, 14, 90)"
126,30,0.00007901640380543,"(2, 8, 36, 122)"
126,30,0.046511627906976744,"(2, 9, 65, 90)"
126,30,0.0392156862745098,"(2, 9, 65, 108)"
126,30,0.000052623270009998424,"(2, 12, 56, 60)"
126,30,0.0007095721280068119,"(2, 14, 42, 122)"
126,30,0.00004724022599724117,"(2, 14, 54, 80)"
126,30,0.0005141388174807198,"(2, 14, 84, 122)"
126,30,0.05917159763313609,"(2, 20, 63, 119)"
126,30,0.000055829429925691026,"(2, 24, 30, 92)"
126,30,0.00007470714797991871,"(2, 26, 54, 122)"
126,30,0.00006723593088146305,"(2, 30, 74, 96)"
126,30,0.000051614768017425147,"(2, 32, 54, 98)"
126,30,0.00009474003334849174,"(2, 32, 62, 72)"
126,30,0.000052006677657411214,"(2, 36, 50, 62)"
126,30,0.000026198104829096662,"(2, 36, 98, 104)"
126,30,0.029411764705882353,"(2, 38, 63, 119)"
126,30,0.00006555700509377929,"(2, 38, 114, 120)"
126,30,0.0007006726457399103,"(2, 42, 56, 62)"
126,30,0.0004799385678633135,"(2, 44, 66, 72)"
126,30,0.0000689312892908349,"(2, 48, 74, 114)"
126,30,0.0004393287057376329,"(2, 56, 62, 84)"
126,30,0.00006872285447248337,"(2, 56, 66, 96)"
126,30,0.00003324114455908946,"(2, 62, 108, 122)"
126,30,0.0006518479890489537,"(2, 66, 72, 86)"
126,30,0.000044522011682575864,"(2, 66, 78, 92)"
126,30,0.000041464183238518564,"(2, 68, 72, 116)"
126,30,0.0032041012495994873,"(3, 9, 18, 87)"
126,30,0.0011114816049794375,"(3, 12, 39, 42)"
126,30,0.0013404825737265416,"(3, 27, 36, 87)"
126,30,0.0006131583788092464,"(3, 27, 54, 87)"
126,30,0.0011702750146284377,"(3, 30, 39, 42)"
126,30,0.0012465719272001994,"(3, 42, 48, 57)"
126,30,0.0018070112034694614,"(3, 42, 75, 102)"
126,30,0.0010545186122535063,"(3, 42, 93, 102)"
126,30,0.0010968520346605244,"(3, 42, 111, 120)"
126,30,0.001086130118388183,"(3, 72, 81, 87)"
147,35,0.012254901960784314,"(7, 14, 21, 63)"
147,35,0.012804097311139564,"(7, 14, 21, 105)"
147,35,0.014577259475218658,"(7, 14, 28, 49)"
147,35,0.011286681715575621,"(7, 14, 42, 105)"
147,35,0.02032520325203252,"(7, 14, 49, 91)"
147,35,0.015479876160990712,"(7, 14, 56, 119)"
147,35,0.011299435028248588,"(7, 14, 56, 140)"
147,35,0.025974025974025976,"(7, 14, 63, 84)"
147,35,0.010384215991692628,"(7, 14, 70, 112)"
147,35,0.013812154696132596,"(7, 14, 77, 98)"
147,35,0.011273957158962795,"(7, 14, 98, 140)"
147,35,0.01358695652173913,"(7, 14, 112, 133)"
147,35,0.015723270440251572,"(7, 21, 35, 84)"
147,35,0.017241379310344827,"(7, 21, 42, 140)"
147,35,0.013054830287206266,"(7, 21, 56, 63)"
147,35,0.019880715705765408,"(7, 21, 56, 105)"
147,35,0.010917030567685589,"(7, 21, 77, 126)"
147,35,0.009174311926605505,"(7, 21, 84, 119)"
147,35,0.008888888888888889,"(7, 21, 98, 126)"
147,35,0.02481389578163772,"(7, 28, 49, 119)"
147,35,0.033112582781456956,"(7, 28, 56, 91)"
147,35,0.016366612111292964,"(7, 28, 56, 133)"
147,35,0.009930486593843098,"(7, 28, 70, 77)"
147,35,0.008460236886632826,"(7, 28, 70, 98)"
147,35,0.011961722488038277,"(7, 28, 77, 133)"
147,35,0.013717421124828532,"(7, 35, 49, 91)"
147,35,0.014164305949008499,"(7, 35, 56, 77)"
147,35,0.024330900243309004,"(7, 35, 70, 133)"
147,35,0.017006802721088437,"(7, 35, 98, 140)"
147,35,0.009615384615384616,"(7, 35, 105, 126)"
147,35,0.014534883720930232,"(7, 42, 56, 63)"
147,35,0.01240694789081886,"(7, 42, 63, 98)"
147,35,0.0273972602739726,"(7, 42, 77, 105)"
147,35,0.007710100231303007,"(7, 42, 84, 98)"
147,35,0.008403361344537815,"(7, 42, 84, 140)"
147,35,0.0273972602739726,"(7, 49, 70, 77)"
147,35,0.021141649048625793,"(7, 49, 70, 98)"
147,35,0.008583690987124463,"(7, 49, 77, 112)"
147,35,0.011574074074074073,"(7, 49, 98, 133)"
147,35,0.014367816091954023,"(7, 49, 112, 140)"
147,35,0.024630541871921183,"(7, 49, 133, 140)"
147,35,0.031746031746031744,"(7, 56, 70, 112)"
147,35,0.012135922330097087,"(7, 56, 77, 140)"
147,35,0.0234192037470726,"(7, 56, 84, 105)"
147,35,0.02127659574468085,"(7, 56, 84, 126)"
147,35,0.034013605442176874,"(7, 56, 91, 112)"
147,35,0.029498525073746312,"(7, 63, 98, 126)"
147,35,0.04081632653061224,"(7, 63, 105, 119)"
147,35,0.013888888888888888,"(7, 63, 105, 140)"
147,35,0.018975332068311195,"(7, 70, 91, 140)"
168,40,0.04201680672268908,"(2, 42, 58, 72)"
168,40,0.0009351912466099317,"(2, 50, 74, 112)"
168,40,0.0012643823492224048,"(2, 58, 96, 120)"
168,40,0.023255813953488372,"(2, 98, 112, 128)"
168,40,0.001887861053426468,"(4, 12, 24, 116)"
168,40,0.0010780508840017248,"(4, 16, 52, 56)"
168,40,0.0013197835554968984,"(4, 36, 48, 116)"
168,40,0.0014714537963507945,"(4, 36, 72, 116)"
168,40,0.0022070183182520413,"(4, 40, 52, 56)"
168,40,0.002056343820686819,"(4, 56, 64, 76)"
168,40,0.001548467017652524,"(4, 56, 100, 136)"
168,40,0.0020412329046744235,"(4, 56, 124, 136)"
168,40,0.0012863390789812194,"(4, 56, 148, 160)"
168,40,0.0016883336147222692,"(4, 96, 108, 116)"
168,40,0.001238850346878097,"(4, 116, 120, 132)"
168,40,0.002226179875333927,"(4, 116, 120, 156)"
168,40,0.02092050209205021,"(6, 14, 48, 70)"
168,40,0.02881844380403458,"(6, 104, 126, 160)"
168,40,0.001152073732718894,"(8, 12, 64, 156)"
168,40,0.021367521367521368,"(8, 14, 112, 134)"
168,40,0.01282051282051282,"(8, 16, 24, 72)"
168,40,0.01876172607879925,"(8, 16, 24, 120)"
168,40,0.026246719160104987,"(8, 16, 32, 56)"
168,40,0.013477088948787063,"(8, 16, 48, 120)"
168,40,0.02680965147453083,"(8, 16, 56, 104)"
168,40,0.016420361247947456,"(8, 16, 64, 136)"
168,40,0.018484288354898338,"(8, 16, 64, 160)"
168,40,0.013175230566534914,"(8, 16, 72, 96)"
168,40,0.012626262626262626,"(8, 16, 80, 128)"
168,40,0.010309278350515464,"(8, 16, 88, 112)"
168,40,0.03003003003003003,"(8, 16, 112, 160)"
168,40,0.0273972602739726,"(8, 16, 128, 152)"
168,40,0.0016691704223001167,"(8, 20, 112, 116)"
168,40,0.0018828845791752965,"(8, 20, 112, 164)"
168,40,0.020964360587002098,"(8, 24, 40, 96)"
168,40,0.014124293785310734,"(8, 24, 48, 160)"
168,40,0.017361111111111112,"(8, 24, 64, 72)"
168,40,0.017123287671232876,"(8, 24, 64, 120)"
168,40,0.015455950540958269,"(8, 24, 88, 144)"
168,40,0.01430615164520744,"(8, 24, 96, 136)"
168,40,0.01675041876046901,"(8, 24, 112, 144)"
168,40,0.023094688221709007,"(8, 32, 56, 136)"
168,40,0.01488095238095238,"(8, 32, 64, 104)"
168,40,0.017921146953405017,"(8, 32, 64, 152)"
168,40,0.0125,"(8, 32, 80, 88)"
168,40,0.022026431718061675,"(8, 32, 80, 112)"
168,40,0.015552099533437015,"(8, 32, 88, 152)"
168,40,0.023094688221709007,"(8, 40, 56, 104)"
168,40,0.014534883720930232,"(8, 40, 64, 88)"
168,40,0.01610305958132045,"(8, 40, 80, 152)"
189,45,0.00009347279474309003,"(3, 9, 30, 99)"
189,45,0.0006928086462519052,"(3, 9, 66, 171)"
189,45,0.0001106941630967799,"(3, 9, 111, 153)"
189,45,0.001337971635001338,"(3, 9, 129, 171)"
189,45,0.00009177006093532047,"(3, 9, 138, 180)"
189,45,0.0000626150551638636,"(3, 12, 21, 135)"
189,45,0.00009628160443665633,"(3, 12, 54, 183)"
189,45,0.00009531798078389508,"(3, 18, 84, 90)"
189,45,0.0015772870662460567,"(3, 21, 63, 183)"
189,45,0.00005937889674009857,"(3, 21, 81, 120)"
189,45,0.000980392156862745,"(3, 21, 126, 183)"
189,45,0.0001220464752977934,"(3, 36, 45, 138)"
189,45,0.000053051805087668106,"(3, 39, 81, 183)"
189,45,0.0000528362498943275,"(3, 45, 111, 144)"
189,45,0.00004176324416880703,"(3, 48, 81, 147)"
189,45,0.00010865667749611552,"(3, 48, 93, 108)"
189,45,0.00009742410662094228,"(3, 54, 75, 93)"
189,45,0.00007237094451319685,"(3, 54, 147, 156)"
189,45,0.00010641354431592053,"(3, 57, 171, 180)"
189,45,0.0007475517679599313,"(3, 63, 84, 93)"
189,45,0.0009742790335151987,"(3, 66, 99, 108)"
189,45,0.000055427456544874066,"(3, 72, 111, 171)"
189,45,0.0007668123610152595,"(3, 84, 93, 126)"
189,45,0.00006340591196723183,"(3, 84, 99, 144)"
189,45,0.00005916669625001479,"(3, 93, 162, 183)"
189,45,0.0008470269354565475,"(3, 99, 108, 129)"
189,45,0.00007451509303209365,"(3, 99, 117, 138)"
189,45,0.00011051189107948015,"(3, 102, 108, 174)"
189,45,0.00007573061107030073,"(6, 9, 18, 60)"
189,45,0.0009635767970707265,"(6, 9, 27, 69)"
189,45,0.0007564296520423601,"(6, 9, 27, 132)"
189,45,0.00018521262409245813,"(6, 9, 45, 87)"
189,45,0.00006473497501229965,"(6, 9, 99, 168)"
189,45,0.00008359107247345983,"(6, 15, 27, 159)"
189,45,0.00008345225279356416,"(6, 18, 33, 117)"
189,45,0.0009175153683824204,"(6, 18, 69, 153)"
189,45,0.000146177459435755,"(6, 18, 87, 171)"
189,45,0.000977803852547179,"(6, 18, 132, 153)"
189,45,0.00006792555359326178,"(6, 24, 42, 81)"
189,45,0.00005843613222928001,"(6, 24, 108, 177)"
189,45,0.00007467033049088275,"(6, 27, 96, 186)"
189,45,0.00007321501786446435,"(6, 33, 90, 99)"
189,45,0.00008318083513558476,"(6, 33, 144, 153)"
189,45,0.0001109779375860079,"(6, 36, 168, 180)"
189,45,0.00006386389327066156,"(6, 42, 51, 162)"
189,45,0.0017047391749062393,"(6, 42, 63, 177)"
189,45,0.0009208103130755065,"(6, 42, 126, 177)"
189,45,0.0011588828369451848,"(6, 63, 168, 186)"
189,45,0.00006840366370022778,"(6, 72, 87, 90)"
189,45,0.00006640679474323813,"(6, 78, 162, 177)"
210,50,0.000002479314459634653,"(2, 32, 84, 92)"
210,50,0.000002531148311116601,"(2, 120, 128, 180)"
210,50,0.0000036428651571604886,"(4, 30, 46, 150)"
210,50,0.000003055202934216898,"(4, 64, 168, 184)"
210,50,0.0034940600978336828,"(5, 15, 30, 145)"
210,50,0.002824060999717594,"(5, 20, 65, 70)"
210,50,0.002025111381125962,"(5, 45, 60, 145)"
210,50,0.0036576444769568397,"(5, 45, 90, 145)"
210,50,0.0029708853238265003,"(5, 50, 65, 70)"
210,50,0.0031665611146295125,"(5, 70, 80, 95)"
210,50,0.0021468441391155,"(5, 70, 125, 170)"
210,50,0.0018986140117714068,"(5, 70, 155, 170)"
210,50,0.003589375448671931,"(5, 70, 185, 200)"
210,50,0.001713796058269066,"(5, 120, 135, 145)"
210,50,0.003849114703618168,"(5, 145, 150, 165)"
210,50,0.003246753246753247,"(5, 145, 150, 195)"
210,50,0.0000031569941627177933,"(8, 60, 90, 92)"
210,50,0.000002358569555867201,"(8, 126, 128, 158)"
210,50,0.003352329869259135,"(10, 15, 80, 195)"
210,50,0.031746031746031744,"(10, 20, 30, 90)"
210,50,0.040983606557377046,"(10, 20, 30, 150)"
210,50,0.018281535648994516,"(10, 20, 40, 70)"
210,50,0.02849002849002849,"(10, 20, 60, 150)"
210,50,0.01567398119122257,"(10, 20, 70, 130)"
210,50,0.01079913606911447,"(10, 20, 80, 170)"
210,50,0.019455252918287938,"(10, 20, 80, 200)"
210,50,0.02967359050445104,"(10, 20, 90, 120)"
210,50,0.015220700152207,"(10, 20, 100, 160)"
210,50,0.031545741324921134,"(10, 20, 110, 140)"
210,50,0.0205761316872428,"(10, 20, 140, 200)"
210,50,0.03367003367003367,"(10, 20, 160, 190)"
210,50,0.0024271844660194173,"(10, 25, 140, 145)"
210,50,0.0031446540880503146,"(10, 25, 140, 205)"
210,50,0.02304147465437788,"(10, 30, 50, 120)"
210,50,0.023310023310023312,"(10, 30, 60, 200)"
210,50,0.014104372355430184,"(10, 30, 80, 90)"
210,50,0.026737967914438502,"(10, 30, 80, 150)"
210,50,0.016835016835016835,"(10, 30, 110, 180)"
210,50,0.024691358024691357,"(10, 30, 120, 170)"
210,50,0.02127659574468085,"(10, 30, 140, 180)"
210,50,0.04329004329004329,"(10, 40, 70, 170)"
210,50,0.014992503748125937,"(10, 40, 80, 130)"
210,50,0.04,"(10, 40, 80, 190)"
210,50,0.034013605442176874,"(10, 40, 100, 110)"
210,50,0.01984126984126984,"(10, 40, 100, 140)"
210,50,0.03278688524590164,"(10, 40, 110, 190)"
210,50,0.028985507246376812,"(10, 50, 70, 130)"
210,50,0.047619047619047616,"(10, 50, 80, 110)"
210,50,0.026246719160104987,"(10, 50, 100, 190)"
210,50,0.04,"(10, 50, 140, 200)"
231,55,0.017953321364452424,"(11, 22, 33, 99)"
231,55,0.043478260869565216,"(11, 22, 33, 165)"
231,55,0.02364066193853428,"(11, 22, 44, 77)"
231,55,0.021367521367521368,"(11, 22, 66, 165)"
231,55,0.01972386587771203,"(11, 22, 77, 143)"
231,55,0.01845018450184502,"(11, 22, 88, 187)"
231,55,0.01579778830963665,"(11, 22, 88, 220)"
231,55,0.024509803921568627,"(11, 22, 99, 132)"
231,55,0.028089887640449437,"(11, 22, 110, 176)"
231,55,0.02717391304347826,"(11, 22, 121, 154)"
231,55,0.02262443438914027,"(11, 22, 154, 220)"
231,55,0.029154518950437316,"(11, 22, 176, 209)"
231,55,0.021929824561403508,"(11, 33, 55, 132)"
231,55,0.03460207612456748,"(11, 33, 66, 220)"
231,55,0.050761421319796954,"(11, 33, 88, 99)"
231,55,0.027472527472527472,"(11, 33, 88, 165)"
231,55,0.019762845849802372,"(11, 33, 121, 198)"
231,55,0.03484320557491289,"(11, 33, 132, 187)"
231,55,0.03787878787878788,"(11, 33, 154, 198)"
231,55,0.04065040650406504,"(11, 44, 77, 187)"
231,55,0.05405405405405406,"(11, 44, 88, 143)"
231,55,0.024096385542168676,"(11, 44, 88, 209)"
231,55,0.015408320493066256,"(11, 44, 110, 121)"
231,55,0.03436426116838488,"(11, 44, 110, 154)"
231,55,0.043859649122807015,"(11, 44, 121, 209)"
231,55,0.02857142857142857,"(11, 55, 77, 143)"
231,55,0.02242152466367713,"(11, 55, 88, 121)"
231,55,0.02610966057441253,"(11, 55, 110, 209)"
231,55,0.02512562814070352,"(11, 55, 154, 220)"
231,55,0.020833333333333332,"(11, 55, 165, 198)"
231,55,0.027624309392265192,"(11, 66, 88, 99)"
231,55,0.02066115702479339,"(11, 66, 99, 154)"
231,55,0.023529411764705882,"(11, 66, 121, 165)"
231,55,0.021367521367521368,"(11, 66, 132, 154)"
231,55,0.02304147465437788,"(11, 66, 132, 220)"
231,55,0.04,"(11, 77, 110, 121)"
231,55,0.021321961620469083,"(11, 77, 110, 154)"
231,55,0.02109704641350211,"(11, 77, 121, 176)"
231,55,0.01455604075691412,"(11, 77, 154, 209)"
231,55,0.02012072434607646,"(11, 77, 176, 220)"
231,55,0.01890359168241966,"(11, 77, 209, 220)"
231,55,0.028011204481792718,"(11, 88, 110, 176)"
231,55,0.020833333333333332,"(11, 88, 121, 220)"
231,55,0.028735632183908046,"(11, 88, 132, 165)"
231,55,0.02518891687657431,"(11, 88, 132, 198)"
231,55,0.026041666666666668,"(11, 88, 143, 176)"
231,55,0.02178649237472767,"(11, 99, 154, 198)"
231,55,0.05847953216374269,"(11, 99, 165, 187)"
231,55,0.024271844660194174,"(11, 99, 165, 220)"
231,55,0.033444816053511704,"(11, 110, 143, 220)"
252,60,0.11363636363636363,"(2, 38, 56, 126)"
252,60,0.10416666666666667,"(2, 56, 126, 146)"
252,60,0.0019782393669634025,"(2, 84, 134, 158)"
252,60,0.001076773985140519,"(2, 86, 96, 120)"
252,60,0.001392563709789723,"(2, 96, 120, 170)"
252,60,0.09900990099009901,"(2, 108, 128, 198)"
252,60,0.054945054945054944,"(2, 128, 198, 216)"
252,60,0.001252191334835963,"(2, 134, 158, 168)"
252,60,0.041666666666666664,"(3, 63, 87, 108)"
252,60,0.0010393929944912171,"(3, 75, 111, 168)"
252,60,0.0007964319847085059,"(3, 87, 144, 180)"
252,60,0.04,"(3, 147, 168, 192)"
252,60,0.00010110814527218313,"(4, 12, 40, 132)"
252,60,0.0015885623510722795,"(4, 12, 88, 228)"
252,60,0.0000633087695307554,"(4, 12, 148, 204)"
252,60,0.002320185614849188,"(4, 12, 172, 228)"
252,60,0.00019698611247907023,"(4, 12, 184, 240)"
252,60,0.00006896028577142424,"(4, 16, 28, 180)"
252,60,0.00013378642335375805,"(4, 16, 72, 244)"
252,60,0.04830917874396135,"(4, 18, 130, 180)"
252,60,0.0625,"(4, 18, 130, 216)"
252,60,0.00013387418504089856,"(4, 24, 112, 120)"
252,60,0.00158052789631737,"(4, 28, 84, 244)"
252,60,0.00009768582285652883,"(4, 28, 108, 160)"
252,60,0.001188636633781053,"(4, 28, 168, 244)"
252,60,0.0684931506849315,"(4, 40, 126, 238)"
252,60,0.00014848250876046802,"(4, 48, 60, 184)"
252,60,0.00009388877935197965,"(4, 52, 108, 244)"
252,60,0.00012716498385004706,"(4, 60, 148, 192)"
252,60,0.0001236292605733925,"(4, 64, 108, 196)"
252,60,0.00007755725664471796,"(4, 64, 124, 144)"
252,60,0.00010718688032584812,"(4, 72, 100, 124)"
252,60,0.00011298030753239711,"(4, 72, 196, 208)"
252,60,0.06493506493506493,"(4, 76, 126, 238)"
252,60,0.00011621285546607166,"(4, 76, 228, 240)"
252,60,0.0018793459875963165,"(4, 84, 112, 124)"
252,60,0.0014100394811054709,"(4, 88, 132, 144)"
252,60,0.00006642973394891553,"(4, 96, 148, 228)"
252,60,0.0018204988166757691,"(4, 112, 124, 168)"
252,60,0.00007740417363304229,"(4, 112, 132, 192)"
252,60,0.00012171224790350654,"(4, 124, 216, 244)"
252,60,0.00201450443190975,"(4, 132, 144, 172)"
252,60,0.00007386451770163167,"(4, 132, 156, 184)"
252,60,0.00006234103037255,"(4, 136, 144, 232)"
252,60,0.0031756113051762463,"(6, 18, 36, 174)"
252,60,0.0023164234422052353,"(6, 24, 78, 84)"
252,60,0.0026518164942985947,"(6, 54, 72, 174)"
252,60,0.00368052999631947,"(6, 54, 108, 174)"
252,60,0.003552397868561279,"(6, 60, 78, 84)"
252,60,0.001996805111821086,"(6, 84, 96, 114)"
273,65,0.025380710659898477,"(13, 26, 39, 117)"
273,65,0.03333333333333333,"(13, 26, 39, 195)"
273,65,0.03322259136212625,"(13, 26, 52, 91)"
273,65,0.04219409282700422,"(13, 26, 78, 195)"
273,65,0.03076923076923077,"(13, 26, 91, 169)"
273,65,0.02857142857142857,"(13, 26, 104, 221)"
273,65,0.06451612903225806,"(13, 26, 104, 260)"
273,65,0.01838235294117647,"(13, 26, 117, 156)"
273,65,0.02288329519450801,"(13, 26, 130, 208)"
273,65,0.02932551319648094,"(13, 26, 143, 182)"
273,65,0.022779043280182234,"(13, 26, 182, 260)"
273,65,0.026881720430107527,"(13, 26, 208, 247)"
273,65,0.03424657534246575,"(13, 39, 65, 156)"
273,65,0.027624309392265192,"(13, 39, 78, 260)"
273,65,0.01694915254237288,"(13, 39, 104, 117)"
273,65,0.02100840336134454,"(13, 39, 104, 195)"
273,65,0.025906735751295335,"(13, 39, 143, 234)"
273,65,0.03125,"(13, 39, 156, 221)"
273,65,0.02849002849002849,"(13, 39, 182, 234)"
273,65,0.018484288354898338,"(13, 52, 91, 221)"
273,65,0.057803468208092484,"(13, 52, 104, 169)"
273,65,0.03389830508474576,"(13, 52, 104, 247)"
273,65,0.029585798816568046,"(13, 52, 130, 143)"
273,65,0.03460207612456748,"(13, 52, 130, 182)"
273,65,0.04950495049504951,"(13, 52, 143, 247)"
273,65,0.02457002457002457,"(13, 65, 91, 169)"
273,65,0.03184713375796178,"(13, 65, 104, 143)"
273,65,0.0353356890459364,"(13, 65, 130, 247)"
273,65,0.027624309392265192,"(13, 65, 182, 260)"
273,65,0.04081632653061224,"(13, 65, 195, 234)"
273,65,0.026595744680851064,"(13, 78, 104, 117)"
273,65,0.03787878787878788,"(13, 78, 117, 182)"
273,65,0.024390243902439025,"(13, 78, 143, 195)"
273,65,0.026041666666666668,"(13, 78, 156, 182)"
273,65,0.033112582781456956,"(13, 78, 156, 260)"
273,65,0.02145922746781116,"(13, 91, 130, 143)"
273,65,0.02881844380403458,"(13, 91, 130, 182)"
273,65,0.023255813953488372,"(13, 91, 143, 208)"
273,65,0.024154589371980676,"(13, 91, 182, 247)"
273,65,0.033003300330033,"(13, 91, 208, 260)"
273,65,0.025906735751295335,"(13, 91, 247, 260)"
273,65,0.02544529262086514,"(13, 104, 130, 208)"
273,65,0.0390625,"(13, 104, 143, 260)"
273,65,0.028985507246376812,"(13, 104, 156, 195)"
273,65,0.02364066193853428,"(13, 104, 156, 234)"
273,65,0.02207505518763797,"(13, 104, 169, 208)"
273,65,0.029585798816568046,"(13, 117, 182, 234)"
273,65,0.02178649237472767,"(13, 117, 195, 221)"
273,65,0.03436426116838488,"(13, 117, 195, 260)"
273,65,0.02564102564102564,"(13, 130, 169, 260)"
294,70,0.004288164665523156,"(7, 21, 42, 203)"
294,70,0.0018800526414739613,"(7, 28, 91, 98)"
294,70,0.002585983966899405,"(7, 63, 84, 203)"
294,70,0.0057670126874279125,"(7, 63, 126, 203)"
294,70,0.0018008283810552854,"(7, 70, 91, 98)"
294,70,0.0024563989191844758,"(7, 98, 112, 133)"
294,70,0.0026239832065074785,"(7, 98, 175, 238)"
294,70,0.0038328861632809506,"(7, 98, 217, 238)"
294,70,0.002180549498473615,"(7, 98, 259, 280)"
294,70,0.003486750348675035,"(7, 168, 189, 203)"
294,70,0.0044964028776978415,"(7, 203, 210, 231)"
294,70,0.0025227043390514633,"(7, 203, 210, 273)"
294,70,0.002620545073375262,"(14, 21, 112, 273)"
294,70,0.020202020202020204,"(14, 28, 42, 126)"
294,70,0.04854368932038835,"(14, 28, 42, 210)"
294,70,0.06060606060606061,"(14, 28, 56, 98)"
294,70,0.030959752321981424,"(14, 28, 84, 210)"
294,70,0.025252525252525252,"(14, 28, 98, 182)"
294,70,0.02127659574468085,"(14, 28, 112, 238)"
294,70,0.018148820326678767,"(14, 28, 112, 280)"
294,70,0.029239766081871343,"(14, 28, 126, 168)"
294,70,0.0546448087431694,"(14, 28, 140, 224)"
294,70,0.03289473684210526,"(14, 28, 154, 196)"
294,70,0.016611295681063124,"(14, 28, 196, 280)"
294,70,0.019880715705765408,"(14, 28, 224, 266)"
294,70,0.0040192926045016075,"(14, 35, 196, 203)"
294,70,0.00350754121360926,"(14, 35, 196, 287)"
294,70,0.04975124378109453,"(14, 42, 70, 168)"
294,70,0.03289473684210526,"(14, 42, 84, 280)"
294,70,0.0625,"(14, 42, 112, 126)"
294,70,0.023923444976076555,"(14, 42, 112, 210)"
294,70,0.023148148148148147,"(14, 42, 154, 252)"
294,70,0.04504504504504504,"(14, 42, 168, 238)"
294,70,0.0353356890459364,"(14, 42, 196, 252)"
294,70,0.043478260869565216,"(14, 56, 98, 238)"
294,70,0.029585798816568046,"(14, 56, 112, 182)"
294,70,0.06060606060606061,"(14, 56, 112, 266)"
294,70,0.02320185614849188,"(14, 56, 140, 154)"
294,70,0.02967359050445104,"(14, 56, 140, 196)"
294,70,0.026525198938992044,"(14, 56, 154, 266)"
294,70,0.043668122270742356,"(14, 70, 98, 182)"
294,70,0.022573363431151242,"(14, 70, 112, 154)"
294,70,0.02188183807439825,"(14, 70, 140, 266)"
294,70,0.04926108374384237,"(14, 70, 196, 280)"
294,70,0.030120481927710843,"(14, 70, 210, 252)"
294,70,0.0038182512409316535,"(14, 77, 119, 196)"
294,70,0.020618556701030927,"(14, 84, 112, 126)"
294,70,0.033783783783783786,"(14, 84, 126, 196)"
294,70,0.03460207612456748,"(14, 84, 154, 210)"
294,70,0.033003300330033,"(14, 84, 168, 196)"
294,70,0.02631578947368421,"(14, 84, 168, 280)"
315,75,0.000006649020167143069,"(3, 48, 126, 138)"
315,75,0.0000036998065741123056,"(3, 180, 192, 270)"
315,75,0.00011048747072082026,"(5, 15, 50, 165)"
315,75,0.0015119443604475356,"(5, 15, 110, 285)"
315,75,0.00011393544417732913,"(5, 15, 185, 255)"
315,75,0.001636929120969062,"(5, 15, 215, 285)"
315,75,0.00017387373289517153,"(5, 15, 230, 300)"
315,75,0.00015927878565853815,"(5, 20, 35, 225)"
315,75,0.00010118385105737125,"(5, 20, 90, 305)"
315,75,0.00013701633234681573,"(5, 30, 140, 150)"
315,75,0.0016570008285004142,"(5, 35, 105, 305)"
315,75,0.00009331753156465505,"(5, 35, 135, 200)"
315,75,0.0019171779141104294,"(5, 35, 210, 305)"
315,75,0.00013915947676036738,"(5, 60, 75, 230)"
315,75,0.0001383068475720233,"(5, 65, 135, 305)"
315,75,0.0001423224172039338,"(5, 75, 185, 240)"
315,75,0.00011113827824579342,"(5, 80, 135, 245)"
315,75,0.00015921792156925184,"(5, 80, 155, 180)"
315,75,0.00016310818966220293,"(5, 90, 125, 155)"
315,75,0.00015446162400951485,"(5, 90, 245, 260)"
315,75,0.00009850955050092107,"(5, 95, 285, 300)"
315,75,0.0018331805682859762,"(5, 105, 140, 155)"
315,75,0.0011770244821092278,"(5, 110, 165, 180)"
315,75,0.00011965014298192087,"(5, 120, 185, 285)"
315,75,0.002066115702479339,"(5, 140, 155, 210)"
315,75,0.00011726216301785902,"(5, 140, 165, 240)"
315,75,0.00016138142499798273,"(5, 155, 270, 305)"
315,75,0.0020475020475020475,"(5, 165, 180, 215)"
315,75,0.00015073861923424781,"(5, 165, 195, 230)"
315,75,0.0001018547754611475,"(5, 170, 180, 290)"
315,75,0.000004674891671072752,"(6, 45, 69, 225)"
315,75,0.000008388712819127607,"(6, 96, 252, 276)"
315,75,0.00012706480304955527,"(10, 15, 30, 100)"
315,75,0.0020354162426216163,"(10, 15, 45, 115)"
315,75,0.0024125452352231603,"(10, 15, 45, 220)"
315,75,0.00021068155482987464,"(10, 15, 75, 145)"
315,75,0.00013489815189531904,"(10, 15, 165, 280)"
315,75,0.00013964140088253366,"(10, 25, 45, 265)"
315,75,0.00014910907328710953,"(10, 30, 55, 195)"
315,75,0.0016556291390728477,"(10, 30, 115, 255)"
315,75,0.00012395874652915508,"(10, 30, 145, 285)"
315,75,0.0012428535918468805,"(10, 30, 220, 255)"
315,75,0.00014259232853272493,"(10, 40, 70, 135)"
315,75,0.0001239771881973717,"(10, 40, 180, 295)"
315,75,0.00016784437469578208,"(10, 45, 160, 310)"
315,75,0.00016833033144242262,"(10, 55, 150, 165)"
315,75,0.00011573538262117494,"(10, 55, 240, 255)"
315,75,0.00011208374897723579,"(10, 60, 280, 300)"
315,75,0.00012596044841919638,"(10, 70, 85, 270)"
315,75,0.0019175455417066154,"(10, 70, 105, 295)"
336,80,0.06993006993006994,"(4, 84, 116, 144)"
336,80,0.001589319771137953,"(4, 100, 148, 224)"
336,80,0.002406159769008662,"(4, 116, 192, 240)"
336,80,0.050505050505050504,"(4, 196, 224, 256)"
336,80,0.005241090146750524,"(8, 24, 48, 232)"
336,80,0.0038910505836575876,"(8, 32, 104, 112)"
336,80,0.006747638326585695,"(8, 72, 96, 232)"
336,80,0.004244482173174873,"(8, 72, 144, 232)"
336,80,0.002222716159146477,"(8, 80, 104, 112)"
336,80,0.003692762186115214,"(8, 112, 128, 152)"
336,80,0.0043535045711798,"(8, 112, 200, 272)"
336,80,0.0032030749519538757,"(8, 112, 248, 272)"
336,80,0.0028360748723766306,"(8, 112, 296, 320)"
336,80,0.0018484288354898336,"(8, 192, 216, 232)"
336,80,0.003465003465003465,"(8, 232, 240, 264)"
336,80,0.004816955684007707,"(8, 232, 240, 312)"
336,80,0.028089887640449437,"(12, 28, 96, 140)"
336,80,0.04065040650406504,"(12, 208, 252, 320)"
336,80,0.0045045045045045045,"(16, 24, 128, 312)"
336,80,0.08771929824561403,"(16, 28, 224, 268)"
336,80,0.043859649122807015,"(16, 32, 48, 144)"
336,80,0.02849002849002849,"(16, 32, 48, 240)"
336,80,0.04716981132075472,"(16, 32, 64, 112)"
336,80,0.029069767441860465,"(16, 32, 96, 240)"
336,80,0.034482758620689655,"(16, 32, 112, 208)"
336,80,0.050761421319796954,"(16, 32, 128, 272)"
336,80,0.043478260869565216,"(16, 32, 128, 320)"
336,80,0.033112582781456956,"(16, 32, 144, 192)"
336,80,0.06134969325153374,"(16, 32, 160, 256)"
336,80,0.023474178403755867,"(16, 32, 176, 224)"
336,80,0.03215434083601286,"(16, 32, 224, 320)"
336,80,0.02557544757033248,"(16, 32, 256, 304)"
336,80,0.003808073115003808,"(16, 40, 224, 232)"
336,80,0.003229974160206718,"(16, 40, 224, 328)"
336,80,0.02403846153846154,"(16, 48, 80, 192)"
336,80,0.034129692832764506,"(16, 48, 96, 320)"
336,80,0.032679738562091505,"(16, 48, 128, 144)"
336,80,0.024875621890547265,"(16, 48, 128, 240)"
336,80,0.044444444444444446,"(16, 48, 176, 288)"
336,80,0.03257328990228013,"(16, 48, 192, 272)"
336,80,0.046948356807511735,"(16, 48, 224, 288)"
336,80,0.022222222222222223,"(16, 64, 112, 272)"
336,80,0.045662100456621,"(16, 64, 128, 208)"
336,80,0.022727272727272728,"(16, 64, 128, 304)"
336,80,0.03508771929824561,"(16, 64, 160, 176)"
336,80,0.033003300330033,"(16, 64, 160, 224)"
336,80,0.08264462809917356,"(16, 64, 176, 304)"
336,80,0.03289473684210526,"(16, 80, 112, 208)"
336,80,0.0228310502283105,"(16, 80, 128, 176)"
336,80,0.03003003003003003,"(16, 80, 160, 304)"
357,85,0.072992700729927,"(17, 34, 51, 153)"
357,85,0.035842293906810034,"(17, 34, 51, 255)"
357,85,0.0273972602739726,"(17, 34, 68, 119)"
357,85,0.029069767441860465,"(17, 34, 102, 255)"
357,85,0.04524886877828054,"(17, 34, 119, 221)"
357,85,0.06134969325153374,"(17, 34, 136, 289)"
357,85,0.03717472118959108,"(17, 34, 136, 340)"
357,85,0.020618556701030927,"(17, 34, 153, 204)"
357,85,0.05025125628140704,"(17, 34, 170, 272)"
357,85,0.04854368932038835,"(17, 34, 187, 238)"
357,85,0.027247956403269755,"(17, 34, 238, 340)"
357,85,0.039525691699604744,"(17, 34, 272, 323)"
357,85,0.05263157894736842,"(17, 51, 85, 204)"
357,85,0.04201680672268908,"(17, 51, 102, 340)"
357,85,0.032362459546925564,"(17, 51, 136, 153)"
357,85,0.030211480362537766,"(17, 51, 136, 255)"
357,85,0.03663003663003663,"(17, 51, 187, 306)"
357,85,0.04524886877828054,"(17, 51, 204, 289)"
357,85,0.02457002457002457,"(17, 51, 238, 306)"
357,85,0.05235602094240838,"(17, 68, 119, 289)"
357,85,0.05747126436781609,"(17, 68, 136, 221)"
357,85,0.07575757575757576,"(17, 68, 136, 323)"
357,85,0.0423728813559322,"(17, 68, 170, 187)"
357,85,0.024691358024691357,"(17, 68, 170, 238)"
357,85,0.02666666666666667,"(17, 68, 187, 323)"
357,85,0.033003300330033,"(17, 85, 119, 221)"
357,85,0.029585798816568046,"(17, 85, 136, 187)"
357,85,0.03968253968253968,"(17, 85, 170, 323)"
357,85,0.05128205128205128,"(17, 85, 238, 340)"
357,85,0.02617801047120419,"(17, 85, 255, 306)"
357,85,0.03875968992248062,"(17, 102, 136, 153)"
357,85,0.021141649048625793,"(17, 102, 153, 238)"
357,85,0.03215434083601286,"(17, 102, 187, 255)"
357,85,0.0423728813559322,"(17, 102, 204, 238)"
357,85,0.03663003663003663,"(17, 102, 204, 340)"
357,85,0.037037037037037035,"(17, 119, 170, 187)"
357,85,0.034129692832764506,"(17, 119, 170, 238)"
357,85,0.028328611898016998,"(17, 119, 187, 272)"
357,85,0.04807692307692308,"(17, 119, 238, 323)"
357,85,0.033783783783783786,"(17, 119, 272, 340)"
357,85,0.021413276231263382,"(17, 119, 323, 340)"
357,85,0.03215434083601286,"(17, 136, 170, 272)"
357,85,0.029239766081871343,"(17, 136, 187, 340)"
357,85,0.029850746268656716,"(17, 136, 204, 255)"
357,85,0.03367003367003367,"(17, 136, 204, 306)"
357,85,0.026595744680851064,"(17, 136, 221, 272)"
357,85,0.044642857142857144,"(17, 153, 238, 306)"
357,85,0.04716981132075472,"(17, 153, 255, 289)"
357,85,0.027472527472527472,"(17, 153, 255, 340)"
357,85,0.04132231404958678,"(17, 170, 221, 340)"
378,90,0.11627906976744186,"(3, 57, 84, 189)"
378,90,0.11764705882352941,"(3, 84, 189, 219)"
378,90,0.0010170870626525631,"(3, 126, 201, 237)"
378,90,0.00333555703802535,"(3, 129, 144, 180)"
378,90,0.002232142857142857,"(3, 144, 180, 255)"
378,90,0.09803921568627451,"(3, 162, 192, 297)"
378,90,0.10416666666666667,"(3, 192, 297, 324)"
378,90,0.0021551724137931034,"(3, 201, 237, 252)"
378,90,0.00016758278589623274,"(6, 18, 60, 198)"
378,90,0.0016196954972465176,"(6, 18, 132, 342)"
378,90,0.00015738860821253758,"(6, 18, 222, 306)"
378,90,0.0019264110961279136,"(6, 18, 258, 342)"
378,90,0.00011066476323273906,"(6, 18, 276, 360)"
378,90,0.00012071608783302551,"(6, 24, 42, 270)"
378,90,0.000346860908775581,"(6, 24, 108, 366)"
378,90,0.06172839506172839,"(6, 27, 195, 270)"
378,90,0.1111111111111111,"(6, 27, 195, 324)"
378,90,0.0002702483582412237,"(6, 36, 168, 180)"
378,90,0.0024067388688327317,"(6, 42, 126, 366)"
378,90,0.00020919189172227684,"(6, 42, 162, 240)"
378,90,0.0011798017932987258,"(6, 42, 252, 366)"
378,90,0.12048192771084337,"(6, 60, 189, 357)"
378,90,0.00016363398350569447,"(6, 72, 90, 276)"
378,90,0.0001411591993450213,"(6, 78, 162, 366)"
378,90,0.00014766468303775785,"(6, 90, 222, 288)"
378,90,0.00009469158949302123,"(6, 96, 162, 294)"
378,90,0.00011225612357154082,"(6, 96, 186, 216)"
378,90,0.00013384551550600296,"(6, 108, 150, 186)"
378,90,0.00015035106974786125,"(6, 108, 294, 312)"
378,90,0.09090909090909091,"(6, 114, 189, 357)"
378,90,0.00013220343464523209,"(6, 114, 342, 360)"
378,90,0.001720282126268708,"(6, 126, 168, 186)"
378,90,0.0019477989871445266,"(6, 132, 198, 216)"
378,90,0.00010863779074188748,"(6, 144, 222, 342)"
378,90,0.002360717658168083,"(6, 168, 186, 252)"
378,90,0.00020650916900710392,"(6, 168, 198, 288)"
378,90,0.0001495796810961199,"(6, 186, 324, 366)"
378,90,0.003537318712415989,"(6, 198, 216, 258)"
378,90,0.000122192624453188,"(6, 198, 234, 276)"
378,90,0.00019149751053236308,"(6, 204, 216, 348)"
378,90,0.0045871559633027525,"(9, 27, 54, 261)"
378,90,0.002835270768358378,"(9, 36, 117, 126)"
378,90,0.004448398576512456,"(9, 81, 108, 261)"
378,90,0.005249343832020997,"(9, 81, 162, 261)"
378,90,0.0035676061362825543,"(9, 90, 117, 126)"
378,90,0.004048582995951417,"(9, 126, 144, 171)"
378,90,0.0037023324694557573,"(9, 126, 225, 306)"
378,90,0.0040192926045016075,"(9, 126, 279, 306)"
378,90,0.003663003663003663,"(9, 126, 333, 360)"
378,90,0.0033647375504710633,"(9, 216, 243, 261)"
399,95,0.053475935828877004,"(19, 38, 57, 171)"
399,95,0.039525691699604744,"(19, 38, 57, 285)"
399,95,0.027777777777777776,"(19, 38, 76, 133)"
399,95,0.04201680672268908,"(19, 38, 114, 285)"
399,95,0.056179775280898875,"(19, 38, 133, 247)"
399,95,0.0353356890459364,"(19, 38, 152, 323)"
399,95,0.054945054945054944,"(19, 38, 152, 380)"
399,95,0.046948356807511735,"(19, 38, 171, 228)"
399,95,0.0546448087431694,"(19, 38, 190, 304)"
399,95,0.04484304932735426,"(19, 38, 209, 266)"
399,95,0.039525691699604744,"(19, 38, 266, 380)"
399,95,0.033444816053511704,"(19, 38, 304, 361)"
399,95,0.024630541871921183,"(19, 57, 95, 228)"
399,95,0.05154639175257732,"(19, 57, 114, 380)"
399,95,0.03759398496240601,"(19, 57, 152, 171)"
399,95,0.05128205128205128,"(19, 57, 152, 285)"
399,95,0.03937007874015748,"(19, 57, 209, 342)"
399,95,0.05,"(19, 57, 228, 323)"
399,95,0.05747126436781609,"(19, 57, 266, 342)"
399,95,0.0425531914893617,"(19, 76, 133, 323)"
399,95,0.0364963503649635,"(19, 76, 152, 247)"
399,95,0.04065040650406504,"(19, 76, 152, 361)"
399,95,0.032362459546925564,"(19, 76, 190, 209)"
399,95,0.04184100418410042,"(19, 76, 190, 266)"
399,95,0.02932551319648094,"(19, 76, 209, 361)"
399,95,0.031746031746031744,"(19, 95, 133, 247)"
399,95,0.05813953488372093,"(19, 95, 152, 209)"
399,95,0.053475935828877004,"(19, 95, 190, 361)"
399,95,0.03115264797507788,"(19, 95, 266, 380)"
399,95,0.038910505836575876,"(19, 95, 285, 342)"
399,95,0.06369426751592357,"(19, 114, 152, 171)"
399,95,0.035211267605633804,"(19, 114, 171, 266)"
399,95,0.027247956403269755,"(19, 114, 209, 285)"
399,95,0.0625,"(19, 114, 228, 266)"
399,95,0.03067484662576687,"(19, 114, 228, 380)"
399,95,0.03215434083601286,"(19, 133, 190, 209)"
399,95,0.033112582781456956,"(19, 133, 190, 266)"
399,95,0.046948356807511735,"(19, 133, 209, 304)"
399,95,0.033444816053511704,"(19, 133, 266, 361)"
399,95,0.03802281368821293,"(19, 133, 304, 380)"
399,95,0.03367003367003367,"(19, 133, 361, 380)"
399,95,0.0364963503649635,"(19, 152, 190, 304)"
399,95,0.05555555555555555,"(19, 152, 209, 380)"
399,95,0.041666666666666664,"(19, 152, 228, 285)"
399,95,0.04132231404958678,"(19, 152, 228, 342)"
399,95,0.046511627906976744,"(19, 152, 247, 304)"
399,95,0.02881844380403458,"(19, 171, 266, 342)"
399,95,0.031055900621118012,"(19, 171, 285, 323)"
399,95,0.033783783783783786,"(19, 171, 285, 380)"
399,95,0.034013605442176874,"(19, 190, 247, 380)"
420,100,0.00001514071019015218,"(4, 64, 168, 184)"
420,100,0.000007311256263918804,"(4, 240, 256, 360)"
420,100,0.04926108374384237,"(5, 105, 145, 180)"
420,100,0.0027314941272876263,"(5, 125, 185, 280)"
420,100,0.0024993751562109472,"(5, 145, 240, 300)"
420,100,0.07936507936507936,"(5, 245, 280, 320)"
420,100,0.000006951178398518009,"(8, 60, 92, 300)"
420,100,0.00001249707880782867,"(8, 128, 336, 368)"
420,100,0.006501950585175552,"(10, 30, 60, 290)"
420,100,0.0031220730565095223,"(10, 40, 130, 140)"
420,100,0.005263157894736842,"(10, 90, 120, 290)"
420,100,0.006561679790026247,"(10, 90, 180, 290)"
420,100,0.0038138825324180014,"(10, 100, 130, 140)"
420,100,0.0036023054755043226,"(10, 140, 160, 190)"
420,100,0.004422821760283061,"(10, 140, 250, 340)"
420,100,0.003969829297340214,"(10, 140, 310, 340)"
420,100,0.005827505827505828,"(10, 140, 370, 400)"
420,100,0.007042253521126761,"(10, 240, 270, 290)"
420,100,0.0068212824010914054,"(10, 290, 300, 330)"
420,100,0.005186721991701245,"(10, 290, 300, 390)"
420,100,0.07042253521126761,"(15, 35, 120, 175)"
420,100,0.0641025641025641,"(15, 260, 315, 400)"
420,100,0.000008220655547956016,"(16, 120, 180, 184)"
420,100,0.000007209618207458206,"(16, 252, 256, 316)"
420,100,0.010080645161290322,"(20, 30, 160, 390)"
420,100,0.06535947712418301,"(20, 35, 280, 335)"
420,100,0.034129692832764506,"(20, 40, 60, 180)"
420,100,0.030120481927710843,"(20, 40, 60, 300)"
420,100,0.03134796238244514,"(20, 40, 80, 140)"
420,100,0.06711409395973154,"(20, 40, 120, 300)"
420,100,0.0625,"(20, 40, 140, 260)"
420,100,0.04048582995951417,"(20, 40, 160, 340)"
420,100,0.042735042735042736,"(20, 40, 160, 400)"
420,100,0.040983606557377046,"(20, 40, 180, 240)"
420,100,0.0546448087431694,"(20, 40, 200, 320)"
420,100,0.06944444444444445,"(20, 40, 220, 280)"
420,100,0.038314176245210725,"(20, 40, 280, 400)"
420,100,0.02710027100271003,"(20, 40, 320, 380)"
420,100,0.005790387955993051,"(20, 50, 280, 290)"
420,100,0.004955401387512388,"(20, 50, 280, 410)"
420,100,0.04975124378109453,"(20, 60, 100, 240)"
420,100,0.027624309392265192,"(20, 60, 120, 400)"
420,100,0.027624309392265192,"(20, 60, 160, 180)"
420,100,0.029585798816568046,"(20, 60, 160, 300)"
420,100,0.0546448087431694,"(20, 60, 220, 360)"
420,100,0.058823529411764705,"(20, 60, 240, 340)"
420,100,0.062111801242236024,"(20, 60, 280, 360)"
420,100,0.03164556962025317,"(20, 80, 140, 340)"
420,100,0.049019607843137254,"(20, 80, 160, 260)"
420,100,0.027700831024930747,"(20, 80, 160, 380)"
