21,6,0.060240963855421686
21,6,0.06289308176100629
21,6,0.0641025641025641
21,6,0.04504504504504504
21,6,0.05181347150259067
21,6,0.09009009009009009
21,6,0.09345794392523364
21,6,0.07692307692307693
21,6,0.125
21,6,0.04716981132075472
21,6,0.06622516556291391
21,6,0.06756756756756757
21,6,0.09615384615384616
21,6,0.07142857142857142
21,6,0.05263157894736842
21,6,0.056818181818181816
21,6,0.05747126436781609
21,6,0.07874015748031496
21,6,0.05917159763313609
21,6,0.10989010989010989
21,6,0.05128205128205128
21,6,0.08130081300813008
21,6,0.03816793893129771
21,6,0.07246376811594203
21,6,0.07352941176470588
21,6,0.06060606060606061
21,6,0.07936507936507936
21,6,0.06578947368421052
21,6,0.06451612903225806
21,6,0.05747126436781609
21,6,0.05263157894736842
21,6,0.072992700729927
21,6,0.07407407407407407
21,6,0.07092198581560284
21,6,0.09900990099009901
21,6,0.06711409395973154
21,6,0.07874015748031496
21,6,0.05649717514124294
21,6,0.060240963855421686
21,6,0.10526315789473684
21,6,0.1
21,6,0.05714285714285714
21,6,0.08130081300813008
21,6,0.09900990099009901
21,6,0.06172839506172839
21,6,0.036101083032490974
21,6,0.07194244604316546
21,6,0.060240963855421686
21,6,0.07936507936507936
21,6,0.09090909090909091
42,12,0.06060606060606061
42,12,0.07751937984496124
42,12,0.08403361344537816
42,12,0.08196721311475409
42,12,0.15384615384615385
42,12,0.1
42,12,0.13513513513513514
42,12,0.11627906976744186
42,12,0.11764705882352941
42,12,0.15625
42,12,0.12658227848101267
42,12,0.15625
42,12,0.136986301369863
42,12,0.08064516129032258
42,12,0.0970873786407767
42,12,0.10752688172043011
42,12,0.17543859649122806
42,12,0.136986301369863
42,12,0.19230769230769232
42,12,0.12345679012345678
42,12,0.14285714285714285
42,12,0.18181818181818182
42,12,0.17543859649122806
42,12,0.11494252873563218
42,12,0.09259259259259259
42,12,0.057803468208092484
42,12,0.10416666666666667
42,12,0.18181818181818182
42,12,0.13157894736842105
42,12,0.09900990099009901
42,12,0.06756756756756757
42,12,0.09090909090909091
42,12,0.06134969325153374
42,12,0.07874015748031496
42,12,0.08
42,12,0.08130081300813008
42,12,0.08403361344537816
42,12,0.08130081300813008
42,12,0.14084507042253522
42,12,0.10526315789473684
42,12,0.09803921568627451
42,12,0.08196721311475409
42,12,0.08928571428571429
42,12,0.1724137931034483
42,12,0.17543859649122806
42,12,0.20833333333333334
42,12,0.14492753623188406
42,12,0.18867924528301888
42,12,0.14925373134328357
42,12,0.12658227848101267
63,18,0.14705882352941177
63,18,0.21739130434782608
63,18,0.20833333333333334
63,18,0.18518518518518517
63,18,0.13333333333333333
63,18,0.14925373134328357
63,18,0.3125
63,18,0.2777777777777778
63,18,0.20833333333333334
63,18,0.18867924528301888
63,18,0.2
63,18,0.2127659574468085
63,18,0.38461538461538464
63,18,0.15151515151515152
63,18,0.1388888888888889
63,18,0.2702702702702703
63,18,0.16393442622950818
63,18,0.30303030303030304
63,18,0.2564102564102564
63,18,0.18518518518518517
63,18,0.23809523809523808
63,18,0.18518518518518517
63,18,0.21739130434782608
63,18,0.2
63,18,0.2222222222222222
63,18,0.1694915254237288
63,18,0.15151515151515152
63,18,0.16393442622950818
63,18,0.2702702702702703
63,18,0.2564102564102564
63,18,0.2631578947368421
63,18,0.15873015873015872
63,18,0.2702702702702703
63,18,0.14084507042253522
63,18,0.2
63,18,0.1282051282051282
63,18,0.2857142857142857
63,18,0.2222222222222222
63,18,0.18867924528301888
63,18,0.11904761904761904
63,18,0.10204081632653061
63,18,0.17857142857142858
63,18,0.24390243902439024
63,18,0.14705882352941177
63,18,0.15151515151515152
63,18,0.12987012987012986
63,18,0.16393442622950818
63,18,0.2564102564102564
63,18,0.29411764705882354
63,18,0.15625
84,24,0.17543859649122806
84,24,0.20408163265306123
84,24,0.14084507042253522
84,24,0.18518518518518517
84,24,0.2564102564102564
84,24,0.20408163265306123
84,24,0.24390243902439024
84,24,0.3333333333333333
84,24,0.24390243902439024
84,24,0.2127659574468085
84,24,0.10416666666666667
84,24,0.17543859649122806
84,24,0.20408163265306123
84,24,0.30303030303030304
84,24,0.2857142857142857
84,24,0.2702702702702703
84,24,0.17857142857142858
84,24,0.20833333333333334
84,24,0.18518518518518517
84,24,0.24390243902439024
84,24,0.23809523809523808
84,24,0.4
84,24,0.22727272727272727
84,24,0.2777777777777778
84,24,0.1282051282051282
84,24,0.18518518518518517
84,24,0.2702702702702703
84,24,0.14705882352941177
84,24,0.18867924528301888
84,24,0.3333333333333333
84,24,0.2564102564102564
84,24,0.24390243902439024
84,24,0.25
84,24,0.18181818181818182
84,24,0.22727272727272727
84,24,0.18867924528301888
84,24,0.11627906976744186
84,24,0.24390243902439024
84,24,0.3225806451612903
84,24,0.23255813953488372
84,24,0.23255813953488372
84,24,0.2857142857142857
84,24,0.14285714285714285
84,24,0.3225806451612903
84,24,0.15625
84,24,0.17543859649122806
84,24,0.3125
84,24,0.2857142857142857
84,24,0.19607843137254902
84,24,0.2631578947368421
105,30,0.3225806451612903
105,30,0.25
105,30,0.37037037037037035
105,30,0.24390243902439024
105,30,0.2857142857142857
105,30,0.2222222222222222
105,30,0.24390243902439024
105,30,0.3333333333333333
105,30,0.43478260869565216
105,30,0.47619047619047616
105,30,0.29411764705882354
105,30,0.18518518518518517
105,30,0.23809523809523808
105,30,0.37037037037037035
105,30,0.4166666666666667
105,30,0.5
105,30,0.38461538461538464
105,30,0.30303030303030304
105,30,0.5263157894736842
105,30,0.3125
105,30,0.37037037037037035
105,30,0.35714285714285715
105,30,0.2702702702702703
105,30,0.21739130434782608
105,30,0.38461538461538464
105,30,0.2777777777777778
105,30,0.43478260869565216
105,30,0.35714285714285715
105,30,0.16666666666666666
105,30,0.23809523809523808
105,30,0.3125
105,30,0.3125
105,30,0.45454545454545453
105,30,0.2127659574468085
105,30,0.25
105,30,0.20408163265306123
105,30,0.20833333333333334
105,30,0.22727272727272727
105,30,0.35714285714285715
105,30,0.4
105,30,0.3333333333333333
105,30,0.29411764705882354
105,30,0.3448275862068966
105,30,0.29411764705882354
105,30,0.38461538461538464
105,30,0.23809523809523808
105,30,0.3448275862068966
105,30,0.21739130434782608
105,30,0.22727272727272727
105,30,0.4
126,36,0.2777777777777778
126,36,0.3448275862068966
126,36,0.2857142857142857
126,36,0.5555555555555556
126,36,0.4166666666666667
126,36,0.3125
126,36,0.43478260869565216
126,36,0.37037037037037035
126,36,0.5263157894736842
126,36,0.4166666666666667
126,36,0.2631578947368421
126,36,0.43478260869565216
126,36,0.2777777777777778
126,36,0.3125
126,36,0.3225806451612903
126,36,0.18518518518518517
126,36,0.625
126,36,0.2777777777777778
126,36,0.45454545454545453
126,36,0.38461538461538464
126,36,0.2777777777777778
126,36,0.3225806451612903
126,36,0.4
126,36,0.2564102564102564
126,36,0.3225806451612903
126,36,0.17857142857142858
126,36,0.30303030303030304
126,36,0.43478260869565216
126,36,0.5
126,36,0.2631578947368421
