15,8,0.7142857142857143
15,8,0.5555555555555556
15,8,0.7692307692307693
15,8,0.625
15,8,0.45454545454545453
15,8,0.625
15,8,0.7692307692307693
15,8,0.6666666666666666
15,8,0.625
15,8,0.6666666666666666
30,16,0.7692307692307693
30,16,1
30,16,0.9090909090909091
30,16,0.8333333333333334
30,16,0.7142857142857143
30,16,0.7692307692307693
30,16,0.7692307692307693
30,16,0.7692307692307693
30,16,0.7692307692307693
30,16,0.7142857142857143
45,24,0.8333333333333334
45,24,1
45,24,1
45,24,1
45,24,1
45,24,1
45,24,0.9090909090909091
45,24,1
45,24,0.8333333333333334
45,24,1
60,32,1
60,32,1
60,32,1
60,32,1
60,32,1
60,32,0.9090909090909091
60,32,0.9090909090909091
60,32,1
60,32,1
60,32,1
75,40,1
75,40,1
75,40,1
75,40,1
75,40,0.9090909090909091
75,40,1
75,40,1
75,40,1
75,40,0.9090909090909091
75,40,1
90,48,1
90,48,1
90,48,1
90,48,1
90,48,1
90,48,1
90,48,1
90,48,1
90,48,1
90,48,1
