24,4,0.02079002079002079,5 2  1 0 1 0 1
12,2,0.006754474839581222,3 2  1 1 1
12,2,0.009182736455463728,3 2  1 1 1
24,4,0.021574973031283712,5 2  1 0 1 0 1
12,2,0.008798944126704795,3 2  1 1 1
24,4,0.028050490883590462,5 2  1 0 1 0 1
12,2,0.007578628268283441,3 2  1 1 1
12,2,0.016420361247947456,3 2  1 1 1
24,4,0.01774622892635315,5 2  1 0 1 0 1
24,4,0.02100840336134454,5 2  1 0 1 0 1
48,8,0.034722222222222224,9 2  1 0 0 0 1 0 0 0 1
48,8,0.03395585738539898,9 2  1 0 0 0 1 0 0 0 1
48,8,0.05115089514066496,9 2  1 0 0 0 1 0 0 0 1
72,12,0.05263157894736842,13 2  1 0 0 0 0 0 1 0 0 0 0 0 1
36,6,0.002976633427593392,7 2  1 1 0 1 0 1 1
48,8,0.025380710659898477,9 2  1 0 0 0 1 0 0 0 1
72,12,0.056179775280898875,13 2  1 0 0 0 0 0 1 0 0 0 0 0 1
48,8,0.04739336492890995,9 2  1 0 0 0 1 0 0 0 1
72,12,0.04739336492890995,13 2  1 0 0 0 0 0 1 0 0 0 0 0 1
72,12,0.0749063670411985,13 2  1 0 0 0 0 0 1 0 0 0 0 0 1
72,12,0.06451612903225806,13 2  1 0 0 0 0 0 1 0 0 0 0 0 1
36,6,0.002427479062993082,7 2  1 1 0 1 0 1 1
96,16,0.06472491909385113,17 2  1 0 0 0 0 0 0 0 1 0 0 0 0 0 0 0 1
96,16,0.08438818565400844,17 2  1 0 0 0 0 0 0 0 1 0 0 0 0 0 0 0 1
36,6,0.003723701359150996,7 2  1 1 0 1 0 1 1
96,16,0.055248618784530384,17 2  1 0 0 0 0 0 0 0 1 0 0 0 0 0 0 0 1
36,6,0.035523978685612786,7 2  1 0 0 1 0 0 1
96,16,0.0851063829787234,17 2  1 0 0 0 0 0 0 0 1 0 0 0 0 0 0 0 1
96,16,0.10050251256281408,17 2  1 0 0 0 0 0 0 0 1 0 0 0 0 0 0 0 1
36,6,0.004074149521287432,7 2  1 1 0 1 0 1 1
108,18,0.06802721088435375,19 2  1 0 0 0 0 0 0 0 0 1 0 0 0 0 0 0 0 0 1
36,6,0.0322061191626409,7 2  1 0 0 1 0 0 1
108,18,0.09900990099009901,19 2  1 0 0 0 0 0 0 0 0 1 0 0 0 0 0 0 0 0 1
36,6,0.021141649048625793,7 2  1 0 0 1 0 0 1
108,18,0.09950248756218906,19 2  1 0 0 0 0 0 0 0 0 1 0 0 0 0 0 0 0 0 1
108,18,0.06756756756756757,19 2  1 0 0 0 0 0 0 0 0 1 0 0 0 0 0 0 0 0 1
108,18,0.10638297872340426,19 2  1 0 0 0 0 0 0 0 0 1 0 0 0 0 0 0 0 0 1
36,6,0.0037313432835820895,7 2  1 1 0 1 0 1 1
36,6,0.0258732212160414,7 2  1 0 0 1 0 0 1
36,6,0.027359781121751026,7 2  1 0 0 1 0 0 1
120,20,0.021436227224008574,21 2  1 0 0 1 1 0 0 0 1 0 0 1 1 0 0 0 1 0 0 1 1
72,12,0.005654509471303365,13 2  1 0 1 0 0 0 1 0 0 0 1 0 1
120,20,0.011730205278592375,21 2  1 0 0 1 1 0 0 0 1 0 0 1 1 0 0 0 1 0 0 1 1
72,12,0.004465282429113641,13 2  1 0 1 0 0 0 1 0 0 0 1 0 1
120,20,0.01702127659574468,21 2  1 1 1 1 1 0 0 0 1 1 1 1 1 0 0 0 1 1 1 1 1
72,12,0.009250693802035153,13 2  1 0 1 0 0 0 1 0 0 0 1 0 1
120,20,0.03424657534246575,21 2  1 1 1 1 1 0 0 0 1 1 1 1 1 0 0 0 1 1 1 1 1
72,12,0.006321112515802781,13 2  1 0 1 0 0 0 1 0 0 0 1 0 1
120,20,0.017346053772766695,21 2  1 1 0 0 1 0 0 0 1 1 0 0 1 0 0 0 1 1 0 0 1
120,20,0.025094102885821833,21 2  1 1 0 0 1 0 0 0 1 1 0 0 1 0 0 0 1 1 0 0 1
72,12,0.004687133817670494,13 2  1 0 1 0 0 0 1 0 0 0 1 0 1
120,20,0.018726591760299626,21 2  1 1 1 1 1 0 0 0 1 1 1 1 1 0 0 0 1 1 1 1 1
120,20,0.016680567139282735,21 2  1 0 0 1 1 0 0 0 1 0 0 1 1 0 0 0 1 0 0 1 1
120,20,0.01759014951627089,21 2  1 1 0 0 1 0 0 0 1 1 0 0 1 0 0 0 1 1 0 0 1
120,20,0.02053388090349076,21 2  1 1 1 1 1 0 0 0 1 1 1 1 1 0 0 0 1 1 1 1 1
120,20,0.02044989775051125,21 2  1 1 0 0 1 0 0 0 1 1 0 0 1 0 0 0 1 1 0 0 1
120,20,0.13513513513513514,21 2  1 0 0 0 0 0 0 0 0 0 1 0 0 0 0 0 0 0 0 0 1
120,20,0.06622516556291391,21 2  1 0 0 0 0 0 0 0 0 0 1 0 0 0 0 0 0 0 0 0 1
120,20,0.07326007326007326,21 2  1 0 0 0 0 0 0 0 0 0 1 0 0 0 0 0 0 0 0 0 1
120,20,0.07092198581560284,21 2  1 0 0 0 0 0 0 0 0 0 1 0 0 0 0 0 0 0 0 0 1
120,20,0.07874015748031496,21 2  1 0 0 0 0 0 0 0 0 0 1 0 0 0 0 0 0 0 0 0 1
84,14,0.000562793707966345,15 2  1 1 1 0 0 1 0 0 0 1 0 0 1 0 1
120,20,0.013422818791946308,21 2  1 1 1 1 1 0 0 0 1 1 1 1 1 0 0 0 1 1 1 1 1
120,20,0.02574002574002574,21 2  1 1 0 0 1 0 0 0 1 1 0 0 1 0 0 0 1 1 0 0 1
84,14,0.0037030179596371044,15 2  1 1 1 0 1 1 1 0 0 0 0 0 1 1 1
120,20,0.016778523489932886,21 2  1 0 0 1 1 0 0 0 1 0 0 1 1 0 0 0 1 0 0 1 1
120,20,0.018083182640144666,21 2  1 0 0 1 1 0 0 0 1 0 0 1 1 0 0 0 1 0 0 1 1
84,14,0.0047789725209080045,15 2  1 1 1 0 0 0 0 0 1 1 1 0 1 1 1
84,14,0.005011275369581559,15 2  1 1 1 0 1 1 1 0 0 0 0 0 1 1 1
84,14,0.005885815185403178,15 2  1 1 1 0 0 0 0 0 1 1 1 0 1 1 1
84,14,0.004362050163576881,15 2  1 1 1 0 1 1 1 0 0 0 0 0 1 1 1
84,14,0.004470272686633884,15 2  1 1 1 0 0 0 0 0 1 1 1 0 1 1 1
108,18,0.014336917562724014,19 2  1 0 0 1 0 0 0 0 0 1 0 0 0 0 0 1 0 0 1
108,18,0.011961722488038277,19 2  1 0 0 1 0 0 0 0 0 1 0 0 0 0 0 1 0 0 1
108,18,0.011799410029498525,19 2  1 0 0 1 0 0 0 0 0 1 0 0 0 0 0 1 0 0 1
108,18,0.009675858732462506,19 2  1 0 0 1 0 0 0 0 0 1 0 0 0 0 0 1 0 0 1
108,18,0.008605851979345954,19 2  1 0 0 1 0 0 0 0 0 1 0 0 0 0 0 1 0 0 1
120,20,0.000541682465738584,21 2  1 1 0 0 0 1 0 0 1 0 0 0 0 0 0 0 1 1 0 0 1
120,20,0.0005789214693026891,21 2  1 0 0 1 1 0 0 0 0 0 0 0 1 0 0 1 0 0 0 1 1
120,20,0.0005507517761744781,21 2  1 1 0 0 0 1 0 0 1 0 0 0 0 0 0 0 1 1 0 0 1
120,20,0.0006152899553914783,21 2  1 0 0 1 1 0 0 0 0 0 0 0 1 0 0 1 0 0 0 1 1
60,10,0.000011141353696756864,11 2  1 1 0 0 0 0 0 1 1 0 1
120,20,0.000028954748071975714,21 2  1 0 1 0 0 0 0 0 0 0 0 0 0 0 1 0 1 0 0 0 1
60,10,0.00001967798938175693,11 2  1 0 1 1 0 0 0 0 0 1 1
60,10,0.000024786679638362346,11 2  1 0 0 1 1 1 1 1 0 0 1
120,20,0.0000308850258584879,21 2  1 0 0 0 1 0 1 0 0 0 0 0 0 0 0 0 0 0 1 0 1
60,10,0.000017471780889890215,11 2  1 0 0 1 1 1 1 1 0 0 1
84,14,0.000007477784437160252,15 2  1 0 1 0 1 1 0 1 0 1 0 0 1 1 1
120,20,0.0000389969972312132,21 2  1 0 0 0 0 0 1 0 1 0 1 0 1 0 1 0 0 0 0 0 1
60,10,0.000016979024113610046,11 2  1 1 0 0 0 0 0 1 1 0 1
60,10,0.03590664272890485,11 2  1 0 0 0 0 1 0 0 0 0 1
60,10,0.050505050505050504,11 2  1 0 0 0 0 1 0 0 0 0 1
60,10,0.053763440860215055,11 2  1 0 0 0 0 1 0 0 0 0 1
60,10,0.045146726862302484,11 2  1 0 0 0 0 1 0 0 0 0 1
60,10,0.05063291139240506,11 2  1 0 0 0 0 1 0 0 0 0 1
60,10,0.000014920796681017986,11 2  1 0 1 1 0 0 0 0 0 1 1
60,10,0.00003225218629507848,11 2  1 0 1 1 0 0 0 0 0 1 1
120,20,0.000025981584253081415,21 2  1 0 0 0 0 0 1 0 1 0 1 0 1 0 1 0 0 0 0 0 1
60,10,0.000017577333676677253,11 2  1 0 1 1 0 0 0 0 0 1 1
84,14,0.000007756143738406989,15 2  1 0 1 0 1 1 0 1 0 1 0 0 1 1 1
120,20,0.00002727917507774565,21 2  1 0 1 0 0 0 0 0 0 0 0 0 0 0 1 0 1 0 0 0 1
60,10,0.000011138493240326914,11 2  1 1 0 0 0 0 0 1 1 0 1
60,10,0.000024031933633412078,11 2  1 0 0 1 1 1 1 1 0 0 1
120,20,0.00003432138891796673,21 2  1 0 0 0 1 0 1 0 0 0 0 0 0 0 0 0 0 0 1 0 1
60,10,0.00001729598093291062,11 2  1 0 1 1 0 0 0 0 0 1 1
84,14,0.000008425600682136631,15 2  1 0 1 0 1 1 0 1 0 1 0 0 1 1 1
120,20,0.000030090255722038253,21 2  1 0 0 0 1 0 1 0 0 0 0 0 0 0 0 0 0 0 1 0 1
60,10,0.000014669241607543511,11 2  1 1 0 0 0 0 0 1 1 0 1
60,10,0.000019656927641866502,11 2  1 0 0 1 1 1 1 1 0 0 1
120,20,0.00003306473744945228,21 2  1 0 0 0 1 0 1 0 0 0 0 0 0 0 0 0 0 0 1 0 1
60,10,0.000017771048474088922,11 2  1 0 0 1 1 1 1 1 0 0 1
120,20,0.0000631610195451775,21 2  1 0 1 0 0 0 0 0 0 0 0 0 0 0 1 0 1 0 0 0 1
60,10,0.00002186427967037412,11 2  1 1 0 0 0 0 0 1 1 0 1
120,20,0.00003966491083328045,21 2  1 0 0 0 0 0 1 0 1 0 1 0 1 0 1 0 0 0 0 0 1
84,14,0.000007879059586963939,15 2  1 0 1 0 1 1 0 1 0 1 0 0 1 1 1
84,14,0.056338028169014086,15 2  1 0 0 0 0 0 0 1 0 0 0 0 0 0 1
84,14,0.08130081300813008,15 2  1 0 0 0 0 0 0 1 0 0 0 0 0 0 1
84,14,0.10152284263959391,15 2  1 0 0 0 0 0 0 1 0 0 0 0 0 0 1
84,14,0.08620689655172414,15 2  1 0 0 0 0 0 0 1 0 0 0 0 0 0 1
84,14,0.04830917874396135,15 2  1 0 0 0 0 0 0 1 0 0 0 0 0 0 1
84,14,0.0054333061668024995,15 2  1 1 1 0 0 0 0 0 1 1 1 0 1 1 1
84,14,0.00796812749003984,15 2  1 1 1 0 1 1 1 0 0 0 0 0 1 1 1
84,14,0.004503490204908804,15 2  1 1 1 0 0 0 0 0 1 1 1 0 1 1 1
84,14,0.004569339730408956,15 2  1 1 1 0 1 1 1 0 0 0 0 0 1 1 1
84,14,0.0005521963610259808,15 2  1 1 1 0 0 1 0 0 0 1 0 0 1 0 1
84,14,0.00029099374363451185,15 2  1 0 1 0 0 1 0 0 0 1 0 0 1 1 1
84,14,0.00044499822000712,15 2  1 0 1 0 0 1 0 0 0 1 0 0 1 1 1
120,20,0.00003081706834147161,21 2  1 0 0 0 1 0 1 0 0 0 0 0 0 0 0 0 0 0 1 0 1
120,20,0.00003596384913884563,21 2  1 0 1 0 0 0 0 0 0 0 0 0 0 0 1 0 1 0 0 0 1
120,20,0.000035117846714110876,21 2  1 0 0 0 0 0 1 0 1 0 1 0 1 0 1 0 0 0 0 0 1
84,14,0.000007326557488749155,15 2  1 1 1 0 0 1 0 1 0 1 1 0 1 0 1
120,20,0.00003808508207335187,21 2  1 0 0 0 0 0 1 0 1 0 1 0 1 0 1 0 0 0 0 0 1
120,20,0.00003037482534475427,21 2  1 0 1 0 0 0 0 0 0 0 0 0 0 0 1 0 1 0 0 0 1
120,20,0.0004961424921237379,21 2  1 0 0 1 1 0 0 0 0 0 0 0 1 0 0 1 0 0 0 1 1
120,20,0.0004930237144406646,21 2  1 1 0 0 0 1 0 0 1 0 0 0 0 0 0 0 1 1 0 0 1
120,20,0.000708114997875655,21 2  1 0 0 1 1 0 0 0 0 0 0 0 1 0 0 1 0 0 0 1 1
120,20,0.0012578616352201257,21 2  1 1 0 0 0 1 0 0 1 0 0 0 0 0 0 0 1 1 0 0 1
120,20,0.0006204628652975119,21 2  1 1 0 0 0 1 0 0 1 0 0 0 0 0 0 0 1 1 0 0 1
120,20,0.0006169031462060457,21 2  1 0 0 1 1 0 0 0 0 0 0 0 1 0 0 1 0 0 0 1 1
84,14,0.000006936306326709045,15 2  1 1 1 0 0 1 0 1 0 1 1 0 1 0 1
84,14,0.00000900638011967678,15 2  1 1 1 0 0 1 0 1 0 1 1 0 1 0 1
84,14,0.00000925113025683913,15 2  1 1 1 0 0 1 0 1 0 1 1 0 1 0 1
84,14,0.0007041509699679612,15 2  1 1 1 0 0 1 0 0 0 1 0 0 1 0 1
84,14,0.000009131206766589462,15 2  1 0 1 0 1 1 0 1 0 1 0 0 1 1 1
84,14,0.0007246114271222057,15 2  1 0 1 0 0 1 0 0 0 1 0 0 1 1 1
84,14,0.0008258320257659592,15 2  1 1 1 0 0 1 0 0 0 1 0 0 1 0 1
84,14,0.0000069372181755116196,15 2  1 1 1 0 0 1 0 1 0 1 1 0 1 0 1
84,14,0.00044766765153550004,15 2  1 1 1 0 0 1 0 0 0 1 0 0 1 0 1
84,14,0.0005466721333880005,15 2  1 0 1 0 0 1 0 0 0 1 0 0 1 1 1
84,14,0.0005044517870204555,15 2  1 0 1 0 0 1 0 0 0 1 0 0 1 1 1
84,14,0.0007330840847445202,15 2  1 0 1 0 1 0 0 0 1 0 0 0 0 0 1
84,14,0.0006087353523055851,15 2  1 0 0 0 0 0 1 0 0 0 1 0 1 0 1
84,14,0.0005152912683894571,15 2  1 0 1 0 1 0 0 0 1 0 0 0 0 0 1
84,14,0.0007024938531787847,15 2  1 0 1 0 1 0 0 0 1 0 0 0 0 0 1
84,14,0.0005012656958821024,15 2  1 0 0 0 0 0 1 0 0 0 1 0 1 0 1
84,14,0.0004484103851845209,15 2  1 0 0 0 0 0 1 0 0 0 1 0 1 0 1
84,14,0.0006606110652353427,15 2  1 0 1 0 1 0 0 0 1 0 0 0 0 0 1
84,14,0.0006881365262868153,15 2  1 0 0 0 0 0 1 0 0 0 1 0 1 0 1
84,14,0.0007326007326007326,15 2  1 0 1 0 1 0 0 0 1 0 0 0 0 0 1
84,14,0.0005869922517022776,15 2  1 0 0 0 0 0 1 0 0 0 1 0 1 0 1
