10,4,0.39215686274509803,22
10,4,0.29850746268656714,22
10,4,0.2857142857142857,28
10,4,0.3076923076923077,24
10,4,0.31746031746031744,24
10,4,0.37735849056603776,28
10,4,0.38461538461538464,22
10,4,0.36363636363636365,24
10,4,0.5882352941176471,28
10,4,0.3389830508474576,22
10,4,0.273972602739726,28
10,4,0.3508771929824561,22
10,4,0.30303030303030304,22
10,4,0.32786885245901637,28
10,4,0.32786885245901637,22
20,8,0.47619047619047616,44
20,8,0.5555555555555556,46
20,8,0.45454545454545453,56
20,8,0.6896551724137931,44
20,8,0.625,50
20,8,0.4878048780487805,58
20,8,0.5405405405405406,44
20,8,0.5128205128205128,44
20,8,0.6451612903225806,56
20,8,0.5714285714285714,44
20,8,0.6451612903225806,56
20,8,0.7692307692307693,46
20,8,0.5,44
20,8,0.6451612903225806,56
20,8,0.37037037037037035,44
30,12,0.47619047619047616,231
30,12,0.43478260869565216,233
30,12,0.3333333333333333,92
30,12,0.5882352941176471,105
30,12,0.38461538461538464,122
30,12,0.6896551724137931,106
30,12,0.46511627906976744,100
30,12,0.4166666666666667,110
30,12,0.5405405405405406,94
30,12,0.46511627906976744,232
30,12,0.5555555555555556,100
30,12,0.45454545454545453,113
30,12,0.2702702702702703,115
30,12,0.5263157894736842,120
30,12,0.36363636363636365,96
30,12,0.5263157894736842,94
30,12,0.5,124
30,12,0.4166666666666667,94
30,12,0.39215686274509803,98
30,12,0.24691358024691357,104
40,16,0.9090909090909091,90
40,16,0.7692307692307693,96
40,16,0.8695652173913043,126
40,16,1,94
40,16,0.8695652173913043,92
40,16,0.8333333333333334,114
40,16,0.8,98
40,16,0.8333333333333334,92
40,16,0.7692307692307693,114
40,16,0.8333333333333334,92
40,16,0.7142857142857143,112
40,16,0.7692307692307693,88
40,16,0.9090909090909091,88
40,16,0.8695652173913043,116
40,16,0.8,88
50,20,0.9090909090909091,114
50,20,0.9090909090909091,129
50,20,0.9090909090909091,144
50,20,0.8,124
50,20,0.8695652173913043,120
50,20,0.9090909090909091,142
50,20,0.9090909090909091,114
50,20,0.9523809523809523,110
50,20,0.9523809523809523,142
50,20,0.8695652173913043,118
50,20,0.8695652173913043,140
50,20,0.8333333333333334,112
50,20,1,120
50,20,0.8695652173913043,140
50,20,0.8333333333333334,116
60,24,0.9090909090909091,464
60,24,0.9523809523809523,473
60,24,0.7407407407407407,198
60,24,0.5405405405405406,216
60,24,0.7692307692307693,206
60,24,0.6896551724137931,230
60,24,0.9090909090909091,199
60,24,0.6666666666666666,226
60,24,0.7142857142857143,197
60,24,0.8695652173913043,465
60,24,0.6666666666666666,214
60,24,0.7692307692307693,218
60,24,0.4878048780487805,216
60,24,0.6451612903225806,241
60,24,0.6896551724137931,210
60,24,0.5714285714285714,209
60,24,0.6896551724137931,208
60,24,0.6896551724137931,196
60,24,0.7692307692307693,192
60,24,0.7407407407407407,215
70,28,0.9523809523809523,158
70,28,0.9090909090909091,158
70,28,1,224
70,28,1,168
70,28,0.9523809523809523,176
70,28,1,200
70,28,0.8695652173913043,177
70,28,1,160
70,28,0.9523809523809523,196
70,28,1,158
70,28,0.9523809523809523,200
70,28,0.9090909090909091,154
70,28,0.9523809523809523,156
70,28,0.9090909090909091,196
70,28,0.8695652173913043,164
80,32,1,178
80,32,0.9090909090909091,238
80,32,1,266
80,32,0.9523809523809523,192
80,32,1,194
80,32,1,230
80,32,1,212
80,32,0.9523809523809523,184
80,32,1,224
80,32,1,184
80,32,0.9090909090909091,224
80,32,1,178
80,32,1,188
80,32,0.9523809523809523,226
80,32,0.8695652173913043,184
90,36,1,696
90,36,0.9523809523809523,709
90,36,0.8333333333333334,307
90,36,0.7692307692307693,330
90,36,0.8695652173913043,306
90,36,0.8695652173913043,318
90,36,0.6896551724137931,310
90,36,0.8333333333333334,347
90,36,0.6896551724137931,296
90,36,0.9090909090909091,747
90,36,0.7142857142857143,276
90,36,0.7692307692307693,335
90,36,0.7692307692307693,334
90,36,0.8,322
90,36,0.8333333333333334,302
90,36,0.8,287
90,36,0.8695652173913043,336
90,36,0.7407407407407407,320
90,36,0.9523809523809523,286
90,36,0.9090909090909091,318
