14,3,0.024539877300613498
14,3,0.01762114537444934
14,3,0.021534320323014805
14,3,0.01568627450980392
14,3,0.017075773745997867
14,3,0.02282453637660485
14,3,0.0365296803652968
14,3,0.024390243902439025
14,3,0.0243531202435312
14,3,0.02102496714848883
14,3,0.02053915275994865
14,3,0.024883359253499222
14,3,0.0214190093708166
14,3,0.021768707482993196
14,3,0.03669724770642202
14,3,0.02457757296466974
14,3,0.01579466929911155
14,3,0.022315202231520222
14,3,0.02038216560509554
14,3,0.0215633423180593
14,3,0.019925280199252802
14,3,0.016913319238900635
14,3,0.023633677991137372
14,3,0.015625
14,3,0.021447721179624665
14,3,0.01839080459770115
14,3,0.024464831804281346
14,3,0.01641025641025641
14,3,0.027164685908319185
14,3,0.015165876777251185
14,3,0.01951219512195122
14,3,0.02877697841726619
14,3,0.015340364333652923
14,3,0.02472952086553323
14,3,0.01536983669548511
14,3,0.021828103683492497
14,3,0.020356234096692113
14,3,0.018867924528301886
14,3,0.02702702702702703
14,3,0.013973799126637555
14,3,0.017937219730941704
14,3,0.021080368906455864
14,3,0.014801110083256245
14,3,0.026755852842809364
14,3,0.02909090909090909
14,3,0.014925373134328358
14,3,0.022988505747126436
14,3,0.02119205298013245
14,3,0.017718715393133997
14,3,0.017259978425026967
14,3,0.01702127659574468
28,6,0.057971014492753624
28,6,0.02857142857142857
28,6,0.05405405405405406
28,6,0.046242774566473986
28,6,0.050314465408805034
28,6,0.060836501901140684
28,6,0.04610951008645533
28,6,0.03950617283950617
28,6,0.05947955390334572
28,6,0.045845272206303724
28,6,0.0893854748603352
28,6,0.04145077720207254
28,6,0.049689440993788817
28,6,0.04610951008645533
28,6,0.04040404040404041
28,6,0.0449438202247191
28,6,0.043596730245231606
28,6,0.06060606060606061
28,6,0.02689075630252101
28,6,0.06986899563318777
28,6,0.0440771349862259
28,6,0.03931203931203931
28,6,0.0425531914893617
28,6,0.048484848484848485
28,6,0.029304029304029304
28,6,0.050955414012738856
28,6,0.06374501992031872
28,6,0.0399002493765586
28,6,0.026578073089700997
28,6,0.08333333333333333
28,6,0.035955056179775284
28,6,0.03669724770642202
28,6,0.03180914512922465
28,6,0.03219315895372234
28,6,0.031936127744510975
28,6,0.040100250626566414
28,6,0.030534351145038167
28,6,0.0223463687150838
28,6,0.050314465408805034
28,6,0.025
28,6,0.0399002493765586
28,6,0.07339449541284404
28,6,0.04833836858006042
28,6,0.044444444444444446
28,6,0.06639004149377593
28,6,0.026578073089700997
28,6,0.05351170568561873
28,6,0.035398230088495575
28,6,0.04790419161676647
28,6,0.03855421686746988
42,9,0.08163265306122448
42,9,0.055944055944055944
42,9,0.11188811188811189
42,9,0.06866952789699571
42,9,0.07142857142857142
42,9,0.06177606177606178
42,9,0.06504065040650407
42,9,0.04610951008645533
42,9,0.03333333333333333
42,9,0.06177606177606178
42,9,0.045454545454545456
42,9,0.06611570247933884
42,9,0.0440771349862259
42,9,0.05517241379310345
42,9,0.061068702290076333
42,9,0.06611570247933884
42,9,0.04221635883905013
42,9,0.06130268199233716
42,9,0.0486322188449848
42,9,0.049079754601226995
42,9,0.052980132450331126
42,9,0.06611570247933884
42,9,0.064
42,9,0.033126293995859216
42,9,0.07017543859649122
42,9,0.052980132450331126
42,9,0.06694560669456066
42,9,0.0431266846361186
42,9,0.04984423676012461
42,9,0.08121827411167512
42,9,0.050955414012738856
42,9,0.05517241379310345
42,9,0.06374501992031872
42,9,0.06722689075630252
42,9,0.064
42,9,0.07441860465116279
42,9,0.06015037593984962
42,9,0.0761904761904762
42,9,0.08205128205128205
42,9,0.05755395683453238
42,9,0.06274509803921569
42,9,0.06896551724137931
42,9,0.07174887892376682
42,9,0.06926406926406926
42,9,0.05211726384364821
42,9,0.08
42,9,0.056140350877192984
42,9,0.052805280528052806
42,9,0.046511627906976744
42,9,0.0453257790368272
56,12,0.06956521739130435
56,12,0.11851851851851852
56,12,0.07729468599033816
56,12,0.06477732793522267
56,12,0.05947955390334572
56,12,0.12030075187969924
56,12,0.061068702290076333
56,12,0.1
56,12,0.10810810810810811
56,12,0.05947955390334572
56,12,0.08888888888888889
56,12,0.11594202898550725
56,12,0.0903954802259887
56,12,0.08333333333333333
56,12,0.11188811188811189
56,12,0.047619047619047616
56,12,0.07511737089201878
56,12,0.08376963350785341
56,12,0.11851851851851852
56,12,0.09876543209876543
56,12,0.16161616161616163
56,12,0.09580838323353294
56,12,0.06837606837606838
56,12,0.07111111111111111
56,12,0.06986899563318777
56,12,0.06751054852320675
56,12,0.09090909090909091
56,12,0.06808510638297872
56,12,0.07174887892376682
56,12,0.08121827411167512
56,12,0.0653061224489796
56,12,0.07655502392344497
56,12,0.0963855421686747
56,12,0.05177993527508091
56,12,0.13675213675213677
56,12,0.06611570247933884
56,12,0.0761904761904762
56,12,0.06611570247933884
56,12,0.07476635514018691
56,12,0.1
56,12,0.07339449541284404
56,12,0.07441860465116279
56,12,0.12121212121212122
56,12,0.08376963350785341
56,12,0.1553398058252427
56,12,0.056140350877192984
56,12,0.07960199004975124
56,12,0.07511737089201878
56,12,0.1
56,12,0.09090909090909091
70,15,0.08888888888888889
70,15,0.0855614973262032
70,15,0.1322314049586777
70,15,0.08205128205128205
70,15,0.11678832116788321
70,15,0.10666666666666667
70,15,0.09467455621301775
70,15,0.11188811188811189
70,15,0.09090909090909091
70,15,0.0893854748603352
70,15,0.13793103448275862
70,15,0.1
70,15,0.10596026490066225
70,15,0.07582938388625593
70,15,0.1111111111111111
70,15,0.16842105263157894
70,15,0.12307692307692308
70,15,0.12307692307692308
70,15,0.15384615384615385
70,15,0.08602150537634409
70,15,0.09815950920245399
70,15,0.14035087719298245
70,15,0.09937888198757763
70,15,0.1038961038961039
70,15,0.0855614973262032
70,15,0.08333333333333333
70,15,0.10884353741496598
70,15,0.07017543859649122
70,15,0.07582938388625593
70,15,0.07511737089201878
70,15,0.08648648648648649
70,15,0.11764705882352941
70,15,0.12698412698412698
70,15,0.08743169398907104
70,15,0.11428571428571428
70,15,0.1032258064516129
70,15,0.08743169398907104
70,15,0.11594202898550725
70,15,0.09696969696969697
70,15,0.11510791366906475
70,15,0.15841584158415842
70,15,0.11267605633802817
70,15,0.0935672514619883
70,15,0.07804878048780488
70,15,0.1322314049586777
70,15,0.11594202898550725
70,15,0.0893854748603352
70,15,0.12030075187969924
70,15,0.12698412698412698
70,15,0.16161616161616163
84,18,0.128
84,18,0.13333333333333333
84,18,0.21333333333333335
84,18,0.10810810810810811
84,18,0.1415929203539823
84,18,0.07476635514018691
84,18,0.14545454545454545
84,18,0.09302325581395349
84,18,0.11347517730496454
84,18,0.1523809523809524
84,18,0.004416229643941485
84,18,0.1509433962264151
84,18,0.13008130081300814
84,18,0.18181818181818182
84,18,0.21333333333333335
84,18,0.08602150537634409
84,18,0.16161616161616163
84,18,0.19047619047619047
84,18,0.13114754098360656
84,18,0.005538248528902735
84,18,0.006382130035899481
84,18,0.18823529411764706
84,18,0.10596026490066225
84,18,0.1509433962264151
84,18,0.003744441844137608
84,18,0.08121827411167512
84,18,0.11188811188811189
84,18,0.10256410256410256
84,18,0.12213740458015267
84,18,0.0463768115942029
84,18,0.1415929203539823
84,18,0.09580838323353294
84,18,0.14814814814814814
84,18,0.13114754098360656
84,18,0.10526315789473684
84,18,0.11267605633802817
84,18,0.11678832116788321
84,18,0.19753086419753085
84,18,0.16
84,18,0.21052631578947367
84,18,0.09195402298850575
84,18,0.10666666666666667
84,18,0.12213740458015267
84,18,0.12030075187969924
84,18,0.13559322033898305
84,18,0.10256410256410256
84,18,0.1322314049586777
84,18,0.13793103448275862
84,18,0.12307692307692308
84,18,0.1509433962264151
98,21,0.08
98,21,0.19047619047619047
98,21,0.16161616161616163
98,21,0.13793103448275862
98,21,0.2
98,21,0.13793103448275862
98,21,0.1553398058252427
98,21,0.16161616161616163
98,21,0.128
98,21,0.17204301075268819
98,21,0.20253164556962025
98,21,0.1553398058252427
98,21,0.16161616161616163
98,21,0.16326530612244897
98,21,0.13793103448275862
98,21,0.10810810810810811
98,21,0.12598425196850394
98,21,0.0963855421686747
98,21,0.18604651162790697
98,21,0.16161616161616163
98,21,0.1322314049586777
98,21,0.16161616161616163
98,21,0.20512820512820512
98,21,0.1523809523809524
98,21,0.12121212121212122
98,21,0.15384615384615385
98,21,0.14545454545454545
98,21,0.0963855421686747
98,21,0.16842105263157894
98,21,0.10666666666666667
98,21,0.12030075187969924
98,21,0.10810810810810811
98,21,0.1568627450980392
98,21,0.16326530612244897
98,21,0.1839080459770115
98,21,0.1553398058252427
98,21,0.16326530612244897
98,21,0.12213740458015267
98,21,0.14414414414414414
98,21,0.15384615384615385
98,21,0.12030075187969924
98,21,0.14545454545454545
98,21,0.1568627450980392
98,21,0.13793103448275862
98,21,0.1702127659574468
98,21,0.1568627450980392
98,21,0.14414414414414414
98,21,0.16842105263157894
98,21,0.11188811188811189
98,21,0.16161616161616163
112,24,0.15841584158415842
112,24,0.1702127659574468
112,24,0.12903225806451613
112,24,0.2222222222222222
112,24,0.1702127659574468
112,24,0.17204301075268819
112,24,0.14678899082568808
112,24,0.1702127659574468
112,24,0.1553398058252427
112,24,0.11940298507462686
112,24,0.16842105263157894
112,24,0.19753086419753085
112,24,0.13793103448275862
112,24,0.13333333333333333
112,24,0.14953271028037382
112,24,0.13333333333333333
112,24,0.16326530612244897
112,24,0.13114754098360656
112,24,0.1523809523809524
112,24,0.14414414414414414
112,24,0.14035087719298245
112,24,0.14545454545454545
112,24,0.14285714285714285
112,24,0.16
112,24,0.13114754098360656
112,24,0.16666666666666666
112,24,0.14953271028037382
112,24,0.16666666666666666
112,24,0.26666666666666666
112,24,0.14814814814814814
112,24,0.18604651162790697
112,24,0.11764705882352941
112,24,0.24615384615384617
112,24,0.11267605633802817
112,24,0.21621621621621623
112,24,0.14035087719298245
112,24,0.20253164556962025
112,24,0.16666666666666666
112,24,0.10457516339869281
112,24,0.14035087719298245
112,24,0.12698412698412698
112,24,0.1839080459770115
112,24,0.1038961038961039
112,24,0.13445378151260504
112,24,0.25
112,24,0.17391304347826086
112,24,0.14545454545454545
112,24,0.21333333333333335
112,24,0.16842105263157894
112,24,0.18604651162790697
126,27,0.22535211267605634
126,27,0.1797752808988764
126,27,0.18823529411764706
126,27,0.1568627450980392
126,27,0.14545454545454545
126,27,0.1568627450980392
126,27,0.14953271028037382
126,27,0.24615384615384617
126,27,0.2909090909090909
126,27,0.1523809523809524
126,27,0.19047619047619047
126,27,0.34782608695652173
126,27,0.17391304347826086
126,27,0.16842105263157894
126,27,0.17204301075268819
126,27,0.15384615384615385
126,27,0.21333333333333335
126,27,0.1797752808988764
126,27,0.32
126,27,0.11347517730496454
126,27,0.10738255033557047
126,27,0.17582417582417584
126,27,0.10256410256410256
126,27,0.1523809523809524
126,27,0.15841584158415842
126,27,0.13445378151260504
126,27,0.18823529411764706
126,27,0.2222222222222222
126,27,0.2318840579710145
126,27,0.14953271028037382
126,27,0.13559322033898305
126,27,0.16666666666666666
126,27,0.21052631578947367
126,27,0.13559322033898305
126,27,0.17777777777777778
126,27,0.2
126,27,0.2909090909090909
126,27,0.17777777777777778
126,27,0.13559322033898305
126,27,0.19753086419753085
126,27,0.14814814814814814
126,27,0.15384615384615385
126,27,0.1839080459770115
126,27,0.16842105263157894
126,27,0.2
126,27,0.22857142857142856
126,27,0.15384615384615385
126,27,0.21333333333333335
126,27,0.22857142857142856
126,27,0.18181818181818182
140,30,0.22857142857142856
140,30,0.16494845360824742
140,30,0.2807017543859649
140,30,0.25806451612903225
140,30,0.22535211267605634
140,30,0.19753086419753085
140,30,0.21052631578947367
140,30,0.1797752808988764
140,30,0.21052631578947367
140,30,0.26666666666666666
140,30,0.1111111111111111
140,30,0.21621621621621623
140,30,0.32653061224489793
140,30,0.16842105263157894
140,30,0.23529411764705882
140,30,0.16842105263157894
140,30,0.2077922077922078
140,30,0.1797752808988764
140,30,0.20512820512820512
140,30,0.16161616161616163
140,30,0.16666666666666666
140,30,0.2711864406779661
140,30,0.2191780821917808
140,30,0.20253164556962025
140,30,0.1568627450980392
140,30,0.23529411764705882
140,30,0.3137254901960784
140,30,0.2
140,30,0.2909090909090909
140,30,0.19753086419753085
140,30,0.2711864406779661
140,30,0.1322314049586777
140,30,0.19753086419753085
140,30,0.21621621621621623
140,30,0.2191780821917808
140,30,0.1322314049586777
140,30,0.27586206896551724
140,30,0.14545454545454545
140,30,0.25
140,30,0.2191780821917808
140,30,0.12213740458015267
140,30,0.16494845360824742
140,30,0.25
140,30,0.16666666666666666
140,30,0.27586206896551724
140,30,0.25
140,30,0.17777777777777778
140,30,0.17777777777777778
140,30,0.21052631578947367
140,30,0.12307692307692308
