17,8,0.2564102564102564,"(1, 2, 5, 14)"
17,8,0.2,"(1, 4, 5, 11)"
17,8,0.2127659574468085,"(1, 4, 13, 16)"
17,8,0.21739130434782608,"(1, 7, 9, 11)"
17,8,0.20408163265306123,"(1, 7, 13, 14)"
17,8,0.20408163265306123,"(2, 4, 10, 11)"
17,8,0.15873015873015872,"(2, 5, 8, 10)"
17,8,0.14705882352941177,"(2, 8, 9, 15)"
17,8,0.15151515151515152,"(2, 9, 11, 14)"
17,8,0.21739130434782608,"(3, 4, 5, 8)"
17,8,0.3333333333333333,"(3, 4, 10, 16)"
17,8,0.22727272727272727,"(3, 5, 12, 14)"
17,8,0.23255813953488372,"(3, 6, 8, 15)"
17,8,0.12048192771084337,"(3, 12, 15, 16)"
17,8,0.16393442622950818,"(6, 7, 10, 11)"
17,8,0.2702702702702703,"(6, 7, 13, 15)"
17,8,0.136986301369863,"(6, 8, 10, 16)"
17,8,0.23809523809523808,"(6, 12, 13, 16)"
17,8,0.15873015873015872,"(7, 9, 12, 15)"
17,8,0.20833333333333334,"(9, 12, 13, 14)"
34,16,0.38461538461538464,"(2, 4, 10, 28)"
34,16,0.2857142857142857,"(2, 8, 10, 22)"
34,16,0.45454545454545453,"(2, 8, 26, 32)"
34,16,0.2564102564102564,"(2, 14, 18, 22)"
34,16,0.2857142857142857,"(2, 14, 26, 28)"
34,16,0.45454545454545453,"(4, 8, 20, 22)"
34,16,0.2564102564102564,"(4, 10, 16, 20)"
34,16,0.5882352941176471,"(4, 16, 18, 30)"
34,16,0.4166666666666667,"(4, 18, 22, 28)"
34,16,0.5263157894736842,"(6, 8, 10, 16)"
34,16,0.30303030303030304,"(6, 8, 20, 32)"
34,16,0.2857142857142857,"(6, 10, 24, 28)"
34,16,0.30303030303030304,"(6, 12, 16, 30)"
34,16,0.4,"(6, 24, 30, 32)"
34,16,0.45454545454545453,"(12, 14, 20, 22)"
34,16,0.2564102564102564,"(12, 14, 26, 30)"
34,16,0.3448275862068966,"(12, 16, 20, 32)"
34,16,0.4166666666666667,"(12, 24, 26, 32)"
34,16,0.5,"(14, 18, 24, 30)"
34,16,0.5263157894736842,"(18, 24, 26, 28)"
51,24,0.38461538461538464,"(3, 6, 15, 42)"
51,24,0.625,"(3, 12, 15, 33)"
51,24,0.5555555555555556,"(3, 12, 39, 48)"
51,24,0.5555555555555556,"(3, 21, 27, 33)"
51,24,0.6666666666666666,"(3, 21, 39, 42)"
51,24,0.625,"(6, 12, 30, 33)"
51,24,0.625,"(6, 15, 24, 30)"
51,24,0.5263157894736842,"(6, 24, 27, 45)"
51,24,0.3333333333333333,"(6, 27, 33, 42)"
51,24,0.47619047619047616,"(9, 12, 15, 24)"
51,24,0.5263157894736842,"(9, 12, 30, 48)"
51,24,0.47619047619047616,"(9, 15, 36, 42)"
51,24,0.38461538461538464,"(9, 18, 24, 45)"
51,24,0.5263157894736842,"(9, 36, 45, 48)"
51,24,0.4166666666666667,"(18, 21, 30, 33)"
51,24,0.4,"(18, 21, 39, 45)"
51,24,0.47619047619047616,"(18, 24, 30, 48)"
51,24,0.47619047619047616,"(18, 36, 39, 48)"
51,24,0.4,"(21, 27, 36, 45)"
51,24,0.43478260869565216,"(27, 36, 39, 42)"
68,32,0.4,"(4, 8, 20, 56)"
68,32,0.5263157894736842,"(4, 16, 20, 44)"
68,32,0.625,"(4, 16, 52, 64)"
68,32,0.7692307692307693,"(4, 28, 36, 44)"
68,32,0.45454545454545453,"(4, 28, 52, 56)"
68,32,0.5555555555555556,"(8, 16, 40, 44)"
68,32,0.625,"(8, 20, 32, 40)"
68,32,0.625,"(8, 32, 36, 60)"
68,32,0.5882352941176471,"(8, 36, 44, 56)"
68,32,0.5555555555555556,"(12, 16, 20, 32)"
68,32,0.625,"(12, 16, 40, 64)"
68,32,0.625,"(12, 20, 48, 56)"
68,32,0.8333333333333334,"(12, 24, 32, 60)"
68,32,0.4166666666666667,"(12, 48, 60, 64)"
68,32,0.5263157894736842,"(24, 28, 40, 44)"
68,32,0.5,"(24, 28, 52, 60)"
68,32,0.47619047619047616,"(24, 32, 40, 64)"
68,32,0.43478260869565216,"(24, 48, 52, 64)"
68,32,0.45454545454545453,"(28, 36, 48, 60)"
68,32,0.43478260869565216,"(36, 48, 52, 56)"
85,40,0.5263157894736842,"(5, 10, 25, 70)"
85,40,0.7142857142857143,"(5, 20, 25, 55)"
85,40,0.6666666666666666,"(5, 20, 65, 80)"
85,40,0.7142857142857143,"(5, 35, 45, 55)"
85,40,0.5882352941176471,"(5, 35, 65, 70)"
85,40,0.625,"(10, 20, 50, 55)"
85,40,0.7142857142857143,"(10, 25, 40, 50)"
85,40,0.6666666666666666,"(10, 40, 45, 75)"
85,40,0.7142857142857143,"(10, 45, 55, 70)"
85,40,0.7142857142857143,"(15, 20, 25, 40)"
85,40,0.5555555555555556,"(15, 20, 50, 80)"
85,40,0.625,"(15, 25, 60, 70)"
85,40,0.7142857142857143,"(15, 30, 40, 75)"
85,40,0.6666666666666666,"(15, 60, 75, 80)"
85,40,0.5882352941176471,"(30, 35, 50, 55)"
85,40,0.5555555555555556,"(30, 35, 65, 75)"
85,40,0.5263157894736842,"(30, 40, 50, 80)"
85,40,0.7692307692307693,"(30, 60, 65, 80)"
85,40,0.5555555555555556,"(35, 45, 60, 75)"
85,40,0.43478260869565216,"(45, 60, 65, 70)"
102,48,0.7142857142857143,"(6, 12, 30, 84)"
102,48,0.9090909090909091,"(6, 24, 30, 66)"
102,48,0.625,"(6, 24, 78, 96)"
102,48,0.7142857142857143,"(6, 42, 54, 66)"
102,48,0.7692307692307693,"(6, 42, 78, 84)"
102,48,0.5882352941176471,"(12, 24, 60, 66)"
102,48,0.9090909090909091,"(12, 30, 48, 60)"
102,48,0.6666666666666666,"(12, 48, 54, 90)"
102,48,0.8333333333333334,"(12, 54, 66, 84)"
102,48,0.9090909090909091,"(18, 24, 30, 48)"
102,48,0.5555555555555556,"(18, 24, 60, 96)"
102,48,0.5555555555555556,"(18, 30, 72, 84)"
102,48,0.7142857142857143,"(18, 36, 48, 90)"
102,48,0.5882352941176471,"(18, 72, 90, 96)"
102,48,0.625,"(36, 42, 60, 66)"
102,48,0.6666666666666666,"(36, 42, 78, 90)"
102,48,0.6666666666666666,"(36, 48, 60, 96)"
102,48,0.5882352941176471,"(36, 72, 78, 96)"
102,48,0.5882352941176471,"(42, 54, 72, 90)"
102,48,0.7692307692307693,"(54, 72, 78, 84)"
119,56,0.9090909090909091,"(7, 14, 35, 98)"
119,56,1,"(7, 28, 35, 77)"
119,56,0.9090909090909091,"(7, 28, 91, 112)"
119,56,0.6666666666666666,"(7, 49, 63, 77)"
119,56,0.7692307692307693,"(7, 49, 91, 98)"
119,56,0.6666666666666666,"(14, 28, 70, 77)"
119,56,0.7142857142857143,"(14, 35, 56, 70)"
119,56,0.7142857142857143,"(14, 56, 63, 105)"
119,56,0.9090909090909091,"(14, 63, 77, 98)"
119,56,0.7692307692307693,"(21, 28, 35, 56)"
119,56,0.5882352941176471,"(21, 28, 70, 112)"
119,56,0.8333333333333334,"(21, 35, 84, 98)"
119,56,0.8333333333333334,"(21, 42, 56, 105)"
119,56,0.9090909090909091,"(21, 84, 105, 112)"
119,56,0.8333333333333334,"(42, 49, 70, 77)"
119,56,0.6666666666666666,"(42, 49, 91, 105)"
119,56,0.7142857142857143,"(42, 56, 70, 112)"
119,56,0.6666666666666666,"(42, 84, 91, 112)"
119,56,0.8333333333333334,"(49, 63, 84, 105)"
119,56,0.8333333333333334,"(63, 84, 91, 98)"
136,64,0.7142857142857143,"(8, 16, 40, 112)"
136,64,0.6666666666666666,"(8, 32, 40, 88)"
136,64,0.7142857142857143,"(8, 32, 104, 128)"
136,64,0.7142857142857143,"(8, 56, 72, 88)"
136,64,0.9090909090909091,"(8, 56, 104, 112)"
136,64,0.9090909090909091,"(16, 32, 80, 88)"
136,64,0.9090909090909091,"(16, 40, 64, 80)"
136,64,0.7692307692307693,"(16, 64, 72, 120)"
136,64,0.7692307692307693,"(16, 72, 88, 112)"
136,64,0.6666666666666666,"(24, 32, 40, 64)"
136,64,0.8333333333333334,"(24, 32, 80, 128)"
136,64,0.9090909090909091,"(24, 40, 96, 112)"
136,64,0.8333333333333334,"(24, 48, 64, 120)"
136,64,1,"(24, 96, 120, 128)"
136,64,0.7692307692307693,"(48, 56, 80, 88)"
136,64,0.5882352941176471,"(48, 56, 104, 120)"
136,64,0.6666666666666666,"(48, 64, 80, 128)"
136,64,0.7142857142857143,"(48, 96, 104, 128)"
136,64,0.7142857142857143,"(56, 72, 96, 120)"
136,64,0.7142857142857143,"(72, 96, 104, 112)"
153,72,0.7692307692307693,"(9, 18, 45, 126)"
153,72,0.7692307692307693,"(9, 36, 45, 99)"
153,72,1,"(9, 36, 117, 144)"
153,72,0.6666666666666666,"(9, 63, 81, 99)"
153,72,1,"(9, 63, 117, 126)"
153,72,0.7692307692307693,"(18, 36, 90, 99)"
153,72,0.9090909090909091,"(18, 45, 72, 90)"
153,72,1,"(18, 72, 81, 135)"
153,72,1,"(18, 81, 99, 126)"
153,72,0.6666666666666666,"(27, 36, 45, 72)"
153,72,0.9090909090909091,"(27, 36, 90, 144)"
153,72,1,"(27, 45, 108, 126)"
153,72,0.8333333333333334,"(27, 54, 72, 135)"
153,72,0.7142857142857143,"(27, 108, 135, 144)"
153,72,0.5555555555555556,"(54, 63, 90, 99)"
153,72,0.8333333333333334,"(54, 63, 117, 135)"
153,72,0.9090909090909091,"(54, 72, 90, 144)"
153,72,0.7692307692307693,"(54, 108, 117, 144)"
153,72,0.8333333333333334,"(63, 81, 108, 135)"
153,72,0.9090909090909091,"(81, 108, 117, 126)"
170,80,0.9090909090909091,"(10, 20, 50, 140)"
170,80,0.8333333333333334,"(10, 40, 50, 110)"
170,80,0.8333333333333334,"(10, 40, 130, 160)"
170,80,0.7692307692307693,"(10, 70, 90, 110)"
170,80,0.8333333333333334,"(10, 70, 130, 140)"
170,80,1,"(20, 40, 100, 110)"
170,80,1,"(20, 50, 80, 100)"
170,80,0.9090909090909091,"(20, 80, 90, 150)"
170,80,0.9090909090909091,"(20, 90, 110, 140)"
170,80,0.9090909090909091,"(30, 40, 50, 80)"
170,80,0.7142857142857143,"(30, 40, 100, 160)"
170,80,0.9090909090909091,"(30, 50, 120, 140)"
170,80,0.8333333333333334,"(30, 60, 80, 150)"
170,80,0.625,"(30, 120, 150, 160)"
170,80,0.8333333333333334,"(60, 70, 100, 110)"
170,80,0.9090909090909091,"(60, 70, 130, 150)"
170,80,0.7692307692307693,"(60, 80, 100, 160)"
170,80,0.9090909090909091,"(60, 120, 130, 160)"
170,80,0.6666666666666666,"(70, 90, 120, 150)"
170,80,1,"(90, 120, 130, 140)"
187,88,0.8333333333333334,"(11, 22, 55, 154)"
187,88,1,"(11, 44, 55, 121)"
187,88,0.7692307692307693,"(11, 44, 143, 176)"
187,88,1,"(11, 77, 99, 121)"
187,88,0.8333333333333334,"(11, 77, 143, 154)"
187,88,0.9090909090909091,"(22, 44, 110, 121)"
187,88,0.8333333333333334,"(22, 55, 88, 110)"
187,88,0.9090909090909091,"(22, 88, 99, 165)"
187,88,0.8333333333333334,"(22, 99, 121, 154)"
187,88,1,"(33, 44, 55, 88)"
187,88,1,"(33, 44, 110, 176)"
187,88,0.7692307692307693,"(33, 55, 132, 154)"
187,88,0.8333333333333334,"(33, 66, 88, 165)"
187,88,0.8333333333333334,"(33, 132, 165, 176)"
187,88,0.9090909090909091,"(66, 77, 110, 121)"
187,88,0.9090909090909091,"(66, 77, 143, 165)"
187,88,0.8333333333333334,"(66, 88, 110, 176)"
187,88,1,"(66, 132, 143, 176)"
187,88,0.9090909090909091,"(77, 99, 132, 165)"
187,88,0.9090909090909091,"(99, 132, 143, 154)"
204,96,0.9090909090909091,"(12, 24, 60, 168)"
204,96,1,"(12, 48, 60, 132)"
204,96,0.8333333333333334,"(12, 48, 156, 192)"
204,96,0.9090909090909091,"(12, 84, 108, 132)"
204,96,0.9090909090909091,"(12, 84, 156, 168)"
204,96,0.8333333333333334,"(24, 48, 120, 132)"
204,96,0.9090909090909091,"(24, 60, 96, 120)"
204,96,0.7692307692307693,"(24, 96, 108, 180)"
204,96,1,"(24, 108, 132, 168)"
204,96,1,"(36, 48, 60, 96)"
204,96,0.9090909090909091,"(36, 48, 120, 192)"
204,96,0.8333333333333334,"(36, 60, 144, 168)"
204,96,0.9090909090909091,"(36, 72, 96, 180)"
204,96,1,"(36, 144, 180, 192)"
204,96,0.9090909090909091,"(72, 84, 120, 132)"
204,96,0.9090909090909091,"(72, 84, 156, 180)"
204,96,1,"(72, 96, 120, 192)"
204,96,0.9090909090909091,"(72, 144, 156, 192)"
204,96,0.9090909090909091,"(84, 108, 144, 180)"
204,96,0.9090909090909091,"(108, 144, 156, 168)"
221,104,0.8333333333333334,"(13, 26, 65, 182)"
221,104,0.9090909090909091,"(13, 52, 65, 143)"
221,104,1,"(13, 52, 169, 208)"
221,104,0.9090909090909091,"(13, 91, 117, 143)"
221,104,0.9090909090909091,"(13, 91, 169, 182)"
221,104,1,"(26, 52, 130, 143)"
221,104,0.8333333333333334,"(26, 65, 104, 130)"
221,104,0.9090909090909091,"(26, 104, 117, 195)"
221,104,0.9090909090909091,"(26, 117, 143, 182)"
221,104,1,"(39, 52, 65, 104)"
221,104,1,"(39, 52, 130, 208)"
221,104,1,"(39, 65, 156, 182)"
221,104,0.9090909090909091,"(39, 78, 104, 195)"
221,104,0.8333333333333334,"(39, 156, 195, 208)"
221,104,0.9090909090909091,"(78, 91, 130, 143)"
221,104,0.8333333333333334,"(78, 91, 169, 195)"
221,104,1,"(78, 104, 130, 208)"
221,104,0.8333333333333334,"(78, 156, 169, 208)"
221,104,1,"(91, 117, 156, 195)"
221,104,0.8333333333333334,"(117, 156, 169, 182)"
238,112,1,"(14, 28, 70, 196)"
238,112,1,"(14, 56, 70, 154)"
238,112,0.9090909090909091,"(14, 56, 182, 224)"
238,112,1,"(14, 98, 126, 154)"
238,112,1,"(14, 98, 182, 196)"
238,112,0.9090909090909091,"(28, 56, 140, 154)"
238,112,0.9090909090909091,"(28, 70, 112, 140)"
238,112,1,"(28, 112, 126, 210)"
238,112,0.9090909090909091,"(28, 126, 154, 196)"
238,112,1,"(42, 56, 70, 112)"
238,112,0.9090909090909091,"(42, 56, 140, 224)"
238,112,1,"(42, 70, 168, 196)"
238,112,1,"(42, 84, 112, 210)"
238,112,1,"(42, 168, 210, 224)"
238,112,0.9090909090909091,"(84, 98, 140, 154)"
238,112,0.8333333333333334,"(84, 98, 182, 210)"
238,112,0.9090909090909091,"(84, 112, 140, 224)"
238,112,0.8333333333333334,"(84, 168, 182, 224)"
238,112,0.9090909090909091,"(98, 126, 168, 210)"
238,112,0.8333333333333334,"(126, 168, 182, 196)"
255,120,1,"(15, 30, 75, 210)"
255,120,0.9090909090909091,"(15, 60, 75, 165)"
255,120,1,"(15, 60, 195, 240)"
255,120,0.9090909090909091,"(15, 105, 135, 165)"
255,120,1,"(15, 105, 195, 210)"
255,120,0.9090909090909091,"(30, 60, 150, 165)"
255,120,0.8333333333333334,"(30, 75, 120, 150)"
255,120,0.9090909090909091,"(30, 120, 135, 225)"
255,120,1,"(30, 135, 165, 210)"
255,120,1,"(45, 60, 75, 120)"
255,120,1,"(45, 60, 150, 240)"
255,120,0.9090909090909091,"(45, 75, 180, 210)"
255,120,1,"(45, 90, 120, 225)"
255,120,1,"(45, 180, 225, 240)"
255,120,0.8333333333333334,"(90, 105, 150, 165)"
255,120,1,"(90, 105, 195, 225)"
255,120,1,"(90, 120, 150, 240)"
255,120,0.9090909090909091,"(90, 180, 195, 240)"
255,120,0.8333333333333334,"(105, 135, 180, 225)"
255,120,0.8333333333333334,"(135, 180, 195, 210)"
272,128,1,"(16, 32, 80, 224)"
272,128,1,"(16, 64, 80, 176)"
272,128,1,"(16, 64, 208, 256)"
272,128,0.9090909090909091,"(16, 112, 144, 176)"
272,128,1,"(16, 112, 208, 224)"
272,128,0.9090909090909091,"(32, 64, 160, 176)"
272,128,1,"(32, 80, 128, 160)"
272,128,1,"(32, 128, 144, 240)"
272,128,1,"(32, 144, 176, 224)"
272,128,1,"(48, 64, 80, 128)"
272,128,1,"(48, 64, 160, 256)"
272,128,1,"(48, 80, 192, 224)"
272,128,1,"(48, 96, 128, 240)"
272,128,1,"(48, 192, 240, 256)"
272,128,0.9090909090909091,"(96, 112, 160, 176)"
272,128,1,"(96, 112, 208, 240)"
272,128,0.9090909090909091,"(96, 128, 160, 256)"
272,128,0.7692307692307693,"(96, 192, 208, 256)"
272,128,1,"(112, 144, 192, 240)"
272,128,1,"(144, 192, 208, 224)"
289,136,1,"(17, 34, 85, 238)"
289,136,1,"(17, 68, 85, 187)"
289,136,0.9090909090909091,"(17, 68, 221, 272)"
289,136,1,"(17, 119, 153, 187)"
289,136,1,"(17, 119, 221, 238)"
289,136,1,"(34, 68, 170, 187)"
289,136,1,"(34, 85, 136, 170)"
289,136,1,"(34, 136, 153, 255)"
289,136,1,"(34, 153, 187, 238)"
289,136,0.8333333333333334,"(51, 68, 85, 136)"
289,136,1,"(51, 68, 170, 272)"
289,136,1,"(51, 85, 204, 238)"
289,136,1,"(51, 102, 136, 255)"
289,136,1,"(51, 204, 255, 272)"
289,136,1,"(102, 119, 170, 187)"
289,136,0.9090909090909091,"(102, 119, 221, 255)"
289,136,1,"(102, 136, 170, 272)"
289,136,0.9090909090909091,"(102, 204, 221, 272)"
289,136,1,"(119, 153, 204, 255)"
289,136,1,"(153, 204, 221, 238)"
306,144,0.9090909090909091,"(18, 36, 90, 252)"
306,144,1,"(18, 72, 90, 198)"
306,144,1,"(18, 72, 234, 288)"
306,144,1,"(18, 126, 162, 198)"
306,144,1,"(18, 126, 234, 252)"
306,144,1,"(36, 72, 180, 198)"
306,144,0.9090909090909091,"(36, 90, 144, 180)"
306,144,1,"(36, 144, 162, 270)"
306,144,0.9090909090909091,"(36, 162, 198, 252)"
306,144,1,"(54, 72, 90, 144)"
306,144,1,"(54, 72, 180, 288)"
306,144,0.9090909090909091,"(54, 90, 216, 252)"
306,144,1,"(54, 108, 144, 270)"
306,144,1,"(54, 216, 270, 288)"
306,144,1,"(108, 126, 180, 198)"
306,144,1,"(108, 126, 234, 270)"
306,144,1,"(108, 144, 180, 288)"
306,144,1,"(108, 216, 234, 288)"
306,144,1,"(126, 162, 216, 270)"
306,144,0.9090909090909091,"(162, 216, 234, 252)"
323,152,1,"(19, 38, 95, 266)"
323,152,1,"(19, 76, 95, 209)"
323,152,1,"(19, 76, 247, 304)"
323,152,0.9090909090909091,"(19, 133, 171, 209)"
323,152,1,"(19, 133, 247, 266)"
323,152,1,"(38, 76, 190, 209)"
323,152,1,"(38, 95, 152, 190)"
323,152,1,"(38, 152, 171, 285)"
323,152,1,"(38, 171, 209, 266)"
323,152,0.9090909090909091,"(57, 76, 95, 152)"
323,152,0.9090909090909091,"(57, 76, 190, 304)"
323,152,1,"(57, 95, 228, 266)"
323,152,0.9090909090909091,"(57, 114, 152, 285)"
323,152,1,"(57, 228, 285, 304)"
