12,2,0.010548523206751054,42
12,2,0.007199424046076314,53
12,2,0.00865051903114187,36
12,2,0.008787346221441126,63
12,2,0.00751597143930853,44
12,2,0.010362694300518135,66
12,2,0.00899685110211426,51
12,2,0.008271298593879239,36
12,2,0.010050251256281407,49
12,2,0.010416666666666666,62
12,2,0.007082152974504249,50
12,2,0.012376237623762377,57
12,2,0.006531678641410843,64
12,2,0.008791208791208791,52
12,2,0.008143322475570033,51
12,2,0.014914243102162566,55
12,2,0.010214504596527068,60
12,2,0.009615384615384616,38
12,2,0.009818360333824251,39
12,2,0.007852375343541421,36
24,4,0.011013215859030838,122
24,4,0.022701475595913734,109
24,4,0.025510204081632654,140
24,4,0.0182648401826484,136
24,4,0.012706480304955527,112
24,4,0.01838235294117647,117
24,4,0.02109704641350211,156
24,4,0.024242424242424242,192
24,4,0.012445550715619166,145
24,4,0.020512820512820513,196
24,4,0.021321961620469083,159
24,4,0.020554984583761562,186
24,4,0.02512562814070352,210
24,4,0.026845637583892617,199
24,4,0.014858841010401188,224
24,4,0.02244668911335578,131
24,4,0.029411764705882353,124
24,4,0.01721170395869191,194
24,4,0.023174971031286212,120
24,4,0.02621231979030144,124
36,6,0.0032232070910556,169
36,6,0.0026239832065074785,315
36,6,0.026385224274406333,383
36,6,0.019801980198019802,418
36,6,0.0023378141437755697,489
36,6,0.0030399756801945585,338
36,6,0.04008016032064128,257
36,6,0.0411522633744856,431
36,6,0.022935779816513763,414
36,6,0.0028038693396887707,320
36,6,0.002770083102493075,194
36,6,0.03184713375796178,372
36,6,0.029411764705882353,238
36,6,0.0027236824186299877,497
36,6,0.03745318352059925,376
36,6,0.02902757619738752,392
36,6,0.03683241252302026,278
36,6,0.0364963503649635,264
36,6,0.003777148253068933,322
36,6,0.00396589331746976,164
48,8,0.043859649122807015,597
48,8,0.02594033722438392,592
48,8,0.04830917874396135,436
48,8,0.05194805194805195,715
48,8,0.04338394793926247,642
48,8,0.043478260869565216,509
48,8,0.04807692307692308,318
48,8,0.03710575139146568,432
48,8,0.06060606060606061,265
48,8,0.05249343832020997,220
48,8,0.034482758620689655,258
48,8,0.05333333333333334,475
48,8,0.054945054945054944,549
48,8,0.03766478342749529,571
48,8,0.057803468208092484,253
48,8,0.038535645472061654,258
48,8,0.03717472118959108,460
48,8,0.04576659038901602,265
48,8,0.059880239520958084,459
48,8,0.0411522633744856,473
60,10,0.000012535404683603252,664
60,10,0.031746031746031744,811
60,10,0.0392156862745098,798
60,10,0.04950495049504951,763
60,10,0.05420054200542006,537
60,10,0.03355704697986577,662
60,10,0.043668122270742356,717
60,10,0.000014582393072779995,417
60,10,0.044543429844097995,658
60,10,0.052770448548812667,648
60,10,0.032679738562091505,742
60,10,0.05,692
60,10,0.041407867494824016,771
60,10,0.00001623219835097097,1007
60,10,0.047058823529411764,749
60,10,0.057803468208092484,732
60,10,0.04975124378109453,791
60,10,0.06369426751592357,670
60,10,0.05730659025787966,617
60,10,0.05249343832020997,674
72,12,0.06535947712418301,703
72,12,0.07633587786259542,459
72,12,0.07042253521126761,551
72,12,0.06042296072507553,727
72,12,0.058823529411764705,949
72,12,0.055248618784530384,990
72,12,0.05025125628140704,687
72,12,0.05249343832020997,981
72,12,0.04310344827586207,957
72,12,0.03333333333333333,960
72,12,0.05089058524173028,781
72,12,0.0784313725490196,884
72,12,0.09433962264150944,788
72,12,0.06349206349206349,492
72,12,0.0706713780918728,989
72,12,0.0664451827242525,767
72,12,0.053763440860215055,426
72,12,0.10416666666666667,759
72,12,0.05509641873278237,656
72,12,0.046511627906976744,789
84,14,0.0005823772639916138,2027
84,14,0.0052952078369075985,2138
84,14,0.0066050198150594455,1841
84,14,0.0036569756811117207,2106
84,14,0.004550625711035267,1785
84,14,0.004053506282934738,1968
84,14,0.005253480430785396,1826
84,14,0.000006669819267907297,1002
84,14,0.000013709672996879678,1314
84,14,0.000007682385595834304,1128
84,14,0.000010053428948144916,1589
84,14,0.06309148264984227,917
84,14,0.08733624454148471,1213
84,14,0.03868471953578337,755
84,14,0.10638297872340426,950
84,14,0.04975124378109453,1232
84,14,0.15748031496062992,1030
84,14,0.04975124378109453,913
84,14,0.06779661016949153,839
84,14,0.004598758335249482,1779
96,16,0.053763440860215055,938
96,16,0.07462686567164178,1239
96,16,0.07168458781362007,957
96,16,0.07751937984496124,1232
96,16,0.08849557522123894,1298
96,16,0.07092198581560284,878
96,16,0.06191950464396285,1050
96,16,0.07575757575757576,1242
96,16,0.08032128514056225,1170
96,16,0.06622516556291391,1170
96,16,0.07633587786259542,1322
96,16,0.08583690987124463,959
96,16,0.08733624454148471,1278
96,16,0.06734006734006734,1291
96,16,0.10204081632653061,1047
96,16,0.06896551724137931,1068
96,16,0.12345679012345678,1299
96,16,0.0881057268722467,1288
96,16,0.1,1119
96,16,0.08403361344537816,871