15,2,0.002638522427440633,7,3 2  1 1 1,"[0, 1, 2, 6, 9]"
15,2,0.0036310820624546117,7,3 2  1 1 1,"[0, 1, 2, 5, 8]"
15,2,0.002130606157451795,7,3 2  1 1 1,"[0, 1, 2, 6, 12]"
15,2,0.004287245444801715,6,3 2  1 1 1,"[0, 1, 2, 5, 11]"
15,2,0.0019839301656581687,7,3 2  1 1 1,"[0, 1, 2, 4, 10]"
30,4,0.0015669069257286117,9,5 2  1 1 1 1 1,"[0, 1, 2, 3, 19]"
30,4,0.0018898233015213078,8,5 2  1 1 1 1 1,"[0, 1, 2, 3, 14]"
30,4,0.00021016350720860828,8,5 2  1 1 0 0 1,"[0, 1, 2, 4, 17]"
30,4,0.0019217834150091284,9,5 2  1 1 1 1 1,"[0, 1, 2, 4, 18]"
30,4,0.004222081486172683,10,5 2  1 0 1 0 1,"[0, 1, 2, 4, 19]"
30,4,0.004766444232602479,9,5 2  1 0 1 0 1,"[0, 1, 2, 4, 25]"
30,4,0.005770340450086555,9,5 2  1 0 1 0 1,"[0, 1, 2, 4, 7]"
30,4,0.002295684113865932,6,5 2  1 1 1 1 1,"[0, 1, 2, 3, 29]"
30,4,0.00020730974148475237,10,5 2  1 1 0 0 1,"[0, 1, 2, 5, 15]"
30,4,0.00024013063106329843,8,5 2  1 1 0 0 1,"[0, 1, 2, 6, 7]"
30,4,0.0023218017181332712,8,5 2  1 1 1 1 1,"[0, 1, 2, 8, 9]"
30,4,0.0041211621677313005,11,5 2  1 0 1 0 1,"[0, 1, 2, 7, 10]"
30,4,0.004248990864669641,10,5 2  1 0 1 0 1,"[0, 1, 2, 7, 16]"
30,4,0.00016206667422977812,9,5 2  1 0 0 1 1,"[0, 1, 2, 9, 16]"
30,4,0.0001386347252259746,12,5 2  1 1 0 0 1,"[0, 1, 2, 7, 21]"
30,4,0.00013378731830009834,11,5 2  1 1 0 0 1,"[0, 1, 2, 6, 22]"
30,4,0.00018790811293277587,7,5 2  1 0 0 1 1,"[0, 1, 2, 10, 11]"
30,4,0.00018148820326678765,11,5 2  1 0 0 1 1,"[0, 1, 2, 10, 26]"
30,4,0.00017153688471863661,10,5 2  1 0 0 1 1,"[0, 1, 2, 12, 17]"
30,4,0.00015067842962940642,11,5 2  1 0 0 1 1,"[0, 1, 2, 11, 25]"
45,6,0.00012222174691542867,7,7 2  1 0 1 1 1 0 1,"[0, 1, 2, 3, 24]"
45,6,0.0000739743456969123,11,7 2  1 1 1 1 0 0 1,"[0, 1, 2, 3, 21]"
45,6,0.00009868843075526256,10,7 2  1 0 0 1 1 1 1,"[0, 1, 2, 3, 27]"
45,6,0.00006336954903060433,8,7 2  1 1 1 1 0 0 1,"[0, 1, 2, 3, 6]"
45,6,0.00009658429635925495,12,7 2  1 0 0 1 1 1 1,"[0, 1, 2, 3, 12]"
45,6,0.0001257410865287287,11,7 2  1 1 1 1 0 0 1,"[0, 1, 2, 3, 36]"
45,6,0.00008808360896162638,11,7 2  1 0 1 1 1 0 1,"[0, 1, 2, 3, 39]"
45,6,0.00008281710670156027,10,7 2  1 0 1 1 1 0 1,"[0, 1, 2, 3, 9]"
45,6,0.00009097566855744431,8,7 2  1 0 0 1 1 1 1,"[0, 1, 2, 3, 42]"
45,6,0.00009606240213642782,12,7 2  1 0 0 1 1 1 1,"[0, 1, 2, 11, 29]"
45,6,0.0000738754312478299,13,7 2  1 0 1 1 1 0 1,"[0, 1, 2, 4, 28]"
45,6,0.00008292905419413692,13,7 2  1 0 1 1 1 0 1,"[0, 1, 2, 4, 13]"
45,6,0.00008126777732629012,14,7 2  1 1 1 1 0 0 1,"[0, 1, 2, 5, 29]"
45,6,0.006527415143603133,14,7 2  1 0 0 1 0 0 1,"[0, 1, 3, 6, 19]"
45,6,0.00006594892255947769,13,7 2  1 0 0 1 1 1 1,"[0, 1, 2, 11, 14]"
45,6,0.00008774392812017409,14,7 2  1 1 1 1 0 0 1,"[0, 1, 2, 5, 14]"
45,6,0.0088339222614841,13,7 2  1 0 0 1 0 0 1,"[0, 1, 3, 6, 28]"
45,6,0.005496015388843089,15,7 2  1 0 0 1 0 0 1,"[0, 1, 3, 10, 24]"
45,6,0.006574621959237344,12,7 2  1 0 0 1 0 0 1,"[0, 1, 3, 6, 37]"
45,6,0.006682258603407952,15,7 2  1 0 0 1 0 0 1,"[0, 1, 3, 10, 33]"
