9,2,28
9,2,30
9,2,28
9,2,28
9,2,30
9,2,30
9,2,30
9,2,30
9,2,30
9,2,30
14,3,53
14,3,62
14,3,79
14,3,74
14,3,53
14,3,65
14,3,82
14,3,55
14,3,47
14,3,56
15,4,36
15,4,38
15,4,58
15,4,36
15,4,55
15,4,38
15,4,68
15,4,63
15,4,54
15,4,97
21,5,112
21,5,118
21,5,112
21,5,145
21,5,132
21,5,158
21,5,118
21,5,113
21,5,145
21,5,108
42,11,410
42,11,447
42,11,461
42,11,513
42,11,567
42,11,440
42,11,441
42,11,420
42,11,569
42,11,406
45,8,227
45,8,237
45,8,311
45,8,519
45,8,475
45,8,434
45,8,360
45,8,307
45,8,239
45,8,451
51,10,356
51,10,577
51,10,365
51,10,311
51,10,323
51,10,543
51,10,322
51,10,311
51,10,694
51,10,687
56,15,855
56,15,931
56,15,853
56,15,878
56,15,839
56,15,887
56,15,864
56,15,863
56,15,840
56,15,825
62,15,777
62,15,950
62,15,858
62,15,888
62,15,736
62,15,870
62,15,1015
62,15,860
62,15,883
62,15,923
63,11,697
63,11,789
63,11,667
63,11,833
63,11,838
63,11,722
63,11,710
63,11,911
63,11,934
63,11,696
65,12,412
65,12,404
65,12,1298
65,12,1302
65,12,1267
65,12,1219
65,12,814
65,12,1124
65,12,998
65,12,1152
84,17,1902
84,17,1691
84,17,1793
84,17,1722
84,17,1756
84,17,1850
84,17,1695
84,17,1748
84,17,1837
84,17,1669
85,16,999
85,16,1357
85,16,969
85,16,1609
85,16,1757
85,16,2309
85,16,961
85,16,1747
85,16,1586
85,16,949
