15,2,0.0036231884057971015,1,14 2  1 1 0 1 1 0 1 1 0 1 1 0 1 1
15,2,0.0026634705020641895,1,14 2  1 1 0 1 1 0 1 1 0 1 1 0 1 1
15,2,0.0023568230025925053,1,14 2  1 1 0 1 1 0 1 1 0 1 1 0 1 1
15,2,0.0022833656810138142,1,14 2  1 1 0 1 1 0 1 1 0 1 1 0 1 1
15,2,0.002577984016499098,1,14 2  1 1 0 1 1 0 1 1 0 1 1 0 1 1
30,4,0.004766444232602479,4,27 2  1 0 1 0 0 0 1 0 1 0 0 0 1 0 1 0 0 0 1 0 1 0 0 0 1 0 1
30,4,0.0048449612403100775,4,27 2  1 0 1 0 0 0 1 0 1 0 0 0 1 0 1 0 0 0 1 0 1 0 0 0 1 0 1
30,4,0.00651890482398957,4,27 2  1 0 1 0 0 0 1 0 1 0 0 0 1 0 1 0 0 0 1 0 1 0 0 0 1 0 1
30,4,0.0018891092849721357,3.4,27 2  1 1 0 0 0 1 1 0 0 0 1 1 0 0 0 1 1 0 0 0 1 1 0 0 0 1 1
30,4,0.0018158707100054477,3.4,27 2  1 1 0 0 0 1 1 0 0 0 1 1 0 0 0 1 1 0 0 0 1 1 0 0 0 1 1
30,4,0.0016998130205677375,3.4,27 2  1 1 0 0 0 1 1 0 0 0 1 1 0 0 0 1 1 0 0 0 1 1 0 0 0 1 1
30,4,0.0016725204883759827,3.4,27 2  1 1 0 0 0 1 1 0 0 0 1 1 0 0 0 1 1 0 0 0 1 1 0 0 0 1 1
30,4,0.0052328623757195184,4,27 2  1 0 1 0 0 0 1 0 1 0 0 0 1 0 1 0 0 0 1 0 1 0 0 0 1 0 1
30,4,0.003704389701796629,4,27 2  1 0 1 0 0 0 1 0 1 0 0 0 1 0 1 0 0 0 1 0 1 0 0 0 1 0 1
30,4,0.0027882336539802035,3.4,27 2  1 1 0 0 0 1 1 0 0 0 1 1 0 0 0 1 1 0 0 0 1 1 0 0 0 1 1
30,4,0.00019697447210841474,3.4,27 2  1 1 1 1 0 1 0 1 1 0 0 1 0 0 0 1 1 1 1 0 1 0 1 1 0 0 1
30,4,0.00023159406192825216,3.4,27 2  1 1 1 1 0 1 0 1 1 0 0 1 0 0 0 1 1 1 1 0 1 0 1 1 0 0 1
30,4,0.00020165559241371663,3.4,27 2  1 1 1 1 0 1 0 1 1 0 0 1 0 0 0 1 1 1 1 0 1 0 1 1 0 0 1
30,4,0.0001756296322315501,3.4,27 2  1 1 1 1 0 1 0 1 1 0 0 1 0 0 0 1 1 1 1 0 1 0 1 1 0 0 1
30,4,0.00020608571104722455,3.4,27 2  1 0 0 1 1 0 1 0 1 1 1 1 0 0 0 1 0 0 1 1 0 1 0 1 1 1 1
30,4,0.00019186308650147256,3.4,27 2  1 1 1 1 0 1 0 1 1 0 0 1 0 0 0 1 1 1 1 0 1 0 1 1 0 0 1
30,4,0.00016258840744654907,3.4,27 2  1 0 0 1 1 0 1 0 1 1 1 1 0 0 0 1 0 0 1 1 0 1 0 1 1 1 1
30,4,0.00014865578010837005,3.4,27 2  1 0 0 1 1 0 1 0 1 1 1 1 0 0 0 1 0 0 1 1 0 1 0 1 1 1 1
30,4,0.00016574127786525233,3.4,27 2  1 0 0 1 1 0 1 0 1 1 1 1 0 0 0 1 0 0 1 1 0 1 0 1 1 1 1
30,4,0.0001404494382022472,3.4,27 2  1 0 0 1 1 0 1 0 1 1 1 1 0 0 0 1 0 0 1 1 0 1 0 1 1 1 1
45,6,0.00011188811188811189,1,40 2  1 1 0 0 1 1 1 0 0 1 0 0 0 0 0 1 1 0 0 1 1 1 0 0 1 0 0 0 0 0 1 1 0 0 1 1 1 0 0 1
45,6,0.00009793264192888132,1,40 2  1 0 0 1 1 1 0 0 1 1 0 0 0 0 0 1 0 0 1 1 1 0 0 1 1 0 0 0 0 0 1 0 0 1 1 1 0 0 1 1
45,6,0.00011344878638160769,1,40 2  1 1 0 0 1 1 1 0 0 1 0 0 0 0 0 1 1 0 0 1 1 1 0 0 1 0 0 0 0 0 1 1 0 0 1 1 1 0 0 1
45,6,0.00008201897919178497,1,40 2  1 0 0 1 1 1 0 0 1 1 0 0 0 0 0 1 0 0 1 1 1 0 0 1 1 0 0 0 0 0 1 0 0 1 1 1 0 0 1 1
45,6,0.0000698114393024441,1,40 2  1 1 0 0 1 1 1 0 0 1 0 0 0 0 0 1 1 0 0 1 1 1 0 0 1 0 0 0 0 0 1 1 0 0 1 1 1 0 0 1
45,6,0.0000629970863847547,1,40 2  1 0 1 1 0 0 1 1 0 1 0 0 0 0 0 1 0 1 1 0 0 1 1 0 1 0 0 0 0 0 1 0 1 1 0 0 1 1 0 1
45,6,0.00006716886588728393,1,40 2  1 0 1 1 0 0 1 1 0 1 0 0 0 0 0 1 0 1 1 0 0 1 1 0 1 0 0 0 0 0 1 0 1 1 0 0 1 1 0 1
45,6,0.00004781886215017514,1,40 2  1 0 1 1 0 0 1 1 0 1 0 0 0 0 0 1 0 1 1 0 0 1 1 0 1 0 0 0 0 0 1 0 1 1 0 0 1 1 0 1
45,6,0.007471049682480389,1,40 2  1 0 0 1 0 0 0 0 0 1 0 0 1 0 0 0 0 0 1 0 0 1 0 0 0 0 0 1 0 0 1 0 0 0 0 0 1 0 0 1
45,6,0.006313131313131313,1,40 2  1 0 0 1 0 0 0 0 0 1 0 0 1 0 0 0 0 0 1 0 0 1 0 0 0 0 0 1 0 0 1 0 0 0 0 0 1 0 0 1
45,6,0.011123470522803115,1,40 2  1 0 0 1 0 0 0 0 0 1 0 0 1 0 0 0 0 0 1 0 0 1 0 0 0 0 0 1 0 0 1 0 0 0 0 0 1 0 0 1
45,6,0.009573958831977022,1,40 2  1 0 0 1 0 0 0 0 0 1 0 0 1 0 0 0 0 0 1 0 0 1 0 0 0 0 0 1 0 0 1 0 0 0 0 0 1 0 0 1
45,6,0.006896551724137931,1,40 2  1 0 0 1 0 0 0 0 0 1 0 0 1 0 0 0 0 0 1 0 0 1 0 0 0 0 0 1 0 0 1 0 0 0 0 0 1 0 0 1
45,6,0.0001060158705758252,1,40 2  1 1 0 0 1 1 1 0 0 1 0 0 0 0 0 1 1 0 0 1 1 1 0 0 1 0 0 0 0 0 1 1 0 0 1 1 1 0 0 1
45,6,0.00007624653554804104,1,40 2  1 0 1 1 0 0 1 1 0 1 0 0 0 0 0 1 0 1 1 0 0 1 1 0 1 0 0 0 0 0 1 0 1 1 0 0 1 1 0 1
45,6,0.00005674193484323622,1,40 2  1 0 0 1 1 1 0 0 1 1 0 0 0 0 0 1 0 0 1 1 1 0 0 1 1 0 0 0 0 0 1 0 0 1 1 1 0 0 1 1
45,6,0.00010143067973770026,1,40 2  1 1 0 0 1 1 1 0 0 1 0 0 0 0 0 1 1 0 0 1 1 1 0 0 1 0 0 0 0 0 1 1 0 0 1 1 1 0 0 1
45,6,0.00009333669345429769,1,40 2  1 0 0 1 1 1 0 0 1 1 0 0 0 0 0 1 0 0 1 1 1 0 0 1 1 0 0 0 0 0 1 0 0 1 1 1 0 0 1 1
45,6,0.00010179878452251281,1,40 2  1 0 0 1 1 1 0 0 1 1 0 0 0 0 0 1 0 0 1 1 1 0 0 1 1 0 0 0 0 0 1 0 0 1 1 1 0 0 1 1
45,6,0.00006731604208598951,1,40 2  1 0 1 1 0 0 1 1 0 1 0 0 0 0 0 1 0 1 1 0 0 1 1 0 1 0 0 0 0 0 1 0 1 1 0 0 1 1 0 1
60,8,0.0003249074013906037,13.6,53 2  1 0 1 0 1 0 1 0 0 0 1 0 0 0 1 0 1 0 0 0 0 0 1 0 0 0 0 0 0 0 1 0 1 0 1 0 1 0 0 0 1 0 0 0 1 0 1 0 0 0 0 0 1
60,8,0.00017848855888337556,13.2,53 2  1 1 0 1 0 0 0 1 0 0 0 0 0 0 0 1 1 0 1 0 0 0 1 0 0 0 0 0 0 0 1 1 0 1 0 0 0 1 0 0 0 0 0 0 0 1 1 0 1 0 0 0 1
60,8,0.00014248870776990924,13.2,53 2  1 1 0 1 0 0 0 1 0 0 0 0 0 0 0 1 1 0 1 0 0 0 1 0 0 0 0 0 0 0 1 1 0 1 0 0 0 1 0 0 0 0 0 0 0 1 1 0 1 0 0 0 1
60,8,0.00015660235529942371,13.2,53 2  1 1 0 1 0 0 0 1 0 0 0 0 0 0 0 1 1 0 1 0 0 0 1 0 0 0 0 0 0 0 1 1 0 1 0 0 0 1 0 0 0 0 0 0 0 1 1 0 1 0 0 0 1
60,8,0.0001253313447426634,13.2,53 2  1 1 0 1 0 0 0 1 0 0 0 0 0 0 0 1 1 0 1 0 0 0 1 0 0 0 0 0 0 0 1 1 0 1 0 0 0 1 0 0 0 0 0 0 0 1 1 0 1 0 0 0 1
60,8,0.00012198543493906827,13.2,53 2  1 1 0 1 0 0 0 1 0 0 0 0 0 0 0 1 1 0 1 0 0 0 1 0 0 0 0 0 0 0 1 1 0 1 0 0 0 1 0 0 0 0 0 0 0 1 1 0 1 0 0 0 1
60,8,0.00024330308265005718,13.2,53 2  1 0 0 0 1 0 1 1 0 0 0 0 0 0 0 1 0 0 0 1 0 1 1 0 0 0 0 0 0 0 1 0 0 0 1 0 1 1 0 0 0 0 0 0 0 1 0 0 0 1 0 1 1
60,8,0.00016190923368359698,13.2,53 2  1 0 0 0 1 0 1 1 0 0 0 0 0 0 0 1 0 0 0 1 0 1 1 0 0 0 0 0 0 0 1 0 0 0 1 0 1 1 0 0 0 0 0 0 0 1 0 0 0 1 0 1 1
60,8,0.00018749238312193567,13.2,53 2  1 0 0 0 1 0 1 1 0 0 0 0 0 0 0 1 0 0 0 1 0 1 1 0 0 0 0 0 0 0 1 0 0 0 1 0 1 1 0 0 0 0 0 0 0 1 0 0 0 1 0 1 1
60,8,0.00019487859063803251,13.2,53 2  1 0 0 0 1 0 1 1 0 0 0 0 0 0 0 1 0 0 0 1 0 1 1 0 0 0 0 0 0 0 1 0 0 0 1 0 1 1 0 0 0 0 0 0 0 1 0 0 0 1 0 1 1
60,8,0.00015649084919759317,13.2,53 2  1 0 0 0 1 0 1 1 0 0 0 0 0 0 0 1 0 0 0 1 0 1 1 0 0 0 0 0 0 0 1 0 0 0 1 0 1 1 0 0 0 0 0 0 0 1 0 0 0 1 0 1 1
60,8,0.00043707248847221314,13.6,53 2  1 0 0 0 0 0 1 0 1 0 0 0 1 0 0 0 1 0 1 0 1 0 1 0 0 0 0 0 0 0 1 0 0 0 0 0 1 0 1 0 0 0 1 0 0 0 1 0 1 0 1 0 1
60,8,0.0003940032702271429,13.6,53 2  1 0 1 0 1 0 1 0 0 0 1 0 0 0 1 0 1 0 0 0 0 0 1 0 0 0 0 0 0 0 1 0 1 0 1 0 1 0 0 0 1 0 0 0 1 0 1 0 0 0 0 0 1
60,8,0.000253212635310502,13.6,53 2  1 0 0 0 0 0 1 0 1 0 0 0 1 0 0 0 1 0 1 0 1 0 1 0 0 0 0 0 0 0 1 0 0 0 0 0 1 0 1 0 0 0 1 0 0 0 1 0 1 0 1 0 1
60,8,0.00030466441215001676,13.6,53 2  1 0 1 0 1 0 1 0 0 0 1 0 0 0 1 0 1 0 0 0 0 0 1 0 0 0 0 0 0 0 1 0 1 0 1 0 1 0 0 0 1 0 0 0 1 0 1 0 0 0 0 0 1
60,8,0.000006086523584670239,12.2,53 2  1 1 1 1 0 1 0 0 0 1 1 0 1 1 0 0 0 1 0 1 1 1 1 0 0 0 0 0 0 0 1 1 1 1 0 1 0 0 0 1 1 0 1 1 0 0 0 1 0 1 1 1 1
60,8,0.000006608965987617441,12.2,53 2  1 1 0 0 1 0 1 1 1 1 0 1 1 0 1 0 1 1 1 1 1 0 1 0 0 0 0 0 0 0 1 1 0 0 1 0 1 1 1 1 0 1 1 0 1 0 1 1 1 1 1 0 1
60,8,0.000005723733144679089,12.2,53 2  1 1 0 0 1 0 1 1 1 1 0 1 1 0 1 0 1 1 1 1 1 0 1 0 0 0 0 0 0 0 1 1 0 0 1 0 1 1 1 1 0 1 1 0 1 0 1 1 1 1 1 0 1
60,8,0.000004764209731946503,12.2,53 2  1 1 1 1 0 1 0 0 0 1 1 0 1 1 0 0 0 1 0 1 1 1 1 0 0 0 0 0 0 0 1 1 1 1 0 1 0 0 0 1 1 0 1 1 0 0 0 1 0 1 1 1 1
60,8,0.000004810288244497331,12.2,53 2  1 0 1 1 1 1 1 0 1 0 1 1 0 1 1 1 1 0 1 0 0 1 1 0 0 0 0 0 0 0 1 0 1 1 1 1 1 0 1 0 1 1 0 1 1 1 1 0 1 0 0 1 1
60,8,0.00025515736830690326,13.6,53 2  1 0 0 0 0 0 1 0 1 0 0 0 1 0 0 0 1 0 1 0 1 0 1 0 0 0 0 0 0 0 1 0 0 0 0 0 1 0 1 0 0 0 1 0 0 0 1 0 1 0 1 0 1
60,8,0.00024410486745105698,13.6,53 2  1 0 1 0 1 0 1 0 0 0 1 0 0 0 1 0 1 0 0 0 0 0 1 0 0 0 0 0 0 0 1 0 1 0 1 0 1 0 0 0 1 0 0 0 1 0 1 0 0 0 0 0 1
60,8,0.0002838046856153595,13.6,53 2  1 0 0 0 0 0 1 0 1 0 0 0 1 0 0 0 1 0 1 0 1 0 1 0 0 0 0 0 0 0 1 0 0 0 0 0 1 0 1 0 0 0 1 0 0 0 1 0 1 0 1 0 1
60,8,0.0000037644337802218155,12.2,53 2  1 1 1 1 0 1 0 0 0 1 1 0 1 1 0 0 0 1 0 1 1 1 1 0 0 0 0 0 0 0 1 1 1 1 0 1 0 0 0 1 1 0 1 1 0 0 0 1 0 1 1 1 1
60,8,0.014154281670205236,16,53 2  1 0 0 0 1 0 0 0 0 0 0 0 1 0 0 0 1 0 0 0 0 0 0 0 1 0 0 0 1 0 0 0 0 0 0 0 1 0 0 0 1 0 0 0 0 0 0 0 1 0 0 0 1
60,8,0.0073937153419593345,16,53 2  1 0 0 0 1 0 0 0 0 0 0 0 1 0 0 0 1 0 0 0 0 0 0 0 1 0 0 0 1 0 0 0 0 0 0 0 1 0 0 0 1 0 0 0 0 0 0 0 1 0 0 0 1
60,8,0.009871668311944718,16,53 2  1 0 0 0 1 0 0 0 0 0 0 0 1 0 0 0 1 0 0 0 0 0 0 0 1 0 0 0 1 0 0 0 0 0 0 0 1 0 0 0 1 0 0 0 0 0 0 0 1 0 0 0 1
60,8,0.000004744015306090983,12.2,53 2  1 1 1 1 0 1 0 0 0 1 1 0 1 1 0 0 0 1 0 1 1 1 1 0 0 0 0 0 0 0 1 1 1 1 0 1 0 0 0 1 1 0 1 1 0 0 0 1 0 1 1 1 1
60,8,0.009017132551848512,16,53 2  1 0 0 0 1 0 0 0 0 0 0 0 1 0 0 0 1 0 0 0 0 0 0 0 1 0 0 0 1 0 0 0 0 0 0 0 1 0 0 0 1 0 0 0 0 0 0 0 1 0 0 0 1
60,8,0.00819672131147541,16,53 2  1 0 0 0 1 0 0 0 0 0 0 0 1 0 0 0 1 0 0 0 0 0 0 0 1 0 0 0 1 0 0 0 0 0 0 0 1 0 0 0 1 0 0 0 0 0 0 0 1 0 0 0 1
60,8,0.0002754593284301573,13.6,53 2  1 0 1 0 1 0 1 0 0 0 1 0 0 0 1 0 1 0 0 0 0 0 1 0 0 0 0 0 0 0 1 0 1 0 1 0 1 0 0 0 1 0 0 0 1 0 1 0 0 0 0 0 1
60,8,0.00028679591602615576,13.6,53 2  1 0 0 0 0 0 1 0 1 0 0 0 1 0 0 0 1 0 1 0 1 0 1 0 0 0 0 0 0 0 1 0 0 0 0 0 1 0 1 0 0 0 1 0 0 0 1 0 1 0 1 0 1
60,8,0.000004363254935823064,12.2,53 2  1 1 1 1 0 1 0 0 0 1 1 0 1 1 0 0 0 1 0 1 1 1 1 0 0 0 0 0 0 0 1 1 1 1 0 1 0 0 0 1 1 0 1 1 0 0 0 1 0 1 1 1 1
60,8,0.004526935264825713,13.6,53 2  1 0 1 0 0 0 0 0 0 0 1 0 1 0 0 0 0 0 0 0 1 0 1 0 0 0 0 0 0 0 1 0 1 0 0 0 0 0 0 0 1 0 1 0 0 0 0 0 0 0 1 0 1
60,8,0.002698327037236913,13.6,53 2  1 0 1 0 0 0 0 0 0 0 1 0 1 0 0 0 0 0 0 0 1 0 1 0 0 0 0 0 0 0 1 0 1 0 0 0 0 0 0 0 1 0 1 0 0 0 0 0 0 0 1 0 1
60,8,0.0030048076923076925,13.6,53 2  1 0 1 0 0 0 0 0 0 0 1 0 1 0 0 0 0 0 0 0 1 0 1 0 0 0 0 0 0 0 1 0 1 0 0 0 0 0 0 0 1 0 1 0 0 0 0 0 0 0 1 0 1
60,8,0.002889755815633579,13.6,53 2  1 0 1 0 0 0 0 0 0 0 1 0 1 0 0 0 0 0 0 0 1 0 1 0 0 0 0 0 0 0 1 0 1 0 0 0 0 0 0 0 1 0 1 0 0 0 0 0 0 0 1 0 1
60,8,0.0033305578684429643,13.6,53 2  1 0 1 0 0 0 0 0 0 0 1 0 1 0 0 0 0 0 0 0 1 0 1 0 0 0 0 0 0 0 1 0 1 0 0 0 0 0 0 0 1 0 1 0 0 0 0 0 0 0 1 0 1
60,8,0.000009019556201756648,12.2,53 2  1 0 1 1 1 1 1 0 1 0 1 1 0 1 1 1 1 0 1 0 0 1 1 0 0 0 0 0 0 0 1 0 1 1 1 1 1 0 1 0 1 1 0 1 1 1 1 0 1 0 0 1 1
60,8,0.000006475128061845243,12.2,53 2  1 1 0 0 1 0 1 1 1 1 0 1 1 0 1 0 1 1 1 1 1 0 1 0 0 0 0 0 0 0 1 1 0 0 1 0 1 1 1 1 0 1 1 0 1 0 1 1 1 1 1 0 1
60,8,0.000006946887915784267,12.2,53 2  1 1 0 0 1 0 1 1 1 1 0 1 1 0 1 0 1 1 1 1 1 0 1 0 0 0 0 0 0 0 1 1 0 0 1 0 1 1 1 1 0 1 1 0 1 0 1 1 1 1 1 0 1
60,8,0.0000049322761492635,12.2,53 2  1 0 1 1 1 1 1 0 1 0 1 1 0 1 1 1 1 0 1 0 0 1 1 0 0 0 0 0 0 0 1 0 1 1 1 1 1 0 1 0 1 1 0 1 1 1 1 0 1 0 0 1 1
60,8,0.000005501790832916115,12.2,53 2  1 0 1 1 1 1 1 0 1 0 1 1 0 1 1 1 1 0 1 0 0 1 1 0 0 0 0 0 0 0 1 0 1 1 1 1 1 0 1 0 1 1 0 1 1 1 1 0 1 0 0 1 1
60,8,0.000005448650015228976,12.2,53 2  1 0 1 1 1 1 1 0 1 0 1 1 0 1 1 1 1 0 1 0 0 1 1 0 0 0 0 0 0 0 1 0 1 1 1 1 1 0 1 0 1 1 0 1 1 1 1 0 1 0 0 1 1
60,8,0.000003931928874552203,12.2,53 2  1 1 0 0 1 0 1 1 1 1 0 1 1 0 1 0 1 1 1 1 1 0 1 0 0 0 0 0 0 0 1 1 0 0 1 0 1 1 1 1 0 1 1 0 1 0 1 1 1 1 1 0 1
75,10,0.013054830287206266,1,66 2  1 0 0 0 0 1 0 0 0 0 0 0 0 0 0 1 0 0 0 0 1 0 0 0 0 0 0 0 0 0 1 0 0 0 0 1 0 0 0 0 0 0 0 0 0 1 0 0 0 0 1 0 0 0 0 0 0 0 0 0 1 0 0 0 0 1
75,10,0.015117157974300832,1,66 2  1 0 0 0 0 1 0 0 0 0 0 0 0 0 0 1 0 0 0 0 1 0 0 0 0 0 0 0 0 0 1 0 0 0 0 1 0 0 0 0 0 0 0 0 0 1 0 0 0 0 1 0 0 0 0 0 0 0 0 0 1 0 0 0 0 1
75,10,0.010438413361169102,1,66 2  1 0 0 0 0 1 0 0 0 0 0 0 0 0 0 1 0 0 0 0 1 0 0 0 0 0 0 0 0 0 1 0 0 0 0 1 0 0 0 0 0 0 0 0 0 1 0 0 0 0 1 0 0 0 0 0 0 0 0 0 1 0 0 0 0 1
75,10,0.012106537530266344,1,66 2  1 0 0 0 0 1 0 0 0 0 0 0 0 0 0 1 0 0 0 0 1 0 0 0 0 0 0 0 0 0 1 0 0 0 0 1 0 0 0 0 0 0 0 0 0 1 0 0 0 0 1 0 0 0 0 0 0 0 0 0 1 0 0 0 0 1
75,10,0.010303967027305513,1,66 2  1 0 0 0 0 1 0 0 0 0 0 0 0 0 0 1 0 0 0 0 1 0 0 0 0 0 0 0 0 0 1 0 0 0 0 1 0 0 0 0 0 0 0 0 0 1 0 0 0 0 1 0 0 0 0 0 0 0 0 0 1 0 0 0 0 1
90,12,0.0007170771933598652,3.625,79 2  1 0 0 0 0 0 0 0 0 1 0 0 1 0 0 0 0 0 1 0 0 0 0 0 1 0 0 1 0 0 1 0 0 1 0 0 0 0 0 0 0 0 0 0 0 1 0 0 0 0 0 0 0 0 1 0 0 1 0 0 0 0 0 1 0 0 0 0 0 1 0 0 1 0 0 1 0 0 1
90,12,0.0005853601428278749,3.625,79 2  1 0 0 1 0 0 1 0 0 1 0 0 0 0 0 1 0 0 0 0 0 1 0 0 1 0 0 0 0 0 0 0 0 1 0 0 0 0 0 0 0 0 0 0 0 1 0 0 1 0 0 1 0 0 1 0 0 0 0 0 1 0 0 0 0 0 1 0 0 1 0 0 0 0 0 0 0 0 1
90,12,0.0005888067830541408,3.625,79 2  1 0 0 0 0 0 0 0 0 1 0 0 1 0 0 0 0 0 1 0 0 0 0 0 1 0 0 1 0 0 1 0 0 1 0 0 0 0 0 0 0 0 0 0 0 1 0 0 0 0 0 0 0 0 1 0 0 1 0 0 0 0 0 1 0 0 0 0 0 1 0 0 1 0 0 1 0 0 1
90,12,0.0005813953488372093,3.625,79 2  1 0 0 1 0 0 1 0 0 1 0 0 0 0 0 1 0 0 0 0 0 1 0 0 1 0 0 0 0 0 0 0 0 1 0 0 0 0 0 0 0 0 0 0 0 1 0 0 1 0 0 1 0 0 1 0 0 0 0 0 1 0 0 0 0 0 1 0 0 1 0 0 0 0 0 0 0 0 1
90,12,0.017006802721088437,4,79 2  1 0 0 0 0 0 1 0 0 0 0 0 0 0 0 0 0 0 1 0 0 0 0 0 1 0 0 0 0 0 0 0 0 0 0 0 1 0 0 0 0 0 1 0 0 0 0 0 0 0 0 0 0 0 1 0 0 0 0 0 1 0 0 0 0 0 0 0 0 0 0 0 1 0 0 0 0 0 1
90,12,0.014275517487508922,4,79 2  1 0 0 0 0 0 1 0 0 0 0 0 0 0 0 0 0 0 1 0 0 0 0 0 1 0 0 0 0 0 0 0 0 0 0 0 1 0 0 0 0 0 1 0 0 0 0 0 0 0 0 0 0 0 1 0 0 0 0 0 1 0 0 0 0 0 0 0 0 0 0 0 1 0 0 0 0 0 1
90,12,0.0047427080863172875,3.142857142857143,79 2  1 1 0 1 1 1 0 1 1 0 1 1 0 1 1 1 0 1 1 0 0 0 0 0 0 0 0 0 0 0 1 1 0 1 1 1 0 1 1 0 1 1 0 1 1 1 0 1 1 0 0 0 0 0 0 0 0 0 0 0 1 1 0 1 1 1 0 1 1 0 1 1 0 1 1 1 0 1 1
90,12,0.01160092807424594,4,79 2  1 0 0 0 0 0 1 0 0 0 0 0 0 0 0 0 0 0 1 0 0 0 0 0 1 0 0 0 0 0 0 0 0 0 0 0 1 0 0 0 0 0 1 0 0 0 0 0 0 0 0 0 0 0 1 0 0 0 0 0 1 0 0 0 0 0 0 0 0 0 0 0 1 0 0 0 0 0 1
90,12,0.00460935699469924,3.142857142857143,79 2  1 1 0 1 1 1 0 1 1 0 1 1 0 1 1 1 0 1 1 0 0 0 0 0 0 0 0 0 0 0 1 1 0 1 1 1 0 1 1 0 1 1 0 1 1 1 0 1 1 0 0 0 0 0 0 0 0 0 0 0 1 1 0 1 1 1 0 1 1 0 1 1 0 1 1 1 0 1 1
90,12,0.016863406408094434,4,79 2  1 0 0 0 0 0 1 0 0 0 0 0 0 0 0 0 0 0 1 0 0 0 0 0 1 0 0 0 0 0 0 0 0 0 0 0 1 0 0 0 0 0 1 0 0 0 0 0 0 0 0 0 0 0 1 0 0 0 0 0 1 0 0 0 0 0 0 0 0 0 0 0 1 0 0 0 0 0 1
90,12,0.0004759978104100721,3.625,79 2  1 0 0 0 0 0 0 0 0 1 0 0 1 0 0 0 0 0 1 0 0 0 0 0 1 0 0 1 0 0 1 0 0 1 0 0 0 0 0 0 0 0 0 0 0 1 0 0 0 0 0 0 0 0 1 0 0 1 0 0 0 0 0 1 0 0 0 0 0 1 0 0 1 0 0 1 0 0 1
90,12,0.0027030679821597515,3.142857142857143,79 2  1 1 0 1 1 1 0 1 1 0 1 1 0 1 1 1 0 1 1 0 0 0 0 0 0 0 0 0 0 0 1 1 0 1 1 1 0 1 1 0 1 1 0 1 1 1 0 1 1 0 0 0 0 0 0 0 0 0 0 0 1 1 0 1 1 1 0 1 1 0 1 1 0 1 1 1 0 1 1
90,12,0.014992503748125937,4,79 2  1 0 0 0 0 0 1 0 0 0 0 0 0 0 0 0 0 0 1 0 0 0 0 0 1 0 0 0 0 0 0 0 0 0 0 0 1 0 0 0 0 0 1 0 0 0 0 0 0 0 0 0 0 0 1 0 0 0 0 0 1 0 0 0 0 0 0 0 0 0 0 0 1 0 0 0 0 0 1
90,12,0.003747423646243208,3.142857142857143,79 2  1 1 0 1 1 1 0 1 1 0 1 1 0 1 1 1 0 1 1 0 0 0 0 0 0 0 0 0 0 0 1 1 0 1 1 1 0 1 1 0 1 1 0 1 1 1 0 1 1 0 0 0 0 0 0 0 0 0 0 0 1 1 0 1 1 1 0 1 1 0 1 1 0 1 1 1 0 1 1
90,12,0.0027070925825663237,3.142857142857143,79 2  1 1 0 1 1 1 0 1 1 0 1 1 0 1 1 1 0 1 1 0 0 0 0 0 0 0 0 0 0 0 1 1 0 1 1 1 0 1 1 0 1 1 0 1 1 1 0 1 1 0 0 0 0 0 0 0 0 0 0 0 1 1 0 1 1 1 0 1 1 0 1 1 0 1 1 1 0 1 1
90,12,0.0003581084710558828,3.625,79 2  1 0 0 1 0 0 1 0 0 1 0 0 0 0 0 1 0 0 0 0 0 1 0 0 1 0 0 0 0 0 0 0 0 1 0 0 0 0 0 0 0 0 0 0 0 1 0 0 1 0 0 1 0 0 1 0 0 0 0 0 1 0 0 0 0 0 1 0 0 1 0 0 0 0 0 0 0 0 1
90,12,0.0003739016638624042,3.625,79 2  1 0 0 1 0 0 1 0 0 1 0 0 0 0 0 1 0 0 0 0 0 1 0 0 1 0 0 0 0 0 0 0 0 1 0 0 0 0 0 0 0 0 0 0 0 1 0 0 1 0 0 1 0 0 1 0 0 0 0 0 1 0 0 0 0 0 1 0 0 1 0 0 0 0 0 0 0 0 1
90,12,0.00034228406154267427,3.625,79 2  1 0 0 0 0 0 0 0 0 1 0 0 1 0 0 0 0 0 1 0 0 0 0 0 1 0 0 1 0 0 1 0 0 1 0 0 0 0 0 0 0 0 0 0 0 1 0 0 0 0 0 0 0 0 1 0 0 1 0 0 0 0 0 1 0 0 0 0 0 1 0 0 1 0 0 1 0 0 1
90,12,0.00044081992506061276,3.625,79 2  1 0 0 1 0 0 1 0 0 1 0 0 0 0 0 1 0 0 0 0 0 1 0 0 1 0 0 0 0 0 0 0 0 1 0 0 0 0 0 0 0 0 0 0 0 1 0 0 1 0 0 1 0 0 1 0 0 0 0 0 1 0 0 0 0 0 1 0 0 1 0 0 0 0 0 0 0 0 1
90,12,0.00040459621297944654,3.625,79 2  1 0 0 0 0 0 0 0 0 1 0 0 1 0 0 0 0 0 1 0 0 0 0 0 1 0 0 1 0 0 1 0 0 1 0 0 0 0 0 0 0 0 0 0 0 1 0 0 0 0 0 0 0 0 1 0 0 1 0 0 0 0 0 1 0 0 0 0 0 1 0 0 1 0 0 1 0 0 1
90,12,0.00019775352001265623,4,79 2  1 0 1 0 0 0 0 0 1 0 1 0 1 0 0 0 0 0 1 0 0 0 0 0 0 0 0 0 0 0 1 0 1 0 0 0 0 0 1 0 1 0 1 0 0 0 0 0 1 0 0 0 0 0 0 0 0 0 0 0 1 0 1 0 0 0 0 0 1 0 1 0 1 0 0 0 0 0 1
90,12,0.00018635508097128268,4,79 2  1 0 1 0 0 0 0 0 1 0 1 0 1 0 0 0 0 0 1 0 0 0 0 0 0 0 0 0 0 0 1 0 1 0 0 0 0 0 1 0 1 0 1 0 0 0 0 0 1 0 0 0 0 0 0 0 0 0 0 0 1 0 1 0 0 0 0 0 1 0 1 0 1 0 0 0 0 0 1
90,12,0.00015502433882119492,4,79 2  1 0 1 0 0 0 0 0 1 0 1 0 1 0 0 0 0 0 1 0 0 0 0 0 0 0 0 0 0 0 1 0 1 0 0 0 0 0 1 0 1 0 1 0 0 0 0 0 1 0 0 0 0 0 0 0 0 0 0 0 1 0 1 0 0 0 0 0 1 0 1 0 1 0 0 0 0 0 1
90,12,0.00014823599169878446,4,79 2  1 0 0 0 1 0 1 0 0 0 0 0 1 0 1 0 0 0 1 0 0 0 0 0 0 0 0 0 0 0 1 0 0 0 1 0 1 0 0 0 0 0 1 0 1 0 0 0 1 0 0 0 0 0 0 0 0 0 0 0 1 0 0 0 1 0 1 0 0 0 0 0 1 0 1 0 0 0 1
90,12,0.00012394568699995663,4,79 2  1 0 0 0 0 0 1 0 1 0 1 0 0 0 0 0 1 0 1 0 0 0 0 0 0 0 0 0 0 0 1 0 0 0 0 0 1 0 1 0 1 0 0 0 0 0 1 0 1 0 0 0 0 0 0 0 0 0 0 0 1 0 0 0 0 0 1 0 1 0 1 0 0 0 0 0 1 0 1
90,12,0.00010647076046740663,4,79 2  1 0 0 0 1 0 1 0 0 0 0 0 1 0 1 0 0 0 1 0 0 0 0 0 0 0 0 0 0 0 1 0 0 0 1 0 1 0 0 0 0 0 1 0 1 0 0 0 1 0 0 0 0 0 0 0 0 0 0 0 1 0 0 0 1 0 1 0 0 0 0 0 1 0 1 0 0 0 1
90,12,0.00011436413540713633,4,79 2  1 0 0 0 0 0 1 0 1 0 1 0 0 0 0 0 1 0 1 0 0 0 0 0 0 0 0 0 0 0 1 0 0 0 0 0 1 0 1 0 1 0 0 0 0 0 1 0 1 0 0 0 0 0 0 0 0 0 0 0 1 0 0 0 0 0 1 0 1 0 1 0 0 0 0 0 1 0 1
90,12,0.00010869683366123545,4,79 2  1 0 0 0 1 0 1 0 0 0 0 0 1 0 1 0 0 0 1 0 0 0 0 0 0 0 0 0 0 0 1 0 0 0 1 0 1 0 0 0 0 0 1 0 1 0 0 0 1 0 0 0 0 0 0 0 0 0 0 0 1 0 0 0 1 0 1 0 0 0 0 0 1 0 1 0 0 0 1
90,12,0.00022439637375460013,4,79 2  1 0 1 0 0 0 0 0 1 0 1 0 1 0 0 0 0 0 1 0 0 0 0 0 0 0 0 0 0 0 1 0 1 0 0 0 0 0 1 0 1 0 1 0 0 0 0 0 1 0 0 0 0 0 0 0 0 0 0 0 1 0 1 0 0 0 0 0 1 0 1 0 1 0 0 0 0 0 1
90,12,0.00010472520107238606,4,79 2  1 0 0 0 0 0 1 0 1 0 1 0 0 0 0 0 1 0 1 0 0 0 0 0 0 0 0 0 0 0 1 0 0 0 0 0 1 0 1 0 1 0 0 0 0 0 1 0 1 0 0 0 0 0 0 0 0 0 0 0 1 0 0 0 0 0 1 0 1 0 1 0 0 0 0 0 1 0 1
90,12,0.0001300161870152834,4,79 2  1 0 0 0 1 0 1 0 0 0 0 0 1 0 1 0 0 0 1 0 0 0 0 0 0 0 0 0 0 0 1 0 0 0 1 0 1 0 0 0 0 0 1 0 1 0 0 0 1 0 0 0 0 0 0 0 0 0 0 0 1 0 0 0 1 0 1 0 0 0 0 0 1 0 1 0 0 0 1
90,12,0.000203210729526519,4,79 2  1 0 0 0 0 0 1 0 1 0 1 0 0 0 0 0 1 0 1 0 0 0 0 0 0 0 0 0 0 0 1 0 0 0 0 0 1 0 1 0 1 0 0 0 0 0 1 0 1 0 0 0 0 0 0 0 0 0 0 0 1 0 0 0 0 0 1 0 1 0 1 0 0 0 0 0 1 0 1
90,12,0.0002197633149098421,4,79 2  1 0 0 0 0 0 1 0 1 0 1 0 0 0 0 0 1 0 1 0 0 0 0 0 0 0 0 0 0 0 1 0 0 0 0 0 1 0 1 0 1 0 0 0 0 0 1 0 1 0 0 0 0 0 0 0 0 0 0 0 1 0 0 0 0 0 1 0 1 0 1 0 0 0 0 0 1 0 1
90,12,0.006345177664974619,2.875,79 2  1 0 0 1 0 0 0 0 0 0 0 0 0 0 0 1 0 0 1 0 0 0 0 0 0 0 0 0 0 0 1 0 0 1 0 0 0 0 0 0 0 0 0 0 0 1 0 0 1 0 0 0 0 0 0 0 0 0 0 0 1 0 0 1 0 0 0 0 0 0 0 0 0 0 0 1 0 0 1
90,12,0.007186489399928135,2.875,79 2  1 0 0 1 0 0 0 0 0 0 0 0 0 0 0 1 0 0 1 0 0 0 0 0 0 0 0 0 0 0 1 0 0 1 0 0 0 0 0 0 0 0 0 0 0 1 0 0 1 0 0 0 0 0 0 0 0 0 0 0 1 0 0 1 0 0 0 0 0 0 0 0 0 0 0 1 0 0 1
90,12,0.007194244604316547,2.875,79 2  1 0 0 1 0 0 0 0 0 0 0 0 0 0 0 1 0 0 1 0 0 0 0 0 0 0 0 0 0 0 1 0 0 1 0 0 0 0 0 0 0 0 0 0 0 1 0 0 1 0 0 0 0 0 0 0 0 0 0 0 1 0 0 1 0 0 0 0 0 0 0 0 0 0 0 1 0 0 1
90,12,0.005479452054794521,2.875,79 2  1 0 0 1 0 0 0 0 0 0 0 0 0 0 0 1 0 0 1 0 0 0 0 0 0 0 0 0 0 0 1 0 0 1 0 0 0 0 0 0 0 0 0 0 0 1 0 0 1 0 0 0 0 0 0 0 0 0 0 0 1 0 0 1 0 0 0 0 0 0 0 0 0 0 0 1 0 0 1
90,12,0.0057405281285878304,2.875,79 2  1 0 0 1 0 0 0 0 0 0 0 0 0 0 0 1 0 0 1 0 0 0 0 0 0 0 0 0 0 0 1 0 0 1 0 0 0 0 0 0 0 0 0 0 0 1 0 0 1 0 0 0 0 0 0 0 0 0 0 0 1 0 0 1 0 0 0 0 0 0 0 0 0 0 0 1 0 0 1
90,12,0.00009906237462418212,4,79 2  1 0 0 0 1 0 1 0 0 0 0 0 1 0 1 0 0 0 1 0 0 0 0 0 0 0 0 0 0 0 1 0 0 0 1 0 1 0 0 0 0 0 1 0 1 0 0 0 1 0 0 0 0 0 0 0 0 0 0 0 1 0 0 0 1 0 1 0 0 0 0 0 1 0 1 0 0 0 1
90,12,0.00011783420727037058,4,79 2  1 0 1 0 0 0 0 0 1 0 1 0 1 0 0 0 0 0 1 0 0 0 0 0 0 0 0 0 0 0 1 0 1 0 0 0 0 0 1 0 1 0 1 0 0 0 0 0 1 0 0 0 0 0 0 0 0 0 0 0 1 0 1 0 0 0 0 0 1 0 1 0 1 0 0 0 0 0 1
105,14,0.000000999999000001,1,92 2  1 0 1 0 1 1 0 1 0 1 0 1 1 1 0 0 0 1 0 1 0 1 0 1 1 1 0 1 0 0 1 0 0 1 0 0 0 0 1 1 1 1 0 1 1 1 1 1 1 1 0 1 0 0 0 0 1 1 1 1 1 1 0 0 0 1 1 1 1 0 1 1 0 1 0 0 0 0 1 0 1 1 1 0 1 0 0 0 0 1 0 1
105,14,0.0000010789789384929675,1,92 2  1 1 1 0 0 0 1 1 0 1 1 1 1 1 1 1 1 0 1 1 0 1 1 1 1 1 1 0 0 1 0 0 1 0 0 1 1 1 0 0 0 1 0 0 0 0 0 1 1 1 1 0 0 1 1 1 0 0 0 1 1 1 1 1 1 0 0 0 1 0 0 0 1 1 0 0 0 0 1 1 1 1 1 1 0 0 1 1 1 0 1 1
105,14,0.02059732234809475,1,92 2  1 0 0 0 0 0 0 1 0 0 0 0 0 0 0 0 0 0 0 0 0 1 0 0 0 0 0 0 1 0 0 0 0 0 0 0 0 0 0 0 0 0 1 0 0 0 0 0 0 1 0 0 0 0 0 0 0 0 0 0 0 0 0 1 0 0 0 0 0 0 1 0 0 0 0 0 0 0 0 0 0 0 0 0 1 0 0 0 0 0 0 1
105,14,0.014144271570014143,1,92 2  1 0 0 0 0 0 0 1 0 0 0 0 0 0 0 0 0 0 0 0 0 1 0 0 0 0 0 0 1 0 0 0 0 0 0 0 0 0 0 0 0 0 1 0 0 0 0 0 0 1 0 0 0 0 0 0 0 0 0 0 0 0 0 1 0 0 0 0 0 0 1 0 0 0 0 0 0 0 0 0 0 0 0 0 1 0 0 0 0 0 0 1
105,14,0.014461315979754157,1,92 2  1 0 0 0 0 0 0 1 0 0 0 0 0 0 0 0 0 0 0 0 0 1 0 0 0 0 0 0 1 0 0 0 0 0 0 0 0 0 0 0 0 0 1 0 0 0 0 0 0 1 0 0 0 0 0 0 0 0 0 0 0 0 0 1 0 0 0 0 0 0 1 0 0 0 0 0 0 0 0 0 0 0 0 0 1 0 0 0 0 0 0 1
105,14,0.017406440382941687,1,92 2  1 0 0 0 0 0 0 1 0 0 0 0 0 0 0 0 0 0 0 0 0 1 0 0 0 0 0 0 1 0 0 0 0 0 0 0 0 0 0 0 0 0 1 0 0 0 0 0 0 1 0 0 0 0 0 0 0 0 0 0 0 0 0 1 0 0 0 0 0 0 1 0 0 0 0 0 0 0 0 0 0 0 0 0 1 0 0 0 0 0 0 1
105,14,0.01509433962264151,1,92 2  1 0 0 0 0 0 0 1 0 0 0 0 0 0 0 0 0 0 0 0 0 1 0 0 0 0 0 0 1 0 0 0 0 0 0 0 0 0 0 0 0 0 1 0 0 0 0 0 0 1 0 0 0 0 0 0 0 0 0 0 0 0 0 1 0 0 0 0 0 0 1 0 0 0 0 0 0 0 0 0 0 0 0 0 1 0 0 0 0 0 0 1
105,14,0.000000999999000001,1,92 2  1 0 0 0 0 1 0 1 0 1 0 1 1 1 0 1 0 1 1 0 1 0 0 1 1 0 0 1 0 1 0 0 0 1 1 0 0 1 0 1 1 1 1 1 0 1 1 1 1 0 0 0 1 1 0 0 1 0 1 1 0 0 1 0 1 0 0 0 1 1 1 0 1 0 1 0 1 0 1 1 1 0 0 0 0 1 0 0 0 0 1 1
105,14,0.0000010468276907488853,1,92 2  1 1 0 1 1 1 0 0 1 1 1 1 1 1 0 0 0 0 1 1 0 0 0 1 0 0 0 1 1 1 1 1 1 0 0 0 1 1 1 0 0 1 1 1 1 0 0 0 0 0 1 0 0 0 1 1 1 0 0 1 0 0 1 0 0 1 1 1 1 1 1 0 1 1 0 1 1 1 1 1 1 1 1 0 1 1 0 0 0 1 1 1
105,14,0.000000999999000001,1,92 2  1 0 1 0 0 0 0 1 0 1 1 1 0 1 0 0 0 0 1 0 1 1 0 1 1 1 1 0 0 0 1 1 1 1 1 1 0 0 0 0 1 0 1 1 1 1 1 1 1 0 1 1 1 1 0 0 0 0 1 0 0 1 0 0 1 0 1 1 1 0 1 0 1 0 1 0 0 0 1 1 1 0 1 0 1 0 1 1 0 1 0 1
