15,4,0.11764705882352941
15,4,0.13333333333333333
15,4,0.06578947368421052
15,4,0.11363636363636363
15,4,0.041666666666666664
15,4,0.07518796992481203
15,4,0.08
15,4,0.10416666666666667
15,4,0.11235955056179775
15,4,0.03690036900369004
21,5,0.025
21,5,0.07194244604316546
21,5,0.014044943820224719
21,5,0.021551724137931036
21,5,0.015479876160990712
21,5,0.024213075060532687
21,5,0.017699115044247787
21,5,0.017985611510791366
21,5,0.01893939393939394
21,5,0.01607717041800643
33,10,0.03389830508474576
33,10,0.031055900621118012
33,10,0.0364963503649635
33,10,0.11235955056179775
33,10,0.04739336492890995
33,10,0.030864197530864196
33,10,0.029850746268656716
33,10,0.04716981132075472
33,10,0.03067484662576687
33,10,0.02506265664160401
42,11,0.032362459546925564
42,13,0.046511627906976744
42,11,0.05714285714285714
42,11,0.03389830508474576
42,11,0.038910505836575876
42,11,0.028328611898016998
42,13,0.038314176245210725
42,11,0.05263157894736842
42,11,0.022271714922048998
42,13,0.03496503496503497
51,16,0.022172949002217297
51,16,0.030959752321981424
51,16,0.023474178403755867
51,16,0.02079002079002079
51,16,0.015723270440251572
51,16,0.028735632183908046
51,16,0.013513513513513514
51,16,0.03773584905660377
51,16,0.030959752321981424
51,16,0.0234192037470726
56,15,0.11494252873563218
56,15,0.07246376811594203
56,15,0.07194244604316546
56,15,0.05154639175257732
56,15,0.0847457627118644
56,15,0.07407407407407407
56,15,0.06097560975609756
56,15,0.14492753623188406
56,15,0.08264462809917356
56,15,0.09900990099009901
62,15,0.011627906976744186
62,15,0.012755102040816327
62,15,0.014184397163120567
62,15,0.01358695652173913
62,15,0.009823182711198428
62,15,0.014577259475218658
62,15,0.008375209380234505
62,15,0.013054830287206266
62,15,0.009587727708533078
62,15,0.010111223458038422
63,17,0.0033944331296673455
63,17,0.00388651379712398
63,17,0.0029120559114735
63,17,0.0024330900243309003
63,17,0.0025614754098360654
63,17,0.002960331557134399
63,17,0.002680965147453083
63,17,0.0034602076124567475
63,17,0.003129890453834116
63,17,0.0008984725965858042
85,24,0.0010757314974182443
85,24,0.0009114108640174991
85,24,0.0008491847826086956
85,24,0.0012645422357106728
85,24,0.0014738393515106854
85,24,0.0009542895314438401
85,24,0.0004941932295527551
85,24,0.0005048210409409864
85,24,0.00078125
85,24,0.001295001295001295
