15,2,0.0017761989342806395,77
15,2,0.003729951510630362,107
15,2,0.00363901018922853,92
15,2,0.0016658337497917708,61
15,2,0.003209242618741977,81
15,2,0.0026845637583892616,79
15,2,0.002188662727073758,82
15,2,0.003763643206624012,91
15,2,0.001962708537782139,81
15,2,0.0016425755584756898,99
21,2,0.00018925414939722552,64
21,2,0.00013378642335375805,71
21,2,0.00022833656810138144,66
21,2,0.00023480792711561943,135
21,2,0.00014425018752524377,117
21,2,0.00017350869278550855,105
21,2,0.00014194464158978,81
21,2,0.00012151406525305304,173
21,2,0.00009579278105601962,148
21,2,0.00018599460615642145,164
21,2,0.0002740852405097985,127
21,2,0.00015419962683690307,66
25,4,0.01288659793814433,60
25,4,0.011764705882352941,139
25,4,0.007704160246533128,79
25,4,0.010438413361169102,126
25,4,0.011299435028248588,56
25,4,0.01567398119122257,132
25,4,0.01451378809869376,130
25,4,0.011037527593818985,176
25,4,0.008525149190110827,80
25,4,0.006531678641410843,94
25,4,0.011441647597254004,137
25,4,0.00859106529209622,147
25,4,0.007961783439490446,128
28,3,0.00010408318328007743,138
28,3,0.00014109347442680775,136
28,3,0.00013727589709798755,99
28,3,0.00017219706231811686,102
28,3,0.00011272686281140796,138
28,3,0.00007709386949549771,121
28,3,0.00019140221260957778,147
28,3,0.00011311449449132412,161
28,3,0.00025078369905956113,175
28,3,0.0001062044648357017,172
28,3,0.00016743126946388507,198
28,3,0.00008471919821750807,208
31,5,0.00031399145943230346,97
31,5,0.0002997871511227029,147
31,5,0.0010585371017254154,176
31,5,0.00035033632286995514,159
31,5,0.00043176028668883034,149
31,5,0.0006036095853202149,91
31,5,0.0002878940549877645,112
31,5,0.00042901883392680937,261
31,5,0.0003876720294630742,203
31,5,0.0004942909396470763,241
31,5,0.00029667428130655354,169
31,5,0.0005148535241723729,88
35,4,0.0007224911494834188,90
35,3,0.000006340048501371035,205
35,4,0.00043846187573990444,206
35,3,0.000005924535634896937,202
35,3,0.000005010989099094314,174
35,4,0.0010049241282283187,107
35,3,0.000005224447488555847,175
35,3,0.000004446685573973727,200
35,4,0.000842034355001684,213
35,3,0.000004995835970718406,164
35,4,0.0011508804235239958,84
42,5,0.000023540489642184557,257
42,5,0.000024767188428769565,216
42,5,0.000018056147395942424,203
42,5,0.00003911246005640017,213
42,5,0.000024944311823853248,305
42,5,0.000021187069107982018,251
42,5,0.00002718573292735972,352
42,5,0.000019539760481616015,263
42,5,0.00002132614500072509,289
42,5,0.000012864449864665987,299
45,4,0.00005338230269900923,100
45,4,0.000032985446820862635,275
45,4,0.000027036307056746505,272
45,4,0.00003992398473306824,245
45,4,0.00003803525107069232,269
45,4,0.000021378073365272175,108
45,8,0.002442598925256473,225
45,4,0.0000015249804764374505,307
45,4,0.0000396620790861857,393
45,8,0.005549389567147614,219
45,4,0.000001275225880760259,290
45,4,0.00003226836957609043,313
45,8,0.0038880248833592537,280
51,8,0.00028074903843454337,542
51,8,0.00022800337444994187,236
51,8,0.00001166316771635176,484
51,8,0.000012695720399610496,573
51,8,0.000012404146954409799,244
51,8,0.000017396629229120567,655
51,8,0.00021734405564007825,689
51,8,0.00026574541589157585,232
51,8,0.000011822888402574079,243
51,8,0.000010116982670620383,609
56,9,0.0007320644216691069,527
56,9,0.0006943962224845497,906
56,9,0.0006978854072161351,579
56,9,0.0008590327291469804,853
56,9,0.0006297229219143577,654
56,9,0.000617741536940944,665
56,9,0.00043204009332066014,555
56,9,0.0005495713343591998,781
56,9,0.0006912760956726117,904
56,9,0.0007913896802785691,841
63,8,0.0000015725668852010448,418
63,8,0.0000016058135589437152,398
63,8,0.0000015977429643787999,369
63,8,0.000001645794969166854,338
63,8,0.0000015626565098160612,407
63,8,0.0000014798956910321133,357
63,8,0.0000011594012017425337,371
63,8,0.0000013073380492503004,453
63,8,0.0000014252739554701658,778
63,8,0.0000016540148315509946,496
