9,2,0.0823045267489712,28
9,2,0.04008016032064128,30
9,2,0.043859649122807015,28
9,2,0.046189376443418015,28
9,2,0.047505938242280284,30
9,2,0.0477326968973747,30
9,2,0.0447427293064877,30
9,2,0.04597701149425287,30
9,2,0.04310344827586207,30
9,2,0.046296296296296294,30
9,2,0.03861003861003861,28
9,2,0.035523978685612786,30
9,2,0.03484320557491289,31
9,2,0.03717472118959108,30
9,2,0.046189376443418015,28
18,4,0.07936507936507936,90
18,4,0.07462686567164178,122
18,4,0.07722007722007722,99
18,4,0.05698005698005698,94
18,4,0.06711409395973154,98
18,4,0.0684931506849315,92
18,4,0.08733624454148471,90
18,4,0.08968609865470852,98
18,4,0.10526315789473684,98
18,4,0.06269592476489028,93
18,4,0.10638297872340426,91
18,4,0.06514657980456026,130
18,4,0.11363636363636363,92
18,4,0.07547169811320754,93
18,4,0.07042253521126761,100
18,4,0.06756756756756757,94
18,4,0.09569377990430622,106
18,4,0.06153846153846154,94
18,4,0.0970873786407767,109
18,4,0.1092896174863388,102
18,4,0.11428571428571428,129
18,4,0.060790273556231005,95
18,4,0.07194244604316546,96
18,4,0.07547169811320754,101
18,4,0.08264462809917356,99
18,4,0.08064516129032258,97
18,4,0.10152284263959391,88
18,4,0.08097165991902834,94
18,4,0.06688963210702341,114
18,4,0.08064516129032258,96
18,4,0.06779661016949153,102
18,4,0.06389776357827476,98
18,4,0.09950248756218906,93
18,4,0.06472491909385113,91
18,4,0.0975609756097561,97
18,4,0.05970149253731343,87
18,4,0.060790273556231005,89
18,4,0.0684931506849315,129
18,4,0.08196721311475409,93
18,4,0.10101010101010101,96
18,4,0.10152284263959391,95
18,4,0.08163265306122448,90
18,4,0.08368200836820083,92
18,4,0.0881057268722467,93
18,4,0.06493506493506493,56
18,4,0.07782101167315175,92
18,4,0.08196721311475409,60
18,4,0.10638297872340426,105
18,4,0.05649717514124294,65
18,4,0.09345794392523364,95
27,6,0.14388489208633093,253
27,6,0.10204081632653061,242
27,6,0.13157894736842105,232
27,6,0.12345679012345678,213
27,6,0.08032128514056225,227
27,6,0.11494252873563218,241
27,6,0.14084507042253522,266
27,6,0.09090909090909091,229
27,6,0.1111111111111111,221
27,6,0.09523809523809523,199
27,6,0.07662835249042145,223
27,6,0.09569377990430622,203
27,6,0.15267175572519084,247
27,6,0.10869565217391304,208
27,6,0.10101010101010101,226
27,6,0.10752688172043011,224
27,6,0.10362694300518134,204
27,6,0.11834319526627218,265
27,6,0.13245033112582782,214
27,6,0.0966183574879227,245
27,6,0.07905138339920949,219
27,6,0.09569377990430622,211
27,6,0.10050251256281408,224
27,6,0.1,210
27,6,0.11299435028248588,217
27,6,0.08163265306122448,228
27,6,0.09569377990430622,230
27,6,0.10869565217391304,243
27,6,0.1342281879194631,211
27,6,0.12121212121212122,223
27,6,0.08064516129032258,230
27,6,0.09569377990430622,240
27,6,0.16393442622950818,204
27,6,0.13513513513513514,210
27,6,0.11173184357541899,223
27,6,0.091324200913242,225
27,6,0.09615384615384616,242
27,6,0.12658227848101267,259
27,6,0.10256410256410256,237
27,6,0.07272727272727272,221
27,6,0.10638297872340426,227
27,6,0.15873015873015872,233
27,6,0.136986301369863,222
27,6,0.0975609756097561,233
27,6,0.13157894736842105,225
27,6,0.09523809523809523,229
27,6,0.0706713780918728,216
27,6,0.07905138339920949,217
27,6,0.12345679012345678,221
27,6,0.11494252873563218,243
36,8,0.145985401459854,349
36,8,0.12658227848101267,306
36,8,0.14388489208633093,311
36,8,0.12195121951219512,358
36,8,0.18691588785046728,347
36,8,0.13986013986013987,344
36,8,0.11627906976744186,367
36,8,0.145985401459854,315
36,8,0.12345679012345678,324
36,8,0.273972602739726,328
36,8,0.16393442622950818,314
36,8,0.13793103448275862,319
36,8,0.15384615384615385,362
36,8,0.13513513513513514,332
36,8,0.12578616352201258,304
36,8,0.145985401459854,310
36,8,0.17857142857142858,343
36,8,0.17094017094017094,314
36,8,0.23529411764705882,319
36,8,0.15873015873015872,316
36,8,0.16666666666666666,302
36,8,0.15625,346
36,8,0.11428571428571428,343
36,8,0.12422360248447205,306
36,8,0.12578616352201258,357
36,8,0.15873015873015872,307
36,8,0.18018018018018017,312
36,8,0.20833333333333334,320
36,8,0.15037593984962405,303
36,8,0.20202020202020202,321
36,8,0.2247191011235955,333
36,8,0.15503875968992248,305
36,8,0.1652892561983471,393
36,8,0.11627906976744186,340
36,8,0.14705882352941177,346
36,8,0.2247191011235955,309
36,8,0.19607843137254902,194
36,8,0.17543859649122806,218
36,8,0.11904761904761904,196
36,8,0.13793103448275862,203
36,8,0.1282051282051282,191
36,8,0.1694915254237288,190
36,8,0.15748031496062992,187
36,8,0.17857142857142858,198
36,8,0.11049723756906077,186
36,8,0.11834319526627218,208
36,8,0.3389830508474576,190
36,8,0.19607843137254902,176
36,8,0.1652892561983471,176
36,8,0.15625,190
45,10,0.008565310492505354,326
45,10,0.00736105999263894,598
45,10,0.006080875646093037,513
45,10,0.005812263876780006,451
45,10,0.00784313725490196,444
45,10,0.007382798080472499,490
45,10,0.007630675314765357,498
45,10,0.005360493165371214,507
45,10,0.006224712107065048,502
45,10,0.24691358024691357,440
45,10,0.13793103448275862,388
45,10,0.24691358024691357,429
45,10,0.15151515151515152,385
45,10,0.19607843137254902,428
45,10,0.10471204188481675,396
45,10,0.16666666666666666,417
45,10,0.18018018018018017,402
45,10,0.13333333333333333,409
45,10,0.18518518518518517,418
45,10,0.010188487009679063,734
45,10,0.007704160246533128,337
45,10,0.19230769230769232,382
45,10,0.12269938650306748,381
45,10,0.006516780710329097,525
45,10,0.006283380458686773,529
45,10,0.008126777732629013,704
45,10,0.006613756613756613,325
45,10,0.01017293997965412,502
45,10,0.009456264775413711,511
45,10,0.2127659574468085,390
45,10,0.25316455696202533,395
45,10,0.20202020202020202,386
45,10,0.008624407072013798,341
45,10,0.013888888888888888,633
45,10,0.1342281879194631,394
45,10,0.17543859649122806,447
45,10,0.13071895424836602,418
45,10,0.19801980198019803,390
45,10,0.16260162601626016,392
45,10,0.00777302759424796,512
45,10,0.005656108597285068,541
45,10,0.007555723460521345,515
45,10,0.008051529790660225,501
45,10,0.0069036934760096655,571
45,10,0.00594883997620464,334
45,10,0.008058017727639,551
45,10,0.00671366230278617,514
45,10,0.0076045627376425855,326
45,10,0.1724137931034483,391
45,10,0.1342281879194631,428
54,12,0.2222222222222222,489
54,12,0.1834862385321101,481
54,12,0.2247191011235955,485
54,12,0.24390243902439024,526
54,12,0.3225806451612903,469
54,12,0.2564102564102564,474
54,12,0.20833333333333334,493
54,12,0.20618556701030927,481
54,12,0.16129032258064516,455
54,12,0.16806722689075632,464
54,12,0.24390243902439024,466
54,12,0.21505376344086022,528
54,12,0.18018018018018017,481
54,12,0.2777777777777778,492
54,12,0.1941747572815534,492
54,12,0.24096385542168675,500
54,12,0.24390243902439024,470
54,12,0.22727272727272727,493
54,12,0.2597402597402597,469
54,12,0.20202020202020202,480
54,12,0.2702702702702703,501
54,12,0.1724137931034483,493
54,12,0.15267175572519084,461
54,12,0.21739130434782608,478
54,12,0.20408163265306123,494
54,12,0.18867924528301888,481
54,12,0.19607843137254902,500
54,12,0.28169014084507044,485
54,12,0.15625,522
54,12,0.2631578947368421,537
54,12,0.16666666666666666,473
54,12,0.15625,489
54,12,0.14492753623188406,487
54,12,0.23529411764705882,556
54,12,0.18018018018018017,507
54,12,0.23255813953488372,533
54,12,0.2127659574468085,453
54,12,0.2222222222222222,440
54,12,0.2127659574468085,454
54,12,0.22988505747126436,441
54,12,0.2127659574468085,431
54,12,0.19607843137254902,440
54,12,0.18518518518518517,485
54,12,0.19801980198019803,461
54,12,0.19607843137254902,430
54,12,0.22727272727272727,423
54,12,0.20618556701030927,452
54,12,0.24096385542168675,442
54,12,0.21978021978021978,487
54,12,0.24390243902439024,423
63,14,0.00005556373577221091,991
63,14,0.00007383424949331247,1037
63,14,0.00005760086631702941,953
63,14,0.00007418260047105951,1170
63,14,0.18181818181818182,553
63,14,0.19801980198019803,540
63,14,0.29411764705882354,584
63,14,0.3448275862068966,576
63,14,0.2898550724637681,556
63,14,0.0001352265043948614,378
63,14,0.00005546004104043037,374
63,14,0.00011833829368014343,378
63,14,0.23255813953488372,545
63,14,0.24096385542168675,622
63,14,0.37037037037037035,580
63,14,0.28169014084507044,553
63,14,0.0001649729444371123,498
63,14,0.2222222222222222,550
63,14,0.00004543182953977557,1007
63,14,0.26666666666666666,613
63,14,0.00010158110997678872,399
63,14,0.00004369894051918711,981
63,14,0.00008760211121088018,971
63,14,0.2564102564102564,583
63,14,0.36363636363636365,554
63,14,0.25316455696202533,532
63,14,0.25316455696202533,564
63,14,0.2247191011235955,554
63,14,0.28169014084507044,595
63,14,0.21739130434782608,553
63,14,0.00007453175425389988,1091
63,14,0.0001314734226476118,388
63,14,0.25,551
63,14,0.2127659574468085,546
63,14,0.000051820318228574245,878
63,14,0.3333333333333333,560
63,14,0.22988505747126436,550
63,14,0.36363636363636365,592
63,14,0.3389830508474576,555
63,14,0.21052631578947367,580
63,14,0.21978021978021978,588
63,14,0.20408163265306123,547
63,14,0.31746031746031744,557
63,14,0.00008758331362708777,420
63,14,0.19607843137254902,584
63,14,0.25316455696202533,563
63,14,0.00004493160286753489,1037
63,14,0.30303030303030304,601
63,14,0.00008207182105060138,1036
63,14,0.0000705646583964887,1121
72,16,0.25316455696202533,639
72,16,0.2222222222222222,642
72,16,0.24390243902439024,655
72,16,0.30303030303030304,678
72,16,0.35714285714285715,613
72,16,0.24691358024691357,674
72,16,0.2597402597402597,630
72,16,0.2127659574468085,669
72,16,0.3076923076923077,620
72,16,0.2127659574468085,657
72,16,0.30303030303030304,628
72,16,0.23809523809523808,668
72,16,0.273972602739726,623
72,16,0.21505376344086022,631
72,16,0.29411764705882354,669
72,16,0.21978021978021978,673
72,16,0.25316455696202533,632
72,16,0.21505376344086022,670
72,16,0.39215686274509803,636
72,16,0.2631578947368421,623
72,16,0.23809523809523808,621
72,16,0.22727272727272727,632
72,16,0.2857142857142857,640
72,16,0.21978021978021978,643
72,16,0.46511627906976744,646
72,16,0.3448275862068966,635
72,16,0.21505376344086022,621
72,16,0.20833333333333334,641
72,16,0.26666666666666666,666
72,16,0.3125,630
72,16,0.25,622
72,16,0.29850746268656714,616
72,16,0.2898550724637681,637
72,16,0.36363636363636365,634
72,16,0.2127659574468085,624
72,16,0.2702702702702703,643
72,16,0.29850746268656714,661
72,16,0.29411764705882354,640
72,16,0.2247191011235955,653
72,16,0.20202020202020202,618
72,16,0.17391304347826086,681
72,16,0.3448275862068966,715
72,16,0.3389830508474576,651
72,16,0.18691588785046728,694
72,16,0.3125,652
72,16,0.32786885245901637,706
72,16,0.3448275862068966,619
72,16,0.3333333333333333,629
72,16,0.2247191011235955,637
72,16,0.30303030303030304,662
81,18,0.36363636363636365,726
81,18,0.273972602739726,704
81,18,0.35714285714285715,724
81,18,0.28169014084507044,769
81,18,0.4166666666666667,724
81,18,0.20618556701030927,720
81,18,0.2564102564102564,759
81,18,0.2857142857142857,703
81,18,0.3076923076923077,720
81,18,0.20833333333333334,740
81,18,0.43478260869565216,700
81,18,0.3333333333333333,704
81,18,0.2222222222222222,763
81,18,0.38461538461538464,743
81,18,0.3076923076923077,695
81,18,0.2597402597402597,712
81,18,0.26666666666666666,706
81,18,0.3448275862068966,727
81,18,0.26666666666666666,789
81,18,0.4166666666666667,735
81,18,0.3076923076923077,708
81,18,0.21052631578947367,728
81,18,0.30303030303030304,754
81,18,0.4166666666666667,740
81,18,0.31746031746031744,741
81,18,0.2222222222222222,729
81,18,0.3225806451612903,716
81,18,0.40816326530612246,763
81,18,0.1941747572815534,752
81,18,0.22727272727272727,786
81,18,0.2777777777777778,723
81,18,0.3125,716
81,18,0.3448275862068966,809
81,18,0.4,741
81,18,0.21505376344086022,704
81,18,0.273972602739726,703
81,18,0.29850746268656714,715
81,18,0.2564102564102564,697
81,18,0.24691358024691357,714
81,18,0.1941747572815534,750
81,18,0.2777777777777778,745
81,18,0.38461538461538464,753
81,18,0.28169014084507044,800
81,18,0.26666666666666666,738
81,18,0.2777777777777778,764
81,18,0.23255813953488372,702
81,18,0.32786885245901637,709
81,18,0.273972602739726,713
81,18,0.2597402597402597,716
81,18,0.24096385542168675,778
90,20,0.3508771929824561,770
90,20,0.37037037037037035,779
90,20,0.3508771929824561,819
90,20,0.5882352941176471,809
90,20,0.3125,797
90,20,0.2702702702702703,854
90,20,0.2898550724637681,851
90,20,0.24691358024691357,829
90,20,0.20202020202020202,857
90,20,0.3333333333333333,821
90,20,0.3125,809
90,20,0.3076923076923077,809
90,20,0.37735849056603776,780
90,20,0.2631578947368421,779
90,20,0.3333333333333333,827
90,20,0.29850746268656714,842
90,20,0.46511627906976744,847
90,20,0.31746031746031744,814
90,20,0.32786885245901637,785
90,20,0.36363636363636365,797
90,20,0.47619047619047616,818
90,20,0.47619047619047616,805
90,20,0.5714285714285714,815
90,20,0.3448275862068966,837
90,20,0.2631578947368421,839
90,20,0.4444444444444444,769
90,20,0.36363636363636365,834
90,20,0.2702702702702703,800
90,20,0.273972602739726,856
90,20,0.37735849056603776,826
90,20,0.2777777777777778,809
90,20,0.36363636363636365,844
90,20,0.38461538461538464,799
90,20,0.36363636363636365,801
90,20,0.38461538461538464,775
90,20,0.35714285714285715,788
90,20,0.0182648401826484,701
90,20,0.01384083044982699,1130
90,20,0.019743336623889437,1041
90,20,0.024539877300613498,905
90,20,0.016474464579901153,983
90,20,0.016286644951140065,1033
90,20,0.012586532410320957,1005
90,20,0.01304631441617743,1024
90,20,0.0113314447592068,907
90,20,0.24096385542168675,828
90,20,0.47619047619047616,784
90,20,0.4444444444444444,824
90,20,0.2857142857142857,844
90,20,0.20833333333333334,831
99,22,0.3508771929824561,851
99,22,0.31746031746031744,874
99,22,0.36363636363636365,886
99,22,0.35714285714285715,913
99,22,0.32786885245901637,872
99,22,0.28169014084507044,922
99,22,0.37735849056603776,888
99,22,0.37037037037037035,906
99,22,0.3225806451612903,857
99,22,0.3333333333333333,883
99,22,0.36363636363636365,916
99,22,0.39215686274509803,901
99,22,0.425531914893617,880
99,22,0.36363636363636365,901
99,22,0.29411764705882354,927
99,22,0.3333333333333333,979
99,22,0.37037037037037035,961
99,22,0.2631578947368421,923
99,22,0.36363636363636365,927
99,22,0.29850746268656714,859
99,22,0.2898550724637681,880
99,22,0.2898550724637681,872
99,22,0.39215686274509803,852
99,22,0.3225806451612903,946
99,22,0.4166666666666667,914
99,22,0.4878048780487805,929
99,22,0.29850746268656714,851
99,22,0.273972602739726,877
99,22,0.425531914893617,888
99,22,0.37037037037037035,862
99,22,0.38461538461538464,919
99,22,0.4878048780487805,894
99,22,0.20833333333333334,884
99,22,0.4444444444444444,906
99,22,0.4166666666666667,909
99,22,0.36363636363636365,912
99,22,0.29850746268656714,987
99,22,0.37037037037037035,863
99,22,0.3508771929824561,948
99,22,0.4444444444444444,862
99,22,0.28169014084507044,911
99,22,0.45454545454545453,871
99,22,0.2631578947368421,853
99,22,0.40816326530612246,896
99,22,0.4166666666666667,910
99,22,0.38461538461538464,893
99,22,0.4878048780487805,875
99,22,0.3448275862068966,876
99,22,0.37735849056603776,934
99,22,0.32786885245901637,962
108,24,0.37735849056603776,979
108,24,0.45454545454545453,962
108,24,0.4,975
108,24,0.4,986
108,24,0.38461538461538464,951
108,24,0.37735849056603776,974
108,24,0.425531914893617,957
108,24,0.3448275862068966,1022
108,24,0.39215686274509803,926
108,24,0.38461538461538464,986
108,24,0.31746031746031744,975
108,24,0.3225806451612903,992
108,24,0.5,962
108,24,0.37037037037037035,959
108,24,0.40816326530612246,1034
108,24,0.3389830508474576,1001
108,24,0.4,1053
108,24,0.4166666666666667,1003
108,24,0.2857142857142857,1050
108,24,0.3125,971
108,24,0.4878048780487805,997
108,24,0.24691358024691357,927
108,24,0.3076923076923077,933
108,24,0.31746031746031744,1038
108,24,0.26666666666666666,965
108,24,0.3448275862068966,992
108,24,0.30303030303030304,987
108,24,0.29850746268656714,973
108,24,0.4166666666666667,1014
108,24,0.425531914893617,950
108,24,0.37735849056603776,1022
108,24,0.3448275862068966,1001
108,24,0.4166666666666667,1011
108,24,0.5555555555555556,1035
108,24,0.5405405405405406,945
108,24,0.4166666666666667,966
108,24,0.4166666666666667,1096
108,24,0.425531914893617,979
108,24,0.3333333333333333,948
108,24,0.3448275862068966,1092
108,24,0.3333333333333333,1002
108,24,0.3333333333333333,924
108,24,0.3125,916
108,24,0.35714285714285715,1036
108,24,0.30303030303030304,933
108,24,0.47619047619047616,1008
108,24,0.30303030303030304,959
108,24,0.425531914893617,930
108,24,0.29411764705882354,1079
108,24,0.4166666666666667,1086
117,26,0.40816326530612246,1009
117,26,0.47619047619047616,1088
117,26,0.5128205128205128,1040
117,26,0.29850746268656714,1102
117,26,0.3448275862068966,1000
117,26,0.425531914893617,1061
117,26,0.4878048780487805,1043
117,26,0.5,1037
117,26,0.43478260869565216,1098
117,26,0.45454545454545453,1040
117,26,0.47619047619047616,1016
117,26,0.39215686274509803,1075
117,26,0.3508771929824561,1096
117,26,0.43478260869565216,1053
117,26,0.3225806451612903,1044
