25,4,0.01037344398340249
25,4,0.011933174224343675
25,4,0.0073964497041420114
25,4,0.014814814814814815
25,4,0.007380073800738007
25,4,0.00782472613458529
25,4,0.008488964346349746
25,4,0.01053740779768177
25,4,0.006993006993006993
25,4,0.00639386189258312
25,4,0.006506180871828237
25,4,0.010362694300518135
25,4,0.012360939431396786
25,4,0.01272264631043257
25,4,0.012239902080783354
25,4,0.011325028312570781
25,4,0.0074962518740629685
25,4,0.016638935108153077
25,4,0.010416666666666666
25,4,0.0075815011372251705
25,4,0.007818608287724784
25,4,0.0072254335260115606
25,4,0.01
25,4,0.012626262626262626
25,4,0.011976047904191617
25,4,0.006662225183211193
25,4,0.009775171065493646
25,4,0.010582010582010581
25,4,0.010416666666666666
25,4,0.014184397163120567
25,4,0.0056625141562853904
25,4,0.010245901639344262
25,4,0.006289308176100629
25,4,0.014947683109118086
25,4,0.006540222367560497
25,4,0.006648936170212766
25,4,0.00725689404934688
25,4,0.01564945226917058
25,4,0.006662225183211193
25,4,0.008795074758135445
25,4,0.00855431993156544
25,4,0.005608524957936063
25,4,0.005399568034557235
25,4,0.00796812749003984
25,4,0.011037527593818985
25,4,0.013679890560875513
25,4,0.011198208286674132
25,4,0.008203445447087777
25,4,0.01182033096926714
25,4,0.013850415512465374
25,4,0.009000900090009001
25,4,0.0060790273556231
50,8,0.011389521640091117
50,8,0.03802281368821293
50,8,0.02444987775061125
50,8,0.014992503748125937
50,8,0.02004008016032064
50,8,0.0186219739292365
50,8,0.019880715705765408
50,8,0.016835016835016835
50,8,0.014326647564469915
50,8,0.017889087656529516
50,8,0.017482517482517484
50,8,0.017006802721088437
50,8,0.016556291390728478
50,8,0.016891891891891893
50,8,0.016
50,8,0.011947431302270013
50,8,0.016025641025641024
50,8,0.0234192037470726
50,8,0.02976190476190476
50,8,0.011614401858304297
50,8,0.01240694789081886
50,8,0.028901734104046242
50,8,0.012391573729863693
50,8,0.014903129657228018
50,8,0.026737967914438502
50,8,0.008920606601248885
50,8,0.015105740181268883
50,8,0.017064846416382253
50,8,0.021321961620469083
50,8,0.017452006980802792
50,8,0.013404825737265416
50,8,0.04926108374384237
50,8,0.017921146953405017
50,8,0.012345679012345678
50,8,0.0196078431372549
50,8,0.027247956403269755
50,8,0.02512562814070352
50,8,0.022779043280182234
50,8,0.011848341232227487
50,8,0.020161290322580645
50,8,0.022779043280182234
50,8,0.02262443438914027
50,8,0.013568521031207599
50,8,0.027247956403269755
50,8,0.01694915254237288
50,8,0.01733102253032929
50,8,0.015384615384615385
50,8,0.01639344262295082
50,8,0.00909090909090909
50,8,0.02242152466367713
50,8,0.01824817518248175
50,8,0.014204545454545454
75,12,0.02702702702702703
75,12,0.030211480362537766
75,12,0.021231422505307854
75,12,0.043668122270742356
75,12,0.03636363636363636
75,12,0.02457002457002457
75,12,0.02012072434607646
75,12,0.03968253968253968
75,12,0.022573363431151242
75,12,0.037037037037037035
75,12,0.031746031746031744
75,12,0.019342359767891684
75,12,0.016835016835016835
75,12,0.01567398119122257
75,12,0.038461538461538464
75,12,0.020833333333333332
75,12,0.01733102253032929
75,12,0.02188183807439825
75,12,0.03164556962025317
75,12,0.02631578947368421
75,12,0.02481389578163772
75,12,0.030959752321981424
75,12,0.021691973969631236
75,12,0.027548209366391185
75,12,0.043859649122807015
75,12,0.04065040650406504
75,12,0.029850746268656716
75,12,0.034013605442176874
75,12,0.026455026455026454
75,12,0.04975124378109453
75,12,0.03496503496503497
75,12,0.017513134851138354
75,12,0.028011204481792718
75,12,0.07042253521126761
75,12,0.03636363636363636
75,12,0.045871559633027525
75,12,0.0196078431372549
75,12,0.03134796238244514
75,12,0.021413276231263382
75,12,0.02364066193853428
75,12,0.027247956403269755
75,12,0.026737967914438502
75,12,0.022988505747126436
75,12,0.024509803921568627
75,12,0.018484288354898338
75,12,0.027932960893854747
75,12,0.030864197530864196
75,12,0.029498525073746312
75,12,0.04219409282700422
75,12,0.032362459546925564
75,12,0.036231884057971016
75,12,0.01972386587771203
100,16,0.02680965147453083
100,16,0.033444816053511704
100,16,0.056818181818181816
100,16,0.04405286343612335
100,16,0.03571428571428571
100,16,0.03571428571428571
100,16,0.04065040650406504
100,16,0.034482758620689655
100,16,0.04424778761061947
100,16,0.033444816053511704
100,16,0.03787878787878788
100,16,0.021551724137931036
100,16,0.049019607843137254
100,16,0.036101083032490974
100,16,0.04329004329004329
100,16,0.03289473684210526
100,16,0.036231884057971016
100,16,0.04854368932038835
100,16,0.022321428571428572
100,16,0.05847953216374269
100,16,0.02028397565922921
100,16,0.025510204081632654
100,16,0.04830917874396135
100,16,0.043478260869565216
100,16,0.030303030303030304
100,16,0.028011204481792718
100,16,0.04132231404958678
100,16,0.11363636363636363
100,16,0.04878048780487805
100,16,0.040983606557377046
100,16,0.04065040650406504
100,16,0.025
100,16,0.02457002457002457
100,16,0.028985507246376812
100,16,0.04784688995215311
100,16,0.04132231404958678
100,16,0.03968253968253968
100,16,0.028735632183908046
100,16,0.0411522633744856
100,16,0.02145922746781116
100,16,0.04484304932735426
100,16,0.018214936247723135
100,16,0.045454545454545456
100,16,0.03508771929824561
100,16,0.032679738562091505
100,16,0.03125
100,16,0.08
100,16,0.02865329512893983
100,16,0.023474178403755867
100,16,0.03333333333333333
100,16,0.019157088122605363
100,16,0.040160642570281124
125,20,0.035211267605633804
125,20,0.046511627906976744
125,20,0.05025125628140704
125,20,0.0425531914893617
125,20,0.05813953488372093
125,20,0.055865921787709494
125,20,0.07092198581560284
125,20,0.03937007874015748
125,20,0.03773584905660377
125,20,0.03460207612456748
125,20,0.03134796238244514
125,20,0.054945054945054944
125,20,0.06172839506172839
125,20,0.053475935828877004
125,20,0.0364963503649635
125,20,0.028901734104046242
125,20,0.04504504504504504
125,20,0.03508771929824561
125,20,0.03484320557491289
125,20,0.033003300330033
125,20,0.04975124378109453
125,20,0.05813953488372093
125,20,0.05813953488372093
125,20,0.06369426751592357
125,20,0.06578947368421052
125,20,0.06329113924050633
125,20,0.125
125,20,0.02617801047120419
125,20,0.07518796992481203
125,20,0.028409090909090908
125,20,0.0390625
125,20,0.13333333333333333
125,20,0.034013605442176874
125,20,0.038461538461538464
125,20,0.06060606060606061
125,20,0.03355704697986577
125,20,0.03571428571428571
125,20,0.032679738562091505
125,20,0.04830917874396135
125,20,0.05434782608695652
125,20,0.03636363636363636
125,20,0.07692307692307693
125,20,0.043478260869565216
125,20,0.04484304932735426
125,20,0.033112582781456956
125,20,0.027548209366391185
125,20,0.053763440860215055
125,20,0.06097560975609756
125,20,0.07246376811594203
125,20,0.04830917874396135
125,20,0.03597122302158273
125,20,0.04950495049504951
