18,2,0.0004981195985156036,60
18,2,0.0009433072351664937,91
18,2,0.0005236287472182222,81
18,2,0.000680017680459692,54
18,2,0.0004820903437304151,77
18,2,0.0004713090609166961,96
18,2,0.0003598934715324264,58
18,2,0.0008104384471999352,101
18,2,0.0005385029617662897,60
18,2,0.0008573755733699147,91
18,2,0.0005695896106855011,134
18,2,0.00040903977911851925,83
18,2,0.0005149595756733096,133
18,2,0.0004526422994228811,124
18,2,0.0006336533282641067,106
18,2,0.00040737345961910584,95
18,2,0.0005173974906221704,93
18,2,0.0006027000964320154,69
18,2,0.0008065166545689168,58
18,2,0.0004667117821389401,56
36,4,0.0010821925220496726,187
36,4,0.0014173339947558643,240
36,4,0.0011492931846914147,159
36,4,0.0013828389684021295,290
36,4,0.001428265371706063,217
36,4,0.0016768676113020878,408
36,4,0.0010768319603725839,305
36,4,0.0008018603159329645,204
36,4,0.0008531331314251589,326
36,4,0.001173089330752537,498
36,4,0.000917810105089257,413
36,4,0.0012408487405385284,260
36,4,0.0013473457289140394,273
36,4,0.0010260619741432383,303
36,4,0.000972715334857254,398
36,4,0.0008748141020033243,320
36,4,0.0013029315960912053,190
36,4,0.0008809408448222702,304
36,4,0.000856898029134533,403
36,4,0.0010963109137751466,247
54,6,0.0016929067208396817,397
54,6,0.0016754628466113764,750
54,6,0.0013008976193573565,494
54,6,0.00141622999575131,427
54,6,0.00222000222000222,846
54,6,0.0021743857360295715,689
54,6,0.0017158544955387784,752
54,6,0.0022763487366264513,456
54,6,0.001687051876845213,816
54,6,0.0019056693663649356,797
54,6,0.0011326311020500622,637
54,6,0.0015287013681877246,715
54,6,0.0020022024226649315,744
54,6,0.0016842105263157896,706
54,6,0.0010623605651758207,627
54,6,0.0028188865398167725,663
54,6,0.002029220779220779,569
54,6,0.0025730091341824263,489
54,6,0.0011973180076628352,548
54,6,0.0017135023989033585,461
72,8,0.0017196904557179708,1224
72,8,0.0018570102135561746,1088
72,8,0.003597769382982551,613
72,8,0.0029073993312981536,1268
72,8,0.002506265664160401,1458
72,8,0.001947230065232207,1318
72,8,0.002525890376357666,722
72,8,0.0018326766242096582,1343
72,8,0.0018453589223103894,1473
72,8,0.00299311583358276,1489
72,8,0.0028129395218002813,1138
72,8,0.002651113467656416,999
72,8,0.0024354603019970775,819
72,8,0.002652168147460549,416
72,8,0.0020462451401677922,823
72,8,0.002298058140870964,1186
72,8,0.00211864406779661,1197
72,8,0.0014426891726177595,790
72,8,0.0027704668236597867,733
72,8,0.002002402883460152,720
90,10,0.000008730967037543595,716
90,10,0.0000043913462374506305,1556
90,10,0.002129925452609159,1324
90,10,0.0029158769499927103,1627
90,10,0.0024268899405411964,1724
90,10,0.003226847370119393,1702
90,10,0.0029824038174768863,1732
90,10,0.0021301523058898713,1643
90,10,0.003150102378327296,1012
90,10,0.002698327037236913,899
90,10,0.0033573946617424877,829
90,10,0.003102699348433137,1017
90,10,0.0028097780275358245,969
90,10,0.003115750116840629,1163
90,10,0.004450378282153983,982
90,10,0.0036010082823190494,1053
90,10,0.003222687721559781,1047
90,10,0.000005583808073348903,1346
90,10,0.000004293250473599193,1256
90,10,0.000006562982481759011,681
