21,3,0.000933184023889511,110
21,3,0.0014951035359198625,116
21,3,0.0014169323414806943,148
21,3,0.001053740779768177,121
21,3,0.00117820324005891,123
21,3,0.0015101177891875567,94
21,3,0.0011570726063060456,120
21,3,0.0013274042609676777,149
21,3,0.00150591069949552,125
21,3,0.0017929179740026895,142
21,3,0.0012993762993762994,116
21,3,0.0013012361743656475,84
21,3,0.0008646405257014396,137
21,3,0.0012482057043000686,152
21,3,0.0012733987011333248,181
21,3,0.0011028398125172319,137
21,3,0.0008041494109605565,104
21,3,0.0010679196924391287,131
21,3,0.0010628122010840685,99
21,3,0.0014161297174821214,85
42,6,0.0001670787943594199,237
42,6,0.0002432794063982484,379
42,6,0.0002870511238051497,419
42,6,0.0015942606616181746,510
42,6,0.0026113069591330463,561
42,6,0.0037871615224389322,466
42,6,0.002632618138738976,581
42,6,0.002297266253158741,428
42,6,0.003058571647040832,610
42,6,0.00021602937999567941,395
42,6,0.0024198427102238356,562
42,6,0.002031075454453133,484
42,6,0.003685956505713233,537
42,6,0.0024909702329057168,539
42,6,0.0023889154323936935,466
42,6,0.0023245002324500234,422
42,6,0.00016393980130496082,228
42,6,0.00029124375646197087,326
42,6,0.0002768204404213207,320
42,6,0.00014694645271263153,158
63,9,0.0000012417786492304388,431
63,9,0.0000011532148574205513,386
63,9,0.000001305296350893942,741
63,9,0.0004509989627023858,510
63,9,0.0000011866114393970542,738
63,9,0.000001273143683303981,1152
63,9,0.0000012215835986765607,881
63,9,0.0035081564637782846,1298
63,9,0.003169572107765452,1359
63,9,0.0000014671419619766685,499
63,9,0.003429355281207133,1204
63,9,0.006868131868131868,1118
63,9,0.000001193258898638742,1091
63,9,0.0000012726862690896578,388
63,9,0.000001667438829798099,971
63,9,0.0000011541200354084027,751
63,9,0.000001343977907153571,1225
63,9,0.0000013508681421659036,757
63,9,0.0000013140442154853804,725
63,9,0.000001165154742453613,646
84,12,0.0000018659856565414553,1185
84,12,0.0049912652857499375,973
84,12,0.00042514295431838955,678
84,12,0.0004058029826519225,549
84,12,0.005984440454817474,922
84,12,0.00040090604766772906,553
84,12,0.00003958107391369743,1117
84,12,0.004785833931562575,1950
84,12,0.009737098344693282,2088
84,12,0.005547850208044383,2072
84,12,0.004715868898844612,2245
84,12,0.0052603892688058915,1854
84,12,0.005722460658082976,2035
84,12,0.00019948333815418068,1751
84,12,0.0002690522634021659,1288
84,12,0.0002617424192851815,1376
84,12,0.000037904488270456105,1438
84,12,0.00048805485736596796,483
84,12,0.00041266893634581657,639
84,12,0.00045004500450045,636
