15,2,0.0017002465357476835,5
15,2,0.0021065936380872128,2
15,2,0.0022603978300180833,2
15,2,0.001654122901331569,2
15,2,0.002149844136300118,2
15,2,0.0022331397945511387,2
15,2,0.0029218407596785976,5
15,2,0.00200300450676014,3
15,2,0.0024500796275878966,2
15,2,0.002312673450508788,3
15,2,0.0015896987520864795,5
15,2,0.002684924150892737,9
15,2,0.002949417490045716,2
15,2,0.0019258545979778526,6
15,2,0.00281928390188892,2
15,2,0.0019880715705765406,5
15,2,0.0021826912583215105,3
15,2,0.0022313957380341405,2
15,2,0.0019351717464925011,2
15,2,0.002079650618696059,2
30,4,0.002087464774031938,1
30,4,0.0021647364433380234,2
30,4,0.002296211251435132,2
30,4,0.002697599136768276,4
30,4,0.005608524957936063,5
30,4,0.0001493975543620351,2
30,4,0.0019739439399921043,3
30,4,0.0049504950495049506,6
30,4,0.00513347022587269,6
30,4,0.00018079586339064563,2
30,4,0.00022499465637691106,2
30,4,0.00019939781858786465,4
30,4,0.0067613252197430695,5
30,4,0.004839099927413501,5
30,4,0.00014169624575796866,2
30,4,0.003978516013526954,5
30,4,0.007074637424831978,5
30,4,0.0016073294221650727,2
30,4,0.00019135276839617676,2
30,4,0.00165809981760902,4
45,6,0.00007199113069269866,2
45,6,0.00006327912421692084,3
45,6,0.00005210762308471918,3
45,6,0.00007015156245067468,4
45,6,0.00005073798397694466,4
45,6,0.00012324529511085913,4
45,6,0.00013202278713305918,5
45,6,0.00006853774716425071,5
45,6,0.00010661492289075701,7
45,6,0.00004320727610529613,6
45,6,0.000033754134881522986,5
45,6,0.00007773933999300346,6
45,6,0.00010300040170156663,3
45,6,0.00012299215310063218,3
45,6,0.00007630005760654349,6
45,6,0.00012755427434373327,3
45,6,0.00008588962324516764,3
45,6,0.00006617301596754875,3
45,6,0.00006758971690047076,4
45,6,0.000056569885021708696,3
60,8,0.0001920897443285503,2
60,8,0.000006278275784564734,6
60,8,0.00010693471635566487,4
60,8,0.0001385463714705312,4
60,8,0.000005075159302906569,6
60,8,0.00016783029001074114,5
60,8,0.00018558901313042267,3
60,8,0.0003113567369813964,7
60,8,0.0002298559952189953,5
60,8,0.0002035768451696304,5
60,8,0.000274231808147427,3
60,8,0.0002152643984974545,3
60,8,0.00019645979450305494,3
60,8,0.00019128505298595966,4
60,8,0.00021878247552371054,4
60,8,0.000010605274851605692,6
60,8,0.00016909172380557834,4
60,8,0.0002114589611021241,5
60,8,0.0001880529933335214,5
60,8,0.000004698414637440961,6
60,8,0.00015647982974994524,5
60,8,0.0002580811665268727,5
60,8,0.000009915062616099186,8
75,10,0.011675423234092236,4
75,10,0.012399256044637322,5
75,10,0.01349527665317139,4
75,10,0.009302325581395349,5
75,10,0.013812154696132596,5
75,10,0.012180267965895249,4
75,10,0.011376564277588168,5
75,10,0.015625,5
75,10,0.009144947416552356,4
75,10,0.009161704076958314,7
75,10,0.012944983818770227,6
75,10,0.00942507068803016,6
75,10,0.01240694789081886,5
75,10,0.011911852293031567,6
75,10,0.011834319526627219,6
75,10,0.015163002274450341,8
75,10,0.01310615989515072,6
75,10,0.00865426222414539,5
75,10,0.008350730688935281,5
75,10,0.009033423667570008,4
90,12,0.0007142602049926788,2
90,12,0.0003867275117951891,3
90,12,0.0004718650465966734,2
90,12,0.0005315049562837174,5
90,12,0.0007401650568076681,4
90,12,0.0005664117813650524,2
90,12,0.0005032712632108706,2
90,12,0.0004596010662744738,5
90,12,0.0034223134839151265,7
90,12,0.0033984706881903144,9
90,12,0.0034153005464480873,9
90,12,0.011376564277588168,5
90,12,0.013210039630118891,7
90,12,0.013689253935660506,8
90,12,0.01784121320249777,10
90,12,0.0020173492031470646,13
90,12,0.001971803214039239,10
90,12,0.01998001998001998,6
90,12,0.014184397163120567,7
90,12,0.0005209690023443605,4
