12,2,0.00983284169124877,8,3 2  1 1 1
12,2,0.006985679357317499,8,3 2  1 1 1
12,2,0.00736105999263894,8,3 2  1 1 1
12,2,0.008936550491510277,8,3 2  1 1 1
12,2,0.007493443237167478,8,3 2  1 1 1
24,4,0.02702702702702703,2,5 2  1 0 1 0 1
24,4,0.025839793281653745,2,5 2  1 0 1 0 1
24,4,0.022271714922048998,2,5 2  1 0 1 0 1
24,4,0.024783147459727387,2,5 2  1 0 1 0 1
24,4,0.019342359767891684,2,5 2  1 0 1 0 1
36,6,0.03454231433506045,4,7 2  1 0 0 1 0 0 1
36,6,0.033444816053511704,4,7 2  1 0 0 1 0 0 1
36,6,0.031545741324921134,4,7 2  1 0 0 1 0 0 1
36,6,0.027210884353741496,4,7 2  1 0 0 1 0 0 1
36,6,0.03508771929824561,4,7 2  1 0 0 1 0 0 1
36,6,0.002563116749967961,6,7 2  1 1 0 1 0 1 1
36,6,0.0039054872095293887,6,7 2  1 1 0 1 0 1 1
36,6,0.0031620553359683794,6,7 2  1 1 0 1 0 1 1
36,6,0.0026406126221283337,6,7 2  1 1 0 1 0 1 1
36,6,0.0035014005602240898,6,7 2  1 1 0 1 0 1 1
48,8,0.043859649122807015,4,9 2  1 0 0 0 1 0 0 0 1
48,8,0.03787878787878788,4,9 2  1 0 0 0 1 0 0 0 1
48,8,0.05221932114882506,4,9 2  1 0 0 0 1 0 0 0 1
48,8,0.03731343283582089,4,9 2  1 0 0 0 1 0 0 0 1
48,8,0.022779043280182234,4,9 2  1 0 0 0 1 0 0 0 1
60,10,0.0749063670411985,4,11 2  1 0 0 0 0 1 0 0 0 0 1
60,10,0.03257328990228013,4,11 2  1 0 0 0 0 1 0 0 0 0 1
60,10,0.04246284501061571,4,11 2  1 0 0 0 0 1 0 0 0 0 1
60,10,0.0711743772241993,4,11 2  1 0 0 0 0 1 0 0 0 0 1
60,10,0.03527336860670194,4,11 2  1 0 0 0 0 1 0 0 0 0 1
60,10,0.000017026725147791975,20,11 2  1 1 0 0 0 0 0 1 1 0 1
60,10,0.0000182370266351774,20,11 2  1 1 0 0 0 0 0 1 1 0 1
60,10,0.0000208948206963199,20,11 2  1 0 1 1 0 0 0 0 0 1 1
60,10,0.000015763708317799513,20,11 2  1 0 1 1 0 0 0 0 0 1 1
60,10,0.000015956992713239277,16,11 2  1 0 0 1 1 1 1 1 0 0 1
60,10,0.00001473020885963142,16,11 2  1 0 0 1 1 1 1 1 0 0 1
60,10,0.000013879751385893176,20,11 2  1 0 1 1 0 0 0 0 0 1 1
60,10,0.00001640619104025095,20,11 2  1 1 0 0 0 0 0 1 1 0 1
60,10,0.00001982526015697641,16,11 2  1 0 0 1 1 1 1 1 0 0 1
60,10,0.000010242407047595442,20,11 2  1 0 1 1 0 0 0 0 0 1 1
60,10,0.00002137421222669062,16,11 2  1 0 0 1 1 1 1 1 0 0 1
60,10,0.00002012912835841926,20,11 2  1 1 0 0 0 0 0 1 1 0 1
60,10,0.000012681922173580005,20,11 2  1 0 1 1 0 0 0 0 0 1 1
60,10,0.000013695121934518143,20,11 2  1 1 0 0 0 0 0 1 1 0 1
60,10,0.000010247355797928292,16,11 2  1 0 0 1 1 1 1 1 0 0 1
72,12,0.056818181818181816,4,13 2  1 0 0 0 0 0 1 0 0 0 0 0 1
72,12,0.057803468208092484,4,13 2  1 0 0 0 0 0 1 0 0 0 0 0 1
72,12,0.04987531172069826,4,13 2  1 0 0 0 0 0 1 0 0 0 0 0 1
72,12,0.09302325581395349,4,13 2  1 0 0 0 0 0 1 0 0 0 0 0 1
72,12,0.05952380952380952,4,13 2  1 0 0 0 0 0 1 0 0 0 0 0 1
72,12,0.008964589870013447,8,13 2  1 0 1 0 0 0 1 0 0 0 1 0 1
72,12,0.00779423226812159,8,13 2  1 0 1 0 0 0 1 0 0 0 1 0 1
72,12,0.007309941520467836,8,13 2  1 0 1 0 0 0 1 0 0 0 1 0 1
72,12,0.008329862557267805,8,13 2  1 0 1 0 0 0 1 0 0 0 1 0 1
72,12,0.0055663790704146955,8,13 2  1 0 1 0 0 0 1 0 0 0 1 0 1
84,14,0.0056227157717177395,20,15 2  1 1 1 0 0 0 0 0 1 1 1 0 1 1 1
84,14,0.004435573297848747,20,15 2  1 1 1 0 1 1 1 0 0 0 0 0 1 1 1
84,14,0.004767580452920143,20,15 2  1 1 1 0 1 1 1 0 0 0 0 0 1 1 1
84,14,0.006086427267194157,20,15 2  1 1 1 0 0 0 0 0 1 1 1 0 1 1 1
84,14,0.004387889425186486,20,15 2  1 1 1 0 0 0 0 0 1 1 1 0 1 1 1
84,14,0.0041356492969396195,20,15 2  1 1 1 0 1 1 1 0 0 0 0 0 1 1 1
84,14,0.08620689655172414,4,15 2  1 0 0 0 0 0 0 1 0 0 0 0 0 0 1
84,14,0.08583690987124463,4,15 2  1 0 0 0 0 0 0 1 0 0 0 0 0 0 1
84,14,0.03745318352059925,4,15 2  1 0 0 0 0 0 0 1 0 0 0 0 0 0 1
84,14,0.06920415224913495,4,15 2  1 0 0 0 0 0 0 1 0 0 0 0 0 0 1
84,14,0.06269592476489028,4,15 2  1 0 0 0 0 0 0 1 0 0 0 0 0 0 1
84,14,0.005863383172090296,20,15 2  1 1 1 0 0 0 0 0 1 1 1 0 1 1 1
84,14,0.009280742459396751,20,15 2  1 1 1 0 0 0 0 0 1 1 1 0 1 1 1
84,14,0.004203446826397646,20,15 2  1 1 1 0 1 1 1 0 0 0 0 0 1 1 1
84,14,0.005517241379310344,20,15 2  1 1 1 0 1 1 1 0 0 0 0 0 1 1 1
84,14,0.0007275372862859222,26,15 2  1 1 1 0 0 1 0 0 0 1 0 0 1 0 1
84,14,0.00063500127000254,26,15 2  1 1 1 0 0 1 0 0 0 1 0 0 1 0 1
84,14,0.0005706134094151213,26,15 2  1 0 1 0 0 1 0 0 0 1 0 0 1 1 1
84,14,0.00035924056544465,26,15 2  1 0 1 0 0 1 0 0 0 1 0 0 1 1 1
84,14,0.000019451014564919706,24,15 2  1 1 1 0 0 1 0 1 0 1 1 0 1 0 1
84,14,0.000448058785312633,26,15 2  1 1 1 0 0 1 0 0 0 1 0 0 1 0 1
84,14,0.000011324675618822744,24,15 2  1 1 1 0 0 1 0 1 0 1 1 0 1 0 1
84,14,0.000010366078046201609,24,15 2  1 0 1 0 1 1 0 1 0 1 0 0 1 1 1
84,14,0.0004665158265494157,26,15 2  1 0 1 0 0 1 0 0 0 1 0 0 1 1 1
84,14,0.0005713632727688264,26,15 2  1 1 1 0 0 1 0 0 0 1 0 0 1 0 1
84,14,0.0000103091986402167,24,15 2  1 0 1 0 1 1 0 1 0 1 0 0 1 1 1
84,14,0.0009435742592942064,26,15 2  1 1 1 0 0 1 0 0 0 1 0 0 1 0 1
84,14,0.00042788986114974004,26,15 2  1 0 1 0 0 1 0 0 0 1 0 0 1 1 1
84,14,0.0004983926835954048,26,15 2  1 0 1 0 0 1 0 0 0 1 0 0 1 1 1
84,14,0.00001017713299986261,24,15 2  1 1 1 0 0 1 0 1 0 1 1 0 1 0 1
84,14,0.0012408487405385284,12,15 2  1 0 0 0 0 0 1 0 0 0 1 0 1 0 1
84,14,0.0008568246080027419,12,15 2  1 0 1 0 1 0 0 0 1 0 0 0 0 0 1
84,14,0.0006148359924990009,12,15 2  1 0 1 0 1 0 0 0 1 0 0 0 0 0 1
84,14,0.0006507662772915107,12,15 2  1 0 1 0 1 0 0 0 1 0 0 0 0 0 1
84,14,0.0007323861139592793,12,15 2  1 0 0 0 0 0 1 0 0 0 1 0 1 0 1
84,14,0.000617417343253172,12,15 2  1 0 0 0 0 0 1 0 0 0 1 0 1 0 1
84,14,0.000536365586783952,12,15 2  1 0 1 0 1 0 0 0 1 0 0 0 0 0 1
84,14,0.0005772338951743247,12,15 2  1 0 1 0 1 0 0 0 1 0 0 0 0 0 1
84,14,0.0003963378383734295,12,15 2  1 0 0 0 0 0 1 0 0 0 1 0 1 0 1
84,14,0.0005813108559802354,12,15 2  1 0 0 0 0 0 1 0 0 0 1 0 1 0 1
84,14,0.000009756887630900843,24,15 2  1 0 1 0 1 1 0 1 0 1 0 0 1 1 1
