15,2,0.0019801980198019802,77
15,2,0.0025869874531108525,107
15,2,0.0025230225810521003,92
15,2,0.002850220892119139,61
15,2,0.0015325670498084292,100
15,2,0.0052812252442566675,59
15,2,0.002716284123319299,73
15,2,0.0017666283897182229,94
15,2,0.0034934497816593887,81
15,2,0.004151100041511001,99
15,2,0.002049390306383851,80
15,2,0.0016735001255125093,68
15,2,0.0024233612019871563,80
15,2,0.002618486514794449,96
15,2,0.0018589088205223534,60
15,2,0.0031318509238960224,87
15,2,0.00228675966155957,83
15,2,0.0034464931931759437,78
15,2,0.0022611644997173543,85
15,2,0.0022356360384529397,97
30,4,0.0020708221163802027,74
30,4,0.003780718336483932,147
30,4,0.0023452157598499064,154
30,4,0.001650709805216243,66
30,4,0.008631851532153647,152
30,4,0.00011747154251882481,145
30,4,0.0012953367875647669,159
30,4,0.00404040404040404,211
30,4,0.0040858018386108275,147
30,4,0.00014154181499069363,205
30,4,0.00015495347521906548,149
30,4,0.00017711183726964392,332
30,4,0.004791566842357451,264
30,4,0.005047955577990914,220
30,4,0.00013234428041106135,326
30,4,0.005292405398253507,286
30,4,0.004887585532746823,168
30,4,0.0019241870309794113,136
30,4,0.0001357708730745993,137
30,4,0.0016012810248198558,155
45,6,0.00008139511222351098,140
45,6,0.00005260071063560069,230
45,6,0.00009347192103492111,278
45,6,0.00006433288407535954,262
45,6,0.00005751208472680322,133
45,6,0.0001147861820394061,235
45,6,0.0000763102469399591,240
45,6,0.000056788980666191535,230
45,6,0.00011892444729863117,155
45,6,0.0001371949128126329,398
45,6,0.00006253556710379028,370
45,6,0.00005609704789285464,131
45,6,0.00006610477607007106,437
45,6,0.00007157197098472296,485
45,6,0.00005860874559701799,144
45,6,0.00006606830802366567,525
45,6,0.00008140306319726812,529
45,6,0.00008623700516128476,345
45,6,0.00007115741086644821,575
45,6,0.00006857769853243725,255
60,8,0.0001643952719919775,305
60,8,0.000004950510979367013,508
60,8,0.00014140571420491102,491
60,8,0.0001680022848310737,513
60,8,0.000006721265748765808,413
60,8,0.0001540879534038029,395
60,8,0.00020034459269944305,929
60,8,0.00039449287940352675,449
60,8,0.0002012112919777058,633
60,8,0.00021237735207917428,745
60,8,0.00017977689687098311,626
60,8,0.0001637492017226416,682
60,8,0.0002108992745064957,590
60,8,0.0001140966398539563,408
60,8,0.00019015383445207174,489
60,8,0.000007146997296290923,739
60,8,0.0001816860465116279,662
60,8,0.00029365125976390437,765
60,8,0.00021532001937880175,588
60,8,0.000007322839460292086,762
60,8,0.00014875639652505058,517
60,8,0.0001684834801947669,595
60,8,0.000005023398992507098,523
75,10,0.010378827192527244,802
75,10,0.012338062924120914,1117
75,10,0.01358695652173913,1014
75,10,0.017699115044247787,720
75,10,0.010911074740861976,1347
75,10,0.014492753623188406,1035
75,10,0.007905138339920948,1433
75,10,0.011737089201877934,802
75,10,0.013003901170351105,1114
75,10,0.007636502481863307,1077
75,10,0.008912655971479501,1334
75,10,0.011933174224343675,803
75,10,0.016835016835016835,987
75,10,0.013210039630118891,1092
75,10,0.013869625520110958,714
75,10,0.013568521031207599,1134
75,10,0.008896797153024912,989
75,10,0.013377926421404682,1160
75,10,0.013651877133105802,1327
75,10,0.013651877133105802,785
90,12,0.0006143449546920596,1233
90,12,0.0004274783054759971,1110
90,12,0.0006903693476009665,1182
90,12,0.00047551117451260106,1144
90,12,0.0004251339171839129,1547
90,12,0.0004964996772752097,1023
90,12,0.0005458366310963129,1501
90,12,0.00043978274732282255,1088
90,12,0.003278688524590164,863
90,12,0.002598752598752599,1048
90,12,0.0023912003825920613,879
90,12,0.017761989342806393,1066
90,12,0.01638001638001638,1298
90,12,0.014388489208633094,1216
90,12,0.010970927043335162,806
90,12,0.0024093482712926155,1841
90,12,0.003995205753096284,1742
90,12,0.0103359173126615,1591
90,12,0.01532567049808429,1281
90,12,0.0005247002649736338,1268
