27,2,0.000012560021201315788
27,2,0.000010633196200546334
27,2,0.000022440493421569352
27,2,0.000006019393281273607
27,2,0.000011994305103936652
27,2,0.000011519887934530172
27,2,0.000010373540831812745
27,2,0.000009732388513056486
27,2,0.000012692255946956523
27,2,0.00000872548574779158
27,2,0.000015981359342462953
27,2,0.000011321835631854664
27,2,0.000009618834447354676
27,2,0.00001196163663897149
27,2,0.000009093074896020688
27,2,0.000008311487972445754
27,2,0.000011321053763684323
27,2,0.000007809321362164306
27,2,0.000005563282336578581
27,2,0.000020620257340811613
27,2,0.000008983378055583753
27,2,0.0000072203260843666224
27,2,0.0000113613640908182
27,2,0.000011716296900336492
27,2,0.00001472188157424024
27,2,0.000011247758884042354
27,2,0.000018128027380572554
27,2,0.000015457766290939893
27,2,0.000013077194680197204
27,2,0.000010100653007216917
27,2,0.000009061927399462447
27,2,0.00000678639680333565
27,2,0.000014637152312743251
27,2,0.000006187299454156442
27,2,0.000012236607033601722
27,2,0.000007901627893378593
27,2,0.000015538397711504784
27,2,0.00001233396935501974
27,2,0.000008716663121890331
27,2,0.000013738358458501227
27,2,0.00001032011979595059
27,2,0.000008661375720951261
27,2,0.00000902727500871132
27,2,0.000010047615650568042
27,2,0.000017543305649997016
27,2,0.00001246537741423197
27,2,0.000010964936326614752
27,2,0.000009982719911832618
27,2,0.000010500440493478701
27,2,0.000013611701707724096
27,2,0.000008054428606752994
27,2,0.000009381611104074903
27,2,0.000010411916229886781
27,2,0.000010949748320034864
54,4,0.000032416487025301065
54,4,0.000024182861122665145
54,4,0.000023169708849438597
54,4,0.000025112819340888945
54,4,0.00004476416002291925
54,4,0.000019422001243008078
54,4,0.000018148985018012868
54,4,0.000011407438334240225
54,4,0.00002160938019975711
54,4,0.000029055661931562292
54,4,0.000026012741040561668
54,4,0.000013209010129989868
54,4,0.00002703396818101945
54,4,0.00002516489296112779
54,4,0.000019202445623474607
54,4,0.000034367568013417095
54,4,0.000018700991713590572
54,4,0.000022788023526355488
54,4,0.000026642581772744105
54,4,0.000014945426774134248
54,4,0.00001746438139414664
54,4,0.00001945400392581799
54,4,0.00001863154992137486
54,4,0.00002537311160616871
54,4,0.000023657496232543725
54,4,0.000011337585683803805
54,4,0.00003199508555485877
54,4,0.000015493162867226693
54,4,0.000031359070768015
54,4,0.000025506039830231797
54,4,0.00003654596751794407
54,4,0.000032573502107505586
54,4,0.000018880392712168413
54,4,0.000017634755987881397
54,4,0.000023423317912982373
54,4,0.000031135576755423815
54,4,0.000026231503511086744
54,4,0.000030382946659698844
54,4,0.000022323222401800145
54,4,0.000043989688816941306
54,4,0.00001738018103196563
54,4,0.000036026948157221604
54,4,0.00002728773552726727
54,4,0.00002486102685985342
54,4,0.000021681391945362892
54,4,0.000024395896610190166
54,4,0.000025691684372519147
54,4,0.000014036722874383964
54,4,0.00001761385153284543
54,4,0.000019749497375291798
54,4,0.000026730391921006347
54,4,0.000018134635158342567
81,6,0.000038988482802180234
81,6,0.000032644746807343763
81,6,0.00003040890859386166
81,6,0.00003357090342658211
81,6,0.00006559958016268695
81,6,0.00003101284862318458
81,6,0.000029832134578725512
81,6,0.00003059235986404755
81,6,0.00003379394480097056
81,6,0.00003805059206721257
81,6,0.00009062567969259769
81,6,0.000037052544212948384
81,6,0.00003479567976839996
81,6,0.00003448204519906485
81,6,0.00002814237791836459
81,6,0.00006240132790025771
81,6,0.00003589633139493144
81,6,0.000030754184875706965
81,6,0.000046388213682667505
81,6,0.00002804490550269091
81,6,0.000033274326860367616
81,6,0.00001814980851952012
81,6,0.000031571636042179706
81,6,0.00003244446319013429
81,6,0.00004208949067507334
81,6,0.0000314552454767357
81,6,0.000029852261159521527
81,6,0.00003379531529339403
81,6,0.000037646491911651215
81,6,0.000039250781090543704
81,6,0.000026149123219898437
81,6,0.000036087533922281884
81,6,0.00003738024304634029
81,6,0.0000227132834095364
81,6,0.00003879728419010669
81,6,0.000024424438115801147
81,6,0.00002920176962723941
81,6,0.00003132606359817432
81,6,0.00003929242206348084
81,6,0.000056846281968927825
81,6,0.00002029743866621471
81,6,0.00003591554101375206
81,6,0.00004263810482151689
81,6,0.00004379414997744601
81,6,0.00006894697288315556
81,6,0.00002984451010236667
81,6,0.00002455361527431299
81,6,0.000018755392175250383
81,6,0.000026531110380031626
81,6,0.00003054003951881114
81,6,0.00002180045606554089
81,6,0.00003498130249381705
108,8,0.00004739111890431733
108,8,0.00012720704218185518
108,8,0.00009286775631500742
108,8,0.00003364828124579397
108,8,0.00005653806142294993
108,8,0.00005460929777903986
108,8,0.00005121481542180522
108,8,0.00007697696079563387
108,8,0.00008195780812037963
108,8,0.00005379120406231173
108,8,0.00003656053144388507
108,8,0.00006289308176100629
108,8,0.00006279277129616839
108,8,0.00007672241829062452
108,8,0.00003708607306698116
108,8,0.000043437844787893005
108,8,0.00009397701322256575
108,8,0.000033186758483365135
108,8,0.00003483070535661418
108,8,0.000049596040252146266
108,8,0.00004747706857587785
108,8,0.000034309907672038455
108,8,0.00006782235967553784
108,8,0.00005415064710023285
108,8,0.00003563779173987263
108,8,0.00005427084407443789
108,8,0.00006389204799570645
108,8,0.000041250211407333466
108,8,0.00004203234809509398
108,8,0.00005036032814789821
108,8,0.0001006724922482181
108,8,0.0000325526131610215
108,8,0.00006380114459253399
108,8,0.000022265317982138763
108,8,0.0000320762645265383
108,8,0.00007131090842966249
108,8,0.00004062811058971702
108,8,0.00003954757573360753
108,8,0.00009553105714667838
108,8,0.00007055569666694889
108,8,0.000026556968681366834
108,8,0.00005390951826454479
108,8,0.00005638345258433555
108,8,0.00005612239171184519
108,8,0.00012057635497678906
108,8,0.00005192620248103396
108,8,0.00005298097453204554
108,8,0.00003864689491522804
108,8,0.00005323027951219772
108,8,0.00005641207895434571
108,8,0.00007886995133724003
108,8,0.000037288110313145553
