10,4,0.30303030303030304,"(1, 2, 3, 4)"
10,4,0.18867924528301888,"(1, 2, 3, 9)"
10,4,0.20408163265306123,"(1, 2, 4, 8)"
10,4,0.16393442622950818,"(1, 2, 8, 9)"
10,4,0.16129032258064516,"(1, 3, 4, 7)"
10,4,0.2857142857142857,"(1, 3, 7, 9)"
10,4,0.29411764705882354,"(1, 4, 7, 8)"
10,4,0.2222222222222222,"(1, 7, 8, 9)"
10,4,0.23255813953488372,"(2, 3, 4, 6)"
10,4,0.15873015873015872,"(2, 3, 6, 9)"
10,4,0.17543859649122806,"(2, 6, 8, 9)"
10,4,0.19230769230769232,"(3, 4, 6, 7)"
10,4,0.17857142857142858,"(3, 6, 7, 9)"
10,4,0.3448275862068966,"(4, 6, 7, 8)"
10,4,0.1694915254237288,"(6, 7, 8, 9)"
20,8,0.43478260869565216,"(2, 4, 6, 8)"
20,8,0.43478260869565216,"(2, 4, 6, 18)"
20,8,0.5263157894736842,"(2, 4, 8, 16)"
20,8,0.3125,"(2, 4, 16, 18)"
20,8,0.3225806451612903,"(2, 6, 8, 14)"
20,8,0.43478260869565216,"(2, 6, 14, 18)"
20,8,0.3225806451612903,"(2, 8, 14, 16)"
20,8,0.47619047619047616,"(2, 14, 16, 18)"
20,8,0.3125,"(4, 6, 8, 12)"
20,8,0.29411764705882354,"(4, 6, 12, 18)"
20,8,0.3125,"(4, 12, 16, 18)"
20,8,0.3125,"(6, 8, 12, 14)"
20,8,0.3225806451612903,"(6, 12, 14, 18)"
20,8,0.5263157894736842,"(8, 12, 14, 16)"
20,8,0.5,"(12, 14, 16, 18)"
30,12,0.2777777777777778,"(1, 6, 11, 15)"
30,12,0.24390243902439024,"(1, 16, 20, 25)"
30,12,0.30303030303030304,"(2, 4, 6, 12)"
30,12,0.1282051282051282,"(2, 4, 6, 18)"
30,12,0.1724137931034483,"(2, 4, 6, 24)"
30,12,0.12658227848101267,"(2, 4, 8, 26)"
30,12,0.10101010101010101,"(2, 4, 10, 28)"
30,12,0.1388888888888889,"(2, 4, 16, 28)"
30,12,0.23809523809523808,"(2, 4, 22, 28)"
30,12,0.2857142857142857,"(2, 5, 10, 17)"
30,12,0.15384615384615385,"(2, 6, 16, 18)"
30,12,0.25,"(2, 6, 24, 28)"
30,12,0.23255813953488372,"(2, 8, 14, 16)"
30,12,0.21739130434782608,"(2, 8, 14, 22)"
30,12,0.14925373134328357,"(2, 8, 26, 28)"
30,12,0.19607843137254902,"(2, 10, 18, 24)"
30,12,0.11904761904761904,"(2, 12, 16, 18)"
30,12,0.10869565217391304,"(2, 14, 16, 20)"
30,12,0.12658227848101267,"(2, 14, 16, 26)"
30,12,0.18867924528301888,"(2, 14, 26, 28)"
30,12,0.4166666666666667,"(2, 15, 22, 27)"
30,12,0.23809523809523808,"(2, 16, 18, 24)"
30,12,0.2631578947368421,"(2, 20, 26, 28)"
30,12,0.5555555555555556,"(3, 5, 18, 25)"
30,12,0.23255813953488372,"(3, 6, 9, 12)"
30,12,0.30303030303030304,"(3, 6, 9, 27)"
30,12,0.37037037037037035,"(3, 6, 12, 24)"
30,12,0.5,"(3, 6, 24, 27)"
30,12,0.23255813953488372,"(3, 8, 15, 28)"
30,12,0.5555555555555556,"(3, 9, 12, 21)"
30,12,0.5882352941176471,"(3, 9, 21, 27)"
30,12,0.5,"(3, 12, 21, 24)"
30,12,0.45454545454545453,"(3, 21, 24, 27)"
30,12,0.1282051282051282,"(4, 6, 8, 12)"
30,12,0.20833333333333334,"(4, 6, 18, 20)"
30,12,0.17543859649122806,"(4, 8, 12, 18)"
30,12,0.16129032258064516,"(4, 8, 12, 24)"
30,12,0.1724137931034483,"(4, 8, 14, 26)"
30,12,0.11904761904761904,"(4, 8, 16, 22)"
30,12,0.16393442622950818,"(4, 8, 20, 26)"
30,12,0.3125,"(4, 9, 14, 15)"
30,12,0.3125,"(4, 10, 22, 26)"
30,12,0.13157894736842105,"(4, 12, 18, 26)"
30,12,0.18181818181818182,"(4, 14, 16, 28)"
30,12,0.136986301369863,"(4, 16, 22, 26)"
30,12,0.4166666666666667,"(4, 19, 20, 25)"
30,12,0.20408163265306123,"(4, 22, 26, 28)"
30,12,0.2777777777777778,"(5, 6, 21, 25)"
30,12,0.2564102564102564,"(5, 8, 10, 23)"
30,12,0.3125,"(5, 9, 24, 25)"
40,16,0.5555555555555556,"(4, 8, 12, 16)"
40,16,0.8333333333333334,"(4, 8, 12, 36)"
40,16,0.7142857142857143,"(4, 8, 16, 32)"
40,16,0.4,"(4, 8, 32, 36)"
40,16,0.6666666666666666,"(4, 12, 16, 28)"
40,16,0.6666666666666666,"(4, 12, 28, 36)"
40,16,0.5555555555555556,"(4, 16, 28, 32)"
40,16,0.5263157894736842,"(4, 28, 32, 36)"
40,16,0.45454545454545453,"(8, 12, 16, 24)"
40,16,0.625,"(8, 12, 24, 36)"
40,16,0.5263157894736842,"(8, 24, 32, 36)"
40,16,0.6666666666666666,"(12, 16, 24, 28)"
40,16,0.5263157894736842,"(12, 24, 28, 36)"
40,16,0.4,"(16, 24, 28, 32)"
40,16,0.43478260869565216,"(24, 28, 32, 36)"
50,20,0.5882352941176471,"(5, 10, 15, 20)"
50,20,0.625,"(5, 10, 15, 45)"
50,20,0.8333333333333334,"(5, 10, 20, 40)"
50,20,0.7692307692307693,"(5, 10, 40, 45)"
50,20,0.7692307692307693,"(5, 15, 20, 35)"
50,20,0.9090909090909091,"(5, 15, 35, 45)"
50,20,0.5882352941176471,"(5, 20, 35, 40)"
50,20,0.5555555555555556,"(5, 35, 40, 45)"
50,20,0.4166666666666667,"(10, 15, 20, 30)"
50,20,0.7692307692307693,"(10, 15, 30, 45)"
50,20,0.7142857142857143,"(10, 30, 40, 45)"
50,20,0.5263157894736842,"(15, 20, 30, 35)"
50,20,0.47619047619047616,"(15, 30, 35, 45)"
50,20,0.7142857142857143,"(20, 30, 35, 40)"
50,20,0.7692307692307693,"(30, 35, 40, 45)"
60,24,0.4166666666666667,"(2, 12, 22, 30)"
60,24,0.5555555555555556,"(2, 32, 40, 50)"
60,24,0.2777777777777778,"(4, 8, 12, 24)"
60,24,0.18518518518518517,"(4, 8, 12, 36)"
60,24,0.29411764705882354,"(4, 8, 12, 48)"
60,24,0.25,"(4, 8, 16, 52)"
60,24,0.37037037037037035,"(4, 8, 20, 56)"
60,24,0.2702702702702703,"(4, 8, 32, 56)"
60,24,0.5,"(4, 8, 44, 56)"
60,24,0.7142857142857143,"(4, 10, 20, 34)"
60,24,0.3225806451612903,"(4, 12, 32, 36)"
60,24,0.25,"(4, 12, 48, 56)"
60,24,0.3448275862068966,"(4, 16, 28, 32)"
60,24,0.3225806451612903,"(4, 16, 28, 44)"
60,24,0.4,"(4, 16, 52, 56)"
60,24,0.3448275862068966,"(4, 20, 36, 48)"
60,24,0.3333333333333333,"(4, 24, 32, 36)"
60,24,0.30303030303030304,"(4, 28, 32, 40)"
60,24,0.5,"(4, 28, 32, 52)"
60,24,0.3448275862068966,"(4, 28, 52, 56)"
60,24,0.625,"(4, 30, 44, 54)"
60,24,0.20408163265306123,"(4, 32, 36, 48)"
60,24,0.38461538461538464,"(4, 40, 52, 56)"
60,24,0.47619047619047616,"(6, 10, 36, 50)"
60,24,0.8333333333333334,"(6, 12, 18, 24)"
60,24,0.7142857142857143,"(6, 12, 18, 54)"
60,24,0.8333333333333334,"(6, 12, 24, 48)"
60,24,0.7142857142857143,"(6, 12, 48, 54)"
60,24,0.5882352941176471,"(6, 16, 30, 56)"
60,24,0.6666666666666666,"(6, 18, 24, 42)"
60,24,0.5882352941176471,"(6, 18, 42, 54)"
60,24,0.625,"(6, 24, 42, 48)"
60,24,0.7692307692307693,"(6, 42, 48, 54)"
60,24,0.45454545454545453,"(8, 12, 16, 24)"
60,24,0.5,"(8, 12, 36, 40)"
60,24,0.2564102564102564,"(8, 16, 24, 36)"
60,24,0.5555555555555556,"(8, 16, 24, 48)"
60,24,0.43478260869565216,"(8, 16, 28, 52)"
60,24,0.37037037037037035,"(8, 16, 32, 44)"
60,24,0.43478260869565216,"(8, 16, 40, 52)"
60,24,0.6666666666666666,"(8, 18, 28, 30)"
60,24,0.23255813953488372,"(8, 20, 44, 52)"
60,24,0.38461538461538464,"(8, 24, 36, 52)"
60,24,0.3125,"(8, 28, 32, 56)"
60,24,0.20833333333333334,"(8, 32, 44, 52)"
60,24,0.5882352941176471,"(8, 38, 40, 50)"
60,24,0.20408163265306123,"(8, 44, 52, 56)"
60,24,0.625,"(10, 12, 42, 50)"
60,24,0.625,"(10, 16, 20, 46)"
60,24,0.43478260869565216,"(10, 18, 48, 50)"
70,28,0.7692307692307693,"(7, 14, 21, 28)"
70,28,0.7142857142857143,"(7, 14, 21, 63)"
70,28,0.8333333333333334,"(7, 14, 28, 56)"
70,28,0.7142857142857143,"(7, 14, 56, 63)"
70,28,1,"(7, 21, 28, 49)"
70,28,0.7692307692307693,"(7, 21, 49, 63)"
70,28,0.7692307692307693,"(7, 28, 49, 56)"
70,28,0.5,"(7, 49, 56, 63)"
70,28,0.7692307692307693,"(14, 21, 28, 42)"
70,28,0.7692307692307693,"(14, 21, 42, 63)"
70,28,0.7692307692307693,"(14, 42, 56, 63)"
70,28,0.7692307692307693,"(21, 28, 42, 49)"
70,28,0.8333333333333334,"(21, 42, 49, 63)"
70,28,0.9090909090909091,"(28, 42, 49, 56)"
70,28,0.625,"(42, 49, 56, 63)"
80,32,1,"(8, 16, 24, 32)"
80,32,0.7142857142857143,"(8, 16, 24, 72)"
80,32,0.8333333333333334,"(8, 16, 32, 64)"
80,32,0.7142857142857143,"(8, 16, 64, 72)"
80,32,0.9090909090909091,"(8, 24, 32, 56)"
80,32,0.7692307692307693,"(8, 24, 56, 72)"
80,32,1,"(8, 32, 56, 64)"
80,32,0.9090909090909091,"(8, 56, 64, 72)"
80,32,0.7692307692307693,"(16, 24, 32, 48)"
80,32,0.9090909090909091,"(16, 24, 48, 72)"
80,32,0.7142857142857143,"(16, 48, 64, 72)"
80,32,0.6666666666666666,"(24, 32, 48, 56)"
80,32,0.8333333333333334,"(24, 48, 56, 72)"
80,32,0.9090909090909091,"(32, 48, 56, 64)"
80,32,0.7142857142857143,"(48, 56, 64, 72)"
90,36,0.7692307692307693,"(3, 18, 33, 45)"
90,36,0.5263157894736842,"(3, 48, 60, 75)"
90,36,0.30303030303030304,"(6, 12, 18, 36)"
90,36,0.43478260869565216,"(6, 12, 18, 54)"
90,36,0.3448275862068966,"(6, 12, 18, 72)"
90,36,0.43478260869565216,"(6, 12, 24, 78)"
90,36,0.37037037037037035,"(6, 12, 30, 84)"
90,36,0.5,"(6, 12, 48, 84)"
90,36,0.45454545454545453,"(6, 12, 66, 84)"
90,36,0.8333333333333334,"(6, 15, 30, 51)"
90,36,0.5555555555555556,"(6, 18, 48, 54)"
90,36,0.4166666666666667,"(6, 18, 72, 84)"
90,36,0.45454545454545453,"(6, 24, 42, 48)"
90,36,0.38461538461538464,"(6, 24, 42, 66)"
90,36,0.5555555555555556,"(6, 24, 78, 84)"
90,36,0.5555555555555556,"(6, 30, 54, 72)"
90,36,0.8333333333333334,"(6, 36, 48, 54)"
90,36,0.5882352941176471,"(6, 42, 48, 60)"
90,36,0.2564102564102564,"(6, 42, 48, 78)"
90,36,0.2777777777777778,"(6, 42, 78, 84)"
90,36,0.9090909090909091,"(6, 45, 66, 81)"
90,36,0.35714285714285715,"(6, 48, 54, 72)"
90,36,0.4,"(6, 60, 78, 84)"
90,36,0.6666666666666666,"(9, 15, 54, 75)"
90,36,0.7142857142857143,"(9, 18, 27, 36)"
90,36,0.8333333333333334,"(9, 18, 27, 81)"
90,36,0.9090909090909091,"(9, 18, 36, 72)"
90,36,0.8333333333333334,"(9, 18, 72, 81)"
90,36,0.47619047619047616,"(9, 24, 45, 84)"
90,36,0.7692307692307693,"(9, 27, 36, 63)"
90,36,0.9090909090909091,"(9, 27, 63, 81)"
90,36,1,"(9, 36, 63, 72)"
90,36,0.7142857142857143,"(9, 63, 72, 81)"
90,36,0.3448275862068966,"(12, 18, 24, 36)"
90,36,0.2631578947368421,"(12, 18, 54, 60)"
90,36,0.38461538461538464,"(12, 24, 36, 54)"
90,36,0.3125,"(12, 24, 36, 72)"
90,36,0.3225806451612903,"(12, 24, 42, 78)"
90,36,0.5,"(12, 24, 48, 66)"
90,36,0.43478260869565216,"(12, 24, 60, 78)"
90,36,0.625,"(12, 27, 42, 45)"
90,36,0.6666666666666666,"(12, 30, 66, 78)"
90,36,0.35714285714285715,"(12, 36, 54, 78)"
90,36,0.45454545454545453,"(12, 42, 48, 84)"
90,36,0.45454545454545453,"(12, 48, 66, 78)"
90,36,0.8333333333333334,"(12, 57, 60, 75)"
90,36,0.37037037037037035,"(12, 66, 78, 84)"
90,36,0.5263157894736842,"(15, 18, 63, 75)"
90,36,0.9090909090909091,"(15, 24, 30, 69)"
90,36,0.7142857142857143,"(15, 27, 72, 75)"
100,40,0.9090909090909091,"(10, 20, 30, 40)"
100,40,1,"(10, 20, 30, 90)"
100,40,0.8333333333333334,"(10, 20, 40, 80)"
100,40,0.7142857142857143,"(10, 20, 80, 90)"
100,40,0.8333333333333334,"(10, 30, 40, 70)"
100,40,0.9090909090909091,"(10, 30, 70, 90)"
100,40,1,"(10, 40, 70, 80)"
100,40,0.6666666666666666,"(10, 70, 80, 90)"
100,40,0.9090909090909091,"(20, 30, 40, 60)"
100,40,0.8333333333333334,"(20, 30, 60, 90)"
100,40,0.8333333333333334,"(20, 60, 80, 90)"
100,40,0.8333333333333334,"(30, 40, 60, 70)"
100,40,0.9090909090909091,"(30, 60, 70, 90)"
100,40,1,"(40, 60, 70, 80)"
100,40,0.9090909090909091,"(60, 70, 80, 90)"
110,44,0.9090909090909091,"(11, 22, 33, 44)"
110,44,0.7142857142857143,"(11, 22, 33, 99)"
110,44,0.8333333333333334,"(11, 22, 44, 88)"
110,44,0.9090909090909091,"(11, 22, 88, 99)"
110,44,0.9090909090909091,"(11, 33, 44, 77)"
110,44,0.9090909090909091,"(11, 33, 77, 99)"
110,44,0.8333333333333334,"(11, 44, 77, 88)"
110,44,0.9090909090909091,"(11, 77, 88, 99)"
110,44,0.7692307692307693,"(22, 33, 44, 66)"
110,44,0.8333333333333334,"(22, 33, 66, 99)"
110,44,0.8333333333333334,"(22, 66, 88, 99)"
110,44,1,"(33, 44, 66, 77)"
110,44,1,"(33, 66, 77, 99)"
110,44,0.8333333333333334,"(44, 66, 77, 88)"
110,44,0.8333333333333334,"(66, 77, 88, 99)"
120,48,0.8333333333333334,"(4, 24, 44, 60)"
120,48,0.7692307692307693,"(4, 64, 80, 100)"
120,48,0.5882352941176471,"(8, 16, 24, 48)"
120,48,0.625,"(8, 16, 24, 72)"
120,48,0.6666666666666666,"(8, 16, 24, 96)"
120,48,0.38461538461538464,"(8, 16, 32, 104)"
120,48,0.5263157894736842,"(8, 16, 40, 112)"
120,48,0.5,"(8, 16, 64, 112)"
120,48,0.6666666666666666,"(8, 16, 88, 112)"
120,48,0.5882352941176471,"(8, 20, 40, 68)"
120,48,0.5263157894736842,"(8, 24, 64, 72)"
120,48,0.625,"(8, 24, 96, 112)"
120,48,0.7692307692307693,"(8, 32, 56, 64)"
120,48,0.9090909090909091,"(8, 32, 56, 88)"
120,48,0.6666666666666666,"(8, 32, 104, 112)"
120,48,0.625,"(8, 40, 72, 96)"
120,48,0.47619047619047616,"(8, 48, 64, 72)"
120,48,0.5882352941176471,"(8, 56, 64, 80)"
120,48,0.5882352941176471,"(8, 56, 64, 104)"
120,48,0.5,"(8, 56, 104, 112)"
120,48,1,"(8, 60, 88, 108)"
120,48,0.4166666666666667,"(8, 64, 72, 96)"
120,48,0.6666666666666666,"(8, 80, 104, 112)"
120,48,0.7142857142857143,"(12, 20, 72, 100)"
120,48,0.9090909090909091,"(12, 24, 36, 48)"
120,48,1,"(12, 24, 36, 108)"
120,48,0.7142857142857143,"(12, 24, 48, 96)"
120,48,0.9090909090909091,"(12, 24, 96, 108)"
120,48,0.8333333333333334,"(12, 32, 60, 112)"
120,48,0.8333333333333334,"(12, 36, 48, 84)"
120,48,0.7692307692307693,"(12, 36, 84, 108)"
120,48,0.9090909090909091,"(12, 48, 84, 96)"
120,48,1,"(12, 84, 96, 108)"
120,48,0.5263157894736842,"(16, 24, 32, 48)"
120,48,0.5882352941176471,"(16, 24, 72, 80)"
120,48,0.38461538461538464,"(16, 32, 48, 72)"
120,48,0.4,"(16, 32, 48, 96)"
120,48,0.7692307692307693,"(16, 32, 56, 104)"
120,48,0.6666666666666666,"(16, 32, 64, 88)"
120,48,0.38461538461538464,"(16, 32, 80, 104)"
120,48,0.6666666666666666,"(16, 36, 56, 60)"
120,48,0.8333333333333334,"(16, 40, 88, 104)"
120,48,0.37037037037037035,"(16, 48, 72, 104)"
120,48,0.7142857142857143,"(16, 56, 64, 112)"
120,48,0.7142857142857143,"(16, 64, 88, 104)"
120,48,0.9090909090909091,"(16, 76, 80, 100)"
120,48,0.47619047619047616,"(16, 88, 104, 112)"
120,48,0.7142857142857143,"(20, 24, 84, 100)"
120,48,0.8333333333333334,"(20, 32, 40, 92)"
120,48,0.8333333333333334,"(20, 36, 96, 100)"
130,52,1,"(13, 26, 39, 52)"
130,52,1,"(13, 26, 39, 117)"
130,52,0.9090909090909091,"(13, 26, 52, 104)"
130,52,1,"(13, 26, 104, 117)"
130,52,0.9090909090909091,"(13, 39, 52, 91)"
130,52,1,"(13, 39, 91, 117)"
130,52,1,"(13, 52, 91, 104)"
130,52,1,"(13, 91, 104, 117)"
130,52,0.9090909090909091,"(26, 39, 52, 78)"
130,52,1,"(26, 39, 78, 117)"
130,52,1,"(26, 78, 104, 117)"
130,52,0.9090909090909091,"(39, 52, 78, 91)"
130,52,0.9090909090909091,"(39, 78, 91, 117)"
130,52,0.9090909090909091,"(52, 78, 91, 104)"
130,52,1,"(78, 91, 104, 117)"
140,56,0.9090909090909091,"(14, 28, 42, 56)"
140,56,0.9090909090909091,"(14, 28, 42, 126)"
140,56,0.9090909090909091,"(14, 28, 56, 112)"
140,56,0.7692307692307693,"(14, 28, 112, 126)"
140,56,0.9090909090909091,"(14, 42, 56, 98)"
140,56,0.8333333333333334,"(14, 42, 98, 126)"
140,56,0.9090909090909091,"(14, 56, 98, 112)"
140,56,0.9090909090909091,"(14, 98, 112, 126)"
140,56,1,"(28, 42, 56, 84)"
140,56,0.9090909090909091,"(28, 42, 84, 126)"
140,56,0.8333333333333334,"(28, 84, 112, 126)"
140,56,1,"(42, 56, 84, 98)"
140,56,1,"(42, 84, 98, 126)"
140,56,0.8333333333333334,"(56, 84, 98, 112)"
140,56,0.9090909090909091,"(84, 98, 112, 126)"
150,60,0.7692307692307693,"(5, 30, 55, 75)"
150,60,0.7692307692307693,"(5, 80, 100, 125)"
150,60,0.8333333333333334,"(10, 20, 30, 60)"
150,60,0.7692307692307693,"(10, 20, 30, 90)"
150,60,0.5882352941176471,"(10, 20, 30, 120)"
150,60,0.5263157894736842,"(10, 20, 40, 130)"
150,60,0.6666666666666666,"(10, 20, 50, 140)"
150,60,0.5555555555555556,"(10, 20, 80, 140)"
150,60,0.5263157894736842,"(10, 20, 110, 140)"
150,60,0.7692307692307693,"(10, 25, 50, 85)"
150,60,0.8333333333333334,"(10, 30, 80, 90)"
150,60,0.7142857142857143,"(10, 30, 120, 140)"
150,60,0.9090909090909091,"(10, 40, 70, 80)"
150,60,0.6666666666666666,"(10, 40, 70, 110)"
150,60,0.7692307692307693,"(10, 40, 130, 140)"
150,60,0.6666666666666666,"(10, 50, 90, 120)"
150,60,0.5882352941176471,"(10, 60, 80, 90)"
150,60,0.9090909090909091,"(10, 70, 80, 100)"
150,60,0.6666666666666666,"(10, 70, 80, 130)"
150,60,0.625,"(10, 70, 130, 140)"
150,60,0.7142857142857143,"(10, 75, 110, 135)"
150,60,0.5882352941176471,"(10, 80, 90, 120)"
150,60,0.47619047619047616,"(10, 100, 130, 140)"
150,60,0.8333333333333334,"(15, 25, 90, 125)"
150,60,1,"(15, 30, 45, 60)"
150,60,0.8333333333333334,"(15, 30, 45, 135)"
150,60,1,"(15, 30, 60, 120)"
150,60,0.9090909090909091,"(15, 30, 120, 135)"
150,60,0.7692307692307693,"(15, 40, 75, 140)"
150,60,1,"(15, 45, 60, 105)"
150,60,1,"(15, 45, 105, 135)"
150,60,1,"(15, 60, 105, 120)"
150,60,1,"(15, 105, 120, 135)"
150,60,0.47619047619047616,"(20, 30, 40, 60)"
150,60,0.8333333333333334,"(20, 30, 90, 100)"
150,60,0.5,"(20, 40, 60, 90)"
150,60,0.5,"(20, 40, 60, 120)"
150,60,0.5555555555555556,"(20, 40, 70, 130)"
150,60,0.47619047619047616,"(20, 40, 80, 110)"
150,60,0.625,"(20, 40, 100, 130)"
150,60,0.9090909090909091,"(20, 45, 70, 75)"
150,60,0.7142857142857143,"(20, 50, 110, 130)"
150,60,0.6666666666666666,"(20, 60, 90, 130)"
150,60,0.6666666666666666,"(20, 70, 80, 140)"
150,60,0.45454545454545453,"(20, 80, 110, 130)"
150,60,1,"(20, 95, 100, 125)"
150,60,0.47619047619047616,"(20, 110, 130, 140)"
150,60,0.7692307692307693,"(25, 30, 105, 125)"
150,60,0.9090909090909091,"(25, 40, 50, 115)"
150,60,1,"(25, 45, 120, 125)"
160,64,1,"(16, 32, 48, 64)"
160,64,1,"(16, 32, 48, 144)"
160,64,1,"(16, 32, 64, 128)"
160,64,0.9090909090909091,"(16, 32, 128, 144)"
160,64,1,"(16, 48, 64, 112)"
160,64,1,"(16, 48, 112, 144)"
160,64,0.8333333333333334,"(16, 64, 112, 128)"
160,64,1,"(16, 112, 128, 144)"
160,64,0.9090909090909091,"(32, 48, 64, 96)"
160,64,1,"(32, 48, 96, 144)"
160,64,0.9090909090909091,"(32, 96, 128, 144)"
160,64,1,"(48, 64, 96, 112)"
160,64,1,"(48, 96, 112, 144)"
160,64,1,"(64, 96, 112, 128)"
160,64,0.9090909090909091,"(96, 112, 128, 144)"
170,68,1,"(17, 34, 51, 68)"
170,68,1,"(17, 34, 51, 153)"
170,68,1,"(17, 34, 68, 136)"
170,68,1,"(17, 34, 136, 153)"
170,68,1,"(17, 51, 68, 119)"
170,68,1,"(17, 51, 119, 153)"
170,68,0.9090909090909091,"(17, 68, 119, 136)"
170,68,0.9090909090909091,"(17, 119, 136, 153)"
170,68,1,"(34, 51, 68, 102)"
170,68,1,"(34, 51, 102, 153)"
170,68,1,"(34, 102, 136, 153)"
170,68,1,"(51, 68, 102, 119)"
170,68,0.9090909090909091,"(51, 102, 119, 153)"
170,68,0.9090909090909091,"(68, 102, 119, 136)"
170,68,1,"(102, 119, 136, 153)"
180,72,1,"(6, 36, 66, 90)"
180,72,0.9090909090909091,"(6, 96, 120, 150)"
180,72,0.6666666666666666,"(12, 24, 36, 72)"
180,72,0.625,"(12, 24, 36, 108)"
180,72,0.9090909090909091,"(12, 24, 36, 144)"
180,72,0.8333333333333334,"(12, 24, 48, 156)"
180,72,0.5882352941176471,"(12, 24, 60, 168)"
180,72,0.7142857142857143,"(12, 24, 96, 168)"
180,72,0.8333333333333334,"(12, 24, 132, 168)"
180,72,1,"(12, 30, 60, 102)"
180,72,0.7692307692307693,"(12, 36, 96, 108)"
180,72,0.5263157894736842,"(12, 36, 144, 168)"
180,72,0.5263157894736842,"(12, 48, 84, 96)"
180,72,0.7692307692307693,"(12, 48, 84, 132)"
180,72,0.4166666666666667,"(12, 48, 156, 168)"
180,72,0.7692307692307693,"(12, 60, 108, 144)"
180,72,0.625,"(12, 72, 96, 108)"
180,72,0.6666666666666666,"(12, 84, 96, 120)"
180,72,0.625,"(12, 84, 96, 156)"
180,72,0.7142857142857143,"(12, 84, 156, 168)"
180,72,0.7142857142857143,"(12, 90, 132, 162)"
180,72,0.8333333333333334,"(12, 96, 108, 144)"
180,72,0.8333333333333334,"(12, 120, 156, 168)"
180,72,1,"(18, 30, 108, 150)"
180,72,0.9090909090909091,"(18, 36, 54, 72)"
180,72,1,"(18, 36, 54, 162)"
180,72,1,"(18, 36, 72, 144)"
180,72,1,"(18, 36, 144, 162)"
180,72,1,"(18, 48, 90, 168)"
180,72,1,"(18, 54, 72, 126)"
180,72,1,"(18, 54, 126, 162)"
180,72,1,"(18, 72, 126, 144)"
180,72,1,"(18, 126, 144, 162)"
180,72,0.7692307692307693,"(24, 36, 48, 72)"
180,72,0.7142857142857143,"(24, 36, 108, 120)"
180,72,0.5882352941176471,"(24, 48, 72, 108)"
180,72,0.7142857142857143,"(24, 48, 72, 144)"
180,72,0.6666666666666666,"(24, 48, 84, 156)"
180,72,0.625,"(24, 48, 96, 132)"
180,72,0.7142857142857143,"(24, 48, 120, 156)"
180,72,0.8333333333333334,"(24, 54, 84, 90)"
180,72,0.625,"(24, 60, 132, 156)"
180,72,0.5,"(24, 72, 108, 156)"
180,72,0.7142857142857143,"(24, 84, 96, 168)"
180,72,0.5263157894736842,"(24, 96, 132, 156)"
180,72,0.7142857142857143,"(24, 114, 120, 150)"
180,72,0.5263157894736842,"(24, 132, 156, 168)"
180,72,1,"(30, 36, 126, 150)"
180,72,1,"(30, 48, 60, 138)"
180,72,0.8333333333333334,"(30, 54, 144, 150)"
190,76,1,"(19, 38, 57, 76)"
190,76,1,"(19, 38, 57, 171)"
190,76,1,"(19, 38, 76, 152)"
190,76,0.9090909090909091,"(19, 38, 152, 171)"
190,76,1,"(19, 57, 76, 133)"
190,76,1,"(19, 57, 133, 171)"
190,76,0.9090909090909091,"(19, 76, 133, 152)"
190,76,1,"(19, 133, 152, 171)"
190,76,1,"(38, 57, 76, 114)"
190,76,0.8333333333333334,"(38, 57, 114, 171)"
190,76,1,"(38, 114, 152, 171)"
190,76,0.8333333333333334,"(57, 76, 114, 133)"
190,76,1,"(57, 114, 133, 171)"
190,76,1,"(76, 114, 133, 152)"
190,76,1,"(114, 133, 152, 171)"
200,80,1,"(20, 40, 60, 80)"
200,80,1,"(20, 40, 60, 180)"
200,80,1,"(20, 40, 80, 160)"
200,80,1,"(20, 40, 160, 180)"
200,80,1,"(20, 60, 80, 140)"
200,80,1,"(20, 60, 140, 180)"
200,80,1,"(20, 80, 140, 160)"
200,80,0.9090909090909091,"(20, 140, 160, 180)"
200,80,1,"(40, 60, 80, 120)"
200,80,1,"(40, 60, 120, 180)"
200,80,1,"(40, 120, 160, 180)"
200,80,1,"(60, 80, 120, 140)"
200,80,1,"(60, 120, 140, 180)"
200,80,1,"(80, 120, 140, 160)"
200,80,1,"(120, 140, 160, 180)"
210,84,0.9090909090909091,"(7, 42, 77, 105)"
210,84,1,"(7, 112, 140, 175)"
210,84,0.8333333333333334,"(14, 28, 42, 84)"
210,84,0.8333333333333334,"(14, 28, 42, 126)"
210,84,0.7692307692307693,"(14, 28, 42, 168)"
210,84,0.8333333333333334,"(14, 28, 56, 182)"
210,84,0.7692307692307693,"(14, 28, 70, 196)"
210,84,0.7142857142857143,"(14, 28, 112, 196)"
210,84,0.7692307692307693,"(14, 28, 154, 196)"
210,84,0.9090909090909091,"(14, 35, 70, 119)"
210,84,0.7692307692307693,"(14, 42, 112, 126)"
210,84,0.6666666666666666,"(14, 42, 168, 196)"
210,84,0.7692307692307693,"(14, 56, 98, 112)"
210,84,0.7142857142857143,"(14, 56, 98, 154)"
210,84,0.8333333333333334,"(14, 56, 182, 196)"
210,84,0.6666666666666666,"(14, 70, 126, 168)"
210,84,0.7142857142857143,"(14, 84, 112, 126)"
210,84,0.8333333333333334,"(14, 98, 112, 140)"
210,84,0.8333333333333334,"(14, 98, 112, 182)"
210,84,0.9090909090909091,"(14, 98, 182, 196)"
210,84,1,"(14, 105, 154, 189)"
210,84,0.625,"(14, 112, 126, 168)"
210,84,0.7692307692307693,"(14, 140, 182, 196)"
210,84,1,"(21, 35, 126, 175)"
210,84,1,"(21, 42, 63, 84)"
210,84,1,"(21, 42, 63, 189)"
210,84,0.9090909090909091,"(21, 42, 84, 168)"
210,84,1,"(21, 42, 168, 189)"
210,84,0.9090909090909091,"(21, 56, 105, 196)"
210,84,1,"(21, 63, 84, 147)"
210,84,1,"(21, 63, 147, 189)"
210,84,1,"(21, 84, 147, 168)"
210,84,1,"(21, 147, 168, 189)"
210,84,0.5882352941176471,"(28, 42, 56, 84)"
210,84,0.7692307692307693,"(28, 42, 126, 140)"
210,84,1,"(28, 56, 84, 126)"
210,84,0.8333333333333334,"(28, 56, 84, 168)"
210,84,0.8333333333333334,"(28, 56, 98, 182)"
210,84,0.7692307692307693,"(28, 56, 112, 154)"
210,84,0.5263157894736842,"(28, 56, 140, 182)"
210,84,0.9090909090909091,"(28, 63, 98, 105)"
210,84,0.7692307692307693,"(28, 70, 154, 182)"
210,84,0.7142857142857143,"(28, 84, 126, 182)"
210,84,0.6666666666666666,"(28, 98, 112, 196)"
210,84,0.7142857142857143,"(28, 112, 154, 182)"
210,84,1,"(28, 133, 140, 175)"
210,84,0.9090909090909091,"(28, 154, 182, 196)"
210,84,1,"(35, 42, 147, 175)"
210,84,0.9090909090909091,"(35, 56, 70, 161)"
210,84,1,"(35, 63, 168, 175)"
220,88,1,"(22, 44, 66, 88)"
220,88,1,"(22, 44, 66, 198)"
220,88,1,"(22, 44, 88, 176)"
220,88,1,"(22, 44, 176, 198)"
220,88,1,"(22, 66, 88, 154)"
220,88,1,"(22, 66, 154, 198)"
220,88,1,"(22, 88, 154, 176)"
220,88,1,"(22, 154, 176, 198)"
220,88,1,"(44, 66, 88, 132)"
220,88,1,"(44, 66, 132, 198)"
220,88,1,"(44, 132, 176, 198)"
220,88,1,"(66, 88, 132, 154)"
220,88,0.9090909090909091,"(66, 132, 154, 198)"
220,88,1,"(88, 132, 154, 176)"
220,88,1,"(132, 154, 176, 198)"
230,92,1,"(23, 46, 69, 92)"
230,92,1,"(23, 46, 69, 207)"
230,92,1,"(23, 46, 92, 184)"
230,92,1,"(23, 46, 184, 207)"
230,92,1,"(23, 69, 92, 161)"
230,92,1,"(23, 69, 161, 207)"
230,92,1,"(23, 92, 161, 184)"
230,92,0.9090909090909091,"(23, 161, 184, 207)"
230,92,1,"(46, 69, 92, 138)"
230,92,1,"(46, 69, 138, 207)"
230,92,1,"(46, 138, 184, 207)"
230,92,1,"(69, 92, 138, 161)"
230,92,0.9090909090909091,"(69, 138, 161, 207)"
230,92,1,"(92, 138, 161, 184)"
230,92,1,"(138, 161, 184, 207)"
240,96,0.9090909090909091,"(8, 48, 88, 120)"
240,96,0.9090909090909091,"(8, 128, 160, 200)"
240,96,0.9090909090909091,"(16, 32, 48, 96)"
240,96,0.7142857142857143,"(16, 32, 48, 144)"
240,96,0.9090909090909091,"(16, 32, 48, 192)"
240,96,0.7142857142857143,"(16, 32, 64, 208)"
240,96,0.6666666666666666,"(16, 32, 80, 224)"
240,96,0.7692307692307693,"(16, 32, 128, 224)"
240,96,0.9090909090909091,"(16, 32, 176, 224)"
240,96,1,"(16, 40, 80, 136)"
240,96,0.9090909090909091,"(16, 48, 128, 144)"
240,96,0.9090909090909091,"(16, 48, 192, 224)"
240,96,0.7142857142857143,"(16, 64, 112, 128)"
240,96,0.9090909090909091,"(16, 64, 112, 176)"
240,96,0.8333333333333334,"(16, 64, 208, 224)"
240,96,0.7692307692307693,"(16, 80, 144, 192)"
240,96,0.7142857142857143,"(16, 96, 128, 144)"
240,96,0.6666666666666666,"(16, 112, 128, 160)"
240,96,0.9090909090909091,"(16, 112, 128, 208)"
240,96,0.8333333333333334,"(16, 112, 208, 224)"
240,96,1,"(16, 120, 176, 216)"
240,96,0.9090909090909091,"(16, 128, 144, 192)"
240,96,0.9090909090909091,"(16, 160, 208, 224)"
240,96,1,"(24, 40, 144, 200)"
240,96,1,"(24, 48, 72, 96)"
240,96,1,"(24, 48, 72, 216)"
240,96,1,"(24, 48, 96, 192)"
240,96,0.9090909090909091,"(24, 48, 192, 216)"
240,96,1,"(24, 64, 120, 224)"
240,96,1,"(24, 72, 96, 168)"
240,96,1,"(24, 72, 168, 216)"
240,96,1,"(24, 96, 168, 192)"
240,96,1,"(24, 168, 192, 216)"
240,96,0.7692307692307693,"(32, 48, 64, 96)"
240,96,0.7692307692307693,"(32, 48, 144, 160)"
240,96,0.9090909090909091,"(32, 64, 96, 144)"
240,96,0.7692307692307693,"(32, 64, 96, 192)"
240,96,1,"(32, 64, 112, 208)"
240,96,0.7142857142857143,"(32, 64, 128, 176)"
240,96,1,"(32, 64, 160, 208)"
240,96,1,"(32, 72, 112, 120)"
240,96,0.8333333333333334,"(32, 80, 176, 208)"
240,96,0.7142857142857143,"(32, 96, 144, 208)"
240,96,0.8333333333333334,"(32, 112, 128, 224)"
240,96,0.9090909090909091,"(32, 128, 176, 208)"
240,96,1,"(32, 152, 160, 200)"
240,96,1,"(32, 176, 208, 224)"
240,96,1,"(40, 48, 168, 200)"
240,96,1,"(40, 64, 80, 184)"
240,96,1,"(40, 72, 192, 200)"
250,100,1,"(25, 50, 75, 100)"
250,100,1,"(25, 50, 75, 225)"
250,100,1,"(25, 50, 100, 200)"
250,100,1,"(25, 50, 200, 225)"
250,100,1,"(25, 75, 100, 175)"
250,100,0.9090909090909091,"(25, 75, 175, 225)"
250,100,1,"(25, 100, 175, 200)"
250,100,1,"(25, 175, 200, 225)"
250,100,1,"(50, 75, 100, 150)"
250,100,1,"(50, 75, 150, 225)"
250,100,1,"(50, 150, 200, 225)"
250,100,1,"(75, 100, 150, 175)"
250,100,1,"(75, 150, 175, 225)"
250,100,1,"(100, 150, 175, 200)"
250,100,1,"(150, 175, 200, 225)"
260,104,1,"(26, 52, 78, 104)"
260,104,1,"(26, 52, 78, 234)"
260,104,1,"(26, 52, 104, 208)"
260,104,1,"(26, 52, 208, 234)"
260,104,1,"(26, 78, 104, 182)"
260,104,1,"(26, 78, 182, 234)"
260,104,1,"(26, 104, 182, 208)"
260,104,1,"(26, 182, 208, 234)"
260,104,1,"(52, 78, 104, 156)"
260,104,1,"(52, 78, 156, 234)"
260,104,1,"(52, 156, 208, 234)"
260,104,1,"(78, 104, 156, 182)"
260,104,1,"(78, 156, 182, 234)"
260,104,1,"(104, 156, 182, 208)"
260,104,1,"(156, 182, 208, 234)"
270,108,1,"(9, 54, 99, 135)"
270,108,1,"(9, 144, 180, 225)"
270,108,1,"(18, 36, 54, 108)"
270,108,0.625,"(18, 36, 54, 162)"
270,108,0.8333333333333334,"(18, 36, 54, 216)"
270,108,0.8333333333333334,"(18, 36, 72, 234)"
270,108,0.8333333333333334,"(18, 36, 90, 252)"
270,108,0.8333333333333334,"(18, 36, 144, 252)"
270,108,1,"(18, 36, 198, 252)"
270,108,1,"(18, 45, 90, 153)"
270,108,0.9090909090909091,"(18, 54, 144, 162)"
270,108,0.8333333333333334,"(18, 54, 216, 252)"
270,108,0.8333333333333334,"(18, 72, 126, 144)"
270,108,0.7142857142857143,"(18, 72, 126, 198)"
270,108,0.7692307692307693,"(18, 72, 234, 252)"
270,108,0.9090909090909091,"(18, 90, 162, 216)"
270,108,0.7142857142857143,"(18, 108, 144, 162)"
270,108,0.9090909090909091,"(18, 126, 144, 180)"
270,108,0.7692307692307693,"(18, 126, 144, 234)"
270,108,0.9090909090909091,"(18, 126, 234, 252)"
270,108,0.9090909090909091,"(18, 135, 198, 243)"
270,108,1,"(18, 144, 162, 216)"
270,108,0.7142857142857143,"(18, 180, 234, 252)"
270,108,0.9090909090909091,"(27, 45, 162, 225)"
270,108,1,"(27, 54, 81, 108)"
270,108,1,"(27, 54, 81, 243)"
270,108,1,"(27, 54, 108, 216)"
270,108,1,"(27, 54, 216, 243)"
270,108,0.9090909090909091,"(27, 72, 135, 252)"
270,108,1,"(27, 81, 108, 189)"
270,108,1,"(27, 81, 189, 243)"
270,108,1,"(27, 108, 189, 216)"
270,108,1,"(27, 189, 216, 243)"
270,108,0.9090909090909091,"(36, 54, 72, 108)"
270,108,0.8333333333333334,"(36, 54, 162, 180)"
270,108,0.7142857142857143,"(36, 72, 108, 162)"
270,108,0.7142857142857143,"(36, 72, 108, 216)"
270,108,0.7692307692307693,"(36, 72, 126, 234)"
270,108,1,"(36, 72, 144, 198)"
270,108,0.9090909090909091,"(36, 72, 180, 234)"
270,108,0.9090909090909091,"(36, 81, 126, 135)"
270,108,0.7142857142857143,"(36, 90, 198, 234)"
270,108,0.8333333333333334,"(36, 108, 162, 234)"
270,108,0.7692307692307693,"(36, 126, 144, 252)"
270,108,0.8333333333333334,"(36, 144, 198, 234)"
270,108,1,"(36, 171, 180, 225)"
270,108,0.9090909090909091,"(36, 198, 234, 252)"
270,108,1,"(45, 54, 189, 225)"
270,108,1,"(45, 72, 90, 207)"
270,108,1,"(45, 81, 216, 225)"
280,112,1,"(28, 56, 84, 112)"
280,112,1,"(28, 56, 84, 252)"
280,112,1,"(28, 56, 112, 224)"
280,112,1,"(28, 56, 224, 252)"
280,112,1,"(28, 84, 112, 196)"
280,112,1,"(28, 84, 196, 252)"
280,112,1,"(28, 112, 196, 224)"
280,112,1,"(28, 196, 224, 252)"
280,112,1,"(56, 84, 112, 168)"
280,112,1,"(56, 84, 168, 252)"
280,112,1,"(56, 168, 224, 252)"
280,112,1,"(84, 112, 168, 196)"
280,112,1,"(84, 168, 196, 252)"
280,112,1,"(112, 168, 196, 224)"
280,112,1,"(168, 196, 224, 252)"
290,116,1,"(29, 58, 87, 116)"
290,116,1,"(29, 58, 87, 261)"
290,116,1,"(29, 58, 116, 232)"
290,116,1,"(29, 58, 232, 261)"
290,116,1,"(29, 87, 116, 203)"
290,116,1,"(29, 87, 203, 261)"
290,116,1,"(29, 116, 203, 232)"
290,116,1,"(29, 203, 232, 261)"
290,116,1,"(58, 87, 116, 174)"
290,116,1,"(58, 87, 174, 261)"
290,116,1,"(58, 174, 232, 261)"
290,116,1,"(87, 116, 174, 203)"
290,116,1,"(87, 174, 203, 261)"
290,116,1,"(116, 174, 203, 232)"
290,116,1,"(174, 203, 232, 261)"
300,120,0.9090909090909091,"(10, 60, 110, 150)"
300,120,1,"(10, 160, 200, 250)"
300,120,1,"(20, 40, 60, 120)"
300,120,0.9090909090909091,"(20, 40, 60, 180)"
300,120,0.8333333333333334,"(20, 40, 60, 240)"
300,120,1,"(20, 40, 80, 260)"
300,120,0.9090909090909091,"(20, 40, 100, 280)"
300,120,0.8333333333333334,"(20, 40, 160, 280)"
300,120,0.7692307692307693,"(20, 40, 220, 280)"
300,120,0.9090909090909091,"(20, 50, 100, 170)"
300,120,0.9090909090909091,"(20, 60, 160, 180)"
300,120,0.6666666666666666,"(20, 60, 240, 280)"
300,120,0.8333333333333334,"(20, 80, 140, 160)"
300,120,0.6666666666666666,"(20, 80, 140, 220)"
300,120,0.625,"(20, 80, 260, 280)"
300,120,0.7142857142857143,"(20, 100, 180, 240)"
300,120,0.7692307692307693,"(20, 120, 160, 180)"
300,120,0.8333333333333334,"(20, 140, 160, 200)"
300,120,1,"(20, 140, 160, 260)"
300,120,0.9090909090909091,"(20, 140, 260, 280)"
300,120,1,"(20, 150, 220, 270)"
300,120,1,"(20, 160, 180, 240)"
300,120,0.9090909090909091,"(20, 200, 260, 280)"
300,120,1,"(30, 50, 180, 250)"
300,120,1,"(30, 60, 90, 120)"
300,120,1,"(30, 60, 90, 270)"
300,120,1,"(30, 60, 120, 240)"
300,120,1,"(30, 60, 240, 270)"
300,120,1,"(30, 80, 150, 280)"
300,120,1,"(30, 90, 120, 210)"
300,120,1,"(30, 90, 210, 270)"
300,120,1,"(30, 120, 210, 240)"
300,120,1,"(30, 210, 240, 270)"
300,120,0.7142857142857143,"(40, 60, 80, 120)"
300,120,0.8333333333333334,"(40, 60, 180, 200)"
300,120,0.9090909090909091,"(40, 80, 120, 180)"
300,120,1,"(40, 80, 120, 240)"
300,120,0.8333333333333334,"(40, 80, 140, 260)"
300,120,0.7692307692307693,"(40, 80, 160, 220)"
300,120,1,"(40, 80, 200, 260)"
300,120,0.9090909090909091,"(40, 90, 140, 150)"
300,120,0.8333333333333334,"(40, 100, 220, 260)"
300,120,0.9090909090909091,"(40, 120, 180, 260)"
300,120,0.7692307692307693,"(40, 140, 160, 280)"
300,120,0.9090909090909091,"(40, 160, 220, 260)"
300,120,0.9090909090909091,"(40, 190, 200, 250)"
300,120,0.9090909090909091,"(40, 220, 260, 280)"
300,120,1,"(50, 60, 210, 250)"
300,120,1,"(50, 80, 100, 230)"
300,120,1,"(50, 90, 240, 250)"
310,124,1,"(31, 62, 93, 124)"
310,124,1,"(31, 62, 93, 279)"
310,124,1,"(31, 62, 124, 248)"
310,124,1,"(31, 62, 248, 279)"
310,124,1,"(31, 93, 124, 217)"
310,124,1,"(31, 93, 217, 279)"
310,124,1,"(31, 124, 217, 248)"
310,124,1,"(31, 217, 248, 279)"
310,124,1,"(62, 93, 124, 186)"
310,124,1,"(62, 93, 186, 279)"
310,124,1,"(62, 186, 248, 279)"
310,124,1,"(93, 124, 186, 217)"
310,124,1,"(93, 186, 217, 279)"
