14,3,0.03316749585406302,55
14,3,0.02554278416347382,55
14,3,0.019704433497536946,79
14,3,0.015026296018031555,92
14,3,0.016515276630883566,85
14,3,0.024301336573511544,51
14,3,0.020491803278688523,50
14,3,0.023282887077997673,85
14,3,0.023980815347721823,53
14,3,0.02861230329041488,47
14,3,0.024154589371980676,47
14,3,0.02288329519450801,63
14,3,0.01620745542949757,52
14,3,0.03194888178913738,62
14,3,0.025673940949935817,73
14,3,0.02047082906857728,54
14,3,0.017905102954341987,47
14,3,0.020855057351407715,56
14,3,0.020942408376963352,80
14,3,0.017241379310344827,50
28,6,0.04434589800443459,207
28,6,0.027247956403269755,211
28,6,0.029985007496251874,198
28,6,0.042826552462526764,232
28,6,0.0488997555012225,206
28,6,0.030721966205837174,190
28,6,0.03616636528028933,264
28,6,0.03745318352059925,210
28,6,0.0447427293064877,258
28,6,0.03048780487804878,200
28,6,0.04597701149425287,286
28,6,0.07092198581560284,201
28,6,0.05167958656330749,234
28,6,0.04608294930875576,253
28,6,0.04434589800443459,302
28,6,0.02902757619738752,215
28,6,0.05115089514066496,114
28,6,0.027548209366391185,246
28,6,0.037037037037037035,222
28,6,0.043668122270742356,206
42,9,0.0711743772241993,603
42,9,0.06920415224913495,526
42,9,0.04962779156327544,525
42,9,0.04854368932038835,444
42,9,0.0851063829787234,514
42,9,0.05263157894736842,595
42,9,0.08695652173913043,514
42,9,0.05830903790087463,473
42,9,0.0625,561
42,9,0.05917159763313609,567
42,9,0.08032128514056225,567
42,9,0.056657223796033995,545
42,9,0.0706713780918728,618
42,9,0.05449591280653951,632
42,9,0.050505050505050504,518
42,9,0.072992700729927,599
42,9,0.06968641114982578,497
42,9,0.06734006734006734,545
42,9,0.06993006993006994,501
42,9,0.05128205128205128,499
56,12,0.09174311926605505,884
56,12,0.07407407407407407,912
56,12,0.08032128514056225,849
56,12,0.07272727272727272,925
56,12,0.07434944237918216,576
56,12,0.08695652173913043,474
56,12,0.10309278350515463,447
56,12,0.07434944237918216,453
56,12,0.05763688760806916,477
56,12,0.08097165991902834,453
56,12,0.06896551724137931,881
56,12,0.0784313725490196,928
56,12,0.072992700729927,838
56,12,0.08064516129032258,853
56,12,0.0711743772241993,915
56,12,0.13793103448275862,953
56,12,0.08928571428571429,894
56,12,0.07782101167315175,986
56,12,0.09950248756218906,913
56,12,0.08403361344537816,899
70,15,0.14705882352941177,1144
70,15,0.10471204188481675,1108
70,15,0.0881057268722467,1113
70,15,0.10256410256410256,1093
70,15,0.12269938650306748,1145
70,15,0.09900990099009901,1235
70,15,0.10101010101010101,1128
70,15,0.10416666666666667,1183
70,15,0.12269938650306748,1143
70,15,0.08403361344537816,1151
70,15,0.10101010101010101,1151
70,15,0.08196721311475409,1185
70,15,0.11235955056179775,1210
70,15,0.0847457627118644,1082
70,15,0.07547169811320754,1171
70,15,0.10152284263959391,1140
70,15,0.12422360248447205,1167
70,15,0.12738853503184713,1141
70,15,0.07380073800738007,1267
70,15,0.0851063829787234,1205
84,18,0.07518796992481203,1359
84,18,0.11764705882352941,1410
84,18,0.11695906432748537,1420
84,18,0.0970873786407767,1251
84,18,0.004051863857374392,1892
84,18,0.058997050147492625,1059
84,18,0.10695187165775401,691
84,18,0.19047619047619047,652
84,18,0.1282051282051282,694
84,18,0.11834319526627218,680
84,18,0.15267175572519084,1368
84,18,0.11976047904191617,1407
84,18,0.13513513513513514,1322
84,18,0.12121212121212122,1341
84,18,0.12422360248447205,1433
84,18,0.10101010101010101,1064
84,18,0.07905138339920949,1432
84,18,0.11764705882352941,1389
84,18,0.14285714285714285,1359
84,18,0.005085176709890669,1832
98,21,0.19607843137254902,1622
98,21,0.16260162601626016,1539
98,21,0.11560693641618497,1571
98,21,0.17857142857142858,1598
98,21,0.14705882352941177,1602
98,21,0.10989010989010989,1611
98,21,0.16,1607
98,21,0.145985401459854,1570
98,21,0.25,1581
98,21,0.16666666666666666,1528
98,21,0.08658008658008658,1567
98,21,0.10869565217391304,1651
98,21,0.1724137931034483,1507
98,21,0.08888888888888889,1617
98,21,0.11494252873563218,1617
98,21,0.1342281879194631,1557
98,21,0.19230769230769232,1617
98,21,0.10810810810810811,1622
98,21,0.11428571428571428,1597
98,21,0.15384615384615385,1559
112,24,0.14492753623188406,1779
112,24,0.17094017094017094,841
112,24,0.18691588785046728,922
112,24,0.17094017094017094,831
112,24,0.125,841
112,24,0.12578616352201258,1708
112,24,0.16,1769
112,24,0.16260162601626016,1719
112,24,0.12121212121212122,1926
112,24,0.13245033112582782,1684
112,24,0.11235955056179775,1693
112,24,0.22988505747126436,1796
112,24,0.15267175572519084,884
112,24,0.2,873
112,24,0.19801980198019803,862
112,24,0.1941747572815534,874
112,24,0.15037593984962405,1948
112,24,0.136986301369863,1863
112,24,0.2,1913
112,24,0.18018018018018017,1864
126,27,0.2127659574468085,2151
126,27,0.15625,1927
126,27,0.16129032258064516,2013
126,27,0.16393442622950818,1688
126,27,0.17857142857142858,1551
126,27,0.16260162601626016,2050
126,27,0.16,1973
126,27,0.2597402597402597,2086
126,27,0.15151515151515152,2016
126,27,0.21052631578947367,2134
126,27,0.17857142857142858,2016
126,27,0.1834862385321101,1998
126,27,0.17543859649122806,2018
126,27,0.17543859649122806,2075
126,27,0.16393442622950818,2087
126,27,0.16393442622950818,2089
126,27,0.37037037037037035,2059
126,27,0.18867924528301888,2015
126,27,0.17391304347826086,2137
126,27,0.20833333333333334,2081
140,30,0.14084507042253522,2336
140,30,0.15873015873015872,2396
140,30,0.15748031496062992,2327
140,30,0.15267175572519084,2222
140,30,0.1834862385321101,2377
140,30,0.12903225806451613,2229
140,30,0.18018018018018017,2301
140,30,0.21978021978021978,2385
140,30,0.20833333333333334,2248
140,30,0.21505376344086022,2150
140,30,0.24390243902439024,1146
140,30,0.11494252873563218,1102
140,30,0.19230769230769232,1151
140,30,0.18018018018018017,1089
140,30,0.21505376344086022,1148
140,30,0.2898550724637681,2392
140,30,0.125,2334
140,30,0.17857142857142858,2387
140,30,0.18691588785046728,2332
140,30,0.16129032258064516,2264
