14,3,0.027700831024930747,4 2  1 0 1 1,"[0, 1, 2, 6, 7]"
14,3,0.02717391304347826,4 2  1 1 0 1,"[0, 1, 2, 7, 11]"
14,3,0.022650056625141562,4 2  1 0 1 1,"[0, 1, 2, 3, 8]"
14,3,0.020855057351407715,4 2  1 1 0 1,"[0, 1, 2, 4, 7]"
14,3,0.0182648401826484,4 2  1 1 0 1,"[0, 1, 2, 3, 9]"
14,3,0.019417475728155338,4 2  1 0 1 1,"[0, 1, 2, 5, 9]"
14,3,0.014450867052023121,4 2  1 1 0 1,"[0, 1, 2, 6, 8]"
14,3,0.3508771929824561,1 2  1,"[0, 11, 12, 13, 14]"
14,3,0.023228803716608595,4 2  1 0 1 1,"[0, 1, 2, 7, 13]"
14,3,0.020942408376963352,4 2  1 1 0 1,"[0, 1, 2, 8, 13]"
14,3,0.016778523489932886,4 2  1 0 1 1,"[0, 1, 2, 8, 10]"
28,6,0.0796812749003984,7 2  1 0 1 0 0 0 1,"[0, 1, 3, 7, 14]"
28,6,0.05,7 2  1 0 1 0 0 0 1,"[0, 1, 2, 6, 15]"
28,6,0.05089058524173028,7 2  1 0 1 0 0 0 1,"[0, 1, 2, 15, 20]"
28,6,0.03502626970227671,7 2  1 0 0 0 1 0 1,"[0, 1, 3, 11, 14]"
28,6,0.031545741324921134,7 2  1 0 0 0 1 0 1,"[0, 1, 2, 10, 15]"
28,6,0.0353356890459364,7 2  1 0 1 0 0 0 1,"[0, 1, 3, 14, 21]"
28,6,0.046948356807511735,7 2  1 0 1 0 0 0 1,"[0, 1, 4, 12, 15]"
28,6,0.04065040650406504,7 2  1 0 0 0 1 0 1,"[0, 1, 2, 15, 24]"
28,6,0.05102040816326531,7 2  1 0 0 0 1 0 1,"[0, 1, 4, 6, 15]"
28,6,0.044543429844097995,7 2  1 0 0 0 1 0 1,"[0, 1, 3, 14, 25]"
42,9,0.06514657980456026,10 2  1 0 0 1 0 0 0 0 0 1,"[0, 1, 3, 9, 22]"
42,9,0.06369426751592357,10 2  1 0 0 0 0 0 1 0 0 1,"[0, 1, 3, 22, 36]"
42,9,0.04987531172069826,10 2  1 0 0 1 0 0 0 0 0 1,"[0, 1, 3, 22, 30]"
42,9,0.058997050147492625,10 2  1 0 0 0 0 0 1 0 0 1,"[0, 1, 4, 16, 21]"
42,9,0.04032258064516129,10 2  1 0 0 0 0 0 1 0 0 1,"[0, 1, 3, 15, 22]"
42,9,0.06389776357827476,10 2  1 0 0 1 0 0 0 0 0 1,"[0, 1, 4, 10, 21]"
42,9,0.058823529411764705,10 2  1 0 0 0 0 0 1 0 0 1,"[0, 1, 4, 21, 37]"
42,9,0.05115089514066496,10 2  1 0 0 1 0 0 0 0 0 1,"[0, 1, 4, 21, 31]"
42,9,0.0641025641025641,10 2  1 0 0 0 0 0 1 0 0 1,"[0, 1, 6, 9, 22]"
42,9,0.07722007722007722,10 2  1 0 0 1 0 0 0 0 0 1,"[0, 1, 6, 18, 22]"
56,12,0.05934718100890208,13 2  1 0 0 0 1 0 0 0 0 0 0 0 1,"[0, 1, 4, 12, 29]"
56,12,0.07142857142857142,13 2  1 0 0 0 0 0 0 0 1 0 0 0 1,"[0, 1, 4, 20, 29]"
56,12,0.0823045267489712,13 2  1 0 0 0 1 0 0 0 0 0 0 0 1,"[0, 1, 4, 29, 40]"
56,12,0.06430868167202572,13 2  1 0 0 0 0 0 0 0 1 0 0 0 1,"[0, 1, 4, 29, 48]"
56,12,0.091324200913242,13 2  1 0 0 0 0 0 0 0 1 0 0 0 1,"[0, 1, 5, 21, 28]"
56,12,0.06872852233676977,13 2  1 0 0 0 1 0 0 0 0 0 0 0 1,"[0, 1, 5, 13, 28]"
56,12,0.0947867298578199,13 2  1 0 0 0 1 0 0 0 0 0 0 0 1,"[0, 1, 5, 28, 41]"
56,12,0.060790273556231005,13 2  1 0 0 0 0 0 0 0 1 0 0 0 1,"[0, 1, 5, 28, 49]"
56,12,0.08368200836820083,13 2  1 0 0 0 0 0 0 0 1 0 0 0 1,"[0, 1, 8, 12, 29]"
56,12,0.09302325581395349,13 2  1 0 0 0 1 0 0 0 0 0 0 0 1,"[0, 1, 8, 24, 29]"
70,15,0.11764705882352941,16 2  1 0 0 0 0 1 0 0 0 0 0 0 0 0 0 1,"[0, 1, 5, 15, 36]"
70,15,0.11764705882352941,16 2  1 0 0 0 0 0 0 0 0 0 1 0 0 0 0 1,"[0, 1, 5, 25, 36]"
70,15,0.0966183574879227,16 2  1 0 0 0 0 1 0 0 0 0 0 0 0 0 0 1,"[0, 1, 5, 36, 50]"
70,15,0.09950248756218906,16 2  1 0 0 0 0 0 0 0 0 0 1 0 0 0 0 1,"[0, 1, 5, 36, 60]"
70,15,0.07326007326007326,16 2  1 0 0 0 0 1 0 0 0 0 0 0 0 0 0 1,"[0, 1, 6, 16, 35]"
70,15,0.091324200913242,16 2  1 0 0 0 0 0 0 0 0 0 1 0 0 0 0 1,"[0, 1, 6, 26, 35]"
70,15,0.08298755186721991,16 2  1 0 0 0 0 0 0 0 0 0 1 0 0 0 0 1,"[0, 1, 6, 35, 61]"
70,15,0.08264462809917356,16 2  1 0 0 0 0 1 0 0 0 0 0 0 0 0 0 1,"[0, 1, 6, 35, 51]"
70,15,0.10204081632653061,16 2  1 0 0 0 0 1 0 0 0 0 0 0 0 0 0 1,"[0, 1, 10, 30, 36]"
70,15,0.10362694300518134,16 2  1 0 0 0 0 0 0 0 0 0 1 0 0 0 0 1,"[0, 1, 10, 36, 50]"
84,18,0.10752688172043011,19 2  1 0 0 0 0 0 1 0 0 0 0 0 0 0 0 0 0 0 1,"[0, 1, 6, 18, 43]"
84,18,0.08438818565400844,19 2  1 0 0 0 0 0 0 0 0 0 0 0 1 0 0 0 0 0 1,"[0, 1, 6, 30, 43]"
84,18,0.11299435028248588,19 2  1 0 0 0 0 0 0 0 0 0 0 0 1 0 0 0 0 0 1,"[0, 1, 6, 43, 72]"
84,18,0.13071895424836602,19 2  1 0 0 0 0 0 1 0 0 0 0 0 0 0 0 0 0 0 1,"[0, 1, 6, 43, 60]"
84,18,0.09615384615384616,19 2  1 0 0 0 0 0 1 0 0 0 0 0 0 0 0 0 0 0 1,"[0, 1, 7, 19, 42]"
84,18,0.059880239520958084,19 2  1 0 1 0 1 0 0 1 0 1 0 1 0 0 1 0 1 0 1,"[0, 1, 7, 22, 56]"
84,18,0.0784313725490196,19 2  1 0 0 0 0 0 0 0 0 0 0 0 1 0 0 0 0 0 1,"[0, 1, 7, 31, 42]"
84,18,0.09049773755656108,19 2  1 0 0 0 0 0 0 0 0 0 0 0 1 0 0 0 0 0 1,"[0, 1, 12, 18, 43]"
84,18,0.10810810810810811,19 2  1 0 0 0 0 0 1 0 0 0 0 0 0 0 0 0 0 0 1,"[0, 1, 12, 36, 43]"
84,18,0.12987012987012986,19 2  1 0 0 0 0 0 0 0 0 0 0 0 1 0 0 0 0 0 1,"[0, 1, 12, 43, 60]"
84,18,0.12121212121212122,19 2  1 0 0 0 0 0 1 0 0 0 0 0 0 0 0 0 0 0 1,"[0, 1, 13, 37, 42]"
84,18,0.00851063829787234,19 2  1 0 1 0 1 1 1 0 1 0 1 0 0 1 0 0 1 1 1,"[0, 1, 12, 57, 64]"
84,18,0.005461496450027308,19 2  1 0 1 0 1 1 1 0 1 0 1 0 0 1 0 0 1 1 1,"[0, 1, 21, 28, 61]"
84,18,0.005509641873278237,19 2  1 1 1 0 0 1 0 0 1 0 1 0 1 1 1 0 1 0 1,"[0, 1, 21, 28, 73]"
84,18,0.005520287054926856,19 2  1 1 1 0 0 1 0 0 1 0 1 0 1 1 1 0 1 0 1,"[0, 1, 24, 57, 64]"
84,18,0.057803468208092484,19 2  1 0 1 0 1 0 0 1 0 1 0 1 0 0 1 0 1 0 1,"[0, 1, 29, 63, 78]"
84,18,0.057971014492753624,19 2  1 0 1 0 1 0 0 1 0 1 0 1 0 0 1 0 1 0 1,"[0, 2, 9, 58, 63]"
84,18,0.05115089514066496,19 2  1 0 1 0 1 0 0 1 0 1 0 1 0 0 1 0 1 0 1,"[0, 2, 21, 51, 58]"
84,18,0.058823529411764705,19 2  1 0 1 0 1 0 0 1 0 1 0 1 0 0 1 0 1 0 1,"[0, 2, 23, 28, 77]"
84,18,0.0074211502782931356,19 2  1 1 1 0 0 1 0 0 1 0 1 0 1 1 1 0 1 0 1,"[0, 3, 7, 15, 28]"
84,18,0.00473260766682442,19 2  1 0 1 0 1 1 1 0 1 0 1 0 0 1 0 0 1 1 1,"[0, 3, 7, 28, 51]"
84,18,0.007032348804500703,19 2  1 1 1 0 0 1 0 0 1 0 1 0 1 1 1 0 1 0 1,"[0, 3, 15, 35, 56]"
84,18,0.005955926146515783,19 2  1 1 1 0 0 1 0 0 1 0 1 0 1 1 1 0 1 0 1,"[0, 3, 31, 36, 52]"
84,18,0.0046072333563695,19 2  1 0 1 0 1 1 1 0 1 0 1 0 0 1 0 0 1 1 1,"[0, 3, 31, 52, 72]"
84,18,0.005980861244019139,19 2  1 0 1 0 1 1 1 0 1 0 1 0 0 1 0 0 1 1 1,"[0, 3, 35, 51, 56]"
