12,2,0.007160759040458289,1
12,2,0.009643201542912247,1
12,2,0.00936768149882904,1
12,2,0.008988764044943821,1
12,2,0.009751340809361287,1
12,2,0.00984251968503937,1
12,2,0.00992063492063492,1
12,2,0.01053740779768177,1
12,2,0.010587612493382742,1
12,2,0.009070294784580499,1
12,2,0.009765625,1
12,2,0.00984251968503937,1
12,2,0.011750881316098707,1
12,2,0.009799118079372856,1
12,2,0.009652509652509652,1
12,2,0.011025358324145534,1
12,2,0.008849557522123894,1
12,2,0.014630577907827359,1
12,2,0.009242144177449169,1
12,2,0.006830601092896175,1
24,4,0.017953321364452424,4
24,4,0.01557632398753894,4
24,4,0.01759014951627089,4
24,4,0.029542097488921712,4
24,4,0.014652014652014652,4
24,4,0.02706359945872801,4
24,4,0.013802622498274672,4
24,4,0.017825311942959002,4
24,4,0.01892147587511826,4
24,4,0.015527950310559006,4
24,4,0.027285129604365622,4
24,4,0.021164021164021163,4
24,4,0.020682523267838676,4
24,4,0.01838235294117647,4
24,4,0.028735632183908046,4
24,4,0.0228310502283105,4
24,4,0.01141552511415525,4
24,4,0.021344717182497332,4
24,4,0.014903129657228018,4
24,4,0.019193857965451054,4
36,6,0.004483299708585519,9
36,6,0.0032808398950131233,9
36,6,0.0039856516540454365,9
36,6,0.023446658851113716,1
36,6,0.0039001560062402497,9
36,6,0.03484320557491289,1
36,6,0.02554278416347382,1
36,6,0.0030165912518853697,9
36,6,0.02717391304347826,1
36,6,0.026737967914438502,1
36,6,0.025284450063211124,1
36,6,0.024875621890547265,1
36,6,0.02717391304347826,1
36,6,0.004279905842071475,9
36,6,0.0024993751562109472,9
36,6,0.0038204393505253103,9
36,6,0.025673940949935817,1
36,6,0.023310023310023312,1
36,6,0.033112582781456956,1
36,6,0.03189792663476874,1
48,8,0.03929273084479371,16
48,8,0.034782608695652174,16
48,8,0.03676470588235294,16
48,8,0.02902757619738752,16
48,8,0.030211480362537766,16
48,8,0.02932551319648094,16
48,8,0.038535645472061654,16
48,8,0.04866180048661801,16
48,8,0.04081632653061224,16
48,8,0.03816793893129771,16
48,8,0.039525691699604744,16
48,8,0.044642857142857144,16
48,8,0.045662100456621,16
48,8,0.03164556962025317,16
48,8,0.029717682020802376,16
48,8,0.0449438202247191,16
48,8,0.03710575139146568,16
48,8,0.03795066413662239,16
48,8,0.050761421319796954,16
48,8,0.03115264797507788,16
60,10,0.00001300388426022853,10
60,10,0.000019176080524197337,10
60,10,0.000014690835049100444,10
