9,2,0.03532008830022075
9,2,0.043478260869565216
9,2,0.03206412825651302
9,2,0.04878048780487805
9,2,0.03800475059382423
9,2,0.03800475059382423
9,2,0.024615384615384615
9,2,0.03382663847780127
9,2,0.037122969837587005
9,2,0.0486322188449848
9,2,0.030947775628626693
9,2,0.025889967637540454
9,2,0.04804804804804805
9,2,0.042440318302387266
9,2,0.03155818540433925
18,4,0.07766990291262135
18,4,0.06866952789699571
18,4,0.06666666666666667
18,4,0.07960199004975124
18,4,0.06722689075630252
18,4,0.06374501992031872
18,4,0.06584362139917696
18,4,0.06694560669456066
18,4,0.07547169811320754
18,4,0.064
18,4,0.1103448275862069
18,4,0.07373271889400922
18,4,0.10062893081761007
18,4,0.0935672514619883
18,4,0.11764705882352941
18,4,0.07881773399014778
18,4,0.08290155440414508
18,4,0.06557377049180328
18,4,0.0625
18,4,0.08888888888888889
18,4,0.09090909090909091
18,4,0.06611570247933884
18,4,0.08421052631578947
18,4,0.07272727272727272
18,4,0.07174887892376682
18,4,0.08163265306122448
18,4,0.050473186119873815
18,4,0.06557377049180328
18,4,0.07920792079207921
18,4,0.08743169398907104
18,4,0.07174887892376682
18,4,0.09411764705882353
18,4,0.06130268199233716
18,4,0.05925925925925926
18,4,0.0642570281124498
18,4,0.08743169398907104
18,4,0.08743169398907104
18,4,0.10596026490066225
18,4,0.08648648648648649
18,4,0.07881773399014778
18,4,0.07207207207207207
18,4,0.05245901639344262
18,4,0.06153846153846154
18,4,0.07407407407407407
18,4,0.07207207207207207
18,4,0.08333333333333333
18,4,0.06374501992031872
18,4,0.11594202898550725
18,4,0.064
18,4,0.09937888198757763
18,4,0.08465608465608465
18,4,0.0761904761904762
18,4,0.07407407407407407
18,4,0.09195402298850575
18,4,0.05673758865248227
18,4,0.09195402298850575
18,4,0.08421052631578947
18,4,0.11851851851851852
18,4,0.08247422680412371
18,4,0.06557377049180328
18,4,0.06666666666666667
18,4,0.0893854748603352
18,4,0.04610951008645533
18,4,0.050955414012738856
18,4,0.06837606837606838
18,4,0.07048458149779736
18,4,0.07079646017699115
18,4,0.07272727272727272
18,4,0.09411764705882353
18,4,0.05555555555555555
18,4,0.1391304347826087
18,4,0.07174887892376682
18,4,0.08080808080808081
18,4,0.06639004149377593
18,4,0.04984423676012461
18,4,0.06639004149377593
18,4,0.08695652173913043
18,4,0.08888888888888889
18,4,0.0893854748603352
18,4,0.08421052631578947
18,4,0.07272727272727272
18,4,0.0903954802259887
18,4,0.06986899563318777
18,4,0.05947955390334572
18,4,0.07655502392344497
18,4,0.0855614973262032
18,4,0.0893854748603352
18,4,0.058394160583941604
18,4,0.08163265306122448
18,4,0.07476635514018691
18,4,0.06986899563318777
18,4,0.07207207207207207
18,4,0.08290155440414508
18,4,0.07407407407407407
18,4,0.05673758865248227
18,4,0.06722689075630252
18,4,0.1032258064516129
18,4,0.06837606837606838
18,4,0.08648648648648649
18,4,0.07960199004975124
18,4,0.06060606060606061
18,4,0.07339449541284404
18,4,0.1032258064516129
18,4,0.08648648648648649
18,4,0.04833836858006042
18,4,0.07174887892376682
18,4,0.09937888198757763
18,4,0.09876543209876543
18,4,0.10810810810810811
18,4,0.0935672514619883
18,4,0.07692307692307693
18,4,0.0486322188449848
18,4,0.06956521739130435
18,4,0.05904059040590406
18,4,0.07142857142857142
18,4,0.06751054852320675
18,4,0.07920792079207921
18,4,0.10256410256410256
18,4,0.07174887892376682
18,4,0.07239819004524888
18,4,0.11510791366906475
18,4,0.0653061224489796
18,4,0.06639004149377593
18,4,0.07174887892376682
18,4,0.05947955390334572
18,4,0.06722689075630252
18,4,0.048484848484848485
18,4,0.08121827411167512
18,4,0.08648648648648649
18,4,0.10666666666666667
18,4,0.056338028169014086
18,4,0.05970149253731343
18,4,0.07207207207207207
18,4,0.0730593607305936
18,4,0.08
18,4,0.08080808080808081
18,4,0.07142857142857142
18,4,0.0730593607305936
18,4,0.07111111111111111
18,4,0.11678832116788321
18,4,0.07804878048780488
18,4,0.07239819004524888
18,4,0.13793103448275862
18,4,0.10457516339869281
18,4,0.0784313725490196
18,4,0.06177606177606178
18,4,0.07960199004975124
18,4,0.11428571428571428
18,4,0.06015037593984962
18,4,0.07729468599033816
27,6,0.09090909090909091
27,6,0.1702127659574468
27,6,0.0893854748603352
27,6,0.125
27,6,0.09815950920245399
27,6,0.0898876404494382
27,6,0.14285714285714285
27,6,0.14414414414414414
27,6,0.0893854748603352
27,6,0.1702127659574468
27,6,0.09876543209876543
27,6,0.18604651162790697
27,6,0.0935672514619883
27,6,0.09195402298850575
27,6,0.11594202898550725
27,6,0.12698412698412698
27,6,0.10191082802547771
27,6,0.17204301075268819
27,6,0.19047619047619047
27,6,0.14285714285714285
27,6,0.12213740458015267
27,6,0.07920792079207921
27,6,0.1523809523809524
27,6,0.10666666666666667
27,6,0.1391304347826087
27,6,0.1322314049586777
27,6,0.1553398058252427
27,6,0.08421052631578947
27,6,0.12698412698412698
27,6,0.07272727272727272
27,6,0.11594202898550725
27,6,0.11428571428571428
27,6,0.09815950920245399
27,6,0.09302325581395349
27,6,0.08040201005025126
27,6,0.17204301075268819
27,6,0.11428571428571428
27,6,0.1103448275862069
27,6,0.12030075187969924
27,6,0.08791208791208792
27,6,0.16842105263157894
27,6,0.09248554913294797
27,6,0.09467455621301775
27,6,0.1111111111111111
27,6,0.1322314049586777
27,6,0.16
27,6,0.10191082802547771
27,6,0.12403100775193798
27,6,0.13008130081300814
27,6,0.1103448275862069
27,6,0.14285714285714285
27,6,0.10738255033557047
27,6,0.07960199004975124
27,6,0.16326530612244897
27,6,0.1095890410958904
27,6,0.09090909090909091
27,6,0.11188811188811189
27,6,0.10457516339869281
27,6,0.14678899082568808
27,6,0.11267605633802817
27,6,0.11940298507462686
27,6,0.0903954802259887
27,6,0.11347517730496454
27,6,0.11678832116788321
27,6,0.14035087719298245
27,6,0.10256410256410256
27,6,0.16494845360824742
27,6,0.16
27,6,0.13793103448275862
27,6,0.11188811188811189
27,6,0.12403100775193798
27,6,0.10457516339869281
27,6,0.08839779005524862
27,6,0.10666666666666667
27,6,0.18181818181818182
27,6,0.09411764705882353
27,6,0.13559322033898305
27,6,0.08290155440414508
27,6,0.1322314049586777
27,6,0.10126582278481013
27,6,0.0898876404494382
27,6,0.10062893081761007
27,6,0.11428571428571428
27,6,0.15384615384615385
27,6,0.12030075187969924
27,6,0.1509433962264151
27,6,0.10596026490066225
27,6,0.08333333333333333
27,6,0.11510791366906475
27,6,0.09248554913294797
27,6,0.09195402298850575
27,6,0.1509433962264151
27,6,0.14953271028037382
27,6,0.12121212121212122
27,6,0.0963855421686747
27,6,0.10738255033557047
27,6,0.11510791366906475
27,6,0.13114754098360656
27,6,0.10810810810810811
27,6,0.0963855421686747
27,6,0.08333333333333333
27,6,0.11678832116788321
27,6,0.125
27,6,0.16842105263157894
27,6,0.08839779005524862
27,6,0.11594202898550725
27,6,0.08695652173913043
27,6,0.0851063829787234
27,6,0.1103448275862069
27,6,0.1038961038961039
27,6,0.07441860465116279
27,6,0.21052631578947367
27,6,0.0851063829787234
27,6,0.1839080459770115
27,6,0.13559322033898305
27,6,0.09411764705882353
27,6,0.06694560669456066
27,6,0.10191082802547771
27,6,0.16666666666666666
27,6,0.1111111111111111
27,6,0.08421052631578947
27,6,0.13114754098360656
27,6,0.11940298507462686
27,6,0.11510791366906475
27,6,0.11940298507462686
27,6,0.09467455621301775
27,6,0.1509433962264151
27,6,0.12213740458015267
27,6,0.13675213675213677
27,6,0.1095890410958904
27,6,0.12307692307692308
27,6,0.17582417582417584
27,6,0.09876543209876543
27,6,0.12403100775193798
27,6,0.14414414414414414
27,6,0.12121212121212122
27,6,0.1509433962264151
27,6,0.06986899563318777
27,6,0.09142857142857143
27,6,0.07111111111111111
27,6,0.13793103448275862
27,6,0.09523809523809523
27,6,0.12213740458015267
27,6,0.10810810810810811
27,6,0.1415929203539823
27,6,0.07441860465116279
27,6,0.13008130081300814
27,6,0.07766990291262135
27,6,0.11347517730496454
27,6,0.15841584158415842
27,6,0.0935672514619883
27,6,0.11940298507462686
27,6,0.09411764705882353
27,6,0.10810810810810811
27,6,0.1509433962264151
27,6,0.1322314049586777
27,6,0.09580838323353294
27,6,0.11267605633802817
27,6,0.16842105263157894
27,6,0.1095890410958904
27,6,0.11267605633802817
27,6,0.11428571428571428
27,6,0.1103448275862069
27,6,0.10884353741496598
27,6,0.19047619047619047
27,6,0.12121212121212122
27,6,0.12903225806451613
27,6,0.10256410256410256
27,6,0.09467455621301775
27,6,0.12698412698412698
27,6,0.0855614973262032
27,6,0.14285714285714285
27,6,0.16842105263157894
27,6,0.12121212121212122
27,6,0.14285714285714285
27,6,0.12030075187969924
27,6,0.09142857142857143
27,6,0.11594202898550725
27,6,0.06015037593984962
27,6,0.13333333333333333
27,6,0.125
27,6,0.10256410256410256
27,6,0.1095890410958904
27,6,0.09815950920245399
27,6,0.12030075187969924
27,6,0.09195402298850575
27,6,0.14285714285714285
27,6,0.1415929203539823
27,6,0.09937888198757763
27,6,0.13559322033898305
27,6,0.10810810810810811
27,6,0.07111111111111111
27,6,0.09876543209876543
27,6,0.10526315789473684
27,6,0.13675213675213677
27,6,0.12121212121212122
27,6,0.0975609756097561
27,6,0.14953271028037382
27,6,0.13008130081300814
27,6,0.10596026490066225
27,6,0.11428571428571428
27,6,0.11347517730496454
27,6,0.12213740458015267
27,6,0.1322314049586777
27,6,0.09876543209876543
27,6,0.0963855421686747
27,6,0.1
27,6,0.10062893081761007
27,6,0.1839080459770115
27,6,0.11428571428571428
27,6,0.2077922077922078
27,6,0.0975609756097561
27,6,0.12698412698412698
27,6,0.11764705882352941
27,6,0.09937888198757763
27,6,0.09195402298850575
27,6,0.11764705882352941
27,6,0.10526315789473684
27,6,0.16
27,6,0.12121212121212122
27,6,0.14285714285714285
27,6,0.0963855421686747
27,6,0.11764705882352941
27,6,0.128
27,6,0.10526315789473684
27,6,0.10810810810810811
27,6,0.13333333333333333
27,6,0.1
27,6,0.14035087719298245
27,6,0.1032258064516129
27,6,0.2
27,6,0.2
27,6,0.09142857142857143
27,6,0.14035087719298245
27,6,0.09696969696969697
27,6,0.12903225806451613
27,6,0.1553398058252427
27,6,0.15841584158415842
27,6,0.12213740458015267
27,6,0.08465608465608465
27,6,0.12030075187969924
27,6,0.1111111111111111
27,6,0.11940298507462686
27,6,0.1322314049586777
27,6,0.14678899082568808
27,6,0.09696969696969697
27,6,0.17204301075268819
27,6,0.1415929203539823
27,6,0.15841584158415842
27,6,0.10191082802547771
27,6,0.0893854748603352
27,6,0.07174887892376682
27,6,0.10126582278481013
27,6,0.08376963350785341
27,6,0.11188811188811189
27,6,0.11188811188811189
27,6,0.08290155440414508
27,6,0.09411764705882353
27,6,0.11267605633802817
27,6,0.0975609756097561
27,6,0.1095890410958904
27,6,0.1
27,6,0.08121827411167512
27,6,0.16842105263157894
27,6,0.1391304347826087
27,6,0.14414414414414414
27,6,0.128
27,6,0.09090909090909091
27,6,0.1
27,6,0.11428571428571428
27,6,0.13793103448275862
27,6,0.11510791366906475
27,6,0.10884353741496598
27,6,0.10596026490066225
27,6,0.07920792079207921
27,6,0.1103448275862069
27,6,0.0855614973262032
27,6,0.1702127659574468
27,6,0.11594202898550725
27,6,0.09937888198757763
27,6,0.09248554913294797
27,6,0.12598425196850394
27,6,0.08
27,6,0.1111111111111111
27,6,0.0935672514619883
36,8,0.17204301075268819
36,8,0.11510791366906475
36,8,0.14678899082568808
36,8,0.10256410256410256
36,8,0.11510791366906475
36,8,0.12403100775193798
36,8,0.12598425196850394
36,8,0.1553398058252427
36,8,0.14285714285714285
36,8,0.13114754098360656
36,8,0.14285714285714285
36,8,0.2
36,8,0.3018867924528302
36,8,0.11851851851851852
36,8,0.14285714285714285
36,8,0.11678832116788321
36,8,0.13114754098360656
36,8,0.14953271028037382
36,8,0.13793103448275862
36,8,0.11347517730496454
36,8,0.13675213675213677
36,8,0.14814814814814814
36,8,0.1553398058252427
36,8,0.125
36,8,0.14545454545454545
36,8,0.17777777777777778
36,8,0.16842105263157894
36,8,0.11510791366906475
36,8,0.14678899082568808
36,8,0.12121212121212122
36,8,0.16666666666666666
36,8,0.2191780821917808
36,8,0.14414414414414414
36,8,0.26229508196721313
36,8,0.13445378151260504
36,8,0.2077922077922078
36,8,0.1951219512195122
36,8,0.14814814814814814
36,8,0.14285714285714285
36,8,0.16666666666666666
36,8,0.09523809523809523
36,8,0.18823529411764706
36,8,0.12307692307692308
36,8,0.1568627450980392
36,8,0.125
36,8,0.14035087719298245
36,8,0.13793103448275862
36,8,0.12307692307692308
36,8,0.16666666666666666
36,8,0.17582417582417584
36,8,0.16494845360824742
36,8,0.10884353741496598
36,8,0.12307692307692308
36,8,0.12598425196850394
36,8,0.1702127659574468
36,8,0.15384615384615385
36,8,0.2222222222222222
36,8,0.14414414414414414
36,8,0.1553398058252427
36,8,0.16161616161616163
36,8,0.1103448275862069
36,8,0.10884353741496598
36,8,0.13114754098360656
36,8,0.12698412698412698
36,8,0.1391304347826087
36,8,0.1391304347826087
36,8,0.08205128205128205
36,8,0.13114754098360656
36,8,0.15384615384615385
36,8,0.16
36,8,0.1951219512195122
36,8,0.12403100775193798
36,8,0.13008130081300814
36,8,0.12213740458015267
36,8,0.09696969696969697
36,8,0.11940298507462686
36,8,0.11510791366906475
36,8,0.19753086419753085
36,8,0.19753086419753085
36,8,0.13675213675213677
36,8,0.13445378151260504
36,8,0.2191780821917808
36,8,0.27586206896551724
36,8,0.12903225806451613
36,8,0.1839080459770115
36,8,0.2077922077922078
36,8,0.17777777777777778
36,8,0.1702127659574468
36,8,0.10810810810810811
36,8,0.13793103448275862
36,8,0.08888888888888889
36,8,0.1553398058252427
36,8,0.16326530612244897
36,8,0.22857142857142856
36,8,0.125
36,8,0.10666666666666667
36,8,0.12598425196850394
36,8,0.13675213675213677
36,8,0.09696969696969697
36,8,0.12698412698412698
36,8,0.11764705882352941
36,8,0.12903225806451613
36,8,0.1797752808988764
36,8,0.24242424242424243
36,8,0.1797752808988764
36,8,0.13114754098360656
36,8,0.12030075187969924
36,8,0.21333333333333335
36,8,0.2077922077922078
36,8,0.11188811188811189
36,8,0.17777777777777778
36,8,0.21333333333333335
36,8,0.1415929203539823
36,8,0.1797752808988764
36,8,0.20253164556962025
36,8,0.1322314049586777
36,8,0.13333333333333333
36,8,0.10526315789473684
36,8,0.1038961038961039
36,8,0.15841584158415842
36,8,0.14035087719298245
36,8,0.11678832116788321
36,8,0.16842105263157894
36,8,0.16326530612244897
36,8,0.10666666666666667
36,8,0.1415929203539823
36,8,0.1391304347826087
36,8,0.1839080459770115
36,8,0.17391304347826086
36,8,0.10457516339869281
36,8,0.18823529411764706
36,8,0.13445378151260504
36,8,0.18604651162790697
36,8,0.11428571428571428
36,8,0.13333333333333333
36,8,0.16842105263157894
36,8,0.17204301075268819
36,8,0.12030075187969924
36,8,0.09090909090909091
36,8,0.13008130081300814
36,8,0.1568627450980392
36,8,0.14953271028037382
36,8,0.16326530612244897
36,8,0.13793103448275862
36,8,0.1951219512195122
36,8,0.14678899082568808
36,8,0.10062893081761007
36,8,0.09195402298850575
36,8,0.11428571428571428
36,8,0.1951219512195122
36,8,0.1
36,8,0.125
36,8,0.1523809523809524
36,8,0.09696969696969697
36,8,0.13793103448275862
36,8,0.13114754098360656
36,8,0.15841584158415842
36,8,0.16326530612244897
36,8,0.2222222222222222
36,8,0.11851851851851852
36,8,0.10810810810810811
36,8,0.12030075187969924
36,8,0.11594202898550725
36,8,0.13008130081300814
36,8,0.14814814814814814
36,8,0.16666666666666666
36,8,0.19047619047619047
36,8,0.11188811188811189
36,8,0.19753086419753085
36,8,0.1797752808988764
36,8,0.14678899082568808
36,8,0.12403100775193798
36,8,0.0963855421686747
36,8,0.10738255033557047
36,8,0.11851851851851852
36,8,0.15384615384615385
36,8,0.18181818181818182
36,8,0.13114754098360656
36,8,0.16494845360824742
36,8,0.12903225806451613
36,8,0.14545454545454545
36,8,0.14545454545454545
36,8,0.09523809523809523
36,8,0.14414414414414414
36,8,0.17777777777777778
36,8,0.1553398058252427
36,8,0.18181818181818182
36,8,0.14285714285714285
36,8,0.17777777777777778
36,8,0.15384615384615385
36,8,0.1927710843373494
36,8,0.21621621621621623
36,8,0.2909090909090909
36,8,0.14545454545454545
36,8,0.17582417582417584
36,8,0.17777777777777778
36,8,0.1322314049586777
36,8,0.23880597014925373
36,8,0.16
36,8,0.1927710843373494
36,8,0.1
36,8,0.1509433962264151
36,8,0.1322314049586777
36,8,0.22535211267605634
36,8,0.2318840579710145
36,8,0.17204301075268819
36,8,0.14545454545454545
36,8,0.1509433962264151
36,8,0.17391304347826086
36,8,0.18823529411764706
36,8,0.18181818181818182
36,8,0.15841584158415842
36,8,0.18181818181818182
36,8,0.14814814814814814
36,8,0.12698412698412698
36,8,0.12121212121212122
36,8,0.13445378151260504
36,8,0.21621621621621623
36,8,0.20512820512820512
36,8,0.1568627450980392
36,8,0.1553398058252427
36,8,0.2
36,8,0.13675213675213677
36,8,0.2222222222222222
36,8,0.11594202898550725
36,8,0.10191082802547771
36,8,0.17582417582417584
36,8,0.14035087719298245
36,8,0.0935672514619883
36,8,0.25
36,8,0.1509433962264151
36,8,0.21052631578947367
36,8,0.17391304347826086
36,8,0.128
36,8,0.18604651162790697
36,8,0.1927710843373494
36,8,0.16842105263157894
36,8,0.14678899082568808
36,8,0.20253164556962025
36,8,0.1797752808988764
36,8,0.13008130081300814
36,8,0.16666666666666666
36,8,0.14414414414414414
36,8,0.15384615384615385
36,8,0.11678832116788321
36,8,0.16326530612244897
36,8,0.1095890410958904
36,8,0.1415929203539823
36,8,0.14285714285714285
36,8,0.18823529411764706
36,8,0.11510791366906475
36,8,0.14814814814814814
36,8,0.0935672514619883
36,8,0.14953271028037382
36,8,0.2077922077922078
36,8,0.27586206896551724
36,8,0.1951219512195122
36,8,0.10738255033557047
36,8,0.13675213675213677
36,8,0.1038961038961039
36,8,0.16
36,8,0.1103448275862069
36,8,0.12698412698412698
36,8,0.14953271028037382
36,8,0.1523809523809524
36,8,0.20512820512820512
36,8,0.15841584158415842
36,8,0.09876543209876543
36,8,0.24242424242424243
36,8,0.16161616161616163
36,8,0.08743169398907104
36,8,0.16
36,8,0.21621621621621623
36,8,0.16326530612244897
36,8,0.125
36,8,0.14285714285714285
36,8,0.16326530612244897
36,8,0.1797752808988764
36,8,0.10738255033557047
36,8,0.18823529411764706
36,8,0.13445378151260504
36,8,0.2
36,8,0.18604651162790697
36,8,0.11347517730496454
36,8,0.13445378151260504
36,8,0.14414414414414414
36,8,0.1927710843373494
36,8,0.1839080459770115
36,8,0.16
36,8,0.22535211267605634
36,8,0.16
36,8,0.14953271028037382
36,8,0.16
36,8,0.1523809523809524
36,8,0.10062893081761007
36,8,0.11347517730496454
36,8,0.17582417582417584
36,8,0.1839080459770115
36,8,0.18823529411764706
36,8,0.125
36,8,0.14953271028037382
36,8,0.11428571428571428
36,8,0.17582417582417584
36,8,0.1702127659574468
36,8,0.18604651162790697
36,8,0.125
36,8,0.1509433962264151
36,8,0.2
36,8,0.16326530612244897
36,8,0.11851851851851852
36,8,0.17777777777777778
36,8,0.14678899082568808
36,8,0.1927710843373494
36,8,0.26666666666666666
36,8,0.12903225806451613
36,8,0.13675213675213677
36,8,0.24242424242424243
36,8,0.1322314049586777
36,8,0.12030075187969924
36,8,0.16
36,8,0.11678832116788321
36,8,0.12403100775193798
36,8,0.14545454545454545
36,8,0.12598425196850394
36,8,0.16161616161616163
36,8,0.13675213675213677
36,8,0.11594202898550725
36,8,0.1927710843373494
36,8,0.13333333333333333
36,8,0.125
36,8,0.08695652173913043
36,8,0.11267605633802817
36,8,0.1553398058252427
36,8,0.12403100775193798
36,8,0.20253164556962025
36,8,0.1568627450980392
36,8,0.1038961038961039
36,8,0.18181818181818182
36,8,0.11510791366906475
36,8,0.1927710843373494
36,8,0.10884353741496598
36,8,0.12698412698412698
36,8,0.13445378151260504
36,8,0.11851851851851852
36,8,0.1509433962264151
36,8,0.18604651162790697
36,8,0.11594202898550725
36,8,0.1797752808988764
36,8,0.20512820512820512
36,8,0.13793103448275862
36,8,0.14953271028037382
36,8,0.1523809523809524
36,8,0.16326530612244897
36,8,0.11347517730496454
36,8,0.09195402298850575
36,8,0.17777777777777778
36,8,0.14678899082568808
36,8,0.15841584158415842
36,8,0.2077922077922078
36,8,0.1038961038961039
36,8,0.10126582278481013
36,8,0.17777777777777778
36,8,0.15384615384615385
36,8,0.16666666666666666
36,8,0.16494845360824742
36,8,0.11940298507462686
36,8,0.15384615384615385
36,8,0.1391304347826087
36,8,0.14285714285714285
36,8,0.14678899082568808
36,8,0.1103448275862069
36,8,0.09302325581395349
36,8,0.09696969696969697
36,8,0.16842105263157894
36,8,0.14035087719298245
36,8,0.13793103448275862
36,8,0.25
36,8,0.14414414414414414
36,8,0.1523809523809524
36,8,0.13675213675213677
36,8,0.12403100775193798
36,8,0.11267605633802817
36,8,0.1927710843373494
36,8,0.14545454545454545
36,8,0.16842105263157894
36,8,0.09411764705882353
36,8,0.09248554913294797
36,8,0.13114754098360656
36,8,0.14545454545454545
36,8,0.1322314049586777
36,8,0.1927710843373494
36,8,0.11267605633802817
36,8,0.1523809523809524
36,8,0.13333333333333333
36,8,0.12598425196850394
36,8,0.2191780821917808
36,8,0.15384615384615385
36,8,0.13333333333333333
36,8,0.16161616161616163
36,8,0.26229508196721313
36,8,0.11428571428571428
36,8,0.128
36,8,0.1568627450980392
36,8,0.2
36,8,0.10526315789473684
36,8,0.14678899082568808
36,8,0.14545454545454545
36,8,0.10526315789473684
36,8,0.14035087719298245
36,8,0.16842105263157894
36,8,0.14678899082568808
36,8,0.11851851851851852
36,8,0.14035087719298245
36,8,0.15384615384615385
36,8,0.12030075187969924
36,8,0.1391304347826087
36,8,0.16494845360824742
36,8,0.1509433962264151
36,8,0.17777777777777778
36,8,0.2222222222222222
45,10,0.01040988939492518
45,10,0.009575104727707959
45,10,0.00815910249872514
45,10,0.006983849847228284
45,10,0.007197480881691408
45,10,0.009417304296645085
45,10,0.012976480129764802
45,10,0.008592910848549946
45,10,0.00624512099921936
45,10,0.3076923076923077
45,10,0.16326530612244897
45,10,0.20253164556962025
45,10,0.23529411764705882
45,10,0.25396825396825395
45,10,0.2
45,10,0.14414414414414414
45,10,0.17777777777777778
45,10,0.1415929203539823
45,10,0.16666666666666666
45,10,0.009389671361502348
45,10,0.00842548709847288
45,10,0.26229508196721313
45,10,0.16326530612244897
45,10,0.007239819004524887
45,10,0.006864006864006864
45,10,0.010262989095574085
45,10,0.007565011820330969
45,10,0.007681228996639462
45,10,0.009864364981504316
45,10,0.24242424242424243
45,10,0.21333333333333335
45,10,0.24242424242424243
45,10,0.005687877710629221
45,10,0.00857449088960343
45,10,0.20512820512820512
45,10,0.2
45,10,0.16326530612244897
45,10,0.12903225806451613
45,10,0.13445378151260504
45,10,0.00611387084447841
45,10,0.011034482758620689
45,10,0.006658343736995423
45,10,0.011118832522585128
45,10,0.00603090840557859
45,10,0.006254886630179828
45,10,0.007269422989550204
45,10,0.007114273010226767
45,10,0.005862953462806889
45,10,0.1839080459770115
45,10,0.11678832116788321
45,10,0.18181818181818182
45,10,0.21052631578947367
45,10,0.0085515766969535
45,10,0.1038961038961039
45,10,0.20253164556962025
45,10,0.2077922077922078
45,10,0.0060721062618595825
45,10,0.17582417582417584
45,10,0.006911447084233261
45,10,0.009925558312655087
45,10,0.0060082613593691325
45,10,0.007964161274265804
45,10,0.2222222222222222
45,10,0.13445378151260504
45,10,0.1927710843373494
45,10,0.1927710843373494
45,10,0.0055058499655884375
45,10,0.007673860911270983
45,10,0.007089056269384138
45,10,0.14678899082568808
45,10,0.14035087719298245
45,10,0.008898776418242492
45,10,0.004847016055740685
45,10,0.125
45,10,0.1702127659574468
45,10,0.008008008008008008
45,10,0.019777503090234856
45,10,0.012965964343598054
45,10,0.006592501030078286
45,10,0.009362200117027502
45,10,0.006597938144329897
45,10,0.009714632665452338
45,10,0.011412268188302425
45,10,0.0049382716049382715
45,10,0.00706401766004415
45,10,0.2222222222222222
45,10,0.14678899082568808
45,10,0.1839080459770115
45,10,0.19047619047619047
45,10,0.09876543209876543
45,10,0.008859357696566999
45,10,0.1509433962264151
45,10,0.0045480386583285955
45,10,0.007692307692307693
45,10,0.00866738894907909
45,10,0.008056394763343404
45,10,0.1797752808988764
45,10,0.2077922077922078
45,10,0.21333333333333335
45,10,0.17582417582417584
45,10,0.16666666666666666
45,10,0.25806451612903225
45,10,0.009621166566446182
45,10,0.006739679865206402
45,10,0.007615421227986673
45,10,0.006980802792321117
45,10,0.005196492367651835
45,10,0.005268356931182087
45,10,0.006354249404289118
45,10,0.006366892160764027
45,10,0.005259697567389875
45,10,0.2
45,10,0.25396825396825395
45,10,0.09195402298850575
45,10,0.17391304347826086
45,10,0.008028098344204716
45,10,0.010731052984574111
45,10,0.00667779632721202
45,10,0.18181818181818182
45,10,0.14414414414414414
45,10,0.3333333333333333
45,10,0.18181818181818182
45,10,0.0078125
45,10,0.006392329204954055
45,10,0.006026365348399247
45,10,0.011420413990007138
45,10,0.008616047388260635
45,10,0.20253164556962025
45,10,0.14285714285714285
45,10,0.12403100775193798
45,10,0.005171299288946348
45,10,0.18604651162790697
45,10,0.2222222222222222
45,10,0.23529411764705882
45,10,0.00883489784649365
45,10,0.2191780821917808
45,10,0.00887409872434831
45,10,0.1322314049586777
45,10,0.005936920222634508
45,10,0.008805723720418272
45,10,0.007547169811320755
45,10,0.23529411764705882
45,10,0.19047619047619047
45,10,0.009797917942437232
45,10,0.008438818565400843
45,10,0.23529411764705882
45,10,0.14814814814814814
45,10,0.007770762506070908
45,10,0.006102212051868803
45,10,0.16842105263157894
45,10,0.0067882901994060245
45,10,0.10738255033557047
45,10,0.006377042646472699
45,10,0.00887409872434831
45,10,0.21333333333333335
45,10,0.10457516339869281
45,10,0.009195402298850575
45,10,0.008533333333333334
45,10,0.006482982171799027
45,10,0.010403120936280884
45,10,0.006875805758487323
45,10,0.20512820512820512
45,10,0.16326530612244897
45,10,0.006705783738474434
45,10,0.15841584158415842
45,10,0.2077922077922078
45,10,0.013411567476948869
45,10,0.11594202898550725
45,10,0.21333333333333335
45,10,0.00903954802259887
45,10,0.007633587786259542
45,10,0.0077034183919114105
45,10,0.007466168922071862
45,10,0.011825572801182557
45,10,0.02091503267973856
45,10,0.007319304666056725
45,10,0.007518796992481203
45,10,0.00706090026478376
45,10,0.005394470667565745
45,10,0.007866273352999017
45,10,0.006971677559912854
45,10,0.14414414414414414
45,10,0.16842105263157894
45,10,0.20253164556962025
45,10,0.16842105263157894
45,10,0.01177336276674025
45,10,0.0049382716049382715
45,10,0.006146753745678064
45,10,0.23529411764705882
45,10,0.18823529411764706
45,10,0.2191780821917808
45,10,0.21052631578947367
45,10,0.18823529411764706
45,10,0.006825938566552901
45,10,0.17391304347826086
45,10,0.009518143961927425
45,10,0.010012515644555695
45,10,0.006488240064882401
45,10,0.20512820512820512
45,10,0.2222222222222222
45,10,0.006843455945252352
45,10,0.009876543209876543
45,10,0.18181818181818182
45,10,0.0069868995633187774
45,10,0.23880597014925373
45,10,0.007054673721340388
45,10,0.004501969611705121
45,10,0.0064672594987873885
45,10,0.006776789495976281
45,10,0.006289308176100629
45,10,0.004996876951905059
45,10,0.2191780821917808
45,10,0.24242424242424243
45,10,0.006828851899274435
45,10,0.1553398058252427
45,10,0.007272727272727273
45,10,0.37209302325581395
45,10,0.008461131676361713
45,10,0.013114754098360656
45,10,0.009615384615384616
45,10,0.2318840579710145
45,10,0.15384615384615385
45,10,0.1797752808988764
45,10,0.16161616161616163
45,10,0.012364760432766615
45,10,0.2962962962962963
45,10,0.16
45,10,0.006771053745239103
45,10,0.22535211267605634
45,10,0.14414414414414414
45,10,0.007655502392344498
45,10,0.007349563619660083
45,10,0.003969238402381543
45,10,0.0074142724745134385
45,10,0.19047619047619047
45,10,0.006541291905151268
45,10,0.007854688267059401
45,10,0.18181818181818182
45,10,0.006576243321002877
45,10,0.006361829025844931
45,10,0.1927710843373494
45,10,0.1702127659574468
45,10,0.2711864406779661
45,10,0.17582417582417584
45,10,0.18604651162790697
45,10,0.14545454545454545
45,10,0.14678899082568808
45,10,0.19753086419753085
45,10,0.006765327695560253
45,10,0.007397133610725843
45,10,0.008602150537634409
45,10,0.0076045627376425855
45,10,0.006825938566552901
45,10,0.006291781360597719
45,10,0.0065040650406504065
45,10,0.007026789635485288
45,10,0.16
45,10,0.20253164556962025
45,10,0.17582417582417584
45,10,0.1509433962264151
45,10,0.0064803564196030785
45,10,0.2222222222222222
45,10,0.18604651162790697
45,10,0.006179992275009656
45,10,0.008629989212513484
45,10,0.011913626209977662
45,10,0.13793103448275862
45,10,0.13008130081300814
45,10,0.20512820512820512
45,10,0.2857142857142857
45,10,0.012728719172633254
45,10,0.008488063660477453
45,10,0.007640878701050621
45,10,0.011379800853485065
45,10,0.006053726825576996
45,10,0.00810126582278481
45,10,0.2
45,10,0.21621621621621623
45,10,0.23529411764705882
45,10,0.3018867924528302
45,10,0.16
45,10,0.14678899082568808
45,10,0.14678899082568808
45,10,0.005485087418580734
45,10,0.1568627450980392
45,10,0.006142034548944338
45,10,0.010355987055016181
45,10,0.005788712011577424
45,10,0.007434944237918215
45,10,0.0062329567588624854
45,10,0.007547169811320755
45,10,0.1797752808988764
45,10,0.17391304347826086
45,10,0.17204301075268819
45,10,0.1927710843373494
45,10,0.006669445602334306
45,10,0.25396825396825395
45,10,0.16842105263157894
45,10,0.006617038875103391
45,10,0.0071910112359550565
45,10,0.00798004987531172
45,10,0.22535211267605634
45,10,0.2222222222222222
45,10,0.00877674163466813
45,10,0.1951219512195122
45,10,0.005460750853242321
45,10,0.16666666666666666
45,10,0.2318840579710145
45,10,0.009205983889528193
45,10,0.10126582278481013
45,10,0.0088008800880088
45,10,0.0041109969167523125
45,10,0.11510791366906475
45,10,0.15841584158415842
45,10,0.011299435028248588
45,10,0.19753086419753085
45,10,0.16494845360824742
45,10,0.25
45,10,0.006785411365564037
45,10,0.1095890410958904
45,10,0.13675213675213677
45,10,0.18181818181818182
45,10,0.24242424242424243
45,10,0.1391304347826087
45,10,0.2
45,10,0.14953271028037382
45,10,0.24242424242424243
45,10,0.12213740458015267
45,10,0.005237315875613748
45,10,0.007434944237918215
45,10,0.009291521486643438
45,10,0.18181818181818182
45,10,0.26666666666666666
45,10,0.14545454545454545
45,10,0.2318840579710145
45,10,0.16161616161616163
45,10,0.23880597014925373
45,10,0.005215123859191656
45,10,0.00631911532385466
45,10,0.2318840579710145
45,10,0.2
45,10,0.1951219512195122
45,10,0.18181818181818182
45,10,0.1927710843373494
45,10,0.16842105263157894
45,10,0.1797752808988764
45,10,0.1839080459770115
45,10,0.14285714285714285
45,10,0.23880597014925373
45,10,0.21333333333333335
45,10,0.18604651162790697
45,10,0.1322314049586777
45,10,0.18181818181818182
45,10,0.2077922077922078
45,10,0.1702127659574468
45,10,0.22857142857142856
45,10,0.26666666666666666
45,10,0.16161616161616163
45,10,0.1702127659574468
45,10,0.15384615384615385
45,10,0.15841584158415842
45,10,0.25
45,10,0.1523809523809524
45,10,0.21052631578947367
45,10,0.2318840579710145
45,10,0.16842105263157894
45,10,0.009598080383923215
45,10,0.19753086419753085
45,10,0.2
45,10,0.18823529411764706
45,10,0.007579346281383231
45,10,0.16666666666666666
45,10,0.009264620729588882
45,10,0.008281573498964804
45,10,0.1553398058252427
45,10,0.27586206896551724
45,10,0.18181818181818182
45,10,0.24615384615384617
45,10,0.1523809523809524
45,10,0.17204301075268819
45,10,0.20253164556962025
45,10,0.2191780821917808
45,10,0.1553398058252427
45,10,0.128
45,10,0.2077922077922078
45,10,0.00684931506849315
45,10,0.007114273010226767
45,10,0.23880597014925373
45,10,0.00963275135460566
45,10,0.005767844268204758
45,10,0.14814814814814814
45,10,0.14414414414414414
45,10,0.18181818181818182
45,10,0.14545454545454545
45,10,0.18604651162790697
45,10,0.21621621621621623
45,10,0.006796941376380629
45,10,0.18181818181818182
45,10,0.005431093007467753
45,10,0.1523809523809524
45,10,0.0038186157517899762
45,10,0.1523809523809524
45,10,0.18181818181818182
45,10,0.13793103448275862
45,10,0.006482982171799027
45,10,0.17391304347826086
45,10,0.18604651162790697
45,10,0.011396011396011397
45,10,0.012298232129131437
45,10,0.12213740458015267
45,10,0.1702127659574468
45,10,0.1702127659574468
45,10,0.006831767719897523
45,10,0.1927710843373494
45,10,0.006111535523300229
45,10,0.15384615384615385
45,10,0.2
45,10,0.19047619047619047
45,10,0.17391304347826086
45,10,0.16842105263157894
45,10,0.1553398058252427
45,10,0.14953271028037382
45,10,0.0077034183919114105
45,10,0.13114754098360656
45,10,0.25396825396825395
45,10,0.1927710843373494
45,10,0.2191780821917808
45,10,0.007039155301363837
45,10,0.019184652278177457
45,10,0.007729468599033816
45,10,0.019753086419753086
45,10,0.005702066999287242
45,10,0.006956521739130435
45,10,0.0068995256576110395
45,10,0.007079646017699115
45,10,0.006130268199233717
45,10,0.010145846544071021
45,10,0.007476635514018692
45,10,0.16161616161616163
45,10,0.20253164556962025
45,10,0.17391304347826086
45,10,0.004554511813265016
45,10,0.18823529411764706
45,10,0.1797752808988764
45,10,0.1927710843373494
45,10,0.19047619047619047
45,10,0.008407777193904361
45,10,0.008998875140607425
45,10,0.16842105263157894
45,10,0.007107952021323856
45,10,0.008447729672650475
45,10,0.010759919300605245
45,10,0.008290155440414507
45,10,0.007424593967517401
45,10,0.010899182561307902
45,10,0.010774410774410775
45,10,0.006331618519984171
45,10,0.0062622309197651665
45,10,0.0049597024178549285
45,10,0.008653326122228232
45,10,0.20253164556962025
45,10,0.13114754098360656
45,10,0.11267605633802817
45,10,0.1927710843373494
45,10,0.00600375234521576
45,10,0.1839080459770115
45,10,0.17777777777777778
45,10,0.006035458317615994
45,10,0.0073937153419593345
45,10,0.008285862247540134
45,10,0.17204301075268819
45,10,0.19047619047619047
45,10,0.1523809523809524
45,10,0.21621621621621623
45,10,0.006346687822292741
45,10,0.17391304347826086
45,10,0.009495548961424332
45,10,0.009060022650056626
45,10,0.14545454545454545
45,10,0.006811409110259685
45,10,0.01021059349074665
45,10,0.1927710843373494
45,10,0.25
45,10,0.009615384615384616
45,10,0.005788712011577424
45,10,0.00729594163246694
45,10,0.17391304347826086
45,10,0.006366892160764027
45,10,0.15384615384615385
45,10,0.009024252679075015
45,10,0.007329363261566651
45,10,0.005934718100890208
45,10,0.007920792079207921
45,10,0.006083650190114068
45,10,0.1568627450980392
45,10,0.2222222222222222
45,10,0.15384615384615385
45,10,0.006971677559912854
45,10,0.1568627450980392
45,10,0.18181818181818182
45,10,0.22857142857142856
45,10,0.26229508196721313
45,10,0.14678899082568808
45,10,0.0078010726474890294
45,10,0.007029876977152899
45,10,0.007547169811320755
45,10,0.008648648648648649
45,10,0.005455165359699966
45,10,0.25
45,10,0.14285714285714285
45,10,0.008064516129032258
45,10,0.20512820512820512
45,10,0.008008008008008008
45,10,0.14285714285714285
45,10,0.006782534972445952
45,10,0.005285761480013214
45,10,0.1322314049586777
45,10,0.2191780821917808
45,10,0.007366482504604052
45,10,0.011602610587382161
45,10,0.24615384615384617
45,10,0.1553398058252427
45,10,0.17582417582417584
45,10,0.18181818181818182
45,10,0.006926406926406926
45,10,0.00672834314550042
45,10,0.009876543209876543
45,10,0.25806451612903225
45,10,0.005862953462806889
45,10,0.23880597014925373
45,10,0.008273009307135471
45,10,0.19753086419753085
45,10,0.19753086419753085
45,10,0.008993816750983699
45,10,0.13008130081300814
45,10,0.009080590238365494
45,10,0.22857142857142856
45,10,0.005275304978569074
45,10,0.006751054852320675
45,10,0.11347517730496454
45,10,0.26229508196721313
45,10,0.22857142857142856
45,10,0.25806451612903225
45,10,0.005997001499250375
45,10,0.004923076923076923
45,10,0.011315417256011316
45,10,0.0058758721997796545
45,10,0.008978675645342313
45,10,0.011379800853485065
45,10,0.006776789495976281
45,10,0.19047619047619047
45,10,0.17777777777777778
45,10,0.3076923076923077
45,10,0.24242424242424243
45,10,0.008117706747843734
45,10,0.0070577856197618
45,10,0.006374501992031873
45,10,0.00595459620394492
45,10,0.3404255319148936
45,10,0.1951219512195122
45,10,0.008260196179659268
45,10,0.13793103448275862
45,10,0.16494845360824742
45,10,0.005161290322580645
45,10,0.009065155807365438
45,10,0.00709849157054126
45,10,0.008390141583639224
45,10,0.16326530612244897
45,10,0.17204301075268819
45,10,0.17391304347826086
45,10,0.16666666666666666
45,10,0.13675213675213677
45,10,0.0064856100526955816
45,10,0.14953271028037382
45,10,0.005538248528902735
45,10,0.1839080459770115
45,10,0.17204301075268819
45,10,0.004430905566325118
45,10,0.006397441023590564
45,10,0.25
45,10,0.008068582955118508
45,10,0.006595218466611707
45,10,0.007363092498849517
45,10,0.008762322015334063
45,10,0.13793103448275862
45,10,0.005659709939865582
45,10,0.1927710843373494
45,10,0.0064856100526955816
45,10,0.2962962962962963
45,10,0.16326530612244897
45,10,0.26229508196721313
45,10,0.008217770929635337
45,10,0.009791921664626682
45,10,0.16494845360824742
45,10,0.16
45,10,0.006423123243677238
45,10,0.006158583525789068
45,10,0.011661807580174927
45,10,0.009291521486643438
45,10,0.006264682850430697
45,10,0.16666666666666666
45,10,0.25
45,10,0.005198180636777128
45,10,0.005908419497784343
45,10,0.22535211267605634
45,10,0.16161616161616163
45,10,0.2711864406779661
45,10,0.15841584158415842
45,10,0.2
45,10,0.14285714285714285
45,10,0.010025062656641603
45,10,0.007877892663712457
45,10,0.009163802978235968
45,10,0.006872852233676976
45,10,0.007269422989550204
45,10,0.010230179028132993
45,10,0.21333333333333335
45,10,0.26229508196721313
45,10,0.13445378151260504
45,10,0.19047619047619047
45,10,0.125
45,10,0.008121827411167513
45,10,0.007036059806508356
45,10,0.3018867924528302
45,10,0.004347826086956522
45,10,0.2909090909090909
45,10,0.1509433962264151
45,10,0.2
45,10,0.008416622830089426
45,10,0.007593735168485999
45,10,0.2
45,10,0.0054255679891488644
45,10,0.012529365700861394
45,10,0.14678899082568808
45,10,0.007644529383659818
45,10,0.008658008658008658
45,10,0.17777777777777778
45,10,0.13114754098360656
45,10,0.17204301075268819
45,10,0.2
45,10,0.12213740458015267
45,10,0.009221902017291067
45,10,0.006589785831960461
45,10,0.19047619047619047
45,10,0.14035087719298245
45,10,0.1523809523809524
45,10,0.2318840579710145
45,10,0.008277289187790998
45,10,0.007403979639055993
45,10,0.21052631578947367
45,10,0.15384615384615385
45,10,0.008056394763343404
45,10,0.14953271028037382
45,10,0.2807017543859649
45,10,0.18181818181818182
45,10,0.1553398058252427
45,10,0.20253164556962025
45,10,0.16494845360824742
45,10,0.14285714285714285
45,10,0.012578616352201259
45,10,0.006717044500419815
45,10,0.17777777777777778
45,10,0.12698412698412698
45,10,0.006344171292624901
45,10,0.006449012494961709
45,10,0.26666666666666666
45,10,0.1702127659574468
45,10,0.14953271028037382
45,10,0.26666666666666666
45,10,0.18181818181818182
45,10,0.010243277848911651
45,10,0.1702127659574468
45,10,0.008298755186721992
45,10,0.16
45,10,0.008978675645342313
45,10,0.1322314049586777
45,10,0.2
45,10,0.21333333333333335
45,10,0.13559322033898305
45,10,0.15841584158415842
45,10,0.1839080459770115
45,10,0.2318840579710145
45,10,0.21052631578947367
45,10,0.1702127659574468
45,10,0.17391304347826086
45,10,0.0063066614111154905
45,10,0.14545454545454545
45,10,0.16326530612244897
45,10,0.008056394763343404
45,10,0.25806451612903225
45,10,0.010113780025284451
45,10,0.11594202898550725
45,10,0.15841584158415842
45,10,0.11594202898550725
45,10,0.009211283822682787
45,10,0.26229508196721313
45,10,0.16494845360824742
45,10,0.0070859167404783
45,10,0.009702850212249849
45,10,0.0060767185719711354
45,10,0.006438631790744467
45,10,0.00522875816993464
45,10,0.007249660172179429
45,10,0.008796041781198461
45,10,0.01845444059976932
45,10,0.008714596949891068
45,10,0.2077922077922078
45,10,0.24615384615384617
45,10,0.17391304347826086
45,10,0.005111821086261981
45,10,0.23529411764705882
45,10,0.16842105263157894
45,10,0.16161616161616163
45,10,0.011808118081180811
45,10,0.006869901245169601
45,10,0.0073563218390804595
45,10,0.008109477952356817
45,10,0.16326530612244897
45,10,0.1509433962264151
45,10,0.2318840579710145
45,10,0.00433721875847113
45,10,0.21333333333333335
45,10,0.007107952021323856
45,10,0.1523809523809524
45,10,0.0073937153419593345
45,10,0.0091324200913242
45,10,0.0075046904315197
45,10,0.007073386383731211
45,10,0.16494845360824742
45,10,0.20512820512820512
45,10,0.009318578916715201
45,10,0.2
45,10,0.005416384563303994
45,10,0.21052631578947367
45,10,0.005880191106210952
45,10,0.2222222222222222
45,10,0.005983545250560957
45,10,0.007808687164470474
45,10,0.005447735784814436
45,10,0.008188331627430911
45,10,0.005990265818045676
45,10,0.005706134094151213
45,10,0.007508212106992022
45,10,0.005712245626561942
45,10,0.1032258064516129
45,10,0.16842105263157894
45,10,0.006254886630179828
45,10,0.11851851851851852
45,10,0.0079247152055473
45,10,0.00658165364047717
45,10,0.22535211267605634
45,10,0.006658343736995423
45,10,0.007386888273314866
45,10,0.005133140840551813
45,10,0.0050729232720355105
45,10,0.10884353741496598
45,10,0.25
45,10,0.009797917942437232
45,10,0.1702127659574468
45,10,0.13114754098360656
45,10,0.1702127659574468
45,10,0.21052631578947367
45,10,0.15841584158415842
45,10,0.0062063615205585725
45,10,0.008639308855291577
45,10,0.009650180940892641
45,10,0.006359300476947536
45,10,0.008839779005524863
45,10,0.14814814814814814
45,10,0.1553398058252427
45,10,0.008963585434173669
45,10,0.007744433688286544
45,10,0.1322314049586777
45,10,0.006407689227072487
45,10,0.007152436298614216
45,10,0.20253164556962025
45,10,0.16161616161616163
45,10,0.17204301075268819
45,10,0.2191780821917808
45,10,0.004667444574095682
45,10,0.17582417582417584
45,10,0.22535211267605634
45,10,0.010610079575596816
45,10,0.007410838351088467
45,10,0.006652806652806653
45,10,0.009495548961424332
45,10,0.005356545028456646
45,10,0.1951219512195122
45,10,0.0056002800140007
45,10,0.16666666666666666
45,10,0.007397133610725843
45,10,0.2711864406779661
45,10,0.24615384615384617
45,10,0.16494845360824742
45,10,0.25
45,10,0.005511539786427834
45,10,0.006719865602687947
45,10,0.22535211267605634
45,10,0.006346687822292741
45,10,0.2318840579710145
45,10,0.22535211267605634
45,10,0.21621621621621623
45,10,0.008188331627430911
45,10,0.006028636021100226
45,10,0.12598425196850394
45,10,0.007020623080298377
45,10,0.006158583525789068
45,10,0.006650041562759767
45,10,0.21621621621621623
45,10,0.14285714285714285
45,10,0.15384615384615385
45,10,0.014953271028037384
45,10,0.12698412698412698
45,10,0.00645682001614205
45,10,0.2077922077922078
45,10,0.0058953574060427415
45,10,0.009044657998869417
45,10,0.007540056550424128
45,10,0.008839779005524863
45,10,0.14035087719298245
45,10,0.20253164556962025
45,10,0.16494845360824742
45,10,0.23529411764705882
45,10,0.12598425196850394
45,10,0.18181818181818182
45,10,0.0064282844515869825
45,10,0.007410838351088467
45,10,0.007045354469396741
45,10,0.11510791366906475
45,10,0.006773920406435224
45,10,0.19047619047619047
45,10,0.22857142857142856
45,10,0.008290155440414507
45,10,0.0061823802163833074
45,10,0.14678899082568808
45,10,0.0054869684499314125
45,10,0.26229508196721313
45,10,0.1839080459770115
45,10,0.010645375914836993
45,10,0.19753086419753085
45,10,0.2857142857142857
45,10,0.19753086419753085
45,10,0.009070294784580499
45,10,0.17391304347826086
45,10,0.008738394320043691
45,10,0.17204301075268819
45,10,0.25396825396825395
45,10,0.00837257980115123
45,10,0.18823529411764706
45,10,0.2191780821917808
45,10,0.18604651162790697
45,10,0.15841584158415842
45,10,0.18181818181818182
45,10,0.20253164556962025
45,10,0.005455165359699966
45,10,0.2807017543859649
45,10,0.16326530612244897
45,10,0.17204301075268819
45,10,0.17204301075268819
45,10,0.2
45,10,0.2318840579710145
45,10,0.007729468599033816
45,10,0.0071588366890380315
45,10,0.1523809523809524
45,10,0.006046863189720333
45,10,0.12121212121212122
45,10,0.005379959650302623
45,10,0.2191780821917808
45,10,0.008188331627430911
45,10,0.14953271028037382
45,10,0.17204301075268819
45,10,0.00706090026478376
45,10,0.14678899082568808
45,10,0.1702127659574468
45,10,0.14545454545454545
45,10,0.16161616161616163
45,10,0.008056394763343404
45,10,0.008606777837547068
45,10,0.13445378151260504
45,10,0.23880597014925373
45,10,0.007547169811320755
45,10,0.16161616161616163
45,10,0.16
45,10,0.1523809523809524
45,10,0.20253164556962025
45,10,0.1951219512195122
45,10,0.007407407407407408
45,10,0.22535211267605634
45,10,0.2909090909090909
45,10,0.009586578789694428
45,10,0.008273009307135471
45,10,0.16
45,10,0.21333333333333335
45,10,0.006557377049180328
45,10,0.006146753745678064
45,10,0.19753086419753085
45,10,0.21621621621621623
45,10,0.011379800853485065
45,10,0.007352941176470588
45,10,0.0053226879574184965
45,10,0.13114754098360656
45,10,0.18604651162790697
45,10,0.00512656199935918
45,10,0.005427408412483039
45,10,0.00642570281124498
45,10,0.14545454545454545
45,10,0.0069899519440803845
45,10,0.2222222222222222
45,10,0.008217770929635337
45,10,0.0045121263395375075
45,10,0.009809932556713672
45,10,0.12598425196850394
45,10,0.007659167065581618
45,10,0.15841584158415842
45,10,0.004912496162112374
45,10,0.008597528210639442
45,10,0.17391304347826086
45,10,0.18181818181818182
45,10,0.006914433880726016
45,10,0.009714632665452338
45,10,0.19047619047619047
45,10,0.006361829025844931
45,10,0.24242424242424243
45,10,0.009216589861751152
45,10,0.2191780821917808
45,10,0.16842105263157894
45,10,0.0074314909428704135
45,10,0.01
45,10,0.007960199004975124
45,10,0.008844665561083471
45,10,0.18604651162790697
45,10,0.11428571428571428
45,10,0.010256410256410256
45,10,0.1951219512195122
45,10,0.007778317938745746
45,10,0.22535211267605634
45,10,0.007897334649555774
45,10,0.2711864406779661
45,10,0.008117706747843734
45,10,0.0054017555705604325
45,10,0.25
45,10,0.0103026400515132
45,10,0.17391304347826086
45,10,0.005544005544005544
45,10,0.17777777777777778
45,10,0.24615384615384617
45,10,0.24242424242424243
45,10,0.011704462326261888
45,10,0.005961251862891207
45,10,0.011042097998619738
45,10,0.20512820512820512
45,10,0.17391304347826086
45,10,0.14035087719298245
45,10,0.007459207459207459
45,10,0.006923409779316313
45,10,0.17582417582417584
45,10,0.007445323406235459
45,10,0.20253164556962025
45,10,0.16326530612244897
45,10,0.17582417582417584
45,10,0.16666666666666666
45,10,0.21621621621621623
45,10,0.1553398058252427
45,10,0.17777777777777778
45,10,0.01067378252168112
45,10,0.005235602094240838
45,10,0.20253164556962025
45,10,0.1797752808988764
45,10,0.0064
45,10,0.14678899082568808
45,10,0.16326530612244897
45,10,0.22857142857142856
45,10,0.1568627450980392
45,10,0.1702127659574468
45,10,0.006541291905151268
45,10,0.1553398058252427
45,10,0.010638297872340425
45,10,0.12403100775193798
45,10,0.14545454545454545
45,10,0.00657354149548069
45,10,0.017075773745997867
45,10,0.16326530612244897
45,10,0.007282658170232135
45,10,0.007045354469396741
45,10,0.006281900274833137
45,10,0.011339475549255847
45,10,0.004600345025876941
45,10,0.2
45,10,0.14678899082568808
45,10,0.0087527352297593
45,10,0.010396361273554255
45,10,0.13333333333333333
45,10,0.0081799591002045
45,10,0.00987045033929673
45,10,0.19753086419753085
45,10,0.007736943907156673
45,10,0.12903225806451613
45,10,0.17777777777777778
45,10,0.011396011396011397
45,10,0.2
45,10,0.006053726825576996
45,10,0.2222222222222222
45,10,0.010262989095574085
45,10,0.009962640099626401
45,10,0.13793103448275862
45,10,0.014558689717925387
45,10,0.006359300476947536
45,10,0.19047619047619047
45,10,0.008307372793354102
45,10,0.22535211267605634
45,10,0.00910643141718839
45,10,0.1797752808988764
45,10,0.004892966360856269
45,10,0.005326231691078562
45,10,0.20253164556962025
45,10,0.00912721049629207
45,10,0.005466347796378545
45,10,0.18181818181818182
45,10,0.006326611308817715
45,10,0.27586206896551724
45,10,0.13114754098360656
45,10,0.13114754098360656
45,10,0.008662696264212236
45,10,0.12030075187969924
45,10,0.004849954531676266
45,10,0.20512820512820512
45,10,0.008479067302596715
45,10,0.16
45,10,0.007696007696007696
45,10,0.006719865602687947
45,10,0.005398110661268556
45,10,0.12030075187969924
45,10,0.008762322015334063
45,10,0.10191082802547771
45,10,0.005211726384364821
45,10,0.007651841224294596
45,10,0.006046863189720333
45,10,0.010094637223974764
45,10,0.18604651162790697
45,10,0.14035087719298245
45,10,0.008583690987124463
45,10,0.18181818181818182
45,10,0.1839080459770115
45,10,0.16326530612244897
45,10,0.22535211267605634
45,10,0.010362694300518135
45,10,0.20253164556962025
45,10,0.27586206896551724
45,10,0.1523809523809524
45,10,0.17582417582417584
45,10,0.0071269487750556795
45,10,0.0068995256576110395
45,10,0.006887645286267757
45,10,0.004783258594917788
45,10,0.008040201005025126
54,12,0.25806451612903225
54,12,0.24242424242424243
54,12,0.25
54,12,0.2807017543859649
54,12,0.21333333333333335
54,12,0.1523809523809524
54,12,0.19047619047619047
54,12,0.3076923076923077
54,12,0.25
54,12,0.25806451612903225
54,12,0.26229508196721313
54,12,0.19753086419753085
54,12,0.32653061224489793
54,12,0.2191780821917808
54,12,0.3018867924528302
54,12,0.20512820512820512
54,12,0.10457516339869281
54,12,0.18823529411764706
54,12,0.20253164556962025
54,12,0.2857142857142857
54,12,0.18823529411764706
54,12,0.19047619047619047
54,12,0.21333333333333335
54,12,0.19047619047619047
54,12,0.2191780821917808
54,12,0.20253164556962025
54,12,0.41025641025641024
54,12,0.20253164556962025
54,12,0.20253164556962025
54,12,0.23880597014925373
54,12,0.18181818181818182
54,12,0.2318840579710145
54,12,0.26666666666666666
54,12,0.25396825396825395
54,12,0.18823529411764706
54,12,0.25
54,12,0.22857142857142856
54,12,0.22857142857142856
54,12,0.23880597014925373
54,12,0.2962962962962963
54,12,0.23880597014925373
54,12,0.2807017543859649
54,12,0.18823529411764706
54,12,0.23880597014925373
54,12,0.20512820512820512
54,12,0.12903225806451613
54,12,0.2909090909090909
54,12,0.18823529411764706
54,12,0.21621621621621623
54,12,0.2318840579710145
54,12,0.19753086419753085
54,12,0.17777777777777778
54,12,0.1927710843373494
54,12,0.2191780821917808
54,12,0.24615384615384617
54,12,0.2807017543859649
54,12,0.2318840579710145
54,12,0.19047619047619047
54,12,0.21052631578947367
54,12,0.18181818181818182
54,12,0.19047619047619047
54,12,0.2222222222222222
54,12,0.21333333333333335
54,12,0.26229508196721313
54,12,0.2191780821917808
54,12,0.2077922077922078
54,12,0.18181818181818182
54,12,0.1839080459770115
54,12,0.20253164556962025
54,12,0.14285714285714285
54,12,0.1951219512195122
54,12,0.1553398058252427
54,12,0.2191780821917808
54,12,0.21052631578947367
54,12,0.25396825396825395
54,12,0.3076923076923077
54,12,0.24242424242424243
54,12,0.19753086419753085
54,12,0.13675213675213677
54,12,0.32
54,12,0.2909090909090909
54,12,0.1523809523809524
54,12,0.23880597014925373
54,12,0.1797752808988764
54,12,0.19753086419753085
54,12,0.37209302325581395
54,12,0.17777777777777778
54,12,0.22857142857142856
54,12,0.25
54,12,0.1839080459770115
54,12,0.2191780821917808
54,12,0.19753086419753085
54,12,0.24242424242424243
54,12,0.16842105263157894
54,12,0.2
54,12,0.2711864406779661
54,12,0.3018867924528302
54,12,0.16494845360824742
54,12,0.1322314049586777
54,12,0.13675213675213677
54,12,0.2222222222222222
54,12,0.2807017543859649
54,12,0.18604651162790697
54,12,0.25806451612903225
54,12,0.23529411764705882
54,12,0.17777777777777778
54,12,0.1951219512195122
54,12,0.25
54,12,0.24242424242424243
54,12,0.21052631578947367
54,12,0.24242424242424243
54,12,0.3333333333333333
54,12,0.2909090909090909
54,12,0.22857142857142856
54,12,0.18823529411764706
54,12,0.1568627450980392
54,12,0.20512820512820512
54,12,0.18181818181818182
54,12,0.1927710843373494
54,12,0.17777777777777778
54,12,0.24242424242424243
54,12,0.19753086419753085
54,12,0.2077922077922078
54,12,0.17777777777777778
54,12,0.19047619047619047
54,12,0.18604651162790697
54,12,0.2222222222222222
54,12,0.25806451612903225
54,12,0.19753086419753085
54,12,0.22535211267605634
54,12,0.3076923076923077
54,12,0.21621621621621623
54,12,0.18181818181818182
54,12,0.18604651162790697
54,12,0.2962962962962963
54,12,0.23529411764705882
54,12,0.27586206896551724
54,12,0.1797752808988764
54,12,0.15841584158415842
54,12,0.22535211267605634
54,12,0.17777777777777778
54,12,0.1523809523809524
54,12,0.1951219512195122
54,12,0.18604651162790697
54,12,0.22857142857142856
54,12,0.2
54,12,0.2
54,12,0.2191780821917808
54,12,0.19047619047619047
54,12,0.21052631578947367
54,12,0.3018867924528302
54,12,0.19047619047619047
54,12,0.21333333333333335
54,12,0.23880597014925373
54,12,0.20253164556962025
54,12,0.1951219512195122
54,12,0.1927710843373494
54,12,0.22535211267605634
54,12,0.2222222222222222
54,12,0.2077922077922078
54,12,0.2077922077922078
54,12,0.16666666666666666
54,12,0.1839080459770115
54,12,0.2077922077922078
54,12,0.19753086419753085
54,12,0.21621621621621623
54,12,0.1797752808988764
54,12,0.21621621621621623
54,12,0.2711864406779661
54,12,0.21333333333333335
54,12,0.23529411764705882
54,12,0.1523809523809524
54,12,0.19047619047619047
54,12,0.19047619047619047
54,12,0.24615384615384617
54,12,0.32
54,12,0.17582417582417584
54,12,0.20253164556962025
54,12,0.2711864406779661
54,12,0.1702127659574468
54,12,0.3404255319148936
54,12,0.34782608695652173
54,12,0.21621621621621623
54,12,0.19047619047619047
54,12,0.24242424242424243
54,12,0.16
54,12,0.2191780821917808
54,12,0.2
54,12,0.26229508196721313
54,12,0.24615384615384617
54,12,0.13675213675213677
54,12,0.3076923076923077
54,12,0.20512820512820512
54,12,0.4444444444444444
54,12,0.34782608695652173
54,12,0.1553398058252427
54,12,0.2318840579710145
54,12,0.14953271028037382
54,12,0.19047619047619047
54,12,0.19753086419753085
54,12,0.22857142857142856
54,12,0.24615384615384617
54,12,0.24242424242424243
54,12,0.20253164556962025
54,12,0.2
54,12,0.24242424242424243
54,12,0.20253164556962025
54,12,0.1568627450980392
54,12,0.2222222222222222
54,12,0.18823529411764706
54,12,0.20253164556962025
54,12,0.17777777777777778
54,12,0.19753086419753085
54,12,0.21333333333333335
54,12,0.2909090909090909
54,12,0.2962962962962963
54,12,0.16494845360824742
54,12,0.35555555555555557
54,12,0.12598425196850394
54,12,0.3018867924528302
54,12,0.1839080459770115
54,12,0.32653061224489793
54,12,0.2857142857142857
54,12,0.22857142857142856
54,12,0.19753086419753085
54,12,0.2318840579710145
54,12,0.19753086419753085
54,12,0.1702127659574468
54,12,0.2807017543859649
54,12,0.24615384615384617
54,12,0.2857142857142857
54,12,0.21621621621621623
54,12,0.26666666666666666
54,12,0.1951219512195122
54,12,0.23880597014925373
54,12,0.18823529411764706
54,12,0.21333333333333335
54,12,0.2222222222222222
54,12,0.19047619047619047
54,12,0.1702127659574468
54,12,0.18823529411764706
54,12,0.32653061224489793
54,12,0.32653061224489793
54,12,0.23529411764705882
54,12,0.2077922077922078
54,12,0.25806451612903225
54,12,0.27586206896551724
54,12,0.20512820512820512
54,12,0.1702127659574468
54,12,0.2191780821917808
54,12,0.1927710843373494
54,12,0.15841584158415842
54,12,0.1951219512195122
54,12,0.14678899082568808
54,12,0.21052631578947367
54,12,0.19047619047619047
54,12,0.21052631578947367
54,12,0.2191780821917808
54,12,0.17204301075268819
54,12,0.24242424242424243
54,12,0.1839080459770115
54,12,0.18823529411764706
54,12,0.2857142857142857
54,12,0.17777777777777778
54,12,0.19753086419753085
54,12,0.1797752808988764
54,12,0.22535211267605634
54,12,0.21052631578947367
54,12,0.2222222222222222
54,12,0.2222222222222222
54,12,0.21333333333333335
54,12,0.21052631578947367
54,12,0.25806451612903225
54,12,0.17777777777777778
54,12,0.13445378151260504
54,12,0.24615384615384617
54,12,0.2077922077922078
54,12,0.23880597014925373
54,12,0.2191780821917808
54,12,0.25
54,12,0.14285714285714285
54,12,0.26229508196721313
54,12,0.2909090909090909
54,12,0.21052631578947367
54,12,0.17204301075268819
54,12,0.22535211267605634
54,12,0.25396825396825395
54,12,0.2191780821917808
54,12,0.1568627450980392
54,12,0.2318840579710145
54,12,0.25806451612903225
54,12,0.1523809523809524
54,12,0.1797752808988764
54,12,0.17391304347826086
54,12,0.23880597014925373
54,12,0.2807017543859649
54,12,0.14414414414414414
54,12,0.3333333333333333
54,12,0.19047619047619047
54,12,0.16666666666666666
54,12,0.27586206896551724
54,12,0.1797752808988764
54,12,0.24615384615384617
54,12,0.2318840579710145
54,12,0.2077922077922078
54,12,0.19047619047619047
54,12,0.18604651162790697
54,12,0.15384615384615385
54,12,0.19753086419753085
54,12,0.35555555555555557
54,12,0.3902439024390244
54,12,0.16161616161616163
54,12,0.27586206896551724
54,12,0.23529411764705882
54,12,0.25
54,12,0.17204301075268819
54,12,0.2077922077922078
54,12,0.3902439024390244
54,12,0.20253164556962025
54,12,0.1523809523809524
54,12,0.25806451612903225
54,12,0.2
54,12,0.34782608695652173
54,12,0.24615384615384617
54,12,0.22535211267605634
54,12,0.24615384615384617
54,12,0.24615384615384617
54,12,0.25396825396825395
54,12,0.16494845360824742
54,12,0.14678899082568808
54,12,0.3404255319148936
54,12,0.1927710843373494
54,12,0.1927710843373494
54,12,0.22535211267605634
54,12,0.23529411764705882
54,12,0.1797752808988764
54,12,0.11940298507462686
54,12,0.17777777777777778
54,12,0.2191780821917808
54,12,0.25
54,12,0.2909090909090909
54,12,0.2807017543859649
54,12,0.15841584158415842
54,12,0.18823529411764706
54,12,0.19753086419753085
54,12,0.23880597014925373
54,12,0.2318840579710145
54,12,0.22535211267605634
54,12,0.32653061224489793
54,12,0.23880597014925373
54,12,0.19753086419753085
54,12,0.1927710843373494
54,12,0.1509433962264151
54,12,0.2222222222222222
54,12,0.2318840579710145
54,12,0.24615384615384617
54,12,0.17777777777777778
54,12,0.18823529411764706
54,12,0.22857142857142856
54,12,0.25806451612903225
54,12,0.21052631578947367
54,12,0.1927710843373494
54,12,0.15384615384615385
54,12,0.2
54,12,0.21052631578947367
54,12,0.23529411764705882
54,12,0.23880597014925373
54,12,0.16494845360824742
54,12,0.16494845360824742
54,12,0.2909090909090909
54,12,0.25396825396825395
54,12,0.1103448275862069
54,12,0.16494845360824742
54,12,0.18604651162790697
54,12,0.1553398058252427
54,12,0.1839080459770115
54,12,0.22857142857142856
54,12,0.19047619047619047
54,12,0.16161616161616163
54,12,0.21621621621621623
54,12,0.3137254901960784
54,12,0.1927710843373494
54,12,0.3333333333333333
54,12,0.23880597014925373
54,12,0.26229508196721313
54,12,0.2077922077922078
54,12,0.26666666666666666
54,12,0.23880597014925373
54,12,0.3018867924528302
54,12,0.27586206896551724
54,12,0.21052631578947367
54,12,0.22857142857142856
54,12,0.23880597014925373
54,12,0.14678899082568808
54,12,0.2191780821917808
54,12,0.1797752808988764
54,12,0.17582417582417584
54,12,0.2807017543859649
54,12,0.1927710843373494
54,12,0.16326530612244897
54,12,0.21333333333333335
54,12,0.18604651162790697
54,12,0.19047619047619047
54,12,0.16326530612244897
54,12,0.2077922077922078
54,12,0.26229508196721313
54,12,0.1391304347826087
54,12,0.22857142857142856
54,12,0.22857142857142856
54,12,0.18823529411764706
54,12,0.2
54,12,0.23529411764705882
54,12,0.21621621621621623
54,12,0.21621621621621623
54,12,0.20512820512820512
54,12,0.2077922077922078
54,12,0.23880597014925373
54,12,0.17391304347826086
54,12,0.20512820512820512
54,12,0.2318840579710145
54,12,0.25806451612903225
54,12,0.1391304347826087
54,12,0.3137254901960784
54,12,0.1702127659574468
54,12,0.3018867924528302
54,12,0.17391304347826086
54,12,0.18823529411764706
54,12,0.2318840579710145
54,12,0.2909090909090909
54,12,0.23880597014925373
54,12,0.14285714285714285
54,12,0.2909090909090909
54,12,0.2
54,12,0.23880597014925373
54,12,0.17204301075268819
54,12,0.15384615384615385
54,12,0.17582417582417584
54,12,0.15384615384615385
54,12,0.23880597014925373
54,12,0.16494845360824742
54,12,0.24615384615384617
54,12,0.21621621621621623
54,12,0.2077922077922078
54,12,0.25
54,12,0.1702127659574468
54,12,0.2807017543859649
54,12,0.27586206896551724
54,12,0.2807017543859649
54,12,0.21621621621621623
54,12,0.18823529411764706
54,12,0.26666666666666666
54,12,0.2
54,12,0.3018867924528302
54,12,0.22535211267605634
54,12,0.17582417582417584
54,12,0.18604651162790697
54,12,0.25806451612903225
54,12,0.20512820512820512
54,12,0.1951219512195122
54,12,0.21333333333333335
54,12,0.1509433962264151
54,12,0.1702127659574468
54,12,0.20253164556962025
54,12,0.2077922077922078
54,12,0.2191780821917808
54,12,0.21621621621621623
54,12,0.20512820512820512
54,12,0.1702127659574468
54,12,0.2962962962962963
54,12,0.17391304347826086
54,12,0.17391304347826086
54,12,0.23880597014925373
54,12,0.1839080459770115
54,12,0.2962962962962963
54,12,0.24615384615384617
54,12,0.1702127659574468
54,12,0.26666666666666666
54,12,0.21621621621621623
54,12,0.23529411764705882
54,12,0.14035087719298245
54,12,0.22535211267605634
54,12,0.2222222222222222
54,12,0.20512820512820512
54,12,0.3018867924528302
54,12,0.19753086419753085
54,12,0.20253164556962025
54,12,0.23880597014925373
54,12,0.23880597014925373
54,12,0.21052631578947367
54,12,0.18181818181818182
54,12,0.14414414414414414
54,12,0.1797752808988764
54,12,0.1509433962264151
54,12,0.14678899082568808
54,12,0.19753086419753085
54,12,0.27586206896551724
54,12,0.2
54,12,0.2
54,12,0.2222222222222222
54,12,0.17777777777777778
54,12,0.17582417582417584
54,12,0.20512820512820512
54,12,0.24615384615384617
54,12,0.25396825396825395
54,12,0.19047619047619047
54,12,0.22535211267605634
54,12,0.2077922077922078
54,12,0.16161616161616163
54,12,0.22535211267605634
54,12,0.22857142857142856
54,12,0.19047619047619047
54,12,0.32653061224489793
54,12,0.18604651162790697
54,12,0.2318840579710145
54,12,0.17204301075268819
54,12,0.20512820512820512
54,12,0.21333333333333335
54,12,0.22535211267605634
54,12,0.2962962962962963
54,12,0.24615384615384617
54,12,0.19753086419753085
54,12,0.17204301075268819
54,12,0.13114754098360656
54,12,0.1927710843373494
54,12,0.26666666666666666
54,12,0.20512820512820512
54,12,0.36363636363636365
54,12,0.24242424242424243
54,12,0.1839080459770115
54,12,0.17204301075268819
54,12,0.1702127659574468
54,12,0.2962962962962963
54,12,0.21333333333333335
54,12,0.2191780821917808
54,12,0.25806451612903225
54,12,0.2318840579710145
54,12,0.19753086419753085
54,12,0.22857142857142856
54,12,0.1951219512195122
54,12,0.24615384615384617
54,12,0.25396825396825395
54,12,0.18604651162790697
54,12,0.25396825396825395
54,12,0.17391304347826086
54,12,0.1797752808988764
54,12,0.20253164556962025
54,12,0.16666666666666666
54,12,0.2
54,12,0.13559322033898305
54,12,0.1568627450980392
54,12,0.20512820512820512
54,12,0.2077922077922078
54,12,0.21333333333333335
54,12,0.22535211267605634
54,12,0.13333333333333333
54,12,0.2222222222222222
54,12,0.16666666666666666
54,12,0.2857142857142857
54,12,0.38095238095238093
54,12,0.2222222222222222
54,12,0.20512820512820512
54,12,0.16161616161616163
54,12,0.2711864406779661
54,12,0.2191780821917808
54,12,0.1702127659574468
54,12,0.15384615384615385
54,12,0.23529411764705882
54,12,0.2857142857142857
54,12,0.3137254901960784
54,12,0.38095238095238093
54,12,0.20512820512820512
54,12,0.1927710843373494
54,12,0.21333333333333335
54,12,0.21621621621621623
54,12,0.25806451612903225
54,12,0.21052631578947367
54,12,0.16161616161616163
54,12,0.20512820512820512
54,12,0.22857142857142856
54,12,0.24242424242424243
54,12,0.2857142857142857
54,12,0.2807017543859649
54,12,0.32653061224489793
54,12,0.12213740458015267
54,12,0.2857142857142857
54,12,0.16842105263157894
54,12,0.16326530612244897
54,12,0.19753086419753085
54,12,0.2077922077922078
54,12,0.20512820512820512
54,12,0.2857142857142857
54,12,0.23880597014925373
54,12,0.16842105263157894
54,12,0.2711864406779661
54,12,0.1839080459770115
54,12,0.20512820512820512
54,12,0.1839080459770115
54,12,0.2222222222222222
54,12,0.16842105263157894
54,12,0.15841584158415842
54,12,0.23880597014925373
54,12,0.18823529411764706
54,12,0.17777777777777778
54,12,0.20253164556962025
54,12,0.2
54,12,0.2222222222222222
54,12,0.18181818181818182
54,12,0.2191780821917808
54,12,0.13675213675213677
54,12,0.20253164556962025
54,12,0.16666666666666666
54,12,0.2318840579710145
54,12,0.25396825396825395
54,12,0.1702127659574468
54,12,0.3902439024390244
54,12,0.18181818181818182
54,12,0.2909090909090909
54,12,0.20512820512820512
54,12,0.22857142857142856
54,12,0.22535211267605634
54,12,0.34782608695652173
54,12,0.24242424242424243
54,12,0.2807017543859649
54,12,0.17391304347826086
54,12,0.2222222222222222
54,12,0.2711864406779661
54,12,0.27586206896551724
54,12,0.2857142857142857
54,12,0.21052631578947367
54,12,0.19047619047619047
54,12,0.17582417582417584
54,12,0.24242424242424243
54,12,0.1509433962264151
54,12,0.24615384615384617
54,12,0.2962962962962963
54,12,0.1927710843373494
54,12,0.18181818181818182
54,12,0.22535211267605634
54,12,0.1839080459770115
54,12,0.14678899082568808
54,12,0.2222222222222222
54,12,0.27586206896551724
54,12,0.23880597014925373
54,12,0.2318840579710145
54,12,0.15384615384615385
54,12,0.14545454545454545
54,12,0.2909090909090909
54,12,0.20253164556962025
54,12,0.13445378151260504
54,12,0.2857142857142857
54,12,0.22535211267605634
54,12,0.17777777777777778
54,12,0.2191780821917808
54,12,0.17582417582417584
54,12,0.3137254901960784
54,12,0.16842105263157894
54,12,0.14545454545454545
54,12,0.1927710843373494
54,12,0.2077922077922078
54,12,0.2222222222222222
54,12,0.21333333333333335
54,12,0.22857142857142856
54,12,0.2077922077922078
54,12,0.17777777777777778
54,12,0.24242424242424243
54,12,0.1951219512195122
54,12,0.16842105263157894
54,12,0.19047619047619047
54,12,0.18604651162790697
54,12,0.22857142857142856
54,12,0.17582417582417584
54,12,0.1839080459770115
54,12,0.18823529411764706
54,12,0.1839080459770115
54,12,0.24242424242424243
54,12,0.17204301075268819
54,12,0.2222222222222222
54,12,0.20512820512820512
54,12,0.2962962962962963
54,12,0.1797752808988764
54,12,0.41025641025641024
54,12,0.17391304347826086
54,12,0.17204301075268819
54,12,0.2191780821917808
54,12,0.17777777777777778
54,12,0.16842105263157894
54,12,0.3018867924528302
54,12,0.13008130081300814
54,12,0.26229508196721313
54,12,0.25806451612903225
63,14,0.00006539928306035946
63,14,0.00007024105853275208
63,14,0.00008117253730131753
63,14,0.00008954756094830867
63,14,0.18823529411764706
63,14,0.35555555555555557
63,14,0.36363636363636365
63,14,0.25806451612903225
63,14,0.3018867924528302
63,14,0.0001330671989354624
63,14,0.00005385935974686101
63,14,0.0001747049124837579
63,14,0.2191780821917808
63,14,0.21333333333333335
63,14,0.24242424242424243
63,14,0.20253164556962025
63,14,0.00011665888940737284
63,14,0.2077922077922078
63,14,0.00006938361332512294
63,14,0.4
63,14,0.00008638375985314761
63,14,0.00006833868653044489
63,14,0.00008440109510420898
63,14,0.24615384615384617
63,14,0.19753086419753085
63,14,0.23529411764705882
63,14,0.2857142857142857
63,14,0.32653061224489793
63,14,0.3018867924528302
63,14,0.2962962962962963
63,14,0.00007407441701118987
63,14,0.00010797897109537917
63,14,0.23529411764705882
63,14,0.2711864406779661
63,14,0.00007987818576670578
63,14,0.35555555555555557
63,14,0.2711864406779661
63,14,0.16842105263157894
63,14,0.18604651162790697
63,14,0.24242424242424243
63,14,0.26666666666666666
63,14,0.2077922077922078
63,14,0.3018867924528302
63,14,0.00006890225784086162
63,14,0.25806451612903225
63,14,0.27586206896551724
63,14,0.00007766387076731904
63,14,0.2807017543859649
63,14,0.00005931703844856286
63,14,0.00006850253459377997
63,14,0.2711864406779661
63,14,0.00009825293991218643
63,14,0.00006478834457681064
63,14,0.2962962962962963
63,14,0.32
63,14,0.00005568839558251802
63,14,0.2077922077922078
63,14,0.26229508196721313
63,14,0.3333333333333333
63,14,0.00007884375631366017
63,14,0.000032268799096473626
63,14,0.21621621621621623
63,14,0.16666666666666666
63,14,0.26229508196721313
63,14,0.1927710843373494
63,14,0.18604651162790697
63,14,0.2962962962962963
63,14,0.000126892482413495
63,14,0.00006047343137588395
63,14,0.000059052575245898614
63,14,0.18181818181818182
63,14,0.21333333333333335
63,14,0.3137254901960784
63,14,0.00010208964747168608
63,14,0.000055085796127468534
63,14,0.00010474700325370379
63,14,0.00012079756592904653
63,14,0.1927710843373494
63,14,0.2191780821917808
63,14,0.00013567485520949045
63,14,0.32
63,14,0.21333333333333335
63,14,0.000149947518368571
63,14,0.21621621621621623
63,14,0.16666666666666666
63,14,0.00009879470460383324
63,14,0.3018867924528302
63,14,0.25
63,14,0.3076923076923077
63,14,0.26229508196721313
63,14,0.26666666666666666
63,14,0.00005165722846055002
63,14,0.22857142857142856
63,14,0.00007574394758518828
63,14,0.3137254901960784
63,14,0.00017928777929674368
63,14,0.2807017543859649
63,14,0.000041150993282100346
63,14,0.24615384615384617
63,14,0.2857142857142857
63,14,0.37209302325581395
63,14,0.00004938942325500994
63,14,0.2962962962962963
63,14,0.00008944543828264758
63,14,0.00009699321047526673
63,14,0.00004665607185035065
63,14,0.20512820512820512
63,14,0.42105263157894735
63,14,0.43243243243243246
63,14,0.14953271028037382
63,14,0.21052631578947367
63,14,0.1927710843373494
63,14,0.26229508196721313
63,14,0.20512820512820512
63,14,0.21621621621621623
63,14,0.34782608695652173
63,14,0.00004268783983522494
63,14,0.00006710761965078872
63,14,0.00009710800230631506
63,14,0.35555555555555557
63,14,0.4
63,14,0.18823529411764706
63,14,0.32653061224489793
63,14,0.3137254901960784
63,14,0.25
63,14,0.00005509376269739062
63,14,0.25806451612903225
63,14,0.23880597014925373
63,14,0.27586206896551724
63,14,0.20512820512820512
63,14,0.23880597014925373
63,14,0.3137254901960784
63,14,0.00004652461151949381
63,14,0.21052631578947367
63,14,0.00005953067504064829
63,14,0.00007443903210648503
63,14,0.1839080459770115
63,14,0.2909090909090909
63,14,0.25
63,14,0.00009732419296954362
63,14,0.000060590683425039855
63,14,0.24615384615384617
63,14,0.3137254901960784
63,14,0.00007019575842129739
63,14,0.2807017543859649
63,14,0.26666666666666666
63,14,0.2909090909090909
63,14,0.32
63,14,0.2222222222222222
63,14,0.32653061224489793
63,14,0.23880597014925373
63,14,0.00011475868400479118
63,14,0.19753086419753085
63,14,0.21052631578947367
63,14,0.19753086419753085
63,14,0.21621621621621623
63,14,0.00006114548421491109
63,14,0.25806451612903225
63,14,0.00013578078192757792
63,14,0.00007348010985276424
63,14,0.17582417582417584
63,14,0.22857142857142856
63,14,0.22535211267605634
63,14,0.00004571572249413553
63,14,0.17391304347826086
63,14,0.0000668027773254673
63,14,0.26666666666666666
63,14,0.2
63,14,0.00009333310000058333
63,14,0.21333333333333335
63,14,0.34782608695652173
63,14,0.00006096143808032432
63,14,0.14814814814814814
63,14,0.3018867924528302
63,14,0.2909090909090909
63,14,0.000055299220626609294
63,14,0.2962962962962963
63,14,0.22535211267605634
63,14,0.00006360084112112383
63,14,0.24242424242424243
63,14,0.00011746740279572419
63,14,0.3902439024390244
63,14,0.26229508196721313
63,14,0.00007006665090167021
63,14,0.00014983939090287599
63,14,0.00010946458136639164
63,14,0.00024446515607572306
63,14,0.3902439024390244
63,14,0.2962962962962963
63,14,0.0002705673459034413
63,14,0.2857142857142857
63,14,0.32
63,14,0.21621621621621623
63,14,0.2222222222222222
63,14,0.00006477365655387954
63,14,0.00006704378797402053
63,14,0.43243243243243246
63,14,0.3076923076923077
63,14,0.00004784088122903224
63,14,0.2222222222222222
63,14,0.38095238095238093
63,14,0.2711864406779661
63,14,0.00008839534819480125
63,14,0.00009955759095519286
63,14,0.21333333333333335
63,14,0.2962962962962963
63,14,0.1951219512195122
63,14,0.23880597014925373
63,14,0.20253164556962025
63,14,0.000056096851213620314
63,14,0.4
63,14,0.4444444444444444
63,14,0.42105263157894735
63,14,0.26666666666666666
63,14,0.000064801464513098
63,14,0.00012742607296735504
63,14,0.24615384615384617
63,14,0.34782608695652173
63,14,0.0000636147490795741
63,14,0.23529411764705882
63,14,0.00006702412868632708
63,14,0.2222222222222222
63,14,0.00006735594247802513
63,14,0.00004345157593434467
63,14,0.20253164556962025
63,14,0.25
63,14,0.0000602128524333519
63,14,0.1927710843373494
63,14,0.00013711308401604224
63,14,0.00014435352177482656
63,14,0.26229508196721313
63,14,0.19047619047619047
63,14,0.2
63,14,0.0000646122658310147
63,14,0.00014345015555376243
63,14,0.0001754020543965621
63,14,0.22535211267605634
63,14,0.19047619047619047
63,14,0.00008829193729065154
63,14,0.3137254901960784
63,14,0.2318840579710145
63,14,0.32653061224489793
63,14,0.3137254901960784
63,14,0.0000758017216466029
63,14,0.36363636363636365
63,14,0.25396825396825395
63,14,0.24242424242424243
63,14,0.17582417582417584
63,14,0.21621621621621623
63,14,0.24242424242424243
63,14,0.17582417582417584
63,14,0.00004670578275972794
63,14,0.2222222222222222
63,14,0.35555555555555557
63,14,0.22857142857142856
63,14,0.25396825396825395
63,14,0.3404255319148936
63,14,0.32653061224489793
63,14,0.41025641025641024
63,14,0.3902439024390244
63,14,0.00005027667884828698
63,14,0.00006691257036274977
63,14,0.3333333333333333
63,14,0.1797752808988764
63,14,0.2962962962962963
63,14,0.00007331411892466516
63,14,0.18823529411764706
63,14,0.17204301075268819
63,14,0.00009013678256754625
63,14,0.2857142857142857
63,14,0.0000600294144130624
63,14,0.2318840579710145
63,14,0.24615384615384617
63,14,0.14953271028037382
63,14,0.23880597014925373
63,14,0.35555555555555557
63,14,0.00007350610330363993
63,14,0.25396825396825395
63,14,0.19753086419753085
63,14,0.24615384615384617
63,14,0.21621621621621623
63,14,0.2807017543859649
63,14,0.00004053177691309987
63,14,0.2077922077922078
63,14,0.00008039796995125873
63,14,0.16494845360824742
63,14,0.2909090909090909
63,14,0.000098526414315888
63,14,0.00011771630370806356
63,14,0.27586206896551724
63,14,0.24615384615384617
63,14,0.1509433962264151
63,14,0.000057979417306856065
63,14,0.20512820512820512
63,14,0.00008670253984252651
63,14,0.32653061224489793
63,14,0.34782608695652173
63,14,0.22535211267605634
63,14,0.27586206896551724
63,14,0.25396825396825395
63,14,0.2191780821917808
63,14,0.000052761051791567466
63,14,0.21621621621621623
63,14,0.2857142857142857
63,14,0.26229508196721313
63,14,0.45714285714285713
63,14,0.25396825396825395
63,14,0.2909090909090909
63,14,0.2711864406779661
63,14,0.00008807905094822603
63,14,0.2962962962962963
63,14,0.2222222222222222
63,14,0.21333333333333335
63,14,0.26666666666666666
63,14,0.2909090909090909
63,14,0.24242424242424243
63,14,0.2
63,14,0.2077922077922078
63,14,0.21621621621621623
63,14,0.26229508196721313
63,14,0.1839080459770115
63,14,0.1927710843373494
63,14,0.37209302325581395
63,14,0.20512820512820512
63,14,0.18604651162790697
63,14,0.14545454545454545
63,14,0.25396825396825395
63,14,0.00007117754348503047
63,14,0.34782608695652173
63,14,0.34782608695652173
63,14,0.27586206896551724
63,14,0.2857142857142857
63,14,0.3076923076923077
63,14,0.21052631578947367
63,14,0.1702127659574468
63,14,0.3137254901960784
63,14,0.2807017543859649
63,14,0.2909090909090909
63,14,0.22857142857142856
63,14,0.21621621621621623
63,14,0.00005795190716104473
63,14,0.42105263157894735
63,14,0.2077922077922078
63,14,0.32653061224489793
63,14,0.2222222222222222
63,14,0.27586206896551724
63,14,0.25396825396825395
63,14,0.35555555555555557
63,14,0.17777777777777778
63,14,0.00008674672666648595
63,14,0.21052631578947367
63,14,0.2909090909090909
63,14,0.25806451612903225
63,14,0.24242424242424243
63,14,0.23880597014925373
63,14,0.17582417582417584
63,14,0.25396825396825395
63,14,0.25
63,14,0.38095238095238093
63,14,0.1927710843373494
63,14,0.1702127659574468
63,14,0.24242424242424243
63,14,0.25806451612903225
63,14,0.3018867924528302
63,14,0.00007836107805253131
63,14,0.00015364965956997303
63,14,0.3018867924528302
63,14,0.00006255033347146531
63,14,0.25
63,14,0.21052631578947367
63,14,0.00010751243112484882
63,14,0.2
63,14,0.2
63,14,0.25396825396825395
63,14,0.23880597014925373
63,14,0.00006491135543024058
63,14,0.2962962962962963
63,14,0.2807017543859649
63,14,0.35555555555555557
63,14,0.25396825396825395
63,14,0.2711864406779661
63,14,0.0000639623901146126
63,14,0.18604651162790697
63,14,0.41025641025641024
63,14,0.2318840579710145
63,14,0.34782608695652173
63,14,0.26666666666666666
63,14,0.3076923076923077
63,14,0.1797752808988764
63,14,0.22535211267605634
63,14,0.26666666666666666
63,14,0.19047619047619047
63,14,0.2
63,14,0.2962962962962963
63,14,0.3076923076923077
63,14,0.00009607993850883935
63,14,0.17777777777777778
63,14,0.000041915759801738454
63,14,0.0000969714600871531
63,14,0.21052631578947367
63,14,0.20512820512820512
63,14,0.00006809785661996289
63,14,0.3076923076923077
63,14,0.2962962962962963
63,14,0.36363636363636365
63,14,0.00003751333481823617
63,14,0.00006629156688404777
63,14,0.27586206896551724
63,14,0.36363636363636365
63,14,0.3018867924528302
63,14,0.3404255319148936
63,14,0.19047619047619047
63,14,0.2222222222222222
63,14,0.21052631578947367
63,14,0.22535211267605634
63,14,0.18604651162790697
63,14,0.2857142857142857
63,14,0.3076923076923077
63,14,0.2191780821917808
63,14,0.2857142857142857
63,14,0.1702127659574468
63,14,0.23880597014925373
63,14,0.3333333333333333
63,14,0.1927710843373494
63,14,0.2909090909090909
63,14,0.00007934972897108199
63,14,0.25
63,14,0.2962962962962963
63,14,0.00005270474145030272
63,14,0.18181818181818182
63,14,0.2807017543859649
63,14,0.17204301075268819
63,14,0.20512820512820512
63,14,0.2962962962962963
63,14,0.18181818181818182
63,14,0.3076923076923077
63,14,0.26229508196721313
63,14,0.000060473659941491735
63,14,0.22535211267605634
63,14,0.17582417582417584
63,14,0.20253164556962025
63,14,0.26666666666666666
63,14,0.00007227881553091049
63,14,0.000042289109497076765
63,14,0.20253164556962025
63,14,0.2711864406779661
63,14,0.20253164556962025
63,14,0.1702127659574468
63,14,0.21052631578947367
63,14,0.25806451612903225
63,14,0.1553398058252427
63,14,0.26666666666666666
63,14,0.00005657388549445576
63,14,0.00005533881187570903
63,14,0.0001391970072643438
63,14,0.00010305559849538827
63,14,0.00011522562617926227
63,14,0.1797752808988764
63,14,0.26666666666666666
63,14,0.2962962962962963
63,14,0.24242424242424243
63,14,0.00005083334921875497
63,14,0.24242424242424243
63,14,0.25806451612903225
63,14,0.16326530612244897
63,14,0.26229508196721313
63,14,0.00013273161667109106
63,14,0.00005140958660266173
63,14,0.00012879647741634266
63,14,0.00015108735682112202
63,14,0.00005375747984934466
63,14,0.00013819193131861014
63,14,0.00018681113394358303
63,14,0.00010425150676005864
63,14,0.2
63,14,0.2857142857142857
63,14,0.3137254901960784
63,14,0.3404255319148936
63,14,0.00008104138175555893
63,14,0.00016450412288457979
63,14,0.2962962962962963
63,14,0.2191780821917808
63,14,0.32653061224489793
63,14,0.18604651162790697
63,14,0.17204301075268819
63,14,0.00004274931534299646
63,14,0.2807017543859649
63,14,0.000053074330600005305
63,14,0.0001697900969925929
63,14,0.27586206896551724
63,14,0.41025641025641024
63,14,0.36363636363636365
63,14,0.00013368425450139952
63,14,0.0001559864681738859
63,14,0.19753086419753085
63,14,0.20512820512820512
63,14,0.25396825396825395
63,14,0.00015537600994406463
63,14,0.00006648438863449376
63,14,0.00005374700612379951
63,14,0.000053006460162332284
63,14,0.000058341780737002544
63,14,0.23880597014925373
63,14,0.18181818181818182
63,14,0.00007375073174554154
63,14,0.18604651162790697
63,14,0.00007691642069436299
63,14,0.25396825396825395
63,14,0.21621621621621623
63,14,0.3137254901960784
63,14,0.1839080459770115
63,14,0.00015869237483138936
63,14,0.00008092865633140285
63,14,0.00013365745265602418
63,14,0.00005337300726873643
63,14,0.19753086419753085
63,14,0.00011011851505182453
63,14,0.17582417582417584
63,14,0.00006845154058748535
63,14,0.32
63,14,0.00006269494208554725
63,14,0.22857142857142856
63,14,0.21052631578947367
63,14,0.19753086419753085
63,14,0.24615384615384617
63,14,0.16842105263157894
63,14,0.25806451612903225
63,14,0.00009781804620679958
63,14,0.128
63,14,0.2191780821917808
63,14,0.24242424242424243
63,14,0.00010581310759870379
63,14,0.0001064523426168647
63,14,0.2857142857142857
63,14,0.00006387863060185647
63,14,0.00006368818265770787
63,14,0.24615384615384617
63,14,0.16161616161616163
63,14,0.20253164556962025
63,14,0.19753086419753085
63,14,0.34782608695652173
63,14,0.3076923076923077
63,14,0.23880597014925373
63,14,0.00007056291565967506
63,14,0.25
63,14,0.23880597014925373
63,14,0.00029106256025904567
63,14,0.000060967013035509474
63,14,0.1951219512195122
63,14,0.27586206896551724
63,14,0.3076923076923077
63,14,0.00007635882922825086
63,14,0.00004683251230085206
63,14,0.00005675489688344673
63,14,0.00017460767837265643
63,14,0.00006391180171363518
63,14,0.3018867924528302
63,14,0.32
63,14,0.0002013389037096693
63,14,0.2857142857142857
63,14,0.2962962962962963
63,14,0.2962962962962963
63,14,0.00007674081748155822
63,14,0.22535211267605634
63,14,0.2077922077922078
63,14,0.23880597014925373
63,14,0.22857142857142856
63,14,0.00010277492291880781
63,14,0.00005886681383370125
63,14,0.22857142857142856
63,14,0.17391304347826086
63,14,0.2962962962962963
63,14,0.25
63,14,0.19753086419753085
63,14,0.21052631578947367
63,14,0.00005274783239376257
63,14,0.00004586735161911751
63,14,0.13793103448275862
63,14,0.2857142857142857
63,14,0.2807017543859649
63,14,0.2
63,14,0.21052631578947367
63,14,0.2807017543859649
63,14,0.21621621621621623
63,14,0.26666666666666666
63,14,0.00007539417014579348
63,14,0.00006858151985220683
63,14,0.2711864406779661
63,14,0.35555555555555557
63,14,0.1553398058252427
63,14,0.27586206896551724
63,14,0.00006491319888187015
63,14,0.00005838265451334409
63,14,0.27586206896551724
63,14,0.0000636592954507476
63,14,0.00005189144310103264
63,14,0.2222222222222222
63,14,0.2857142857142857
63,14,0.17777777777777778
63,14,0.2711864406779661
63,14,0.21333333333333335
63,14,0.32653061224489793
63,14,0.1415929203539823
63,14,0.24242424242424243
63,14,0.00004623221865527813
63,14,0.00005607031217146301
63,14,0.00005534110875911399
63,14,0.00005939829526892578
63,14,0.00014400662430471802
63,14,0.00007917617193105735
63,14,0.00006114431587153579
63,14,0.2909090909090909
63,14,0.2711864406779661
63,14,0.2909090909090909
63,14,0.00007936311103395253
63,14,0.00009262850758106441
63,14,0.2222222222222222
63,14,0.37209302325581395
63,14,0.25806451612903225
63,14,0.25396825396825395
63,14,0.00009574703633001609
63,14,0.00007962615520132976
63,14,0.2857142857142857
63,14,0.0000694803305526726
63,14,0.19047619047619047
63,14,0.2
63,14,0.24242424242424243
63,14,0.2077922077922078
63,14,0.21052631578947367
63,14,0.1951219512195122
63,14,0.00010439911782745436
63,14,0.2222222222222222
63,14,0.22535211267605634
63,14,0.00011836070424619027
63,14,0.2191780821917808
63,14,0.1951219512195122
63,14,0.21052631578947367
63,14,0.2807017543859649
63,14,0.32
63,14,0.00014923702570607768
63,14,0.32653061224489793
63,14,0.32
63,14,0.0001434231520823249
63,14,0.2857142857142857
63,14,0.00010741787567723613
63,14,0.26666666666666666
63,14,0.2222222222222222
63,14,0.21621621621621623
63,14,0.2
63,14,0.21333333333333335
63,14,0.2191780821917808
63,14,0.21333333333333335
63,14,0.00006467625492145877
63,14,0.2962962962962963
63,14,0.25
63,14,0.24242424242424243
63,14,0.00008122198476072511
63,14,0.2711864406779661
63,14,0.00006563590940603605
63,14,0.1415929203539823
63,14,0.35555555555555557
63,14,0.1702127659574468
63,14,0.3018867924528302
63,14,0.2318840579710145
63,14,0.23529411764705882
63,14,0.2711864406779661
63,14,0.21621621621621623
63,14,0.21621621621621623
63,14,0.3018867924528302
63,14,0.25396825396825395
63,14,0.2
63,14,0.1839080459770115
63,14,0.0001503886606949836
63,14,0.00006504778979806727
63,14,0.1839080459770115
63,14,0.000147083157139968
63,14,0.1951219512195122
63,14,0.26666666666666666
63,14,0.00006197850895202089
63,14,0.2711864406779661
63,14,0.35555555555555557
63,14,0.22857142857142856
63,14,0.3076923076923077
63,14,0.32653061224489793
63,14,0.00003775793388585776
63,14,0.20253164556962025
63,14,0.25
63,14,0.38095238095238093
63,14,0.2077922077922078
63,14,0.3333333333333333
63,14,0.2807017543859649
63,14,0.3076923076923077
63,14,0.24242424242424243
63,14,0.00006252906624563762
63,14,0.2222222222222222
63,14,0.2909090909090909
63,14,0.2191780821917808
63,14,0.2857142857142857
63,14,0.25396825396825395
63,14,0.00009055151532301424
63,14,0.22535211267605634
63,14,0.18181818181818182
63,14,0.23880597014925373
63,14,0.00006674147273402272
63,14,0.23529411764705882
63,14,0.3902439024390244
63,14,0.22857142857142856
63,14,0.25806451612903225
63,14,0.00006158654641893479
63,14,0.00008779486729257091
63,14,0.00008418571368438776
63,14,0.22857142857142856
63,14,0.32
63,14,0.24242424242424243
63,14,0.00007856462431378711
63,14,0.0000506029659663427
63,14,0.15384615384615385
63,14,0.35555555555555557
63,14,0.000042924211938296446
63,14,0.24615384615384617
63,14,0.24615384615384617
63,14,0.3076923076923077
63,14,0.18823529411764706
63,14,0.25396825396825395
63,14,0.16666666666666666
63,14,0.23880597014925373
63,14,0.00006579759016326027
63,14,0.4444444444444444
63,14,0.32
63,14,0.00006669306600529377
63,14,0.25806451612903225
63,14,0.00010608320901707277
63,14,0.19047619047619047
63,14,0.25806451612903225
63,14,0.0000689913890122589
63,14,0.21621621621621623
63,14,0.18823529411764706
63,14,0.18823529411764706
63,14,0.26229508196721313
63,14,0.32
63,14,0.35555555555555557
63,14,0.2962962962962963
63,14,0.2318840579710145
63,14,0.00009096129028590271
63,14,0.000047330836631701013
63,14,0.21052631578947367
63,14,0.0000946891237705209
63,14,0.3018867924528302
63,14,0.00006976085108238321
63,14,0.1702127659574468
63,14,0.0000731773132034741
63,14,0.35555555555555557
63,14,0.26229508196721313
63,14,0.2711864406779661
63,14,0.27586206896551724
63,14,0.19753086419753085
63,14,0.00008812222552680568
63,14,0.2318840579710145
63,14,0.32
63,14,0.23880597014925373
63,14,0.24242424242424243
63,14,0.2318840579710145
63,14,0.2857142857142857
63,14,0.00005294577029477558
63,14,0.2807017543859649
63,14,0.00008276218802534592
63,14,0.0001760679622334221
63,14,0.00014630042792875168
63,14,0.2711864406779661
63,14,0.2807017543859649
63,14,0.21333333333333335
63,14,0.17777777777777778
63,14,0.0001195814648729447
63,14,0.00010697618442694195
63,14,0.21052631578947367
63,14,0.26666666666666666
63,14,0.26666666666666666
63,14,0.00005569944579051438
63,14,0.23529411764705882
63,14,0.2711864406779661
63,14,0.20253164556962025
63,14,0.2711864406779661
63,14,0.34782608695652173
63,14,0.19753086419753085
63,14,0.0001509519406758873
63,14,0.00004353575646097836
63,14,0.00010212027215052528
63,14,0.0001389624714475547
63,14,0.2711864406779661
63,14,0.22857142857142856
63,14,0.00022733085163820295
63,14,0.2222222222222222
63,14,0.2191780821917808
63,14,0.17582417582417584
63,14,0.00005761779237428518
63,14,0.36363636363636365
63,14,0.00011500283913259108
63,14,0.00006637324162763782
63,14,0.1951219512195122
63,14,0.3137254901960784
63,14,0.00007012930089853167
63,14,0.22857142857142856
63,14,0.3137254901960784
63,14,0.00008331033620927556
63,14,0.1839080459770115
63,14,0.25806451612903225
63,14,0.00006362056693877714
63,14,0.00007468399335312459
63,14,0.2962962962962963
63,14,0.20253164556962025
63,14,0.00014272970561998217
63,14,0.25396825396825395
63,14,0.16494845360824742
63,14,0.16
63,14,0.00006290569257201719
63,14,0.19047619047619047
63,14,0.18823529411764706
63,14,0.25
63,14,0.26666666666666666
63,14,0.20253164556962025
63,14,0.00009408167465380883
63,14,0.23880597014925373
63,14,0.22535211267605634
63,14,0.25396825396825395
63,14,0.4
63,14,0.26666666666666666
63,14,0.00007067699728777023
63,14,0.00009498198310507976
63,14,0.00007313483320687102
63,14,0.22857142857142856
63,14,0.0001912617297232682
63,14,0.3404255319148936
63,14,0.26666666666666666
63,14,0.26666666666666666
63,14,0.27586206896551724
63,14,0.23529411764705882
63,14,0.25396825396825395
63,14,0.2711864406779661
63,14,0.15841584158415842
63,14,0.24615384615384617
63,14,0.1951219512195122
63,14,0.2318840579710145
63,14,0.1839080459770115
63,14,0.18604651162790697
63,14,0.00006853745357658418
63,14,0.3018867924528302
63,14,0.23880597014925373
63,14,0.00011639411045801082
63,14,0.18823529411764706
63,14,0.24242424242424243
63,14,0.00007066544768769406
63,14,0.25396825396825395
63,14,0.26229508196721313
63,14,0.2222222222222222
63,14,0.00005076109923160386
63,14,0.3076923076923077
63,14,0.21333333333333335
63,14,0.25
63,14,0.24242424242424243
63,14,0.2077922077922078
63,14,0.3137254901960784
63,14,0.25806451612903225
63,14,0.1951219512195122
63,14,0.25806451612903225
63,14,0.2909090909090909
63,14,0.2
63,14,0.2
63,14,0.18823529411764706
63,14,0.1951219512195122
63,14,0.27586206896551724
63,14,0.2909090909090909
63,14,0.3018867924528302
63,14,0.00005519049343750539
63,14,0.3902439024390244
63,14,0.00008967302971540022
63,14,0.24242424242424243
63,14,0.27586206896551724
63,14,0.25396825396825395
63,14,0.25806451612903225
63,14,0.19047619047619047
63,14,0.23529411764705882
63,14,0.19753086419753085
63,14,0.2077922077922078
63,14,0.23529411764705882
63,14,0.2909090909090909
63,14,0.2909090909090909
63,14,0.000059172254130038426
63,14,0.1951219512195122
63,14,0.32
63,14,0.24615384615384617
63,14,0.26229508196721313
63,14,0.00006725345304447975
63,14,0.00005084643423490417
63,14,0.00015547867998600692
63,14,0.3018867924528302
63,14,0.3404255319148936
63,14,0.000054647235020680563
63,14,0.00006291880328436154
63,14,0.00016339034975746745
63,14,0.2077922077922078
63,14,0.32653061224489793
63,14,0.00007806972602405523
63,14,0.0001013408663377311
63,14,0.24615384615384617
63,14,0.000049842528760696674
63,14,0.25806451612903225
63,14,0.0001410350207585921
63,14,0.00019764798893171263
63,14,0.25806451612903225
63,14,0.2807017543859649
63,14,0.00004245450734197636
63,14,0.2857142857142857
63,14,0.41025641025641024
63,14,0.27586206896551724
63,14,0.000052734445810413075
63,14,0.24615384615384617
63,14,0.25806451612903225
63,14,0.37209302325581395
63,14,0.26666666666666666
63,14,0.27586206896551724
63,14,0.21333333333333335
63,14,0.26229508196721313
63,14,0.17777777777777778
63,14,0.36363636363636365
63,14,0.23529411764705882
63,14,0.25806451612903225
