9,2,0.011376564277588168
9,2,0.027855153203342618
9,2,0.027472527472527472
9,2,0.024096385542168676
9,2,0.013986013986013986
9,2,0.0125
9,2,0.012269938650306749
9,2,0.0099601593625498
9,2,0.016129032258064516
9,2,0.012453300124533
9,2,0.01890359168241966
9,2,0.006188118811881188
9,2,0.01984126984126984
9,2,0.014641288433382138
9,2,0.017035775127768313
18,4,0.030395136778115502
18,4,0.029411764705882353
18,4,0.024875621890547265
18,4,0.01639344262295082
18,4,0.017421602787456445
18,4,0.02849002849002849
18,4,0.024330900243309004
18,4,0.02012072434607646
18,4,0.026525198938992044
18,4,0.016556291390728478
18,4,0.02012072434607646
18,4,0.021929824561403508
18,4,0.023474178403755867
18,4,0.020833333333333332
18,4,0.020366598778004074
18,4,0.031746031746031744
18,4,0.020618556701030927
18,4,0.014598540145985401
18,4,0.029411764705882353
18,4,0.03546099290780142
18,4,0.01718213058419244
18,4,0.03076923076923077
18,4,0.012674271229404309
18,4,0.027548209366391185
18,4,0.03115264797507788
18,4,0.01818181818181818
18,4,0.02544529262086514
18,4,0.03134796238244514
18,4,0.016474464579901153
18,4,0.01937984496124031
18,4,0.019569471624266144
18,4,0.026954177897574125
18,4,0.040983606557377046
18,4,0.027700831024930747
18,4,0.03717472118959108
18,4,0.04201680672268908
18,4,0.04672897196261682
18,4,0.02145922746781116
18,4,0.026041666666666668
18,4,0.02666666666666667
18,4,0.034482758620689655
18,4,0.02481389578163772
18,4,0.04608294930875576
18,4,0.020964360587002098
18,4,0.022727272727272728
18,4,0.016556291390728478
18,4,0.04201680672268908
18,4,0.014450867052023121
18,4,0.01996007984031936
18,4,0.03194888178913738
27,6,0.02849002849002849
27,6,0.03937007874015748
27,6,0.054945054945054944
27,6,0.031446540880503145
27,6,0.03496503496503497
27,6,0.04807692307692308
27,6,0.02680965147453083
27,6,0.02577319587628866
27,6,0.031446540880503145
27,6,0.049019607843137254
27,6,0.025974025974025976
27,6,0.03636363636363636
27,6,0.02865329512893983
27,6,0.033783783783783786
27,6,0.022675736961451247
27,6,0.04975124378109453
27,6,0.05434782608695652
27,6,0.02557544757033248
27,6,0.03597122302158273
27,6,0.0211864406779661
27,6,0.03164556962025317
27,6,0.04424778761061947
27,6,0.049019607843137254
27,6,0.03773584905660377
27,6,0.026455026455026454
27,6,0.043859649122807015
27,6,0.053763440860215055
27,6,0.030120481927710843
27,6,0.027700831024930747
27,6,0.0398406374501992
27,6,0.033444816053511704
27,6,0.026455026455026454
27,6,0.049019607843137254
27,6,0.02702702702702703
27,6,0.040983606557377046
27,6,0.04854368932038835
27,6,0.06493506493506493
27,6,0.028409090909090908
27,6,0.03690036900369004
27,6,0.022321428571428572
27,6,0.04184100418410042
27,6,0.03759398496240601
27,6,0.06329113924050633
27,6,0.035211267605633804
27,6,0.020618556701030927
27,6,0.05555555555555555
27,6,0.03717472118959108
27,6,0.025906735751295335
27,6,0.024330900243309004
27,6,0.03215434083601286
36,8,0.04854368932038835
36,8,0.03003003003003003
36,8,0.047619047619047616
36,8,0.0546448087431694
36,8,0.04672897196261682
36,8,0.0398406374501992
36,8,0.04310344827586207
36,8,0.0684931506849315
36,8,0.02304147465437788
36,8,0.04926108374384237
36,8,0.07518796992481203
36,8,0.043478260869565216
36,8,0.05847953216374269
36,8,0.053763440860215055
36,8,0.04878048780487805
36,8,0.034013605442176874
36,8,0.0625
36,8,0.030303030303030304
36,8,0.02304147465437788
36,8,0.07518796992481203
36,8,0.07518796992481203
36,8,0.03225806451612903
36,8,0.07092198581560284
36,8,0.03676470588235294
36,8,0.03134796238244514
36,8,0.04716981132075472
36,8,0.11904761904761904
36,8,0.06097560975609756
36,8,0.07042253521126761
36,8,0.029850746268656716
36,8,0.041666666666666664
36,8,0.03861003861003861
36,8,0.03571428571428571
36,8,0.0684931506849315
36,8,0.078125
36,8,0.056818181818181816
36,8,0.032679738562091505
36,8,0.05154639175257732
36,8,0.044444444444444446
36,8,0.036231884057971016
36,8,0.04484304932735426
36,8,0.04504504504504504
36,8,0.053763440860215055
36,8,0.045454545454545456
36,8,0.08771929824561403
36,8,0.032679738562091505
36,8,0.09009009009009009
36,8,0.031055900621118012
36,8,0.046296296296296294
36,8,0.06802721088435375
45,10,0.0009138261902586129
45,10,0.0006601967386281112
45,10,0.002295684113865932
45,10,0.0009417082587814295
45,10,0.0011380448389666552
45,10,0.0007987858455148174
45,10,0.0008356313194618534
45,10,0.0009340556697179152
45,10,0.0006774608766343743
45,10,0.050505050505050504
45,10,0.14285714285714285
45,10,0.125
45,10,0.04926108374384237
45,10,0.07042253521126761
45,10,0.03484320557491289
45,10,0.10204081632653061
45,10,0.03731343283582089
45,10,0.057803468208092484
45,10,0.053475935828877004
45,10,0.0007246901949416625
45,10,0.0006196938712276135
45,10,0.09259259259259259
45,10,0.07246376811594203
45,10,0.0007627183281214248
45,10,0.0007455453664355476
45,10,0.0006719978496068813
45,10,0.0006291682395872657
45,10,0.0007467144563918758
45,10,0.00108038029386344
45,10,0.06896551724137931
45,10,0.07407407407407407
45,10,0.054945054945054944
45,10,0.0006595000989250148
45,10,0.0012619888944977284
45,10,0.052083333333333336
45,10,0.035842293906810034
45,10,0.040983606557377046
45,10,0.05747126436781609
45,10,0.06134969325153374
45,10,0.0007294478080093369
45,10,0.000746602956547708
45,10,0.0007816774798718049
45,10,0.0013266118333775537
45,10,0.0009068649678062936
45,10,0.0009654373431164317
45,10,0.0009672115291614276
45,10,0.0014452955629426219
45,10,0.0007859781498074353
45,10,0.036231884057971016
45,10,0.08849557522123894
54,12,0.0847457627118644
54,12,0.06289308176100629
54,12,0.09523809523809523
54,12,0.0847457627118644
54,12,0.07751937984496124
54,12,0.0684931506849315
54,12,0.08547008547008547
54,12,0.08928571428571429
54,12,0.07462686567164178
54,12,0.10526315789473684
54,12,0.09259259259259259
54,12,0.08196721311475409
54,12,0.07874015748031496
54,12,0.04184100418410042
54,12,0.10869565217391304
54,12,0.06329113924050633
54,12,0.04032258064516129
54,12,0.050761421319796954
54,12,0.06369426751592357
54,12,0.11627906976744186
54,12,0.04524886877828054
54,12,0.07874015748031496
54,12,0.055865921787709494
54,12,0.07874015748031496
54,12,0.06756756756756757
54,12,0.07407407407407407
54,12,0.09433962264150944
54,12,0.06134969325153374
54,12,0.09433962264150944
54,12,0.07518796992481203
54,12,0.09900990099009901
54,12,0.05154639175257732
54,12,0.07936507936507936
54,12,0.05405405405405406
54,12,0.04524886877828054
54,12,0.10526315789473684
54,12,0.09523809523809523
54,12,0.06578947368421052
54,12,0.10989010989010989
54,12,0.05747126436781609
54,12,0.15873015873015872
54,12,0.05917159763313609
54,12,0.055865921787709494
54,12,0.05952380952380952
54,12,0.06666666666666667
54,12,0.08547008547008547
54,12,0.05319148936170213
54,12,0.10638297872340426
54,12,0.07518796992481203
54,12,0.07042253521126761
63,14,0.0000013049160886758337
63,14,0.000001104082034178405
63,14,0.0000018664770823678204
63,14,0.0000011049185338040433
63,14,0.07751937984496124
63,14,0.05235602094240838
63,14,0.07692307692307693
63,14,0.08130081300813008
63,14,0.06622516556291391
63,14,0.000003009193084874291
63,14,0.0000014163942822429057
63,14,0.000004883470623970809
63,14,0.06993006993006994
63,14,0.05952380952380952
63,14,0.09259259259259259
63,14,0.06802721088435375
63,14,0.0000031289600901140508
63,14,0.08333333333333333
63,14,0.0000012765009576948435
63,14,0.08196721311475409
63,14,0.000002910534534219882
63,14,0.000001043133029190513
63,14,0.000001683062500525957
63,14,0.09433962264150944
63,14,0.09900990099009901
63,14,0.07042253521126761
63,14,0.10526315789473684
63,14,0.07462686567164178
63,14,0.08403361344537816
63,14,0.11235955056179775
63,14,0.0000011858312611920236
63,14,0.000003377487223810204
63,14,0.06711409395973154
63,14,0.059880239520958084
63,14,0.0000011653531194754978
63,14,0.17543859649122806
63,14,0.07575757575757576
63,14,0.10101010101010101
63,14,0.10638297872340426
63,14,0.10752688172043011
63,14,0.12345679012345678
63,14,0.06172839506172839
63,14,0.07518796992481203
63,14,0.0000011797142472556013
63,14,0.07633587786259542
63,14,0.060240963855421686
63,14,0.0000012906150090265614
63,14,0.11494252873563218
63,14,0.000001178320968033095
63,14,0.000001433617763097532
72,16,0.10869565217391304
72,16,0.11764705882352941
72,16,0.125
72,16,0.056818181818181816
72,16,0.10204081632653061
72,16,0.1
72,16,0.07518796992481203
72,16,0.09345794392523364
72,16,0.09259259259259259
72,16,0.10526315789473684
72,16,0.08695652173913043
72,16,0.08196721311475409
72,16,0.11494252873563218
72,16,0.09803921568627451
72,16,0.0970873786407767
72,16,0.10526315789473684
72,16,0.1111111111111111
72,16,0.09523809523809523
72,16,0.06896551724137931
72,16,0.07751937984496124
72,16,0.09900990099009901
72,16,0.10638297872340426
72,16,0.05154639175257732
72,16,0.09900990099009901
72,16,0.13513513513513514
72,16,0.07462686567164178
72,16,0.08695652173913043
72,16,0.14925373134328357
72,16,0.09433962264150944
72,16,0.08
72,16,0.15625
72,16,0.11764705882352941
72,16,0.09009009009009009
72,16,0.09433962264150944
72,16,0.09090909090909091
72,16,0.125
72,16,0.08403361344537816
72,16,0.11363636363636363
72,16,0.1694915254237288
72,16,0.06802721088435375
72,16,0.06578947368421052
72,16,0.1111111111111111
72,16,0.07751937984496124
72,16,0.07042253521126761
72,16,0.056179775280898875
72,16,0.06711409395973154
72,16,0.08130081300813008
72,16,0.09090909090909091
72,16,0.08547008547008547
72,16,0.09615384615384616
81,18,0.08333333333333333
81,18,0.08
81,18,0.0625
81,18,0.12658227848101267
81,18,0.125
81,18,0.1
81,18,0.11363636363636363
81,18,0.10638297872340426
81,18,0.07633587786259542
81,18,0.07936507936507936
81,18,0.1111111111111111
81,18,0.13333333333333333
81,18,0.15873015873015872
81,18,0.1282051282051282
81,18,0.11235955056179775
81,18,0.09900990099009901
81,18,0.11494252873563218
81,18,0.08849557522123894
81,18,0.10309278350515463
81,18,0.10638297872340426
81,18,0.12345679012345678
81,18,0.07518796992481203
81,18,0.11235955056179775
81,18,0.15384615384615385
81,18,0.125
81,18,0.13333333333333333
81,18,0.11627906976744186
81,18,0.08771929824561403
81,18,0.060240963855421686
81,18,0.07633587786259542
81,18,0.10101010101010101
81,18,0.12195121951219512
81,18,0.072992700729927
81,18,0.08333333333333333
81,18,0.05128205128205128
81,18,0.07518796992481203
81,18,0.08064516129032258
81,18,0.09900990099009901
81,18,0.11494252873563218
81,18,0.13513513513513514
81,18,0.09259259259259259
81,18,0.14492753623188406
81,18,0.10101010101010101
81,18,0.058823529411764705
81,18,0.07518796992481203
81,18,0.06944444444444445
81,18,0.09090909090909091
81,18,0.11764705882352941
81,18,0.12987012987012986
81,18,0.0847457627118644
90,20,0.25
90,20,0.06134969325153374
90,20,0.09803921568627451
90,20,0.08264462809917356
90,20,0.14492753623188406
90,20,0.18518518518518517
90,20,0.11363636363636363
90,20,0.20408163265306123
90,20,0.13513513513513514
90,20,0.136986301369863
90,20,0.09615384615384616
90,20,0.08403361344537816
90,20,0.10204081632653061
90,20,0.12658227848101267
90,20,0.16393442622950818
90,20,0.13157894736842105
90,20,0.08196721311475409
90,20,0.12345679012345678
90,20,0.06535947712418301
90,20,0.10309278350515463
90,20,0.06172839506172839
90,20,0.12345679012345678
90,20,0.14492753623188406
90,20,0.12658227848101267
90,20,0.10752688172043011
90,20,0.09174311926605505
90,20,0.0641025641025641
90,20,0.10752688172043011
90,20,0.1282051282051282
90,20,0.14084507042253522
90,20,0.09803921568627451
90,20,0.125
90,20,0.18181818181818182
90,20,0.09615384615384616
90,20,0.11235955056179775
90,20,0.1694915254237288
90,20,0.003352329869259135
90,20,0.0022732439190725163
90,20,0.001892147587511826
90,20,0.0018301610541727673
90,20,0.001564945226917058
90,20,0.001984126984126984
90,20,0.0027085590465872156
90,20,0.0044822949350067235
90,20,0.0014332807797047442
90,20,0.06944444444444445
90,20,0.13333333333333333
90,20,0.1
90,20,0.10869565217391304
90,20,0.1724137931034483
99,22,0.11494252873563218
99,22,0.08
99,22,0.136986301369863
99,22,0.06329113924050633
99,22,0.1724137931034483
99,22,0.09433962264150944
99,22,0.07462686567164178
99,22,0.16666666666666666
99,22,0.09174311926605505
99,22,0.12048192771084337
99,22,0.16393442622950818
99,22,0.09433962264150944
99,22,0.14925373134328357
99,22,0.18518518518518517
99,22,0.10416666666666667
99,22,0.11494252873563218
99,22,0.09615384615384616
99,22,0.14925373134328357
99,22,0.16666666666666666
99,22,0.15384615384615385
99,22,0.16393442622950818
99,22,0.1724137931034483
99,22,0.16666666666666666
99,22,0.16393442622950818
99,22,0.1388888888888889
99,22,0.19607843137254902
99,22,0.11764705882352941
99,22,0.1
99,22,0.10752688172043011
99,22,0.3225806451612903
99,22,0.14285714285714285
99,22,0.2127659574468085
99,22,0.19607843137254902
99,22,0.11627906976744186
99,22,0.09900990099009901
99,22,0.10638297872340426
99,22,0.15873015873015872
99,22,0.07692307692307693
99,22,0.19230769230769232
99,22,0.12658227848101267
99,22,0.09259259259259259
99,22,0.0847457627118644
99,22,0.08849557522123894
99,22,0.15151515151515152
99,22,0.22727272727272727
99,22,0.15384615384615385
99,22,0.21739130434782608
99,22,0.12987012987012986
99,22,0.16393442622950818
99,22,0.08403361344537816
108,24,0.12658227848101267
108,24,0.0970873786407767
108,24,0.11627906976744186
108,24,0.125
108,24,0.1
108,24,0.17857142857142858
108,24,0.08196721311475409
108,24,0.08695652173913043
108,24,0.10309278350515463
108,24,0.12195121951219512
108,24,0.06493506493506493
108,24,0.14925373134328357
108,24,0.05952380952380952
108,24,0.09090909090909091
108,24,0.11764705882352941
108,24,0.13513513513513514
108,24,0.10638297872340426
108,24,0.10752688172043011
108,24,0.13157894736842105
108,24,0.11363636363636363
108,24,0.10869565217391304
108,24,0.09615384615384616
108,24,0.08928571428571429
108,24,0.11764705882352941
108,24,0.12048192771084337
108,24,0.19607843137254902
108,24,0.12048192771084337
108,24,0.08620689655172414
108,24,0.1724137931034483
108,24,0.18181818181818182
108,24,0.15151515151515152
108,24,0.23809523809523808
108,24,0.14705882352941177
108,24,0.1282051282051282
108,24,0.16129032258064516
108,24,0.24390243902439024
108,24,0.11904761904761904
108,24,0.14492753623188406
108,24,0.15873015873015872
108,24,0.12195121951219512
108,24,0.17857142857142858
108,24,0.09900990099009901
108,24,0.13513513513513514
108,24,0.1282051282051282
108,24,0.08403361344537816
108,24,0.15384615384615385
108,24,0.14925373134328357
108,24,0.14084507042253522
108,24,0.16129032258064516
108,24,0.15873015873015872
117,26,0.17857142857142858
117,26,0.2631578947368421
117,26,0.19230769230769232
117,26,0.14492753623188406
117,26,0.17857142857142858
117,26,0.14705882352941177
117,26,0.25
117,26,0.13333333333333333
117,26,0.18181818181818182
117,26,0.12345679012345678
117,26,0.1724137931034483
117,26,0.17857142857142858
117,26,0.15151515151515152
117,26,0.12345679012345678
117,26,0.08771929824561403
117,26,0.125
117,26,0.09009009009009009
117,26,0.13157894736842105
117,26,0.1724137931034483
117,26,0.14705882352941177
117,26,0.13333333333333333
117,26,0.10989010989010989
117,26,0.23255813953488372
117,26,0.15873015873015872
117,26,0.10989010989010989
117,26,0.10309278350515463
117,26,0.10526315789473684
117,26,0.12195121951219512
117,26,0.15625
117,26,0.08264462809917356
117,26,0.19230769230769232
117,26,0.16666666666666666
117,26,0.10752688172043011
117,26,0.09345794392523364
117,26,0.12658227848101267
117,26,0.17857142857142858
117,26,0.12987012987012986
117,26,0.15625
117,26,0.14084507042253522
117,26,0.2702702702702703
117,26,0.1388888888888889
117,26,0.15873015873015872
117,26,0.19607843137254902
117,26,0.12195121951219512
117,26,0.2127659574468085
117,26,0.11494252873563218
117,26,0.18518518518518517
117,26,0.20833333333333334
117,26,0.29411764705882354
117,26,0.11363636363636363
126,28,0.14705882352941177
126,28,0.1724137931034483
126,28,0.1724137931034483
126,28,0.23255813953488372
126,28,0.2777777777777778
126,28,0.17857142857142858
126,28,0.12345679012345678
126,28,0.1388888888888889
126,28,0.17857142857142858
126,28,0.12048192771084337
126,28,0.2127659574468085
126,28,0.24390243902439024
126,28,0.11627906976744186
126,28,0.1694915254237288
126,28,0.09433962264150944
126,28,0.08620689655172414
126,28,0.16393442622950818
126,28,0.17857142857142858
126,28,0.18867924528301888
126,28,0.18181818181818182
126,28,0.2
126,28,0.20408163265306123
126,28,0.15873015873015872
126,28,0.21739130434782608
126,28,0.12987012987012986
126,28,0.12195121951219512
126,28,0.12658227848101267
126,28,0.16666666666666666
126,28,0.22727272727272727
126,28,0.18867924528301888
126,28,0.10309278350515463
126,28,0.19607843137254902
126,28,0.0000018604336187052462
126,28,0.0000017262969928251644
126,28,0.0000018160606593317188
126,28,0.0000015933015055424587
126,28,0.1111111111111111
126,28,0.23809523809523808
126,28,0.16393442622950818
126,28,0.18181818181818182
126,28,0.12658227848101267
126,28,0.000006306546068688377
126,28,0.000002158615964519261
126,28,0.0000067455354673509334
126,28,0.16666666666666666
126,28,0.19230769230769232
126,28,0.15625
126,28,0.10204081632653061
126,28,0.000004584275019826989
126,28,0.12195121951219512
135,30,0.20833333333333334
135,30,0.15384615384615385
135,30,0.11363636363636363
135,30,0.16393442622950818
135,30,0.136986301369863
135,30,0.20833333333333334
135,30,0.47619047619047616
135,30,0.12987012987012986
135,30,0.2127659574468085
135,30,0.12658227848101267
135,30,0.16129032258064516
135,30,0.14084507042253522
135,30,0.1724137931034483
135,30,0.2564102564102564
135,30,0.12195121951219512
135,30,0.30303030303030304
135,30,0.1724137931034483
135,30,0.1388888888888889
135,30,0.1694915254237288
135,30,0.12658227848101267
135,30,0.125
135,30,0.18518518518518517
135,30,0.2
135,30,0.14492753623188406
135,30,0.29411764705882354
135,30,0.14285714285714285
135,30,0.2564102564102564
135,30,0.3225806451612903
135,30,0.2631578947368421
135,30,0.16129032258064516
135,30,0.125
135,30,0.20833333333333334
135,30,0.1724137931034483
135,30,0.22727272727272727
135,30,0.12987012987012986
135,30,0.18867924528301888
135,30,0.1111111111111111
135,30,0.2777777777777778
135,30,0.3448275862068966
135,30,0.10752688172043011
135,30,0.12658227848101267
135,30,0.15873015873015872
135,30,0.12195121951219512
135,30,0.136986301369863
135,30,0.18518518518518517
135,30,0.2702702702702703
135,30,0.2222222222222222
135,30,0.30303030303030304
135,30,0.0970873786407767
135,30,0.16666666666666666
144,32,0.1282051282051282
144,32,0.12987012987012986
144,32,0.18181818181818182
144,32,0.23809523809523808
144,32,0.3225806451612903
144,32,0.09803921568627451
144,32,0.2
144,32,0.23255813953488372
144,32,0.22727272727272727
144,32,0.19230769230769232
144,32,0.15384615384615385
144,32,0.24390243902439024
144,32,0.16666666666666666
144,32,0.2564102564102564
144,32,0.16129032258064516
144,32,0.23255813953488372
144,32,0.16129032258064516
144,32,0.3333333333333333
144,32,0.1694915254237288
144,32,0.12195121951219512
144,32,0.12195121951219512
144,32,0.14492753623188406
144,32,0.1694915254237288
144,32,0.1694915254237288
144,32,0.37037037037037035
144,32,0.2127659574468085
144,32,0.16666666666666666
144,32,0.20833333333333334
144,32,0.09523809523809523
144,32,0.24390243902439024
144,32,0.14492753623188406
144,32,0.13513513513513514
144,32,0.19607843137254902
144,32,0.14492753623188406
144,32,0.15625
144,32,0.18518518518518517
144,32,0.1694915254237288
144,32,0.2222222222222222
144,32,0.17857142857142858
144,32,0.15625
144,32,0.12345679012345678
144,32,0.2222222222222222
144,32,0.1694915254237288
144,32,0.1694915254237288
144,32,0.14492753623188406
144,32,0.22727272727272727
144,32,0.16393442622950818
144,32,0.10309278350515463
144,32,0.2631578947368421
144,32,0.2
153,34,0.16393442622950818
153,34,0.19230769230769232
153,34,0.18518518518518517
153,34,0.2777777777777778
153,34,0.37037037037037035
153,34,0.13157894736842105
153,34,0.21739130434782608
153,34,0.1282051282051282
153,34,0.20833333333333334
153,34,0.20408163265306123
153,34,0.15151515151515152
153,34,0.15384615384615385
153,34,0.38461538461538464
153,34,0.13513513513513514
153,34,0.15151515151515152
153,34,0.3125
153,34,0.16129032258064516
153,34,0.18518518518518517
153,34,0.2777777777777778
153,34,0.1724137931034483
153,34,0.16393442622950818
153,34,0.125
153,34,0.11494252873563218
153,34,0.10416666666666667
153,34,0.24390243902439024
153,34,0.2777777777777778
153,34,0.2857142857142857
153,34,0.20833333333333334
153,34,0.45454545454545453
153,34,0.19607843137254902
153,34,0.1724137931034483
153,34,0.14285714285714285
153,34,0.18518518518518517
153,34,0.2777777777777778
153,34,0.19607843137254902
153,34,0.18181818181818182
153,34,0.13513513513513514
153,34,0.1388888888888889
153,34,0.1694915254237288
153,34,0.14705882352941177
153,34,0.2777777777777778
153,34,0.14285714285714285
153,34,0.22727272727272727
153,34,0.09259259259259259
153,34,0.11627906976744186
153,34,0.2564102564102564
153,34,0.15625
153,34,0.1724137931034483
153,34,0.11363636363636363
153,34,0.1694915254237288
162,36,0.3448275862068966
162,36,0.3333333333333333
162,36,0.20833333333333334
162,36,0.23809523809523808
162,36,0.14705882352941177
162,36,0.19230769230769232
162,36,0.17543859649122806
162,36,0.15873015873015872
162,36,0.19607843137254902
162,36,0.15625
162,36,0.29411764705882354
162,36,0.11627906976744186
162,36,0.22727272727272727
162,36,0.19230769230769232
162,36,0.17857142857142858
162,36,0.18181818181818182
162,36,0.24390243902439024
162,36,0.37037037037037035
162,36,0.21739130434782608
162,36,0.2127659574468085
162,36,0.18181818181818182
162,36,0.3225806451612903
162,36,0.12048192771084337
162,36,0.20408163265306123
162,36,0.16393442622950818
162,36,0.18181818181818182
162,36,0.2702702702702703
162,36,0.25
162,36,0.14705882352941177
162,36,0.18518518518518517
162,36,0.15873015873015872
162,36,0.14925373134328357
162,36,0.2127659574468085
162,36,0.2631578947368421
162,36,0.23809523809523808
162,36,0.30303030303030304
162,36,0.2
162,36,0.19607843137254902
162,36,0.19230769230769232
162,36,0.19607843137254902
162,36,0.2702702702702703
162,36,0.16393442622950818
162,36,0.12195121951219512
162,36,0.16666666666666666
162,36,0.3125
162,36,0.1694915254237288
162,36,0.13333333333333333
162,36,0.1282051282051282
162,36,0.19230769230769232
162,36,0.16666666666666666
171,38,0.22727272727272727
171,38,0.15625
171,38,0.16666666666666666
171,38,0.12345679012345678
171,38,0.15625
171,38,0.18867924528301888
171,38,0.21739130434782608
171,38,0.21739130434782608
171,38,0.35714285714285715
171,38,0.18518518518518517
171,38,0.19607843137254902
171,38,0.15625
171,38,0.13513513513513514
171,38,0.2631578947368421
171,38,0.18867924528301888
171,38,0.23809523809523808
171,38,0.17543859649122806
171,38,0.24390243902439024
171,38,0.19607843137254902
171,38,0.2631578947368421
171,38,0.3448275862068966
171,38,0.21739130434782608
171,38,0.20833333333333334
171,38,0.3225806451612903
171,38,0.3225806451612903
171,38,0.14285714285714285
171,38,0.2857142857142857
171,38,0.17543859649122806
171,38,0.1694915254237288
171,38,0.16666666666666666
171,38,0.24390243902439024
171,38,0.2564102564102564
171,38,0.16129032258064516
171,38,0.15151515151515152
171,38,0.20833333333333334
171,38,0.2127659574468085
171,38,0.24390243902439024
171,38,0.1388888888888889
171,38,0.17857142857142858
171,38,0.14925373134328357
171,38,0.24390243902439024
171,38,0.2
171,38,0.11764705882352941
171,38,0.2702702702702703
171,38,0.24390243902439024
171,38,0.20408163265306123
171,38,0.20408163265306123
171,38,0.15873015873015872
171,38,0.2222222222222222
171,38,0.2222222222222222
180,40,0.12658227848101267
180,40,0.17543859649122806
180,40,0.2702702702702703
180,40,0.2564102564102564
180,40,0.19230769230769232
180,40,0.17543859649122806
180,40,0.16129032258064516
180,40,0.15151515151515152
180,40,0.19607843137254902
180,40,0.21739130434782608
180,40,0.20408163265306123
180,40,0.2777777777777778
180,40,0.24390243902439024
180,40,0.18518518518518517
180,40,0.23255813953488372
180,40,0.2222222222222222
180,40,0.2564102564102564
180,40,0.20408163265306123
180,40,0.2564102564102564
180,40,0.14285714285714285
180,40,0.16129032258064516
180,40,0.4
180,40,0.2857142857142857
180,40,0.21739130434782608
180,40,0.20833333333333334
180,40,0.18181818181818182
180,40,0.47619047619047616
180,40,0.20833333333333334
180,40,0.17857142857142858
180,40,0.20833333333333334
180,40,0.2564102564102564
180,40,0.21739130434782608
180,40,0.2702702702702703
180,40,0.3333333333333333
180,40,0.3225806451612903
180,40,0.3125
180,40,0.1724137931034483
180,40,0.16393442622950818
180,40,0.2777777777777778
180,40,0.19607843137254902
180,40,0.21739130434782608
180,40,0.16666666666666666
180,40,0.18518518518518517
180,40,0.17857142857142858
180,40,0.14705882352941177
180,40,0.12658227848101267
180,40,0.20408163265306123
180,40,0.2
180,40,0.18518518518518517
180,40,0.2631578947368421
