20,4,0.005216484089723527,"(1, 2, 3, 4)"
20,4,0.006657789613848202,"(1, 2, 3, 9)"
20,4,0.006464124111182934,"(1, 2, 3, 14)"
20,4,0.007189072609633357,"(1, 2, 3, 19)"
20,4,0.005089058524173028,"(1, 2, 4, 8)"
20,4,0.007178750897343862,"(1, 2, 4, 13)"
20,4,0.004214075010535188,"(1, 2, 4, 18)"
20,4,0.005414185165132647,"(1, 2, 8, 9)"
20,4,0.0066181336863004635,"(1, 2, 8, 14)"
20,4,0.006958942240779402,"(1, 2, 8, 19)"
20,4,0.008156606851549755,"(1, 2, 9, 13)"
20,4,0.010775862068965518,"(1, 2, 9, 18)"
20,4,0.005243838489774515,"(1, 2, 13, 14)"
20,4,0.003837298541826554,"(1, 2, 13, 19)"
20,4,0.0029291154071470417,"(1, 2, 14, 18)"
20,4,0.0073964497041420114,"(1, 2, 18, 19)"
20,4,0.013755158184319119,"(1, 3, 4, 7)"
20,4,0.0102880658436214,"(1, 3, 4, 12)"
20,4,0.004415011037527594,"(1, 3, 4, 17)"
20,4,0.0056022408963585435,"(1, 3, 7, 9)"
20,4,0.006544502617801047,"(1, 3, 7, 14)"
20,4,0.011862396204033215,"(1, 3, 7, 19)"
20,4,0.0068212824010914054,"(1, 3, 9, 12)"
20,4,0.007304601899196494,"(1, 3, 9, 17)"
20,4,0.00794912559618442,"(1, 3, 12, 14)"
20,4,0.0077279752704791345,"(1, 3, 12, 19)"
20,4,0.0073152889539136795,"(1, 3, 14, 17)"
20,4,0.005685048322910745,"(1, 3, 17, 19)"
20,4,0.009940357852882704,"(1, 4, 7, 8)"
20,4,0.0056401579244218835,"(1, 4, 7, 13)"
20,4,0.014347202295552367,"(1, 4, 7, 18)"
20,4,0.007782101167315175,"(1, 4, 8, 12)"
20,4,0.0037078235076010383,"(1, 4, 8, 17)"
20,4,0.008051529790660225,"(1, 4, 12, 13)"
20,4,0.006963788300835654,"(1, 4, 12, 18)"
20,4,0.007905138339920948,"(1, 4, 13, 17)"
20,4,0.007757951900698216,"(1, 4, 17, 18)"
20,4,0.004803073967339097,"(1, 7, 8, 9)"
20,4,0.006544502617801047,"(1, 7, 8, 14)"
20,4,0.008064516129032258,"(1, 7, 8, 19)"
20,4,0.005555555555555556,"(1, 7, 9, 13)"
20,4,0.004217629692113032,"(1, 7, 9, 18)"
20,4,0.006535947712418301,"(1, 7, 13, 14)"
20,4,0.005305039787798408,"(1, 7, 13, 19)"
20,4,0.004288164665523156,"(1, 7, 14, 18)"
20,4,0.004269854824935952,"(1, 7, 18, 19)"
20,4,0.007739938080495356,"(1, 8, 9, 12)"
20,4,0.0057110222729868645,"(1, 8, 9, 17)"
20,4,0.005509641873278237,"(1, 8, 12, 14)"
20,4,0.004275331338178709,"(1, 8, 12, 19)"
40,8,0.01044932079414838,"(2, 4, 6, 8)"
40,8,0.01287001287001287,"(2, 4, 6, 18)"
40,8,0.010905125408942203,"(2, 4, 6, 28)"
40,8,0.00856898029134533,"(2, 4, 6, 38)"
40,8,0.02100840336134454,"(2, 4, 8, 16)"
40,8,0.012738853503184714,"(2, 4, 8, 26)"
40,8,0.011061946902654867,"(2, 4, 8, 36)"
40,8,0.02100840336134454,"(2, 4, 16, 18)"
40,8,0.008058017727639,"(2, 4, 16, 28)"
40,8,0.016286644951140065,"(2, 4, 16, 38)"
40,8,0.02247191011235955,"(2, 4, 18, 26)"
40,8,0.023980815347721823,"(2, 4, 18, 36)"
40,8,0.01152073732718894,"(2, 4, 26, 28)"
40,8,0.03460207612456748,"(2, 4, 26, 38)"
40,8,0.014025245441795231,"(2, 4, 28, 36)"
40,8,0.01059322033898305,"(2, 4, 36, 38)"
40,8,0.011750881316098707,"(2, 6, 8, 14)"
40,8,0.012121212121212121,"(2, 6, 8, 24)"
40,8,0.013003901170351105,"(2, 6, 8, 34)"
40,8,0.015313935681470138,"(2, 6, 14, 18)"
40,8,0.017857142857142856,"(2, 6, 14, 28)"
40,8,0.020202020202020204,"(2, 6, 14, 38)"
40,8,0.010548523206751054,"(2, 6, 18, 24)"
40,8,0.013020833333333334,"(2, 6, 18, 34)"
40,8,0.010905125408942203,"(2, 6, 24, 28)"
40,8,0.011273957158962795,"(2, 6, 24, 38)"
40,8,0.031746031746031744,"(2, 6, 28, 34)"
40,8,0.012531328320802004,"(2, 6, 34, 38)"
40,8,0.01122334455667789,"(2, 8, 14, 16)"
40,8,0.01023541453428864,"(2, 8, 14, 26)"
40,8,0.018656716417910446,"(2, 8, 14, 36)"
40,8,0.010330578512396695,"(2, 8, 16, 24)"
40,8,0.014903129657228018,"(2, 8, 16, 34)"
40,8,0.008857395925597875,"(2, 8, 24, 26)"
40,8,0.012515644555694618,"(2, 8, 24, 36)"
40,8,0.01,"(2, 8, 26, 34)"
40,8,0.014044943820224719,"(2, 8, 34, 36)"
40,8,0.01589825119236884,"(2, 14, 16, 18)"
40,8,0.017825311942959002,"(2, 14, 16, 28)"
40,8,0.014184397163120567,"(2, 14, 16, 38)"
40,8,0.011627906976744186,"(2, 14, 18, 26)"
40,8,0.009191176470588236,"(2, 14, 18, 36)"
40,8,0.010626992561105207,"(2, 14, 26, 28)"
40,8,0.018214936247723135,"(2, 14, 26, 38)"
40,8,0.009017132551848512,"(2, 14, 28, 36)"
40,8,0.011454753722794959,"(2, 14, 36, 38)"
40,8,0.008143322475570033,"(2, 16, 18, 24)"
40,8,0.01278772378516624,"(2, 16, 18, 34)"
40,8,0.015360983102918587,"(2, 16, 24, 28)"
40,8,0.015060240963855422,"(2, 16, 24, 38)"
60,12,0.0013187392852433075,"(1, 4, 8, 37)"
60,12,0.0008250144377526607,"(1, 4, 13, 32)"
60,12,0.0007574609907589759,"(1, 4, 13, 44)"
60,12,0.00005014642756850002,"(1, 4, 31, 46)"
60,12,0.0009746588693957114,"(1, 4, 37, 56)"
60,12,0.0014039028499227854,"(1, 5, 9, 12)"
60,12,0.0011927480916030535,"(1, 5, 24, 57)"
60,12,0.009718172983479106,"(1, 6, 11, 15)"
60,12,0.014992503748125937,"(1, 6, 11, 45)"
60,12,0.013071895424836602,"(1, 6, 41, 45)"
60,12,0.0018832391713747645,"(1, 8, 13, 52)"
60,12,0.0006507874528179097,"(1, 8, 25, 52)"
60,12,0.001567152483936687,"(1, 8, 28, 37)"
60,12,0.001440922190201729,"(1, 8, 37, 40)"
60,12,0.0009612611746611555,"(1, 8, 49, 52)"
60,12,0.001631055292774425,"(1, 9, 12, 53)"
60,12,0.0017705382436260624,"(1, 9, 17, 48)"
60,12,0.0015124016938898972,"(1, 9, 36, 53)"
60,12,0.0009243852837862821,"(1, 9, 48, 53)"
60,12,0.009389671361502348,"(1, 11, 15, 36)"
60,12,0.007535795026375283,"(1, 11, 36, 45)"
60,12,0.0013338668800853674,"(1, 12, 17, 33)"
60,12,0.0015080681646810435,"(1, 12, 29, 33)"
60,12,0.000035354678131010297,"(1, 12, 31, 46)"
60,12,0.0010996261271167802,"(1, 13, 40, 44)"
60,12,0.0009110787172011661,"(1, 13, 44, 52)"
60,12,0.00004000752141402584,"(1, 15, 30, 49)"
60,12,0.00004164150825542901,"(1, 15, 30, 57)"
60,12,0.008143322475570033,"(1, 15, 36, 41)"
60,12,0.008764241893076249,"(1, 16, 20, 55)"
60,12,0.00832639467110741,"(1, 16, 25, 50)"
60,12,0.009652509652509652,"(1, 16, 50, 55)"
60,12,0.0007952286282306163,"(1, 17, 21, 48)"
60,12,0.0021008403361344537,"(1, 17, 24, 33)"
60,12,0.001157809424568716,"(1, 17, 33, 36)"
60,12,0.001516990291262136,"(1, 17, 48, 57)"
60,12,0.027932960893854747,"(1, 20, 25, 46)"
60,12,0.0014641288433382138,"(1, 21, 24, 53)"
60,12,0.00177999288002848,"(1, 24, 33, 53)"
60,12,0.0013070186903672723,"(1, 24, 53, 57)"
60,12,0.0008965393580778196,"(1, 25, 28, 44)"
60,12,0.006802721088435374,"(1, 25, 46, 50)"
60,12,0.001444043321299639,"(1, 28, 32, 49)"
60,12,0.0011974613818704347,"(1, 28, 37, 44)"
60,12,0.0011785503830288745,"(1, 28, 44, 49)"
60,12,0.0009962143853357243,"(1, 29, 48, 57)"
60,12,0.0078064012490242,"(1, 46, 50, 55)"
60,12,0.001416029453412631,"(1, 49, 52, 56)"
60,12,0.0014363688595231256,"(2, 4, 6, 12)"
60,12,0.0009180207472688882,"(2, 4, 6, 18)"
60,12,0.0018942981625307824,"(2, 4, 6, 24)"
60,12,0.0009531071292413268,"(2, 4, 6, 42)"
60,12,0.0009724788485850433,"(2, 4, 6, 48)"
60,12,0.0024630541871921183,"(2, 4, 6, 54)"
80,16,0.0353356890459364,"(4, 8, 12, 16)"
80,16,0.024096385542168676,"(4, 8, 12, 36)"
80,16,0.03816793893129771,"(4, 8, 12, 56)"
80,16,0.02849002849002849,"(4, 8, 12, 76)"
80,16,0.02053388090349076,"(4, 8, 16, 32)"
80,16,0.03134796238244514,"(4, 8, 16, 52)"
80,16,0.02512562814070352,"(4, 8, 16, 72)"
80,16,0.017094017094017096,"(4, 8, 32, 36)"
80,16,0.026246719160104987,"(4, 8, 32, 56)"
80,16,0.05649717514124294,"(4, 8, 32, 76)"
80,16,0.022222222222222223,"(4, 8, 36, 52)"
80,16,0.016,"(4, 8, 36, 72)"
80,16,0.021834061135371178,"(4, 8, 52, 56)"
80,16,0.036231884057971016,"(4, 8, 52, 76)"
80,16,0.030303030303030304,"(4, 8, 56, 72)"
80,16,0.042735042735042736,"(4, 8, 72, 76)"
80,16,0.017361111111111112,"(4, 12, 16, 28)"
80,16,0.02457002457002457,"(4, 12, 16, 48)"
80,16,0.023923444976076555,"(4, 12, 16, 68)"
80,16,0.02207505518763797,"(4, 12, 28, 36)"
80,16,0.043668122270742356,"(4, 12, 28, 56)"
80,16,0.02188183807439825,"(4, 12, 28, 76)"
80,16,0.02262443438914027,"(4, 12, 36, 48)"
80,16,0.02518891687657431,"(4, 12, 36, 68)"
80,16,0.028735632183908046,"(4, 12, 48, 56)"
80,16,0.02109704641350211,"(4, 12, 48, 76)"
80,16,0.04524886877828054,"(4, 12, 56, 68)"
80,16,0.023094688221709007,"(4, 12, 68, 76)"
80,16,0.025906735751295335,"(4, 16, 28, 32)"
80,16,0.0364963503649635,"(4, 16, 28, 52)"
80,16,0.040983606557377046,"(4, 16, 28, 72)"
80,16,0.01893939393939394,"(4, 16, 32, 48)"
80,16,0.0228310502283105,"(4, 16, 32, 68)"
80,16,0.02577319587628866,"(4, 16, 48, 52)"
80,16,0.018484288354898338,"(4, 16, 48, 72)"
80,16,0.02252252252252252,"(4, 16, 52, 68)"
80,16,0.01675041876046901,"(4, 16, 68, 72)"
80,16,0.023980815347721823,"(4, 28, 32, 36)"
80,16,0.023696682464454975,"(4, 28, 32, 56)"
80,16,0.033783783783783786,"(4, 28, 32, 76)"
80,16,0.03367003367003367,"(4, 28, 36, 52)"
80,16,0.021551724137931036,"(4, 28, 36, 72)"
80,16,0.01451378809869376,"(4, 28, 52, 56)"
80,16,0.03333333333333333,"(4, 28, 52, 76)"
80,16,0.023474178403755867,"(4, 28, 56, 72)"
80,16,0.017152658662092625,"(4, 28, 72, 76)"
80,16,0.02457002457002457,"(4, 32, 36, 48)"
80,16,0.034013605442176874,"(4, 32, 36, 68)"
80,16,0.026881720430107527,"(4, 32, 48, 56)"
80,16,0.03003003003003003,"(4, 32, 48, 76)"
100,20,0.03597122302158273,"(5, 10, 15, 20)"
100,20,0.042735042735042736,"(5, 10, 15, 45)"
100,20,0.03367003367003367,"(5, 10, 15, 70)"
100,20,0.06993006993006994,"(5, 10, 15, 95)"
100,20,0.03937007874015748,"(5, 10, 20, 40)"
100,20,0.05319148936170213,"(5, 10, 20, 65)"
100,20,0.043478260869565216,"(5, 10, 20, 90)"
100,20,0.04,"(5, 10, 40, 45)"
100,20,0.045454545454545456,"(5, 10, 40, 70)"
100,20,0.044444444444444446,"(5, 10, 40, 95)"
100,20,0.050505050505050504,"(5, 10, 45, 65)"
100,20,0.02288329519450801,"(5, 10, 45, 90)"
100,20,0.03367003367003367,"(5, 10, 65, 70)"
100,20,0.03164556962025317,"(5, 10, 65, 95)"
100,20,0.033003300330033,"(5, 10, 70, 90)"
100,20,0.019801980198019802,"(5, 10, 90, 95)"
100,20,0.023809523809523808,"(5, 15, 20, 35)"
100,20,0.02252252252252252,"(5, 15, 20, 60)"
100,20,0.0423728813559322,"(5, 15, 20, 85)"
100,20,0.053475935828877004,"(5, 15, 35, 45)"
100,20,0.0625,"(5, 15, 35, 70)"
100,20,0.031446540880503145,"(5, 15, 35, 95)"
100,20,0.02570694087403599,"(5, 15, 45, 60)"
100,20,0.02506265664160401,"(5, 15, 45, 85)"
100,20,0.028901734104046242,"(5, 15, 60, 70)"
100,20,0.04329004329004329,"(5, 15, 60, 95)"
100,20,0.04504504504504504,"(5, 15, 70, 85)"
100,20,0.0392156862745098,"(5, 15, 85, 95)"
100,20,0.02188183807439825,"(5, 20, 35, 40)"
100,20,0.029154518950437316,"(5, 20, 35, 65)"
100,20,0.03424657534246575,"(5, 20, 35, 90)"
100,20,0.019569471624266144,"(5, 20, 40, 60)"
100,20,0.029154518950437316,"(5, 20, 40, 85)"
100,20,0.029411764705882353,"(5, 20, 60, 65)"
100,20,0.03676470588235294,"(5, 20, 60, 90)"
100,20,0.03759398496240601,"(5, 20, 65, 85)"
100,20,0.02364066193853428,"(5, 20, 85, 90)"
100,20,0.02577319587628866,"(5, 35, 40, 45)"
100,20,0.028169014084507043,"(5, 35, 40, 70)"
100,20,0.030959752321981424,"(5, 35, 40, 95)"
100,20,0.056818181818181816,"(5, 35, 45, 65)"
100,20,0.02518891687657431,"(5, 35, 45, 90)"
100,20,0.025906735751295335,"(5, 35, 65, 70)"
100,20,0.02386634844868735,"(5, 35, 65, 95)"
100,20,0.030395136778115502,"(5, 35, 70, 90)"
100,20,0.043668122270742356,"(5, 35, 90, 95)"
100,20,0.055248618784530384,"(5, 40, 45, 60)"
100,20,0.029411764705882353,"(5, 40, 45, 85)"
100,20,0.04184100418410042,"(5, 40, 60, 70)"
100,20,0.03134796238244514,"(5, 40, 60, 95)"
120,24,0.003995205753096284,"(1, 16, 25, 80)"
120,24,0.002028397565922921,"(1, 41, 96, 105)"
120,24,0.002203128442388191,"(2, 8, 16, 74)"
120,24,0.002036659877800407,"(2, 8, 26, 64)"
120,24,0.002699055330634278,"(2, 8, 26, 88)"
120,24,0.00007069286072799508,"(2, 8, 62, 92)"
120,24,0.004531037607612143,"(2, 8, 74, 112)"
120,24,0.0016268098259313486,"(2, 10, 18, 24)"
120,24,0.002607561929595828,"(2, 10, 48, 114)"
120,24,0.017513134851138354,"(2, 12, 22, 30)"
120,24,0.01607717041800643,"(2, 12, 22, 90)"
120,24,0.02557544757033248,"(2, 12, 82, 90)"
120,24,0.0027070925825663237,"(2, 16, 26, 104)"
120,24,0.0020716801325875284,"(2, 16, 50, 104)"
120,24,0.0022888532845044634,"(2, 16, 56, 74)"
120,24,0.0023245002324500234,"(2, 16, 74, 80)"
120,24,0.002472187886279357,"(2, 16, 98, 104)"
120,24,0.004559963520291838,"(2, 18, 24, 106)"
120,24,0.0037023324694557573,"(2, 18, 34, 96)"
120,24,0.0020429009193054137,"(2, 18, 72, 106)"
120,24,0.004909180166912126,"(2, 18, 96, 106)"
120,24,0.02242152466367713,"(2, 22, 30, 72)"
120,24,0.01845018450184502,"(2, 22, 72, 90)"
120,24,0.0020354162426216163,"(2, 24, 34, 66)"
120,24,0.0016361256544502618,"(2, 24, 58, 66)"
120,24,0.00007762287701431365,"(2, 24, 62, 92)"
120,24,0.0021026072329688814,"(2, 26, 80, 88)"
120,24,0.001936858415649816,"(2, 26, 88, 104)"
120,24,0.000047444181919971154,"(2, 30, 60, 98)"
120,24,0.00007631781792095,"(2, 30, 60, 114)"
120,24,0.01658374792703151,"(2, 30, 72, 82)"
120,24,0.016666666666666666,"(2, 32, 40, 110)"
120,24,0.017006802721088437,"(2, 32, 50, 100)"
120,24,0.017482517482517484,"(2, 32, 100, 110)"
120,24,0.0022680880018144706,"(2, 34, 42, 96)"
120,24,0.00355998576005696,"(2, 34, 48, 66)"
120,24,0.005336179295624333,"(2, 34, 66, 72)"
120,24,0.0034590107229332413,"(2, 34, 96, 114)"
120,24,0.015503875968992248,"(2, 40, 50, 92)"
120,24,0.002226179875333927,"(2, 42, 48, 106)"
120,24,0.00628140703517588,"(2, 48, 66, 106)"
120,24,0.002026753141467369,"(2, 48, 106, 114)"
120,24,0.0015956598053295037,"(2, 50, 56, 88)"
120,24,0.026525198938992044,"(2, 50, 92, 100)"
120,24,0.004228329809725159,"(2, 56, 64, 98)"
120,24,0.0023889154323936935,"(2, 56, 74, 88)"
120,24,0.004152823920265781,"(2, 56, 88, 98)"
120,24,0.002075119319360863,"(2, 58, 96, 114)"
120,24,0.012853470437017995,"(2, 92, 100, 110)"
120,24,0.001738828029907842,"(2, 98, 104, 112)"
140,28,0.0001951105301153103,"(4, 8, 12, 36)"
140,28,0.00021752844184377108,"(4, 8, 12, 116)"
140,28,0.00016232975666769477,"(4, 8, 16, 112)"
140,28,0.00017726096359059807,"(4, 8, 32, 96)"
140,28,0.0002564628641772671,"(4, 8, 32, 136)"
140,28,0.00028223871750726766,"(4, 8, 36, 132)"
140,28,0.00020130040058779716,"(4, 8, 52, 56)"
140,28,0.00019698611247907023,"(4, 8, 52, 116)"
140,28,0.00011875215238276194,"(4, 8, 56, 72)"
140,28,0.00009829265655562873,"(4, 8, 76, 92)"
140,28,0.00028168220613503846,"(4, 8, 92, 96)"
140,28,0.00018416206261510129,"(4, 8, 112, 136)"
140,28,0.0002655337227827934,"(4, 12, 16, 28)"
140,28,0.00022551473738808832,"(4, 12, 16, 128)"
140,28,0.00019451090233607593,"(4, 12, 28, 56)"
140,28,0.0002672439135198696,"(4, 12, 36, 88)"
140,28,0.0002463600305486438,"(4, 12, 48, 76)"
140,28,0.0002846894038603883,"(4, 12, 48, 96)"
140,28,0.0001613996578327254,"(4, 12, 56, 128)"
140,28,0.00018389113644722325,"(4, 12, 68, 76)"
140,28,0.0002007991807393426,"(4, 12, 68, 96)"
140,28,0.00016057292419352249,"(4, 12, 88, 116)"
140,28,0.0003197033153233799,"(4, 12, 108, 136)"
140,28,0.00010891110675466683,"(4, 16, 28, 92)"
140,28,0.00014619455571474518,"(4, 16, 32, 48)"
140,28,0.00019574451425998787,"(4, 16, 32, 108)"
140,28,0.000423405876873571,"(4, 16, 48, 72)"
140,28,0.0002647744122008049,"(4, 16, 52, 88)"
140,28,0.00015797039634772442,"(4, 16, 68, 72)"
140,28,0.0003863539775141985,"(4, 16, 68, 112)"
140,28,0.00018078278947844165,"(4, 16, 88, 132)"
140,28,0.00015126991090202248,"(4, 16, 128, 132)"
140,28,0.00012980101504393764,"(4, 28, 36, 52)"
140,28,0.00022664944130912717,"(4, 28, 36, 72)"
140,28,0.00023608291231880636,"(4, 28, 52, 76)"
140,28,0.00013063357282821686,"(4, 28, 56, 132)"
140,28,0.00018951238463433585,"(4, 28, 72, 96)"
140,28,0.00021565202389424424,"(4, 28, 76, 112)"
140,28,0.00018534994068801898,"(4, 28, 92, 136)"
140,28,0.00032363506909608726,"(4, 28, 96, 112)"
140,28,0.00011298796678153777,"(4, 28, 132, 136)"
140,28,0.0002823502837620352,"(4, 32, 36, 68)"
140,28,0.00018922908072512584,"(4, 32, 36, 108)"
140,28,0.00030006601452319513,"(4, 32, 48, 116)"
140,28,0.00012396181975951408,"(4, 32, 68, 116)"
140,28,0.00026593622849240754,"(4, 32, 76, 88)"
140,28,0.00027976723366159354,"(4, 32, 76, 128)"
140,28,0.00013990514431215636,"(4, 32, 88, 96)"
140,28,0.0002180882385012976,"(4, 32, 128, 136)"
140,28,0.00011167943534877488,"(4, 36, 48, 92)"
160,32,0.032467532467532464,"(8, 16, 24, 32)"
160,32,0.058823529411764705,"(8, 16, 24, 72)"
160,32,0.1,"(8, 16, 24, 112)"
160,32,0.036231884057971016,"(8, 16, 24, 152)"
160,32,0.07407407407407407,"(8, 16, 32, 64)"
160,32,0.05128205128205128,"(8, 16, 32, 104)"
160,32,0.04291845493562232,"(8, 16, 32, 144)"
160,32,0.03597122302158273,"(8, 16, 64, 72)"
160,32,0.030959752321981424,"(8, 16, 64, 112)"
160,32,0.06097560975609756,"(8, 16, 64, 152)"
160,32,0.04310344827586207,"(8, 16, 72, 104)"
160,32,0.053763440860215055,"(8, 16, 72, 144)"
160,32,0.050505050505050504,"(8, 16, 104, 112)"
160,32,0.06993006993006994,"(8, 16, 104, 152)"
160,32,0.05847953216374269,"(8, 16, 112, 144)"
160,32,0.11494252873563218,"(8, 16, 144, 152)"
160,32,0.03663003663003663,"(8, 24, 32, 56)"
160,32,0.10309278350515463,"(8, 24, 32, 96)"
160,32,0.0411522633744856,"(8, 24, 32, 136)"
160,32,0.08928571428571429,"(8, 24, 56, 72)"
160,32,0.05,"(8, 24, 56, 112)"
160,32,0.04,"(8, 24, 56, 152)"
160,32,0.0641025641025641,"(8, 24, 72, 96)"
160,32,0.03759398496240601,"(8, 24, 72, 136)"
160,32,0.046948356807511735,"(8, 24, 96, 112)"
160,32,0.10752688172043011,"(8, 24, 96, 152)"
160,32,0.08130081300813008,"(8, 24, 112, 136)"
160,32,0.041666666666666664,"(8, 24, 136, 152)"
160,32,0.05952380952380952,"(8, 32, 56, 64)"
160,32,0.06944444444444445,"(8, 32, 56, 104)"
160,32,0.06172839506172839,"(8, 32, 56, 144)"
160,32,0.038910505836575876,"(8, 32, 64, 96)"
160,32,0.041666666666666664,"(8, 32, 64, 136)"
160,32,0.08547008547008547,"(8, 32, 96, 104)"
160,32,0.050761421319796954,"(8, 32, 96, 144)"
160,32,0.05,"(8, 32, 104, 136)"
160,32,0.04048582995951417,"(8, 32, 136, 144)"
160,32,0.04201680672268908,"(8, 56, 64, 72)"
160,32,0.05102040816326531,"(8, 56, 64, 112)"
160,32,0.031746031746031744,"(8, 56, 64, 152)"
160,32,0.06535947712418301,"(8, 56, 72, 104)"
160,32,0.02493765586034913,"(8, 56, 72, 144)"
160,32,0.059880239520958084,"(8, 56, 104, 112)"
160,32,0.06289308176100629,"(8, 56, 104, 152)"
160,32,0.07246376811594203,"(8, 56, 112, 144)"
160,32,0.056818181818181816,"(8, 56, 144, 152)"
160,32,0.024330900243309004,"(8, 64, 72, 96)"
160,32,0.054945054945054944,"(8, 64, 72, 136)"
160,32,0.08333333333333333,"(8, 64, 96, 112)"
160,32,0.043859649122807015,"(8, 64, 96, 152)"
180,36,0.00727802037845706,"(3, 12, 24, 111)"
180,36,0.007199424046076314,"(3, 12, 39, 96)"
180,36,0.003536067892503536,"(3, 12, 39, 132)"
180,36,0.00011037040307271202,"(3, 12, 93, 138)"
180,36,0.0046882325363338025,"(3, 12, 111, 168)"
180,36,0.0035298270384751147,"(3, 15, 27, 36)"
180,36,0.003037667071688943,"(3, 15, 72, 171)"
180,36,0.022172949002217297,"(3, 18, 33, 45)"
180,36,0.04291845493562232,"(3, 18, 33, 135)"
180,36,0.04484304932735426,"(3, 18, 123, 135)"
180,36,0.004128819157720892,"(3, 24, 39, 156)"
180,36,0.0027122321670735015,"(3, 24, 75, 156)"
180,36,0.0037537537537537537,"(3, 24, 84, 111)"
180,36,0.0036913990402362494,"(3, 24, 111, 120)"
180,36,0.004866180048661801,"(3, 24, 147, 156)"
180,36,0.0036310820624546117,"(3, 27, 36, 159)"
180,36,0.006086427267194157,"(3, 27, 51, 144)"
180,36,0.007374631268436578,"(3, 27, 108, 159)"
180,36,0.003031221582297666,"(3, 27, 144, 159)"
180,36,0.02506265664160401,"(3, 33, 45, 108)"
180,36,0.026041666666666668,"(3, 33, 108, 135)"
180,36,0.0027210884353741495,"(3, 36, 51, 99)"
180,36,0.007936507936507936,"(3, 36, 87, 99)"
180,36,0.00009557579638532337,"(3, 36, 93, 138)"
180,36,0.0036429872495446266,"(3, 39, 120, 132)"
180,36,0.008291873963515755,"(3, 39, 132, 156)"
180,36,0.0001590710252127575,"(3, 45, 90, 147)"
180,36,0.00013949530598295366,"(3, 45, 90, 171)"
180,36,0.04310344827586207,"(3, 45, 108, 123)"
180,36,0.043859649122807015,"(3, 48, 60, 165)"
180,36,0.043668122270742356,"(3, 48, 75, 150)"
180,36,0.026455026455026454,"(3, 48, 150, 165)"
180,36,0.0041928721174004195,"(3, 51, 63, 144)"
180,36,0.0020622808826562177,"(3, 51, 72, 99)"
180,36,0.002675943270002676,"(3, 51, 99, 108)"
180,36,0.00255885363357216,"(3, 51, 144, 171)"
180,36,0.025906735751295335,"(3, 60, 75, 138)"
180,36,0.003653635367190354,"(3, 63, 72, 159)"
180,36,0.0037257824143070045,"(3, 72, 99, 159)"
180,36,0.0027677830058123443,"(3, 72, 159, 171)"
180,36,0.0021240441801189465,"(3, 75, 84, 132)"
180,36,0.036101083032490974,"(3, 75, 138, 150)"
180,36,0.0036968576709796672,"(3, 84, 96, 147)"
180,36,0.0023923444976076554,"(3, 84, 111, 132)"
180,36,0.0022988505747126436,"(3, 84, 132, 147)"
180,36,0.0038729666924864447,"(3, 87, 144, 171)"
180,36,0.02518891687657431,"(3, 138, 150, 165)"
180,36,0.005333333333333333,"(3, 147, 156, 168)"
180,36,0.0021486892995272885,"(6, 12, 18, 36)"
180,36,0.002952465308532625,"(6, 12, 18, 54)"
180,36,0.0029455081001472753,"(6, 12, 18, 72)"
180,36,0.006016847172081829,"(6, 12, 18, 126)"
180,36,0.001901863826550019,"(6, 12, 18, 144)"
180,36,0.0046816479400749065,"(6, 12, 18, 162)"
200,40,0.04830917874396135,"(10, 20, 30, 40)"
200,40,0.05181347150259067,"(10, 20, 30, 90)"
200,40,0.10101010101010101,"(10, 20, 30, 140)"
200,40,0.07042253521126761,"(10, 20, 30, 190)"
200,40,0.06535947712418301,"(10, 20, 40, 80)"
200,40,0.05917159763313609,"(10, 20, 40, 130)"
200,40,0.04672897196261682,"(10, 20, 40, 180)"
200,40,0.10869565217391304,"(10, 20, 80, 90)"
200,40,0.03257328990228013,"(10, 20, 80, 140)"
200,40,0.04716981132075472,"(10, 20, 80, 190)"
200,40,0.04329004329004329,"(10, 20, 90, 130)"
200,40,0.10638297872340426,"(10, 20, 90, 180)"
200,40,0.12195121951219512,"(10, 20, 130, 140)"
200,40,0.04950495049504951,"(10, 20, 130, 190)"
200,40,0.0390625,"(10, 20, 140, 180)"
200,40,0.13157894736842105,"(10, 20, 180, 190)"
200,40,0.05291005291005291,"(10, 30, 40, 70)"
200,40,0.10526315789473684,"(10, 30, 40, 120)"
200,40,0.06535947712418301,"(10, 30, 40, 170)"
200,40,0.07692307692307693,"(10, 30, 70, 90)"
200,40,0.11235955056179775,"(10, 30, 70, 140)"
200,40,0.040160642570281124,"(10, 30, 70, 190)"
200,40,0.06756756756756757,"(10, 30, 90, 120)"
200,40,0.04784688995215311,"(10, 30, 90, 170)"
200,40,0.06944444444444445,"(10, 30, 120, 140)"
200,40,0.12195121951219512,"(10, 30, 120, 190)"
200,40,0.046948356807511735,"(10, 30, 140, 170)"
200,40,0.049019607843137254,"(10, 30, 170, 190)"
200,40,0.10526315789473684,"(10, 40, 70, 80)"
200,40,0.07407407407407407,"(10, 40, 70, 130)"
200,40,0.059880239520958084,"(10, 40, 70, 180)"
200,40,0.055865921787709494,"(10, 40, 80, 120)"
200,40,0.056818181818181816,"(10, 40, 80, 170)"
200,40,0.03367003367003367,"(10, 40, 120, 130)"
200,40,0.10309278350515463,"(10, 40, 120, 180)"
200,40,0.06711409395973154,"(10, 40, 130, 170)"
200,40,0.031446540880503145,"(10, 40, 170, 180)"
200,40,0.029411764705882353,"(10, 70, 80, 90)"
200,40,0.046511627906976744,"(10, 70, 80, 140)"
200,40,0.09523809523809523,"(10, 70, 80, 190)"
200,40,0.05,"(10, 70, 90, 130)"
200,40,0.1111111111111111,"(10, 70, 90, 180)"
200,40,0.0684931506849315,"(10, 70, 130, 140)"
200,40,0.04405286343612335,"(10, 70, 130, 190)"
200,40,0.06060606060606061,"(10, 70, 140, 180)"
200,40,0.13513513513513514,"(10, 70, 180, 190)"
200,40,0.06060606060606061,"(10, 80, 90, 120)"
200,40,0.0546448087431694,"(10, 80, 90, 170)"
200,40,0.05291005291005291,"(10, 80, 120, 140)"
200,40,0.03076923076923077,"(10, 80, 120, 190)"
220,44,0.10309278350515463,"(11, 22, 33, 44)"
220,44,0.07092198581560284,"(11, 22, 33, 99)"
220,44,0.04065040650406504,"(11, 22, 33, 154)"
220,44,0.06756756756756757,"(11, 22, 33, 209)"
220,44,0.07518796992481203,"(11, 22, 44, 88)"
220,44,0.06535947712418301,"(11, 22, 44, 143)"
220,44,0.0364963503649635,"(11, 22, 44, 198)"
220,44,0.12048192771084337,"(11, 22, 88, 99)"
220,44,0.07092198581560284,"(11, 22, 88, 154)"
220,44,0.06711409395973154,"(11, 22, 88, 209)"
220,44,0.04739336492890995,"(11, 22, 99, 143)"
220,44,0.08064516129032258,"(11, 22, 99, 198)"
220,44,0.072992700729927,"(11, 22, 143, 154)"
220,44,0.07936507936507936,"(11, 22, 143, 209)"
220,44,0.05025125628140704,"(11, 22, 154, 198)"
220,44,0.1724137931034483,"(11, 22, 198, 209)"
220,44,0.12345679012345678,"(11, 33, 44, 77)"
220,44,0.056179775280898875,"(11, 33, 44, 132)"
220,44,0.04975124378109453,"(11, 33, 44, 187)"
220,44,0.0847457627118644,"(11, 33, 77, 99)"
220,44,0.06944444444444445,"(11, 33, 77, 154)"
220,44,0.05917159763313609,"(11, 33, 77, 209)"
220,44,0.043668122270742356,"(11, 33, 99, 132)"
220,44,0.08771929824561403,"(11, 33, 99, 187)"
220,44,0.08403361344537816,"(11, 33, 132, 154)"
220,44,0.0392156862745098,"(11, 33, 132, 209)"
220,44,0.06097560975609756,"(11, 33, 154, 187)"
220,44,0.06060606060606061,"(11, 33, 187, 209)"
220,44,0.08333333333333333,"(11, 44, 77, 88)"
220,44,0.06060606060606061,"(11, 44, 77, 143)"
220,44,0.1111111111111111,"(11, 44, 77, 198)"
220,44,0.10752688172043011,"(11, 44, 88, 132)"
220,44,0.10416666666666667,"(11, 44, 88, 187)"
220,44,0.10989010989010989,"(11, 44, 132, 143)"
220,44,0.04926108374384237,"(11, 44, 132, 198)"
220,44,0.05917159763313609,"(11, 44, 143, 187)"
220,44,0.041666666666666664,"(11, 44, 187, 198)"
220,44,0.06172839506172839,"(11, 77, 88, 99)"
220,44,0.06666666666666667,"(11, 77, 88, 154)"
220,44,0.05235602094240838,"(11, 77, 88, 209)"
220,44,0.06172839506172839,"(11, 77, 99, 143)"
220,44,0.08196721311475409,"(11, 77, 99, 198)"
220,44,0.06578947368421052,"(11, 77, 143, 154)"
220,44,0.09259259259259259,"(11, 77, 143, 209)"
220,44,0.044444444444444446,"(11, 77, 154, 198)"
220,44,0.0684931506849315,"(11, 77, 198, 209)"
220,44,0.07633587786259542,"(11, 88, 99, 132)"
220,44,0.07874015748031496,"(11, 88, 99, 187)"
220,44,0.11235955056179775,"(11, 88, 132, 154)"
220,44,0.053763440860215055,"(11, 88, 132, 209)"
240,48,0.0031645569620253164,"(2, 32, 50, 160)"
240,48,0.005047955577990914,"(2, 82, 192, 210)"
240,48,0.0038714672861014324,"(4, 16, 32, 148)"
240,48,0.0047370914258645196,"(4, 16, 52, 128)"
240,48,0.008658008658008658,"(4, 16, 52, 176)"
240,48,0.00012790831531957891,"(4, 16, 124, 184)"
240,48,0.0029806259314456036,"(4, 16, 148, 224)"
240,48,0.004101722723543888,"(4, 20, 36, 48)"
240,48,0.007107320540156361,"(4, 20, 96, 228)"
240,48,0.047619047619047616,"(4, 24, 44, 60)"
240,48,0.0411522633744856,"(4, 24, 44, 180)"
240,48,0.05714285714285714,"(4, 24, 164, 180)"
240,48,0.004805382027871216,"(4, 32, 52, 208)"
240,48,0.003685956505713233,"(4, 32, 100, 208)"
240,48,0.0036982248520710057,"(4, 32, 112, 148)"
240,48,0.005955926146515783,"(4, 32, 148, 160)"
240,48,0.002935995302407516,"(4, 32, 196, 208)"
240,48,0.00585480093676815,"(4, 36, 48, 212)"
240,48,0.009551098376313277,"(4, 36, 68, 192)"
240,48,0.005449591280653951,"(4, 36, 144, 212)"
240,48,0.004308487720809996,"(4, 36, 192, 212)"
240,48,0.029850746268656716,"(4, 44, 60, 144)"
240,48,0.03164556962025317,"(4, 44, 144, 180)"
240,48,0.005747126436781609,"(4, 48, 68, 132)"
240,48,0.004203446826397646,"(4, 48, 116, 132)"
240,48,0.00010128736237579637,"(4, 48, 124, 184)"
240,48,0.008710801393728223,"(4, 52, 160, 176)"
240,48,0.010764262648008612,"(4, 52, 176, 208)"
240,48,0.0002682403433476395,"(4, 60, 120, 196)"
240,48,0.0002241901132160072,"(4, 60, 120, 228)"
240,48,0.056818181818181816,"(4, 60, 144, 164)"
240,48,0.031055900621118012,"(4, 64, 80, 220)"
240,48,0.0353356890459364,"(4, 64, 100, 200)"
240,48,0.03663003663003663,"(4, 64, 200, 220)"
240,48,0.006035003017501509,"(4, 68, 84, 192)"
240,48,0.005005005005005005,"(4, 68, 96, 132)"
240,48,0.004260758414997869,"(4, 68, 132, 144)"
240,48,0.003070310101320233,"(4, 68, 192, 228)"
240,48,0.02247191011235955,"(4, 80, 100, 184)"
240,48,0.003885003885003885,"(4, 84, 96, 212)"
240,48,0.007407407407407408,"(4, 96, 132, 212)"
240,48,0.005055611729019211,"(4, 96, 212, 228)"
240,48,0.00429553264604811,"(4, 100, 112, 176)"
240,48,0.05434782608695652,"(4, 100, 184, 200)"
240,48,0.0059031877213695395,"(4, 112, 128, 196)"
240,48,0.005279831045406547,"(4, 112, 148, 176)"
240,48,0.005243838489774515,"(4, 112, 176, 196)"
240,48,0.005656108597285068,"(4, 116, 192, 228)"
240,48,0.06493506493506493,"(4, 184, 200, 220)"
240,48,0.006180469715698393,"(4, 196, 208, 224)"
260,52,0.0847457627118644,"(13, 26, 39, 52)"
260,52,0.12987012987012986,"(13, 26, 39, 117)"
260,52,0.10526315789473684,"(13, 26, 39, 182)"
260,52,0.056179775280898875,"(13, 26, 39, 247)"
260,52,0.1282051282051282,"(13, 26, 52, 104)"
260,52,0.06451612903225806,"(13, 26, 52, 169)"
260,52,0.08264462809917356,"(13, 26, 52, 234)"
260,52,0.09345794392523364,"(13, 26, 104, 117)"
260,52,0.09803921568627451,"(13, 26, 104, 182)"
260,52,0.14084507042253522,"(13, 26, 104, 247)"
260,52,0.08620689655172414,"(13, 26, 117, 169)"
260,52,0.0625,"(13, 26, 117, 234)"
260,52,0.06493506493506493,"(13, 26, 169, 182)"
260,52,0.1111111111111111,"(13, 26, 169, 247)"
260,52,0.08403361344537816,"(13, 26, 182, 234)"
260,52,0.06622516556291391,"(13, 26, 234, 247)"
260,52,0.07246376811594203,"(13, 39, 52, 91)"
260,52,0.09090909090909091,"(13, 39, 52, 156)"
260,52,0.0684931506849315,"(13, 39, 52, 221)"
260,52,0.1,"(13, 39, 91, 117)"
260,52,0.11904761904761904,"(13, 39, 91, 182)"
260,52,0.08771929824561403,"(13, 39, 91, 247)"
260,52,0.09009009009009009,"(13, 39, 117, 156)"
260,52,0.07874015748031496,"(13, 39, 117, 221)"
260,52,0.09803921568627451,"(13, 39, 156, 182)"
260,52,0.18518518518518517,"(13, 39, 156, 247)"
260,52,0.07092198581560284,"(13, 39, 182, 221)"
260,52,0.06756756756756757,"(13, 39, 221, 247)"
260,52,0.07142857142857142,"(13, 52, 91, 104)"
260,52,0.07142857142857142,"(13, 52, 91, 169)"
260,52,0.06802721088435375,"(13, 52, 91, 234)"
260,52,0.055865921787709494,"(13, 52, 104, 156)"
260,52,0.06060606060606061,"(13, 52, 104, 221)"
260,52,0.10638297872340426,"(13, 52, 156, 169)"
260,52,0.09433962264150944,"(13, 52, 156, 234)"
260,52,0.05952380952380952,"(13, 52, 169, 221)"
260,52,0.11904761904761904,"(13, 52, 221, 234)"
260,52,0.11627906976744186,"(13, 91, 104, 117)"
260,52,0.052083333333333336,"(13, 91, 104, 182)"
260,52,0.07633587786259542,"(13, 91, 104, 247)"
260,52,0.09009009009009009,"(13, 91, 117, 169)"
260,52,0.07518796992481203,"(13, 91, 117, 234)"
260,52,0.13513513513513514,"(13, 91, 169, 182)"
260,52,0.06369426751592357,"(13, 91, 169, 247)"
260,52,0.05952380952380952,"(13, 91, 182, 234)"
260,52,0.07874015748031496,"(13, 91, 234, 247)"
260,52,0.06289308176100629,"(13, 104, 117, 156)"
260,52,0.08695652173913043,"(13, 104, 117, 221)"
260,52,0.078125,"(13, 104, 156, 182)"
260,52,0.09900990099009901,"(13, 104, 156, 247)"
280,56,0.0005302789267154523,"(8, 16, 24, 72)"
280,56,0.00025345972524965784,"(8, 16, 24, 232)"
280,56,0.0006087168249330412,"(8, 16, 32, 224)"
280,56,0.00046667911144297183,"(8, 16, 64, 192)"
280,56,0.0003871617174493786,"(8, 16, 64, 272)"
280,56,0.0005899705014749262,"(8, 16, 72, 264)"
280,56,0.0006585879873551106,"(8, 16, 104, 112)"
280,56,0.0003085086690936015,"(8, 16, 104, 232)"
280,56,0.00038468936333910367,"(8, 16, 112, 144)"
280,56,0.00039712481632977244,"(8, 16, 152, 184)"
280,56,0.0005843510781277392,"(8, 16, 184, 192)"
280,56,0.00030762604977389483,"(8, 16, 224, 272)"
280,56,0.0003541703559412077,"(8, 24, 32, 56)"
280,56,0.00039701445132602826,"(8, 24, 32, 256)"
280,56,0.00034917420300988164,"(8, 24, 56, 112)"
280,56,0.0003831564427755853,"(8, 24, 72, 176)"
280,56,0.0004974629390110437,"(8, 24, 96, 152)"
280,56,0.00048033046736154476,"(8, 24, 96, 192)"
280,56,0.0003556693697538768,"(8, 24, 112, 256)"
280,56,0.0004405286343612335,"(8, 24, 136, 152)"
280,56,0.0004443851930853664,"(8, 24, 136, 192)"
280,56,0.0004360718646432932,"(8, 24, 176, 232)"
280,56,0.00029166423613136556,"(8, 24, 216, 272)"
280,56,0.00042022103626507544,"(8, 32, 56, 184)"
280,56,0.00048430840759395585,"(8, 32, 64, 96)"
280,56,0.0003245067497403946,"(8, 32, 64, 216)"
280,56,0.00025135732957973054,"(8, 32, 96, 144)"
280,56,0.0004460701222232135,"(8, 32, 104, 176)"
280,56,0.0005223568742164647,"(8, 32, 136, 144)"
280,56,0.00033691587210673494,"(8, 32, 136, 224)"
280,56,0.00024927088266819554,"(8, 32, 176, 264)"
280,56,0.00044678759717630236,"(8, 32, 256, 264)"
280,56,0.0003844231730288702,"(8, 56, 72, 104)"
280,56,0.0007046719751955465,"(8, 56, 72, 144)"
280,56,0.00026793130241406103,"(8, 56, 104, 152)"
280,56,0.0004768489819274236,"(8, 56, 112, 264)"
280,56,0.0003947420360794221,"(8, 56, 144, 192)"
280,56,0.0004563084645220169,"(8, 56, 152, 224)"
280,56,0.0003536192934686517,"(8, 56, 184, 272)"
280,56,0.0005204809243741217,"(8, 56, 192, 224)"
280,56,0.0004551454189613582,"(8, 56, 264, 272)"
280,56,0.0002593562777187022,"(8, 64, 72, 136)"
280,56,0.00021148355715343132,"(8, 64, 72, 216)"
280,56,0.0005771672630728385,"(8, 64, 96, 232)"
280,56,0.0004305705059203445,"(8, 64, 136, 232)"
280,56,0.0006949270326615705,"(8, 64, 152, 176)"
280,56,0.00020952500680956272,"(8, 64, 152, 256)"
280,56,0.00041076196344218524,"(8, 64, 176, 192)"
280,56,0.000321853878339234,"(8, 64, 256, 272)"
280,56,0.0002788933511825078,"(8, 72, 96, 184)"
300,60,0.00585480093676815,"(5, 20, 40, 185)"
300,60,0.007262164124909223,"(5, 20, 65, 160)"
300,60,0.005973715651135006,"(5, 20, 65, 220)"
300,60,0.0003152883311788631,"(5, 20, 155, 230)"
300,60,0.0057110222729868645,"(5, 20, 185, 280)"
300,60,0.004205214465937763,"(5, 25, 45, 60)"
300,60,0.007616146230007616,"(5, 25, 120, 285)"
300,60,0.041666666666666664,"(5, 30, 55, 75)"
300,60,0.045454545454545456,"(5, 30, 55, 225)"
300,60,0.03571428571428571,"(5, 30, 205, 225)"
300,60,0.005299417064122946,"(5, 40, 65, 260)"
300,60,0.005571030640668524,"(5, 40, 125, 260)"
300,60,0.006527415143603133,"(5, 40, 140, 185)"
300,60,0.004985044865403789,"(5, 40, 185, 200)"
300,60,0.005390835579514825,"(5, 40, 245, 260)"
300,60,0.00791765637371338,"(5, 45, 60, 265)"
300,60,0.006180469715698393,"(5, 45, 85, 240)"
300,60,0.005737234652897304,"(5, 45, 180, 265)"
300,60,0.008368200836820083,"(5, 45, 240, 265)"
300,60,0.03484320557491289,"(5, 55, 75, 180)"
300,60,0.04830917874396135,"(5, 55, 180, 225)"
300,60,0.003522367030644593,"(5, 60, 85, 165)"
300,60,0.0063411540900443885,"(5, 60, 145, 165)"
300,60,0.00016225864027259452,"(5, 60, 155, 230)"
300,60,0.006882312456985547,"(5, 65, 200, 220)"
300,60,0.00398247710075667,"(5, 65, 220, 260)"
300,60,0.00020762395149904493,"(5, 75, 150, 245)"
300,60,0.0001371817383669886,"(5, 75, 150, 285)"
300,60,0.09803921568627451,"(5, 75, 180, 205)"
300,60,0.055248618784530384,"(5, 80, 100, 275)"
300,60,0.045871559633027525,"(5, 80, 125, 250)"
300,60,0.05555555555555555,"(5, 80, 250, 275)"
300,60,0.007686395080707148,"(5, 85, 105, 240)"
300,60,0.004965243296921549,"(5, 85, 120, 165)"
300,60,0.007380073800738007,"(5, 85, 165, 180)"
300,60,0.0068775790921595595,"(5, 85, 240, 285)"
300,60,0.056179775280898875,"(5, 100, 125, 230)"
300,60,0.0058997050147492625,"(5, 105, 120, 265)"
300,60,0.00992063492063492,"(5, 120, 165, 265)"
300,60,0.01221001221001221,"(5, 120, 265, 285)"
300,60,0.006246096189881324,"(5, 125, 140, 220)"
300,60,0.07042253521126761,"(5, 125, 230, 250)"
300,60,0.003544842254519674,"(5, 140, 160, 245)"
300,60,0.005834305717619603,"(5, 140, 185, 220)"
300,60,0.007293946024799417,"(5, 140, 220, 245)"
300,60,0.0059382422802850355,"(5, 145, 240, 285)"
300,60,0.0625,"(5, 230, 250, 275)"
300,60,0.005367686527106817,"(5, 245, 260, 280)"
300,60,0.008936550491510277,"(10, 20, 30, 60)"
300,60,0.0036913990402362494,"(10, 20, 30, 90)"
300,60,0.006042296072507553,"(10, 20, 30, 120)"
300,60,0.0050025012506253125,"(10, 20, 30, 210)"
300,60,0.0048449612403100775,"(10, 20, 30, 240)"
300,60,0.004288164665523156,"(10, 20, 30, 270)"
320,64,0.053475935828877004,"(16, 32, 48, 64)"
320,64,0.05263157894736842,"(16, 32, 48, 144)"
320,64,0.05434782608695652,"(16, 32, 48, 224)"
320,64,0.08264462809917356,"(16, 32, 48, 304)"
320,64,0.05434782608695652,"(16, 32, 64, 128)"
320,64,0.09090909090909091,"(16, 32, 64, 208)"
320,64,0.08333333333333333,"(16, 32, 64, 288)"
320,64,0.15873015873015872,"(16, 32, 128, 144)"
320,64,0.11235955056179775,"(16, 32, 128, 224)"
320,64,0.19607843137254902,"(16, 32, 128, 304)"
320,64,0.07042253521126761,"(16, 32, 144, 208)"
320,64,0.07092198581560284,"(16, 32, 144, 288)"
320,64,0.08547008547008547,"(16, 32, 208, 224)"
320,64,0.12345679012345678,"(16, 32, 208, 304)"
320,64,0.08849557522123894,"(16, 32, 224, 288)"
320,64,0.05649717514124294,"(16, 32, 288, 304)"
320,64,0.09090909090909091,"(16, 48, 64, 112)"
320,64,0.09900990099009901,"(16, 48, 64, 192)"
320,64,0.13157894736842105,"(16, 48, 64, 272)"
320,64,0.07751937984496124,"(16, 48, 112, 144)"
320,64,0.08130081300813008,"(16, 48, 112, 224)"
320,64,0.15384615384615385,"(16, 48, 112, 304)"
320,64,0.06711409395973154,"(16, 48, 144, 192)"
320,64,0.07518796992481203,"(16, 48, 144, 272)"
320,64,0.08620689655172414,"(16, 48, 192, 224)"
320,64,0.07936507936507936,"(16, 48, 192, 304)"
320,64,0.13157894736842105,"(16, 48, 224, 272)"
320,64,0.09803921568627451,"(16, 48, 272, 304)"
320,64,0.11627906976744186,"(16, 64, 112, 128)"
320,64,0.08,"(16, 64, 112, 208)"
320,64,0.11904761904761904,"(16, 64, 112, 288)"
320,64,0.09174311926605505,"(16, 64, 128, 192)"
320,64,0.08130081300813008,"(16, 64, 128, 272)"
320,64,0.0970873786407767,"(16, 64, 192, 208)"
320,64,0.09345794392523364,"(16, 64, 192, 288)"
320,64,0.10101010101010101,"(16, 64, 208, 272)"
320,64,0.14285714285714285,"(16, 64, 272, 288)"
320,64,0.136986301369863,"(16, 112, 128, 144)"
320,64,0.08264462809917356,"(16, 112, 128, 224)"
320,64,0.10101010101010101,"(16, 112, 128, 304)"
320,64,0.08196721311475409,"(16, 112, 144, 208)"
320,64,0.12048192771084337,"(16, 112, 144, 288)"
320,64,0.136986301369863,"(16, 112, 208, 224)"
320,64,0.09009009009009009,"(16, 112, 208, 304)"
320,64,0.08547008547008547,"(16, 112, 224, 288)"
320,64,0.10204081632653061,"(16, 112, 288, 304)"
320,64,0.05649717514124294,"(16, 128, 144, 192)"
320,64,0.06756756756756757,"(16, 128, 144, 272)"
320,64,0.04975124378109453,"(16, 128, 192, 224)"
320,64,0.16393442622950818,"(16, 128, 192, 304)"
340,68,0.09803921568627451,"(17, 34, 51, 68)"
340,68,0.1724137931034483,"(17, 34, 51, 153)"
340,68,0.08547008547008547,"(17, 34, 51, 238)"
340,68,0.10638297872340426,"(17, 34, 51, 323)"
340,68,0.1111111111111111,"(17, 34, 68, 136)"
340,68,0.0970873786407767,"(17, 34, 68, 221)"
340,68,0.08130081300813008,"(17, 34, 68, 306)"
340,68,0.07194244604316546,"(17, 34, 136, 153)"
340,68,0.12658227848101267,"(17, 34, 136, 238)"
340,68,0.11235955056179775,"(17, 34, 136, 323)"
340,68,0.09345794392523364,"(17, 34, 153, 221)"
340,68,0.20833333333333334,"(17, 34, 153, 306)"
340,68,0.06493506493506493,"(17, 34, 221, 238)"
340,68,0.08849557522123894,"(17, 34, 221, 323)"
340,68,0.18518518518518517,"(17, 34, 238, 306)"
340,68,0.14705882352941177,"(17, 34, 306, 323)"
340,68,0.11363636363636363,"(17, 51, 68, 119)"
340,68,0.0847457627118644,"(17, 51, 68, 204)"
340,68,0.09345794392523364,"(17, 51, 68, 289)"
340,68,0.15625,"(17, 51, 119, 153)"
340,68,0.1111111111111111,"(17, 51, 119, 238)"
340,68,0.10101010101010101,"(17, 51, 119, 323)"
340,68,0.136986301369863,"(17, 51, 153, 204)"
340,68,0.12987012987012986,"(17, 51, 153, 289)"
340,68,0.08403361344537816,"(17, 51, 204, 238)"
340,68,0.12987012987012986,"(17, 51, 204, 323)"
340,68,0.09900990099009901,"(17, 51, 238, 289)"
340,68,0.14492753623188406,"(17, 51, 289, 323)"
340,68,0.09523809523809523,"(17, 68, 119, 136)"
340,68,0.10101010101010101,"(17, 68, 119, 221)"
340,68,0.1694915254237288,"(17, 68, 119, 306)"
340,68,0.08264462809917356,"(17, 68, 136, 204)"
340,68,0.10869565217391304,"(17, 68, 136, 289)"
340,68,0.19230769230769232,"(17, 68, 204, 221)"
340,68,0.22727272727272727,"(17, 68, 204, 306)"
340,68,0.11494252873563218,"(17, 68, 221, 289)"
340,68,0.14285714285714285,"(17, 68, 289, 306)"
340,68,0.08130081300813008,"(17, 119, 136, 153)"
340,68,0.07874015748031496,"(17, 119, 136, 238)"
340,68,0.12048192771084337,"(17, 119, 136, 323)"
340,68,0.09433962264150944,"(17, 119, 153, 221)"
340,68,0.13513513513513514,"(17, 119, 153, 306)"
340,68,0.09433962264150944,"(17, 119, 221, 238)"
340,68,0.08333333333333333,"(17, 119, 221, 323)"
340,68,0.20833333333333334,"(17, 119, 238, 306)"
340,68,0.09174311926605505,"(17, 119, 306, 323)"
340,68,0.11627906976744186,"(17, 136, 153, 204)"
340,68,0.2,"(17, 136, 153, 289)"
340,68,0.11904761904761904,"(17, 136, 204, 238)"
340,68,0.08695652173913043,"(17, 136, 204, 323)"
360,72,0.015432098765432098,"(3, 48, 75, 240)"
360,72,0.008223684210526315,"(3, 123, 288, 315)"
360,72,0.006788866259334691,"(6, 24, 48, 222)"
360,72,0.008237232289950576,"(6, 24, 78, 192)"
360,72,0.008605851979345954,"(6, 24, 78, 264)"
360,72,0.0002454770847141419,"(6, 24, 186, 276)"
360,72,0.008156606851549755,"(6, 24, 222, 336)"
360,72,0.00471253534401508,"(6, 30, 54, 72)"
360,72,0.011148272017837236,"(6, 30, 144, 342)"
360,72,0.06134969325153374,"(6, 36, 66, 90)"
360,72,0.056179775280898875,"(6, 36, 66, 270)"
360,72,0.07246376811594203,"(6, 36, 246, 270)"
360,72,0.008038585209003215,"(6, 48, 78, 312)"
360,72,0.008539709649871904,"(6, 48, 150, 312)"
360,72,0.006825938566552901,"(6, 48, 168, 222)"
360,72,0.013404825737265416,"(6, 48, 222, 240)"
360,72,0.00846740050804403,"(6, 48, 294, 312)"
360,72,0.0073152889539136795,"(6, 54, 72, 318)"
360,72,0.008787346221441126,"(6, 54, 102, 288)"
360,72,0.013422818791946308,"(6, 54, 216, 318)"
360,72,0.010395010395010396,"(6, 54, 288, 318)"
360,72,0.07633587786259542,"(6, 66, 90, 216)"
360,72,0.07142857142857142,"(6, 66, 216, 270)"
360,72,0.015822784810126583,"(6, 72, 102, 198)"
360,72,0.007434944237918215,"(6, 72, 174, 198)"
360,72,0.00013058921855411618,"(6, 72, 186, 276)"
360,72,0.010090817356205853,"(6, 78, 240, 264)"
360,72,0.005599104143337066,"(6, 78, 264, 312)"
360,72,0.00023497344800037595,"(6, 90, 180, 294)"
360,72,0.0001938548027527382,"(6, 90, 180, 342)"
360,72,0.03194888178913738,"(6, 90, 216, 246)"
360,72,0.09803921568627451,"(6, 96, 120, 330)"
360,72,0.04149377593360996,"(6, 96, 150, 300)"
360,72,0.05319148936170213,"(6, 96, 300, 330)"
360,72,0.009596928982725527,"(6, 102, 126, 288)"
360,72,0.004694835680751174,"(6, 102, 144, 198)"
360,72,0.007698229407236336,"(6, 102, 198, 216)"
360,72,0.0036153289949385392,"(6, 102, 288, 342)"
360,72,0.06756756756756757,"(6, 120, 150, 276)"
360,72,0.004208754208754209,"(6, 126, 144, 318)"
360,72,0.010460251046025104,"(6, 144, 198, 318)"
360,72,0.005963029218843173,"(6, 144, 318, 342)"
360,72,0.005393743257820928,"(6, 150, 168, 264)"
360,72,0.08130081300813008,"(6, 150, 276, 300)"
360,72,0.011918951132300357,"(6, 168, 192, 294)"
360,72,0.0065832784726793945,"(6, 168, 222, 264)"
360,72,0.005824111822947,"(6, 168, 264, 294)"
360,72,0.005249343832020997,"(6, 174, 288, 342)"
360,72,0.055248618784530384,"(6, 276, 300, 330)"
360,72,0.007087172218284904,"(6, 294, 312, 336)"
380,76,0.14705882352941177,"(19, 38, 57, 76)"
380,76,0.06451612903225806,"(19, 38, 57, 171)"
380,76,0.11764705882352941,"(19, 38, 57, 266)"
380,76,0.09345794392523364,"(19, 38, 57, 361)"
380,76,0.10204081632653061,"(19, 38, 76, 152)"
380,76,0.12987012987012986,"(19, 38, 76, 247)"
380,76,0.13157894736842105,"(19, 38, 76, 342)"
380,76,0.18181818181818182,"(19, 38, 152, 171)"
380,76,0.072992700729927,"(19, 38, 152, 266)"
380,76,0.11764705882352941,"(19, 38, 152, 361)"
380,76,0.13157894736842105,"(19, 38, 171, 247)"
380,76,0.1111111111111111,"(19, 38, 171, 342)"
380,76,0.14084507042253522,"(19, 38, 247, 266)"
380,76,0.12987012987012986,"(19, 38, 247, 361)"
380,76,0.18867924528301888,"(19, 38, 266, 342)"
380,76,0.08771929824561403,"(19, 38, 342, 361)"
380,76,0.07518796992481203,"(19, 57, 76, 133)"
380,76,0.15873015873015872,"(19, 57, 76, 228)"
380,76,0.078125,"(19, 57, 76, 323)"
380,76,0.08,"(19, 57, 133, 171)"
380,76,0.07751937984496124,"(19, 57, 133, 266)"
380,76,0.10752688172043011,"(19, 57, 133, 361)"
380,76,0.14705882352941177,"(19, 57, 171, 228)"
380,76,0.07194244604316546,"(19, 57, 171, 323)"
380,76,0.09090909090909091,"(19, 57, 228, 266)"
380,76,0.2857142857142857,"(19, 57, 228, 361)"
380,76,0.15873015873015872,"(19, 57, 266, 323)"
380,76,0.08771929824561403,"(19, 57, 323, 361)"
380,76,0.08547008547008547,"(19, 76, 133, 152)"
380,76,0.09803921568627451,"(19, 76, 133, 247)"
380,76,0.11363636363636363,"(19, 76, 133, 342)"
380,76,0.11363636363636363,"(19, 76, 152, 228)"
380,76,0.06896551724137931,"(19, 76, 152, 323)"
380,76,0.18518518518518517,"(19, 76, 228, 247)"
380,76,0.09009009009009009,"(19, 76, 228, 342)"
380,76,0.07518796992481203,"(19, 76, 247, 323)"
380,76,0.14492753623188406,"(19, 76, 323, 342)"
380,76,0.13333333333333333,"(19, 133, 152, 171)"
380,76,0.10204081632653061,"(19, 133, 152, 266)"
380,76,0.15384615384615385,"(19, 133, 152, 361)"
380,76,0.09433962264150944,"(19, 133, 171, 247)"
380,76,0.20833333333333334,"(19, 133, 171, 342)"
380,76,0.06060606060606061,"(19, 133, 247, 266)"
380,76,0.09900990099009901,"(19, 133, 247, 361)"
380,76,0.16393442622950818,"(19, 133, 266, 342)"
380,76,0.11235955056179775,"(19, 133, 342, 361)"
380,76,0.136986301369863,"(19, 152, 171, 228)"
380,76,0.10752688172043011,"(19, 152, 171, 323)"
380,76,0.07936507936507936,"(19, 152, 228, 266)"
380,76,0.13157894736842105,"(19, 152, 228, 361)"
400,80,0.1282051282051282,"(20, 40, 60, 80)"
400,80,0.11363636363636363,"(20, 40, 60, 180)"
400,80,0.11904761904761904,"(20, 40, 60, 280)"
400,80,0.14925373134328357,"(20, 40, 60, 380)"
400,80,0.23809523809523808,"(20, 40, 80, 160)"
400,80,0.14285714285714285,"(20, 40, 80, 260)"
400,80,0.18518518518518517,"(20, 40, 80, 360)"
400,80,0.12048192771084337,"(20, 40, 160, 180)"
400,80,0.08695652173913043,"(20, 40, 160, 280)"
400,80,0.13157894736842105,"(20, 40, 160, 380)"
400,80,0.08620689655172414,"(20, 40, 180, 260)"
400,80,0.09345794392523364,"(20, 40, 180, 360)"
400,80,0.2222222222222222,"(20, 40, 260, 280)"
400,80,0.08064516129032258,"(20, 40, 260, 380)"
400,80,0.136986301369863,"(20, 40, 280, 360)"
400,80,0.12987012987012986,"(20, 40, 360, 380)"
400,80,0.1388888888888889,"(20, 60, 80, 140)"
400,80,0.11904761904761904,"(20, 60, 80, 240)"
400,80,0.13513513513513514,"(20, 60, 80, 340)"
400,80,0.13513513513513514,"(20, 60, 140, 180)"
400,80,0.16129032258064516,"(20, 60, 140, 280)"
400,80,0.07462686567164178,"(20, 60, 140, 380)"
400,80,0.136986301369863,"(20, 60, 180, 240)"
400,80,0.1388888888888889,"(20, 60, 180, 340)"
400,80,0.14084507042253522,"(20, 60, 240, 280)"
400,80,0.11764705882352941,"(20, 60, 240, 380)"
400,80,0.14285714285714285,"(20, 60, 280, 340)"
400,80,0.09900990099009901,"(20, 60, 340, 380)"
400,80,0.10638297872340426,"(20, 80, 140, 160)"
400,80,0.08695652173913043,"(20, 80, 140, 260)"
400,80,0.12195121951219512,"(20, 80, 140, 360)"
400,80,0.17543859649122806,"(20, 80, 160, 240)"
400,80,0.11764705882352941,"(20, 80, 160, 340)"
400,80,0.14492753623188406,"(20, 80, 240, 260)"
400,80,0.08064516129032258,"(20, 80, 240, 360)"
400,80,0.25,"(20, 80, 260, 340)"
400,80,0.13157894736842105,"(20, 80, 340, 360)"
400,80,0.08928571428571429,"(20, 140, 160, 180)"
400,80,0.10752688172043011,"(20, 140, 160, 280)"
400,80,0.125,"(20, 140, 160, 380)"
400,80,0.19607843137254902,"(20, 140, 180, 260)"
400,80,0.23809523809523808,"(20, 140, 180, 360)"
400,80,0.06289308176100629,"(20, 140, 260, 280)"
400,80,0.13333333333333333,"(20, 140, 260, 380)"
400,80,0.09803921568627451,"(20, 140, 280, 360)"
400,80,0.125,"(20, 140, 360, 380)"
400,80,0.1282051282051282,"(20, 160, 180, 240)"
400,80,0.11627906976744186,"(20, 160, 180, 340)"
400,80,0.1724137931034483,"(20, 160, 240, 280)"
400,80,0.078125,"(20, 160, 240, 380)"
420,84,0.000005821701089414925,"(4, 28, 124, 252)"
420,84,0.000006448268124147217,"(4, 28, 244, 252)"
420,84,0.00270929287455974,"(4, 84, 124, 280)"
420,84,0.004420866489832007,"(4, 84, 244, 280)"
420,84,0.000007290952001475689,"(4, 88, 180, 312)"
420,84,0.000005496087884643711,"(4, 88, 300, 312)"
420,84,0.000005410142935976369,"(4, 112, 124, 336)"
420,84,0.00000886549187078723,"(4, 112, 244, 336)"
420,84,0.003181673560292714,"(4, 144, 180, 340)"
420,84,0.0019353590090961873,"(4, 144, 300, 340)"
420,84,0.0000066622695687512906,"(4, 172, 180, 396)"
420,84,0.000006740942869160995,"(4, 172, 300, 396)"
420,84,0.013812154696132596,"(7, 28, 56, 259)"
420,84,0.013227513227513227,"(7, 28, 91, 224)"
420,84,0.0077459333849728895,"(7, 28, 91, 308)"
420,84,0.00038987874770946235,"(7, 28, 217, 322)"
420,84,0.009074410163339383,"(7, 28, 259, 392)"
420,84,0.006915629322268326,"(7, 35, 63, 84)"
420,84,0.006397952655150352,"(7, 35, 168, 399)"
420,84,0.09090909090909091,"(7, 42, 77, 105)"
420,84,0.06289308176100629,"(7, 42, 77, 315)"
420,84,0.08771929824561403,"(7, 42, 287, 315)"
420,84,0.005583472920156337,"(7, 56, 91, 364)"
420,84,0.008130081300813009,"(7, 56, 175, 364)"
420,84,0.01107419712070875,"(7, 56, 196, 259)"
420,84,0.007352941176470588,"(7, 56, 259, 280)"
420,84,0.006793478260869565,"(7, 56, 343, 364)"
420,84,0.01845018450184502,"(7, 63, 84, 371)"
420,84,0.00980392156862745,"(7, 63, 119, 336)"
420,84,0.012706480304955527,"(7, 63, 252, 371)"
420,84,0.01160092807424594,"(7, 63, 336, 371)"
420,84,0.06756756756756757,"(7, 77, 105, 252)"
420,84,0.053475935828877004,"(7, 77, 252, 315)"
420,84,0.014641288433382138,"(7, 84, 119, 231)"
420,84,0.008968609865470852,"(7, 84, 203, 231)"
420,84,0.0004386542088871343,"(7, 84, 217, 322)"
420,84,0.008183306055646482,"(7, 91, 280, 308)"
420,84,0.007942811755361398,"(7, 91, 308, 364)"
420,84,0.0002269529299623258,"(7, 105, 210, 343)"
420,84,0.0003116721209287829,"(7, 105, 210, 399)"
420,84,0.06451612903225806,"(7, 105, 252, 287)"
420,84,0.08771929824561403,"(7, 112, 140, 385)"
420,84,0.10526315789473684,"(7, 112, 175, 350)"
420,84,0.06060606060606061,"(7, 112, 350, 385)"
420,84,0.009633911368015413,"(7, 119, 147, 336)"
420,84,0.006887052341597796,"(7, 119, 168, 231)"
420,84,0.0078003120124804995,"(7, 119, 231, 252)"
420,84,0.007262164124909223,"(7, 119, 336, 399)"
420,84,0.11494252873563218,"(7, 140, 175, 322)"
420,84,0.011806375442739079,"(7, 147, 168, 371)"
