12,4,0.37209302325581395
12,4,0.3076923076923077
12,4,0.2962962962962963
12,4,0.26666666666666666
12,4,0.26229508196721313
12,4,0.21333333333333335
12,4,0.2909090909090909
12,4,0.25
12,4,0.19753086419753085
12,4,0.2962962962962963
12,4,0.14545454545454545
12,4,0.35555555555555557
12,4,0.14545454545454545
12,4,0.34782608695652173
12,4,0.34782608695652173
24,8,0.47058823529411764
24,8,0.45714285714285713
24,8,0.4
24,8,0.5517241379310345
24,8,0.5
24,8,0.5
24,8,0.5
24,8,0.32
24,8,0.48484848484848486
24,8,0.3333333333333333
24,8,0.4444444444444444
24,8,0.5161290322580645
24,8,0.8
24,8,0.4444444444444444
24,8,0.5161290322580645
24,8,0.5333333333333333
24,8,0.4
24,8,0.5517241379310345
24,8,0.4444444444444444
24,8,0.4444444444444444
24,8,0.42105263157894735
24,8,0.38095238095238093
24,8,0.47058823529411764
24,8,0.5161290322580645
24,8,0.41025641025641024
24,8,0.4444444444444444
24,8,0.5714285714285714
24,8,0.5925925925925926
24,8,0.5925925925925926
24,8,0.6666666666666666
24,8,0.42105263157894735
24,8,0.5333333333333333
24,8,0.6153846153846154
24,8,0.41025641025641024
24,8,0.48484848484848486
24,8,0.6666666666666666
24,8,0.45714285714285713
24,8,0.4444444444444444
24,8,0.45714285714285713
24,8,0.48484848484848486
24,8,0.45714285714285713
24,8,0.3333333333333333
24,8,0.5161290322580645
24,8,0.42105263157894735
24,8,0.4
36,12,0.5925925925925926
36,12,0.5925925925925926
36,12,0.8
36,12,0.5714285714285714
36,12,0.5925925925925926
36,12,0.8888888888888888
36,12,0.6153846153846154
36,12,0.5714285714285714
36,12,0.7619047619047619
36,12,0.6666666666666666
36,12,0.6956521739130435
36,12,0.8
36,12,0.5333333333333333
36,12,0.5925925925925926
36,12,0.5925925925925926
36,12,0.7272727272727273
36,12,0.6666666666666666
36,12,0.6956521739130435
36,12,0.5925925925925926
36,12,0.6956521739130435
36,12,0.5517241379310345
36,12,0.6153846153846154
36,12,0.5925925925925926
36,12,0.5161290322580645
36,12,0.7619047619047619
36,12,0.5161290322580645
36,12,0.6666666666666666
36,12,0.64
36,12,0.7272727272727273
36,12,0.5714285714285714
36,12,0.5714285714285714
36,12,0.64
36,12,0.6666666666666666
36,12,0.5
36,12,0.5517241379310345
36,12,0.5517241379310345
36,12,0.5925925925925926
36,12,0.5161290322580645
36,12,0.5
36,12,0.7272727272727273
36,12,0.6666666666666666
36,12,0.6153846153846154
36,12,0.5925925925925926
36,12,0.6153846153846154
36,12,0.64
36,12,0.43243243243243246
36,12,0.7619047619047619
36,12,0.6666666666666666
36,12,0.5161290322580645
36,12,0.4444444444444444
48,16,0.7272727272727273
48,16,0.6666666666666666
48,16,0.6666666666666666
48,16,0.8888888888888888
48,16,0.8888888888888888
48,16,0.6956521739130435
48,16,0.64
48,16,0.8
48,16,0.6956521739130435
48,16,0.8421052631578947
48,16,0.7272727272727273
48,16,0.8421052631578947
48,16,0.6666666666666666
48,16,0.8888888888888888
48,16,0.64
48,16,0.7272727272727273
48,16,0.6666666666666666
48,16,0.64
48,16,0.8888888888888888
48,16,0.5161290322580645
48,16,0.8
48,16,0.6153846153846154
48,16,0.64
48,16,0.8888888888888888
48,16,0.6666666666666666
48,16,0.6153846153846154
48,16,0.7619047619047619
48,16,0.7619047619047619
48,16,0.7272727272727273
48,16,0.6666666666666666
48,16,0.7619047619047619
48,16,0.5925925925925926
48,16,0.8421052631578947
48,16,0.8
48,16,0.6956521739130435
48,16,0.8888888888888888
48,16,0.64
48,16,0.8421052631578947
48,16,0.6956521739130435
48,16,0.8
48,16,0.6666666666666666
48,16,0.6666666666666666
48,16,0.6666666666666666
48,16,0.8421052631578947
48,16,0.6153846153846154
48,16,0.7272727272727273
48,16,0.8421052631578947
48,16,0.64
48,16,0.6153846153846154
48,16,0.6956521739130435
60,20,0.8
60,20,0.8
60,20,1
60,20,0.8
60,20,0.8
60,20,0.6666666666666666
60,20,0.8421052631578947
60,20,0.8
60,20,0.8
60,20,0.8
60,20,0.8421052631578947
60,20,0.8888888888888888
60,20,0.6956521739130435
60,20,0.8
60,20,0.8
60,20,0.9411764705882353
60,20,0.8421052631578947
60,20,0.7619047619047619
60,20,0.7272727272727273
60,20,0.8
60,20,0.8
60,20,0.7619047619047619
60,20,0.9411764705882353
60,20,0.8
60,20,0.8
60,20,0.6956521739130435
60,20,0.8888888888888888
60,20,0.8421052631578947
60,20,0.7272727272727273
60,20,0.9411764705882353
60,20,0.8
60,20,0.9411764705882353
60,20,0.8421052631578947
60,20,0.8888888888888888
60,20,0.8421052631578947
60,20,0.8421052631578947
60,20,0.7619047619047619
60,20,0.6956521739130435
60,20,1
60,20,0.7619047619047619
60,20,0.7272727272727273
60,20,0.9411764705882353
60,20,0.8
60,20,0.8421052631578947
60,20,0.8
60,20,0.6956521739130435
60,20,0.7619047619047619
60,20,0.8421052631578947
60,20,0.8421052631578947
60,20,0.7619047619047619
72,24,0.7272727272727273
72,24,0.8
72,24,0.9411764705882353
72,24,0.8
72,24,0.8421052631578947
72,24,0.9411764705882353
72,24,0.8
72,24,0.9411764705882353
72,24,0.7619047619047619
72,24,0.9411764705882353
72,24,0.7619047619047619
72,24,0.7619047619047619
72,24,0.8421052631578947
72,24,0.9411764705882353
72,24,0.8888888888888888
72,24,0.9411764705882353
72,24,0.6956521739130435
72,24,0.7619047619047619
72,24,0.8888888888888888
72,24,0.8421052631578947
72,24,0.6153846153846154
72,24,0.8
72,24,0.8421052631578947
72,24,0.8888888888888888
72,24,0.8888888888888888
72,24,0.8421052631578947
72,24,0.8888888888888888
72,24,1
72,24,1
72,24,0.7619047619047619
72,24,0.8421052631578947
72,24,0.7272727272727273
72,24,0.8
72,24,0.8421052631578947
72,24,0.8888888888888888
72,24,0.9411764705882353
72,24,0.7619047619047619
72,24,0.9411764705882353
72,24,0.9411764705882353
72,24,0.8421052631578947
72,24,0.6666666666666666
72,24,0.9411764705882353
72,24,0.8421052631578947
72,24,0.9411764705882353
72,24,0.9411764705882353
72,24,0.8421052631578947
72,24,0.8888888888888888
72,24,0.8421052631578947
72,24,1
72,24,0.8421052631578947
84,28,0.7619047619047619
84,28,0.9411764705882353
84,28,0.8888888888888888
84,28,0.8888888888888888
84,28,0.8421052631578947
84,28,0.9411764705882353
84,28,0.06153846153846154
84,28,0.8421052631578947
84,28,0.8421052631578947
84,28,0.8421052631578947
84,28,0.8888888888888888
84,28,0.0963855421686747
84,28,1
84,28,0.8888888888888888
84,28,0.8888888888888888
84,28,0.7272727272727273
84,28,0.9411764705882353
84,28,0.9411764705882353
84,28,0.8888888888888888
84,28,0.9411764705882353
84,28,0.8888888888888888
84,28,0.8888888888888888
84,28,0.8888888888888888
84,28,1
84,28,0.8888888888888888
84,28,1
84,28,0.9411764705882353
84,28,0.8421052631578947
84,28,0.9411764705882353
84,28,0.7619047619047619
84,28,0.8888888888888888
84,28,0.8888888888888888
84,28,1
84,28,0.9411764705882353
84,28,1
84,28,0.8
84,28,0.8888888888888888
84,28,0.9411764705882353
84,28,0.8888888888888888
84,28,0.8
84,28,0.8421052631578947
84,28,0.8888888888888888
84,28,0.8888888888888888
84,28,0.9411764705882353
84,28,0.8
84,28,0.9411764705882353
84,28,0.8
84,28,0.8888888888888888
84,28,0.6666666666666666
84,28,1
96,32,0.9411764705882353
96,32,0.9411764705882353
96,32,0.9411764705882353
96,32,1
96,32,0.9411764705882353
96,32,1
96,32,0.8888888888888888
96,32,0.8888888888888888
96,32,0.8888888888888888
96,32,1
96,32,1
96,32,0.9411764705882353
96,32,1
96,32,1
96,32,1
96,32,0.8888888888888888
96,32,1
96,32,1
96,32,0.8421052631578947
96,32,1
96,32,0.8421052631578947
96,32,1
96,32,0.8421052631578947
96,32,1
96,32,1
96,32,1
96,32,1
96,32,0.9411764705882353
96,32,0.9411764705882353
96,32,1
96,32,1
96,32,0.8888888888888888
96,32,0.9411764705882353
96,32,0.8
96,32,0.8421052631578947
96,32,1
96,32,1
96,32,1
96,32,1
96,32,0.8888888888888888
96,32,0.8888888888888888
96,32,0.7619047619047619
96,32,0.8421052631578947
96,32,0.8888888888888888
96,32,1
96,32,0.9411764705882353
96,32,1
96,32,0.9411764705882353
96,32,0.8
96,32,0.9411764705882353
108,36,1
108,36,1
108,36,1
108,36,1
108,36,1
108,36,0.9411764705882353
108,36,1
108,36,1
108,36,1
108,36,0.8
108,36,1
108,36,1
108,36,0.8888888888888888
108,36,0.8888888888888888
108,36,1
108,36,0.8888888888888888
108,36,1
108,36,0.9411764705882353
108,36,0.9411764705882353
108,36,0.9411764705882353
108,36,1
108,36,0.9411764705882353
108,36,1
108,36,1
108,36,0.8888888888888888
108,36,1
108,36,1
108,36,1
108,36,1
108,36,0.8888888888888888
108,36,1
108,36,0.9411764705882353
108,36,0.9411764705882353
108,36,0.9411764705882353
108,36,0.8421052631578947
108,36,0.8
108,36,1
108,36,0.8888888888888888
108,36,0.8421052631578947
108,36,0.8421052631578947
108,36,0.9411764705882353
108,36,0.8888888888888888
108,36,0.8421052631578947
108,36,0.8
108,36,0.8888888888888888
108,36,1
108,36,1
108,36,0.8888888888888888
108,36,1
108,36,0.8888888888888888
120,40,1
120,40,0.8888888888888888
120,40,0.9411764705882353
120,40,0.9411764705882353
120,40,1
120,40,1
120,40,0.9411764705882353
120,40,0.9411764705882353
120,40,0.9411764705882353
120,40,0.9411764705882353
120,40,1
120,40,1
120,40,1
120,40,0.9411764705882353
120,40,1
120,40,0.9411764705882353
120,40,0.8421052631578947
120,40,0.9411764705882353
120,40,0.9411764705882353
120,40,0.9411764705882353
120,40,0.9411764705882353
120,40,1
120,40,1
120,40,0.9411764705882353
120,40,1
120,40,1
120,40,1
120,40,0.8888888888888888
120,40,0.9411764705882353
120,40,1
120,40,0.8888888888888888
120,40,0.9411764705882353
120,40,1
120,40,0.9411764705882353
120,40,0.9411764705882353
120,40,1
120,40,0.8888888888888888
120,40,0.9411764705882353
120,40,0.9411764705882353
120,40,0.9411764705882353
120,40,0.8888888888888888
120,40,1
120,40,0.9411764705882353
120,40,1
120,40,1
120,40,1
120,40,1
120,40,0.8888888888888888
120,40,0.9411764705882353
120,40,0.9411764705882353
