9,2,0.04424778761061947,6,3 2  1 1 1,8 2  1 1 0 1 1 0 1 1
9,2,0.03929273084479371,6,3 2  1 1 1,8 2  1 1 0 1 1 0 1 1
9,2,0.043478260869565216,6,3 2  1 1 1,8 2  1 1 0 1 1 0 1 1
9,2,0.03710575139146568,6,3 2  1 1 1,8 2  1 1 0 1 1 0 1 1
9,2,0.035523978685612786,6,3 2  1 1 1,8 2  1 1 0 1 1 0 1 1
18,4,0.12195121951219512,2,5 2  1 0 1 0 1,15 2  1 0 1 0 0 0 1 0 1 0 0 0 1 0 1
18,4,0.08888888888888889,2,5 2  1 0 1 0 1,15 2  1 0 1 0 0 0 1 0 1 0 0 0 1 0 1
18,4,0.0851063829787234,2,5 2  1 0 1 0 1,15 2  1 0 1 0 0 0 1 0 1 0 0 0 1 0 1
18,4,0.08547008547008547,2,5 2  1 0 1 0 1,15 2  1 0 1 0 0 0 1 0 1 0 0 0 1 0 1
18,4,0.06535947712418301,2,5 2  1 0 1 0 1,15 2  1 0 1 0 0 0 1 0 1 0 0 0 1 0 1
27,6,0.09803921568627451,4,7 2  1 0 0 1 0 0 1,22 2  1 0 0 1 0 0 0 0 0 1 0 0 1 0 0 0 0 0 1 0 0 1
27,6,0.11560693641618497,4,7 2  1 0 0 1 0 0 1,22 2  1 0 0 1 0 0 0 0 0 1 0 0 1 0 0 0 0 0 1 0 0 1
27,6,0.1834862385321101,4,7 2  1 0 0 1 0 0 1,22 2  1 0 0 1 0 0 0 0 0 1 0 0 1 0 0 0 0 0 1 0 0 1
27,6,0.10810810810810811,4,7 2  1 0 0 1 0 0 1,22 2  1 0 0 1 0 0 0 0 0 1 0 0 1 0 0 0 0 0 1 0 0 1
27,6,0.10416666666666667,4,7 2  1 0 0 1 0 0 1,22 2  1 0 0 1 0 0 0 0 0 1 0 0 1 0 0 0 0 0 1 0 0 1
36,8,0.15384615384615385,4,9 2  1 0 0 0 1 0 0 0 1,29 2  1 0 0 0 1 0 0 0 0 0 0 0 1 0 0 0 1 0 0 0 0 0 0 0 1 0 0 0 1
36,8,0.15748031496062992,4,9 2  1 0 0 0 1 0 0 0 1,29 2  1 0 0 0 1 0 0 0 0 0 0 0 1 0 0 0 1 0 0 0 0 0 0 0 1 0 0 0 1
36,8,0.19230769230769232,4,9 2  1 0 0 0 1 0 0 0 1,29 2  1 0 0 0 1 0 0 0 0 0 0 0 1 0 0 0 1 0 0 0 0 0 0 0 1 0 0 0 1
36,8,0.18018018018018017,4,9 2  1 0 0 0 1 0 0 0 1,29 2  1 0 0 0 1 0 0 0 0 0 0 0 1 0 0 0 1 0 0 0 0 0 0 0 1 0 0 0 1
36,8,0.136986301369863,4,9 2  1 0 0 0 1 0 0 0 1,29 2  1 0 0 0 1 0 0 0 0 0 0 0 1 0 0 0 1 0 0 0 0 0 0 0 1 0 0 0 1
45,10,0.00942951438000943,16,11 2  1 0 0 0 1 0 0 1 0 1 1,36 2  1 0 0 0 1 0 0 1 1 1 1 0 1 0 1 1 1 1 1 0 0 1 1 0 1 0 1 0 1 1 0 1 0 1 1 1
45,10,0.012594458438287154,10,11 2  1 1 1 0 0 1 0 0 1 1 1,36 2  1 1 0 1 1 1 1 0 1 0 0 1 1 0 0 0 1 1 1 1 0 0 0 1 1 0 0 1 0 1 1 1 1 0 1 1
45,10,0.16806722689075632,4,11 2  1 0 0 0 0 1 0 0 0 0 1,36 2  1 0 0 0 0 1 0 0 0 0 0 0 0 0 0 1 0 0 0 0 1 0 0 0 0 0 0 0 0 0 1 0 0 0 0 1
45,10,0.14925373134328357,4,11 2  1 0 0 0 0 1 0 0 0 0 1,36 2  1 0 0 0 0 1 0 0 0 0 0 0 0 0 0 1 0 0 0 0 1 0 0 0 0 0 0 0 0 0 1 0 0 0 0 1
45,10,0.00873743993010048,16,11 2  1 0 0 0 1 0 0 1 0 1 1,36 2  1 0 0 0 1 0 0 1 1 1 1 0 1 0 1 1 1 1 1 0 0 1 1 0 1 0 1 0 1 1 0 1 0 1 1 1
45,10,0.005644933672029354,16,11 2  1 1 0 1 0 0 1 0 0 0 1,36 2  1 1 1 0 1 0 1 1 0 1 0 1 0 1 1 0 0 1 1 1 1 1 0 1 0 1 1 1 1 0 0 1 0 0 0 1
45,10,0.19607843137254902,4,11 2  1 0 0 0 0 1 0 0 0 0 1,36 2  1 0 0 0 0 1 0 0 0 0 0 0 0 0 0 1 0 0 0 0 1 0 0 0 0 0 0 0 0 0 1 0 0 0 0 1
45,10,0.13986013986013987,4,11 2  1 0 0 0 0 1 0 0 0 0 1,36 2  1 0 0 0 0 1 0 0 0 0 0 0 0 0 0 1 0 0 0 0 1 0 0 0 0 0 0 0 0 0 1 0 0 0 0 1
45,10,0.145985401459854,4,11 2  1 0 0 0 0 1 0 0 0 0 1,36 2  1 0 0 0 0 1 0 0 0 0 0 0 0 0 0 1 0 0 0 0 1 0 0 0 0 0 0 0 0 0 1 0 0 0 0 1
45,10,0.0057405281285878304,10,11 2  1 1 1 0 0 1 0 0 1 1 1,36 2  1 1 0 1 1 1 1 0 1 0 0 1 1 0 0 0 1 1 1 1 0 0 0 1 1 0 0 1 0 1 1 1 1 0 1 1
45,10,0.005341880341880342,16,11 2  1 1 0 1 0 0 1 0 0 0 1,36 2  1 1 1 0 1 0 1 1 0 1 0 1 0 1 1 0 0 1 1 1 1 1 0 1 0 1 1 1 1 0 0 1 0 0 0 1
45,10,0.004867364322219518,10,11 2  1 1 1 0 0 1 0 0 1 1 1,36 2  1 1 0 1 1 1 1 0 1 0 0 1 1 0 0 0 1 1 1 1 0 0 0 1 1 0 0 1 0 1 1 1 1 0 1 1
45,10,0.011204481792717087,10,11 2  1 1 1 0 0 1 0 0 1 1 1,36 2  1 1 0 1 1 1 1 0 1 0 0 1 1 0 0 0 1 1 1 1 0 0 0 1 1 0 0 1 0 1 1 1 1 0 1 1
45,10,0.004633920296570899,16,11 2  1 0 0 0 1 0 0 1 0 1 1,36 2  1 0 0 0 1 0 0 1 1 1 1 0 1 0 1 1 1 1 1 0 0 1 1 0 1 0 1 0 1 1 0 1 0 1 1 1
45,10,0.0087070091423596,16,11 2  1 1 0 1 0 0 1 0 0 0 1,36 2  1 1 1 0 1 0 1 1 0 1 0 1 0 1 1 0 0 1 1 1 1 1 0 1 0 1 1 1 1 0 0 1 0 0 0 1
45,10,0.008389261744966443,16,11 2  1 1 0 1 0 0 1 0 0 0 1,36 2  1 1 1 0 1 0 1 1 0 1 0 1 0 1 1 0 0 1 1 1 1 1 0 1 0 1 1 1 1 0 0 1 0 0 0 1
45,10,0.006920415224913495,16,11 2  1 0 0 0 1 0 0 1 0 1 1,36 2  1 0 0 0 1 0 0 1 1 1 1 0 1 0 1 1 1 1 1 0 0 1 1 0 1 0 1 0 1 1 0 1 0 1 1 1
45,10,0.005558643690939411,10,11 2  1 1 1 0 0 1 0 0 1 1 1,36 2  1 1 0 1 1 1 1 0 1 0 0 1 1 0 0 0 1 1 1 1 0 0 0 1 1 0 0 1 0 1 1 1 1 0 1 1
