12,6,0.5
12,6,0.5714285714285714
12,6,0.5405405405405406
12,6,0.36363636363636365
12,6,0.5882352941176471
24,12,0.6896551724137931
24,12,0.8333333333333334
24,12,0.8695652173913043
24,12,0.625
24,12,0.8333333333333334
36,18,0.9523809523809523
36,18,0.9523809523809523
36,18,0.8695652173913043
36,18,0.9090909090909091
36,18,0.9523809523809523
48,24,0.9090909090909091
48,24,1
48,24,0.9523809523809523
48,24,0.8695652173913043
48,24,1
60,30,1
60,30,1
60,30,1
60,30,1
60,30,0.9523809523809523
72,36,1
72,36,0.9523809523809523
72,36,1
72,36,1
72,36,0.9523809523809523
84,42,1
84,42,1
84,42,1
84,42,1
84,42,1
96,48,1
96,48,1
