15,6,0.22727272727272727,7 2  1 0 0 1 1 1 1,"[0, 1, 2, 3, 12]"
15,6,0.273972602739726,7 2  1 0 1 1 1 0 1,"[0, 1, 2, 3, 9]"
15,6,0.26666666666666666,7 2  1 0 1 1 1 0 1,"[0, 1, 2, 4, 13]"
15,6,0.24096385542168675,7 2  1 1 1 1 0 0 1,"[0, 1, 2, 3, 6]"
15,6,0.2564102564102564,7 2  1 0 0 1 1 1 1,"[0, 1, 2, 11, 14]"
15,6,0.18867924528301888,7 2  1 0 1 1 1 0 1,"[0, 1, 2, 8, 14]"
15,6,0.28169014084507044,7 2  1 1 1 1 0 0 1,"[0, 1, 3, 8, 9]"
15,6,0.31746031746031744,7 2  1 1 1 1 0 0 1,"[0, 1, 4, 7, 11]"
15,6,0.16393442622950818,7 2  1 0 1 1 1 0 1,"[0, 1, 3, 12, 14]"
15,6,0.18867924528301888,7 2  1 0 1 1 1 0 1,"[0, 1, 4, 7, 8]"
15,6,0.20618556701030927,7 2  1 0 0 1 1 1 1,"[0, 1, 5, 9, 12]"
15,6,0.3225806451612903,7 2  1 0 0 1 1 1 1,"[0, 1, 7, 8, 13]"
15,6,0.26666666666666666,7 2  1 1 1 1 0 0 1,"[0, 1, 2, 5, 14]"
15,6,0.2222222222222222,7 2  1 0 0 1 1 1 1,"[0, 1, 6, 8, 9]"
15,6,0.25,7 2  1 1 1 1 0 0 1,"[0, 1, 4, 13, 14]"
30,12,0.5405405405405406,13 2  1 1 1 0 0 1 1 1 0 0 1 1 1,"[0, 1, 6, 11, 15]"
30,12,0.5714285714285714,13 2  1 1 1 0 0 1 1 1 0 0 1 1 1,"[0, 1, 16, 20, 25]"
30,12,0.47619047619047616,13 2  1 0 1 0 1 0 1 0 0 0 0 0 1,"[0, 2, 4, 6, 12]"
30,12,0.45454545454545453,13 2  1 0 0 0 0 0 1 0 1 0 1 0 1,"[0, 2, 4, 6, 24]"
30,12,0.37735849056603776,13 2  1 0 0 0 1 0 1 0 1 0 0 0 1,"[0, 2, 4, 6, 18]"
30,12,0.46511627906976744,13 2  1 0 0 0 1 0 1 0 1 0 0 0 1,"[0, 2, 4, 8, 26]"
30,12,0.47619047619047616,13 2  1 0 1 0 1 0 1 0 0 0 0 0 1,"[0, 2, 4, 10, 28]"
30,12,0.4444444444444444,13 2  1 0 0 0 1 0 1 0 1 0 0 0 1,"[0, 2, 4, 16, 28]"
30,12,0.38461538461538464,13 2  1 0 0 0 0 0 1 0 1 0 1 0 1,"[0, 2, 4, 22, 28]"
30,12,0.39215686274509803,13 2  1 0 1 0 1 0 1 0 0 0 0 0 1,"[0, 2, 6, 16, 18]"
30,12,0.3389830508474576,13 2  1 0 0 0 1 0 1 0 1 0 0 0 1,"[0, 2, 6, 24, 28]"
30,12,0.7692307692307693,13 2  1 1 1 0 0 1 1 1 0 0 1 1 1,"[0, 2, 5, 10, 17]"
30,12,0.46511627906976744,13 2  1 0 0 0 1 0 1 0 1 0 0 0 1,"[0, 2, 8, 14, 16]"
30,12,0.4444444444444444,13 2  1 0 1 0 1 0 1 0 0 0 0 0 1,"[0, 2, 8, 26, 28]"
30,12,0.47619047619047616,13 2  1 0 1 0 1 0 1 0 0 0 0 0 1,"[0, 2, 8, 14, 22]"
30,12,0.5555555555555556,13 2  1 0 0 0 0 0 1 0 1 0 1 0 1,"[0, 2, 10, 18, 24]"
30,12,0.43478260869565216,13 2  1 0 0 0 0 0 1 0 1 0 1 0 1,"[0, 2, 12, 16, 18]"
30,12,0.425531914893617,13 2  1 0 0 0 0 0 1 0 1 0 1 0 1,"[0, 2, 14, 16, 26]"
30,12,0.6060606060606061,13 2  1 1 1 0 0 1 1 1 0 0 1 1 1,"[0, 2, 15, 22, 27]"
30,12,0.4878048780487805,13 2  1 1 1 0 0 1 1 1 0 0 1 1 1,"[0, 3, 5, 18, 25]"
30,12,0.8,13 2  1 0 0 1 0 0 1 0 0 1 0 0 1,"[0, 3, 6, 9, 27]"
30,12,0.5714285714285714,13 2  1 0 0 1 0 0 1 0 0 1 0 0 1,"[0, 3, 6, 9, 12]"
30,12,0.6896551724137931,13 2  1 0 0 1 0 0 1 0 0 1 0 0 1,"[0, 3, 6, 12, 24]"
30,12,0.7142857142857143,13 2  1 0 0 1 0 0 1 0 0 1 0 0 1,"[0, 3, 6, 24, 27]"
30,12,0.7407407407407407,13 2  1 0 0 1 0 0 1 0 0 1 0 0 1,"[0, 3, 9, 12, 21]"
45,18,0.6451612903225806,19 2  1 0 0 0 0 0 1 0 0 1 0 0 1 0 0 0 0 0 1,"[0, 3, 6, 9, 27]"
45,18,0.6666666666666666,19 2  1 0 0 0 0 0 0 0 0 1 0 0 1 0 0 1 0 0 1,"[0, 3, 6, 9, 36]"
45,18,0.4444444444444444,19 2  1 0 0 1 0 0 1 0 0 1 0 0 0 0 0 0 0 0 1,"[0, 3, 6, 9, 18]"
45,18,0.625,19 2  1 0 0 0 0 0 1 0 0 1 0 0 1 0 0 0 0 0 1,"[0, 3, 6, 12, 39]"
45,18,0.5555555555555556,19 2  1 0 0 1 0 0 1 0 0 1 0 0 0 0 0 0 0 0 1,"[0, 3, 6, 15, 42]"
45,18,0.47619047619047616,19 2  1 0 0 0 0 0 1 0 0 1 0 0 1 0 0 0 0 0 1,"[0, 3, 6, 24, 42]"
45,18,0.5555555555555556,19 2  1 0 0 0 0 0 0 0 0 1 0 0 1 0 0 1 0 0 1,"[0, 3, 6, 33, 42]"
45,18,0.47619047619047616,19 2  1 0 0 1 0 0 1 0 0 1 0 0 0 0 0 0 0 0 1,"[0, 3, 9, 24, 27]"
45,18,0.5,19 2  1 0 0 0 0 0 1 0 0 1 0 0 1 0 0 0 0 0 1,"[0, 3, 9, 36, 42]"
45,18,0.5882352941176471,19 2  1 0 0 1 0 0 1 0 0 1 0 0 0 0 0 0 0 0 1,"[0, 3, 12, 21, 33]"
45,18,0.5555555555555556,19 2  1 0 0 0 0 0 1 0 0 1 0 0 1 0 0 0 0 0 1,"[0, 3, 12, 21, 24]"
45,18,0.425531914893617,19 2  1 0 0 1 0 0 1 0 0 1 0 0 0 0 0 0 0 0 1,"[0, 3, 12, 39, 42]"
45,18,0.7692307692307693,19 2  1 0 0 0 0 0 0 0 0 1 0 0 1 0 0 1 0 0 1,"[0, 3, 15, 27, 36]"
45,18,0.6060606060606061,19 2  1 0 0 0 0 0 0 0 0 1 0 0 1 0 0 1 0 0 1,"[0, 3, 18, 24, 27]"
45,18,0.5405405405405406,19 2  1 0 0 0 0 0 0 0 0 1 0 0 1 0 0 1 0 0 1,"[0, 3, 21, 24, 39]"
60,24,0.9090909090909091,25 2  1 0 1 0 1 0 0 0 0 0 1 0 1 0 1 0 0 0 0 0 1 0 1 0 1,"[0, 2, 12, 22, 30]"
60,24,0.625,25 2  1 0 1 0 1 0 0 0 0 0 1 0 1 0 1 0 0 0 0 0 1 0 1 0 1,"[0, 2, 32, 40, 50]"
60,24,0.8,25 2  1 0 0 0 0 0 0 0 1 0 0 0 1 0 0 0 1 0 0 0 0 0 0 0 1,"[0, 4, 8, 12, 36]"
60,24,0.6896551724137931,25 2  1 0 0 0 0 0 0 0 0 0 0 0 1 0 0 0 1 0 0 0 1 0 0 0 1,"[0, 4, 8, 12, 48]"
60,24,0.4878048780487805,25 2  1 0 0 0 1 0 0 0 1 0 0 0 1 0 0 0 0 0 0 0 0 0 0 0 1,"[0, 4, 8, 12, 24]"
60,24,0.6896551724137931,25 2  1 0 0 0 0 0 0 0 1 0 0 0 1 0 0 0 1 0 0 0 0 0 0 0 1,"[0, 4, 8, 16, 52]"
60,24,0.6451612903225806,25 2  1 0 0 0 1 0 0 0 1 0 0 0 1 0 0 0 0 0 0 0 0 0 0 0 1,"[0, 4, 8, 20, 56]"
60,24,0.5555555555555556,25 2  1 0 0 0 0 0 0 0 1 0 0 0 1 0 0 0 1 0 0 0 0 0 0 0 1,"[0, 4, 8, 32, 56]"
60,24,0.7142857142857143,25 2  1 0 0 0 0 0 0 0 0 0 0 0 1 0 0 0 1 0 0 0 1 0 0 0 1,"[0, 4, 8, 44, 56]"
60,24,0.8695652173913043,25 2  1 0 1 0 1 0 0 0 0 0 1 0 1 0 1 0 0 0 0 0 1 0 1 0 1,"[0, 4, 10, 20, 34]"
60,24,0.6666666666666666,25 2  1 0 0 0 1 0 0 0 1 0 0 0 1 0 0 0 0 0 0 0 0 0 0 0 1,"[0, 4, 12, 32, 36]"
60,24,0.5714285714285714,25 2  1 0 0 0 0 0 0 0 1 0 0 0 1 0 0 0 1 0 0 0 0 0 0 0 1,"[0, 4, 12, 48, 56]"
60,24,0.7142857142857143,25 2  1 0 0 0 0 0 0 0 1 0 0 0 1 0 0 0 1 0 0 0 0 0 0 0 1,"[0, 4, 16, 28, 32]"
60,24,0.5555555555555556,25 2  1 0 0 0 1 0 0 0 1 0 0 0 1 0 0 0 0 0 0 0 0 0 0 0 1,"[0, 4, 16, 28, 44]"
60,24,0.7692307692307693,25 2  1 0 0 0 1 0 0 0 1 0 0 0 1 0 0 0 0 0 0 0 0 0 0 0 1,"[0, 4, 16, 52, 56]"
60,24,0.8333333333333334,25 2  1 0 0 0 0 0 0 0 0 0 0 0 1 0 0 0 1 0 0 0 1 0 0 0 1,"[0, 4, 20, 36, 48]"
60,24,0.6666666666666666,25 2  1 0 0 0 0 0 0 0 0 0 0 0 1 0 0 0 1 0 0 0 1 0 0 0 1,"[0, 4, 24, 32, 36]"
60,24,0.5128205128205128,25 2  1 0 0 0 0 0 0 0 0 0 0 0 1 0 0 0 1 0 0 0 1 0 0 0 1,"[0, 4, 28, 32, 52]"
60,24,0.8333333333333334,25 2  1 0 1 0 1 0 0 0 0 0 1 0 1 0 1 0 0 0 0 0 1 0 1 0 1,"[0, 4, 30, 44, 54]"
60,24,0.8695652173913043,25 2  1 0 1 0 1 0 0 0 0 0 1 0 1 0 1 0 0 0 0 0 1 0 1 0 1,"[0, 6, 10, 36, 50]"
60,24,0.9090909090909091,25 2  1 0 0 0 0 0 1 0 0 0 0 0 1 0 0 0 0 0 1 0 0 0 0 0 1,"[0, 6, 12, 18, 24]"
60,24,0.9090909090909091,25 2  1 0 0 0 0 0 1 0 0 0 0 0 1 0 0 0 0 0 1 0 0 0 0 0 1,"[0, 6, 12, 18, 54]"
60,24,0.8695652173913043,25 2  1 0 0 0 0 0 1 0 0 0 0 0 1 0 0 0 0 0 1 0 0 0 0 0 1,"[0, 6, 12, 24, 48]"
60,24,0.8695652173913043,25 2  1 0 0 0 0 0 1 0 0 0 0 0 1 0 0 0 0 0 1 0 0 0 0 0 1,"[0, 6, 12, 48, 54]"
60,24,1,25 2  1 0 0 0 0 0 1 0 0 0 0 0 1 0 0 0 0 0 1 0 0 0 0 0 1,"[0, 6, 18, 24, 42]"
75,30,0.7692307692307693,31 2  1 0 0 0 0 1 0 0 0 0 1 0 0 0 0 1 0 0 0 0 0 0 0 0 0 0 0 0 0 0 1,"[0, 5, 10, 15, 30]"
75,30,0.6896551724137931,31 2  1 0 0 0 0 0 0 0 0 0 1 0 0 0 0 1 0 0 0 0 1 0 0 0 0 0 0 0 0 0 1,"[0, 5, 10, 15, 45]"
75,30,0.7142857142857143,31 2  1 0 0 0 0 0 0 0 0 0 0 0 0 0 0 1 0 0 0 0 1 0 0 0 0 1 0 0 0 0 1,"[0, 5, 10, 15, 60]"
75,30,0.6896551724137931,31 2  1 0 0 0 0 0 0 0 0 0 1 0 0 0 0 1 0 0 0 0 1 0 0 0 0 0 0 0 0 0 1,"[0, 5, 10, 20, 65]"
75,30,0.8,31 2  1 0 0 0 0 1 0 0 0 0 1 0 0 0 0 1 0 0 0 0 0 0 0 0 0 0 0 0 0 0 1,"[0, 5, 10, 25, 70]"
75,30,0.6666666666666666,31 2  1 0 0 0 0 0 0 0 0 0 1 0 0 0 0 1 0 0 0 0 1 0 0 0 0 0 0 0 0 0 1,"[0, 5, 10, 40, 70]"
75,30,0.6666666666666666,31 2  1 0 0 0 0 0 0 0 0 0 0 0 0 0 0 1 0 0 0 0 1 0 0 0 0 1 0 0 0 0 1,"[0, 5, 10, 55, 70]"
75,30,0.7692307692307693,31 2  1 0 0 0 0 1 0 0 0 0 1 0 0 0 0 1 0 0 0 0 0 0 0 0 0 0 0 0 0 0 1,"[0, 5, 15, 40, 45]"
75,30,0.8,31 2  1 0 0 0 0 0 0 0 0 0 1 0 0 0 0 1 0 0 0 0 1 0 0 0 0 0 0 0 0 0 1,"[0, 5, 15, 60, 70]"
75,30,0.9090909090909091,31 2  1 0 0 0 0 0 0 0 0 0 1 0 0 0 0 1 0 0 0 0 1 0 0 0 0 0 0 0 0 0 1,"[0, 5, 20, 35, 40]"
75,30,0.6060606060606061,31 2  1 0 0 0 0 1 0 0 0 0 1 0 0 0 0 1 0 0 0 0 0 0 0 0 0 0 0 0 0 0 1,"[0, 5, 20, 35, 55]"
75,30,0.6896551724137931,31 2  1 0 0 0 0 1 0 0 0 0 1 0 0 0 0 1 0 0 0 0 0 0 0 0 0 0 0 0 0 0 1,"[0, 5, 20, 65, 70]"
75,30,0.7692307692307693,31 2  1 0 0 0 0 0 0 0 0 0 0 0 0 0 0 1 0 0 0 0 1 0 0 0 0 1 0 0 0 0 1,"[0, 5, 25, 45, 60]"
75,30,0.8333333333333334,31 2  1 0 0 0 0 0 0 0 0 0 0 0 0 0 0 1 0 0 0 0 1 0 0 0 0 1 0 0 0 0 1,"[0, 5, 30, 40, 45]"
75,30,0.7407407407407407,31 2  1 0 0 0 0 0 0 0 0 0 0 0 0 0 0 1 0 0 0 0 1 0 0 0 0 1 0 0 0 0 1,"[0, 5, 35, 40, 65]"
