18,2,0.0007999040115186178,3 2  1 1 1,"[0, 1, 2, 3, 12]"
18,2,0.0006571381632988336,3 2  1 1 1,"[0, 1, 2, 4, 10]"
18,2,0.0005626828719333784,3 2  1 1 1,"[0, 1, 2, 3, 6]"
18,2,0.00046629829101676345,3 2  1 1 1,"[0, 1, 2, 3, 9]"
18,2,0.00038061164291015664,3 2  1 1 1,"[0, 1, 2, 3, 15]"
36,4,0.0017642907551164433,5 2  1 0 1 0 1,"[0, 1, 2, 4, 19]"
36,4,0.0013231013495633766,5 2  1 0 1 0 1,"[0, 1, 2, 4, 31]"
36,4,0.0013214403700033035,5 2  1 0 1 0 1,"[0, 1, 2, 4, 7]"
36,4,0.0011105558331945139,5 2  1 0 1 0 1,"[0, 1, 2, 4, 25]"
36,4,0.0008853474988933156,5 2  1 0 1 0 1,"[0, 1, 2, 4, 13]"
54,6,0.0021951487213258698,7 2  1 0 0 1 0 0 1,"[0, 1, 3, 6, 37]"
54,6,0.0017382235355466714,7 2  1 0 0 1 0 0 1,"[0, 1, 3, 6, 46]"
54,6,0.0016349219324777243,7 2  1 0 0 1 0 0 1,"[0, 1, 3, 6, 10]"
54,6,0.0016477179106936892,7 2  1 0 0 1 0 0 1,"[0, 1, 3, 6, 19]"
54,6,0.001070434596446157,7 2  1 0 0 1 0 0 1,"[0, 1, 3, 6, 28]"
72,8,0.003264240248082259,9 2  1 0 0 0 1 0 0 0 1,"[0, 1, 4, 13, 68]"
72,8,0.0026504108136761197,9 2  1 0 0 0 1 0 0 0 1,"[0, 1, 4, 13, 20]"
72,8,0.002534533012292485,9 2  1 0 0 0 1 0 0 0 1,"[0, 1, 4, 8, 25]"
72,8,0.0018233202662047588,9 2  1 0 0 0 1 0 0 0 1,"[0, 1, 4, 8, 49]"
72,8,0.0020909566126502874,9 2  1 0 0 0 1 0 0 0 1,"[0, 1, 4, 13, 44]"
