28,9,0.136986301369863
28,9,0.15873015873015872
28,9,0.11904761904761904
28,9,0.18867924528301888
28,9,0.14925373134328357
28,9,0.10752688172043011
28,9,0.21739130434782608
28,9,0.14285714285714285
28,9,0.19230769230769232
28,9,0.12048192771084337
28,9,0.19607843137254902
28,9,0.37037037037037035
28,9,0.10204081632653061
28,9,0.11904761904761904
28,9,0.21739130434782608
28,9,0.2
28,9,0.18867924528301888
28,9,0.19230769230769232
28,9,0.136986301369863
28,9,0.24390243902439024
28,9,0.09523809523809523
28,9,0.1694915254237288
28,9,0.11627906976744186
28,9,0.12658227848101267
28,9,0.12048192771084337
28,9,0.08620689655172414
28,9,0.18867924528301888
28,9,0.078125
28,9,0.11904761904761904
28,9,0.24390243902439024
56,18,0.38461538461538464
56,18,0.2127659574468085
56,18,0.2127659574468085
56,18,0.22727272727272727
56,18,0.19607843137254902
56,18,0.2777777777777778
56,18,0.20833333333333334
56,18,0.18181818181818182
56,18,0.2857142857142857
56,18,0.3333333333333333
56,18,0.25
56,18,0.25
56,18,0.3448275862068966
56,18,0.2564102564102564
56,18,0.20408163265306123
56,18,0.23809523809523808
56,18,0.2777777777777778
56,18,0.23255813953488372
56,18,0.2857142857142857
56,18,0.24390243902439024
56,18,0.29411764705882354
56,18,0.4166666666666667
56,18,0.2222222222222222
56,18,0.35714285714285715
56,18,0.2
56,18,0.2127659574468085
56,18,0.2777777777777778
56,18,0.3448275862068966
56,18,0.21739130434782608
56,18,0.3333333333333333
84,27,0.2857142857142857
84,27,0.37037037037037035
84,27,0.5263157894736842
84,27,0.3448275862068966
84,27,0.2857142857142857
84,27,0.5882352941176471
84,27,0.45454545454545453
84,27,0.3333333333333333
84,27,0.24390243902439024
84,27,0.25
84,27,0.38461538461538464
84,27,0.2777777777777778
84,27,0.2702702702702703
84,27,0.3125
84,27,0.45454545454545453
84,27,0.2777777777777778
84,27,0.4166666666666667
84,27,0.3125
84,27,0.2777777777777778
84,27,0.22727272727272727
84,27,0.2777777777777778
84,27,0.2857142857142857
84,27,0.38461538461538464
84,27,0.35714285714285715
84,27,0.38461538461538464
84,27,0.4
84,27,0.35714285714285715
84,27,0.625
84,27,0.35714285714285715
84,27,0.5263157894736842
112,36,0.5555555555555556
112,36,0.29411764705882354
112,36,0.38461538461538464
112,36,0.2631578947368421
112,36,0.30303030303030304
112,36,0.37037037037037035
112,36,0.43478260869565216
112,36,0.47619047619047616
112,36,0.47619047619047616
112,36,0.4
112,36,0.4
112,36,0.4166666666666667
112,36,0.43478260869565216
112,36,0.3225806451612903
112,36,0.37037037037037035
112,36,0.43478260869565216
112,36,0.4
112,36,0.5
112,36,0.47619047619047616
112,36,0.4
112,36,0.7142857142857143
112,36,0.29411764705882354
112,36,0.23809523809523808
112,36,0.4166666666666667
112,36,0.29411764705882354
112,36,0.4
112,36,0.37037037037037035
112,36,0.2777777777777778
