15,2,0.38095238095238093
15,2,0.64
15,2,0.4444444444444444
15,2,0.7272727272727273
15,2,0.5
15,2,0.41025641025641024
15,2,0.5161290322580645
15,2,0.41025641025641024
15,2,0.6666666666666666
15,2,0.45714285714285713
15,2,0.5925925925925926
15,2,0.47058823529411764
15,2,0.47058823529411764
15,2,0.5
15,2,0.4444444444444444
15,2,0.6956521739130435
15,2,0.5333333333333333
15,2,0.6666666666666666
15,2,0.4
15,2,0.5333333333333333
15,2,0.64
15,2,0.48484848484848486
15,2,0.45714285714285713
15,2,0.5925925925925926
15,2,0.47058823529411764
15,2,0.5161290322580645
15,2,0.5517241379310345
15,2,0.5925925925925926
15,2,0.4
15,2,0.5
15,2,0.37209302325581395
15,2,0.42105263157894735
15,2,0.48484848484848486
15,2,0.5925925925925926
15,2,0.4
15,2,0.5714285714285714
15,2,0.45714285714285713
15,2,0.5333333333333333
15,2,0.7619047619047619
15,2,0.47058823529411764
15,2,0.5714285714285714
15,2,0.4444444444444444
15,2,0.45714285714285713
15,2,0.6956521739130435
15,2,0.4444444444444444
15,2,0.45714285714285713
15,2,0.5161290322580645
15,2,0.42105263157894735
15,2,0.5
15,2,0.5714285714285714
30,4,0.6666666666666666
30,4,0.5517241379310345
30,4,0.6666666666666666
30,4,0.45714285714285713
30,4,0.5925925925925926
30,4,0.5
30,4,0.43243243243243246
30,4,0.45714285714285713
30,4,0.5
30,4,0.5161290322580645
30,4,0.6153846153846154
30,4,0.5333333333333333
30,4,0.5
30,4,0.64
30,4,0.7272727272727273
30,4,0.6666666666666666
30,4,0.6956521739130435
30,4,0.5161290322580645
30,4,0.36363636363636365
30,4,0.5333333333333333
30,4,0.38095238095238093
30,4,0.4
30,4,0.43243243243243246
30,4,0.5333333333333333
30,4,0.5517241379310345
30,4,0.47058823529411764
30,4,0.42105263157894735
30,4,0.5517241379310345
30,4,0.3902439024390244
30,4,0.5
30,4,0.47058823529411764
30,4,0.45714285714285713
30,4,0.4444444444444444
30,4,0.5333333333333333
30,4,0.5517241379310345
30,4,0.47058823529411764
30,4,0.4444444444444444
30,4,0.5161290322580645
30,4,0.5517241379310345
30,4,0.5333333333333333
30,4,0.48484848484848486
30,4,0.47058823529411764
30,4,0.42105263157894735
30,4,0.5333333333333333
30,4,0.38095238095238093
30,4,0.6153846153846154
30,4,0.48484848484848486
30,4,0.5714285714285714
30,4,0.6153846153846154
30,4,0.43243243243243246
45,6,0.47058823529411764
45,6,0.38095238095238093
45,6,0.5333333333333333
45,6,0.5161290322580645
45,6,0.5161290322580645
45,6,0.45714285714285713
45,6,0.5714285714285714
45,6,0.5517241379310345
45,6,0.41025641025641024
45,6,0.6153846153846154
45,6,0.45714285714285713
45,6,0.5714285714285714
45,6,0.38095238095238093
45,6,0.5517241379310345
45,6,0.5161290322580645
45,6,0.5714285714285714
45,6,0.5925925925925926
45,6,0.6956521739130435
45,6,0.6956521739130435
45,6,0.45714285714285713
45,6,0.35555555555555557
45,6,0.5161290322580645
45,6,0.5714285714285714
45,6,0.64
45,6,0.6153846153846154
45,6,0.3902439024390244
45,6,0.34782608695652173
45,6,0.48484848484848486
45,6,0.48484848484848486
45,6,0.4444444444444444
45,6,0.5
45,6,0.5
45,6,0.4444444444444444
45,6,0.5333333333333333
45,6,0.47058823529411764
45,6,0.5161290322580645
45,6,0.47058823529411764
45,6,0.5
45,6,0.5925925925925926
45,6,0.8
45,6,0.37209302325581395
45,6,0.5
45,6,0.45714285714285713
45,6,0.47058823529411764
45,6,0.5333333333333333
45,6,0.47058823529411764
45,6,0.45714285714285713
45,6,0.5517241379310345
45,6,0.5714285714285714
45,6,0.43243243243243246
45,6,0.48484848484848486
60,8,0.45714285714285713
60,8,0.6666666666666666
60,8,0.5
60,8,0.41025641025641024
60,8,0.5333333333333333
60,8,0.47058823529411764
60,8,0.5161290322580645
60,8,0.5714285714285714
60,8,0.48484848484848486
60,8,0.3902439024390244
60,8,0.5517241379310345
60,8,0.47058823529411764
60,8,0.6666666666666666
60,8,0.5
60,8,0.47058823529411764
60,8,0.45714285714285713
60,8,0.41025641025641024
60,8,0.48484848484848486
60,8,0.42105263157894735
60,8,0.5161290322580645
60,8,0.5333333333333333
60,8,0.6153846153846154
60,8,0.5714285714285714
60,8,0.42105263157894735
60,8,0.5333333333333333
60,8,0.5517241379310345
60,8,0.48484848484848486
60,8,0.41025641025641024
60,8,0.42105263157894735
60,8,0.42105263157894735
60,8,0.5714285714285714
60,8,0.5714285714285714
60,8,0.47058823529411764
60,8,0.3333333333333333
60,8,0.64
60,8,0.5
60,8,0.48484848484848486
60,8,0.4444444444444444
60,8,0.4444444444444444
60,8,0.41025641025641024
60,8,0.5714285714285714
60,8,0.48484848484848486
60,8,0.5517241379310345
60,8,0.4444444444444444
60,8,0.64
60,8,0.5714285714285714
60,8,0.45714285714285713
60,8,0.3902439024390244
60,8,0.4
60,8,0.6153846153846154
75,10,0.7619047619047619
75,10,0.34782608695652173
75,10,0.5925925925925926
75,10,0.48484848484848486
75,10,0.3404255319148936
75,10,0.5333333333333333
75,10,0.5
75,10,0.5161290322580645
75,10,0.5333333333333333
75,10,0.45714285714285713
75,10,0.7272727272727273
75,10,0.47058823529411764
75,10,0.47058823529411764
75,10,0.48484848484848486
75,10,0.48484848484848486
75,10,0.45714285714285713
75,10,0.42105263157894735
75,10,0.5
75,10,0.5
75,10,0.43243243243243246
75,10,0.45714285714285713
75,10,0.47058823529411764
75,10,0.37209302325581395
75,10,0.47058823529411764
75,10,0.5517241379310345
75,10,0.48484848484848486
75,10,0.37209302325581395
75,10,0.45714285714285713
75,10,0.5333333333333333
75,10,0.42105263157894735
75,10,0.5517241379310345
75,10,0.64
75,10,0.5
75,10,0.5333333333333333
75,10,0.36363636363636365
75,10,0.45714285714285713
75,10,0.5161290322580645
75,10,0.42105263157894735
75,10,0.45714285714285713
75,10,0.5
75,10,0.5
75,10,0.47058823529411764
75,10,0.5925925925925926
75,10,0.5
75,10,0.5333333333333333
75,10,0.3902439024390244
75,10,0.45714285714285713
75,10,0.5
75,10,0.4444444444444444
75,10,0.36363636363636365
90,12,0.38095238095238093
90,12,0.5161290322580645
90,12,0.48484848484848486
90,12,0.5925925925925926
90,12,0.5
90,12,0.4
90,12,0.5161290322580645
90,12,0.4444444444444444
90,12,0.5517241379310345
90,12,0.47058823529411764
90,12,0.36363636363636365
90,12,0.5925925925925926
90,12,0.5161290322580645
90,12,0.4444444444444444
90,12,0.45714285714285713
90,12,0.5
90,12,0.4444444444444444
90,12,0.5517241379310345
90,12,0.41025641025641024
90,12,0.41025641025641024
90,12,0.5517241379310345
90,12,0.47058823529411764
90,12,0.35555555555555557
90,12,0.42105263157894735
90,12,0.4444444444444444
90,12,0.5333333333333333
90,12,0.6153846153846154
90,12,0.4
90,12,0.3404255319148936
90,12,0.6666666666666666
90,12,0.4444444444444444
90,12,0.5517241379310345
90,12,0.3902439024390244
90,12,0.6153846153846154
90,12,0.5925925925925926
90,12,0.5333333333333333
90,12,0.48484848484848486
90,12,0.5714285714285714
90,12,0.43243243243243246
90,12,0.5161290322580645
90,12,0.7272727272727273
90,12,0.5714285714285714
90,12,0.6956521739130435
90,12,0.5333333333333333
90,12,0.5714285714285714
90,12,0.47058823529411764
90,12,0.5925925925925926
90,12,0.4444444444444444
90,12,0.34782608695652173
90,12,0.5
90,12,0.5517241379310345
105,14,0.5161290322580645
105,14,0.5517241379310345
105,14,0.5161290322580645
105,14,0.4444444444444444
105,14,0.4444444444444444
105,14,0.5517241379310345
105,14,0.48484848484848486
105,14,0.41025641025641024
105,14,0.41025641025641024
105,14,0.4
105,14,0.5161290322580645
105,14,0.5517241379310345
105,14,0.45714285714285713
105,14,0.3137254901960784
105,14,0.47058823529411764
105,14,0.5517241379310345
105,14,0.5161290322580645
105,14,0.4444444444444444
105,14,0.5333333333333333
105,14,0.41025641025641024
105,14,0.5714285714285714
105,14,0.38095238095238093
105,14,0.45714285714285713
105,14,0.6666666666666666
105,14,0.5517241379310345
105,14,0.5
105,14,0.5333333333333333
105,14,0.3902439024390244
105,14,0.5925925925925926
105,14,0.5714285714285714
105,14,0.5925925925925926
105,14,0.5517241379310345
105,14,0.47058823529411764
105,14,0.42105263157894735
105,14,0.5925925925925926
105,14,0.6153846153846154
105,14,0.64
105,14,0.6153846153846154
105,14,0.4444444444444444
105,14,0.6153846153846154
105,14,0.5714285714285714
105,14,0.5
105,14,0.5
105,14,0.5
105,14,0.47058823529411764
105,14,0.41025641025641024
105,14,0.5161290322580645
105,14,0.7272727272727273
105,14,0.48484848484848486
105,14,0.5714285714285714
120,16,0.5
120,16,0.5161290322580645
120,16,0.3902439024390244
120,16,0.5161290322580645
120,16,0.42105263157894735
120,16,0.5925925925925926
120,16,0.42105263157894735
120,16,0.5161290322580645
120,16,0.7272727272727273
120,16,0.4
120,16,0.5333333333333333
120,16,0.45714285714285713
120,16,0.5
120,16,0.5
120,16,0.3902439024390244
120,16,0.6153846153846154
120,16,0.64
120,16,0.48484848484848486
120,16,0.5161290322580645
120,16,0.41025641025641024
120,16,0.5161290322580645
120,16,0.4
120,16,0.48484848484848486
120,16,0.6666666666666666
120,16,0.5
120,16,0.5517241379310345
120,16,0.48484848484848486
120,16,0.5517241379310345
120,16,0.6666666666666666
120,16,0.5333333333333333
120,16,0.48484848484848486
120,16,0.38095238095238093
120,16,0.41025641025641024
120,16,0.5517241379310345
120,16,0.5517241379310345
120,16,0.5
120,16,0.6153846153846154
120,16,0.5925925925925926
120,16,0.5
120,16,0.5517241379310345
120,16,0.35555555555555557
120,16,0.42105263157894735
120,16,0.35555555555555557
120,16,0.5714285714285714
120,16,0.4
120,16,0.43243243243243246
120,16,0.42105263157894735
120,16,0.47058823529411764
120,16,0.64
120,16,0.47058823529411764
135,18,0.34782608695652173
135,18,0.41025641025641024
135,18,0.5
135,18,0.5714285714285714
135,18,0.4444444444444444
135,18,0.47058823529411764
135,18,0.8
135,18,0.47058823529411764
135,18,0.5714285714285714
135,18,0.45714285714285713
135,18,0.5714285714285714
135,18,0.4444444444444444
135,18,0.5333333333333333
135,18,0.7272727272727273
135,18,0.47058823529411764
135,18,0.4444444444444444
135,18,0.6153846153846154
135,18,0.43243243243243246
135,18,0.5714285714285714
135,18,0.6956521739130435
135,18,0.42105263157894735
135,18,0.5714285714285714
135,18,0.5
135,18,0.5714285714285714
135,18,0.5925925925925926
135,18,0.5714285714285714
135,18,0.5
135,18,0.5161290322580645
135,18,0.47058823529411764
135,18,0.47058823529411764
135,18,0.5517241379310345
135,18,0.45714285714285713
135,18,0.5517241379310345
135,18,0.43243243243243246
135,18,0.5
135,18,0.45714285714285713
135,18,0.48484848484848486
135,18,0.5714285714285714
135,18,0.5925925925925926
135,18,0.5333333333333333
135,18,0.5
135,18,0.38095238095238093
135,18,0.36363636363636365
135,18,0.5714285714285714
135,18,0.42105263157894735
135,18,0.6153846153846154
135,18,0.5925925925925926
135,18,0.47058823529411764
135,18,0.5714285714285714
135,18,0.5333333333333333
135,18,0.47058823529411764
150,20,0.6956521739130435
150,20,0.45714285714285713
150,20,0.4444444444444444
150,20,0.38095238095238093
150,20,0.43243243243243246
150,20,0.48484848484848486
150,20,0.41025641025641024
150,20,0.4444444444444444
150,20,0.43243243243243246
150,20,0.47058823529411764
150,20,0.43243243243243246
150,20,0.36363636363636365
150,20,0.5161290322580645
150,20,0.5333333333333333
150,20,0.37209302325581395
150,20,0.6153846153846154
150,20,0.5517241379310345
150,20,0.5925925925925926
150,20,0.42105263157894735
150,20,0.5517241379310345
150,20,0.5
150,20,0.3333333333333333
150,20,0.5925925925925926
150,20,0.4444444444444444
150,20,0.5925925925925926
150,20,0.5161290322580645
150,20,0.5161290322580645
150,20,0.64
150,20,0.4444444444444444
150,20,0.5333333333333333
150,20,0.5714285714285714
150,20,0.45714285714285713
150,20,0.5925925925925926
150,20,0.5161290322580645
150,20,0.5714285714285714
150,20,0.45714285714285713
150,20,0.5714285714285714
150,20,0.45714285714285713
150,20,0.5161290322580645
150,20,0.48484848484848486
150,20,0.5333333333333333
150,20,0.5517241379310345
150,20,0.64
150,20,0.5
150,20,0.3902439024390244
150,20,0.45714285714285713
150,20,0.5
150,20,0.5517241379310345
150,20,0.48484848484848486
150,20,0.3404255319148936
