24,2,0.0000016691676361748686
24,2,0.0000017071631370215226
24,2,0.0000023150618619255433
24,2,0.0000017440544312411773
24,2,0.0000021747810647902075
24,2,0.0000017723582999539188
24,2,0.0000019751732572601937
24,2,0.0000018758467103088656
24,2,0.0000018647048479901932
24,2,0.0000018912357864174473
24,2,0.000001541910436282016
24,2,0.0000013349749965858015
24,2,0.000001621805367786534
24,2,0.0000026604001827162845
24,2,0.0000014433036412097251
24,2,0.0000017369406812177134
24,2,0.0000013420048317541963
24,2,0.0000016087399624680967
24,2,0.0000015547048556075639
24,2,0.0000016359259815474092
24,2,0.000001960528676162814
24,2,0.000002260597114121724
24,2,0.0000015978386994615604
24,2,0.000001525636568043925
24,2,0.0000017361096040715242
24,2,0.0000016540566898157413
24,2,0.0000028622622175662756
24,2,0.0000013280753943089048
24,2,0.0000015849003375045268
24,2,0.0000013961673809226293
24,2,0.0000023905458691965016
24,2,0.0000013849876479876614
24,2,0.000002151380605475952
24,2,0.00000127409099022734
24,2,0.000001716545178181681
24,2,0.0000018297096543532086
24,2,0.0000022557486626794055
24,2,0.0000015003282718258756
24,2,0.0000024395343124160343
24,2,0.0000024262440020215463
24,2,0.0000018840999673297066
24,2,0.0000032157401476153356
24,2,0.0000015701720076329202
24,2,0.0000020864377788784897
24,2,0.0000022525170752056886
24,2,0.0000016347270962064685
24,2,0.0000014970884623584054
24,2,0.0000022234920832564377
24,2,0.0000025174503363691267
24,2,0.000001935923263099328
48,4,0.000005440950991178042
48,4,0.000002908715208857387
48,4,0.0000022618155548222246
48,4,0.000003007162459546147
48,4,0.0000024018899992025727
48,4,0.000002486613317206817
48,4,0.000002887615450475229
48,4,0.0000020469890428770513
48,4,0.0000028469207847138576
48,4,0.00000418890100412146
48,4,0.0000028118448401522444
48,4,0.000004606244409170849
48,4,0.0000033063523956672235
48,4,0.0000021564639683983145
48,4,0.0000031011636806595308
48,4,0.000004373050985838749
48,4,0.0000025511902705766887
48,4,0.0000034834769977305147
48,4,0.000002622912292960418
48,4,0.000005444482071864986
48,4,0.0000034204698015272396
48,4,0.0000028332143383311233
48,4,0.000003230084750963696
48,4,0.0000025397689724551895
48,4,0.000002929022749133888
48,4,0.0000036083171710793377
48,4,0.000003774042063208411
48,4,0.0000037922801311825544
48,4,0.000001604787659311283
48,4,0.000003819951914445301
48,4,0.0000024924118521162323
48,4,0.0000032041946753333723
48,4,0.000001985666269467224
48,4,0.0000026120524803136135
48,4,0.0000028587519260841103
48,4,0.000001437615260803535
48,4,0.0000024790993332958162
48,4,0.000003057290567952869
48,4,0.000002240943060550057
48,4,0.0000026919016293003802
48,4,0.0000022609257541374377
48,4,0.0000019326435084437197
48,4,0.000002008350722303337
48,4,0.000003698356154656378
48,4,0.00000348601011849297
48,4,0.000003474013510438542
48,4,0.0000019034820396952144
48,4,0.000004619803990956272
48,4,0.000002635428753950837
48,4,0.0000031104005573837797
72,6,0.000000999999000001
72,6,0.000000999999000001
72,6,0.000000999999000001
72,6,0.000000999999000001
72,6,0.000000999999000001
72,6,0.000000999999000001
72,6,0.000004701446399984955
72,6,0.000000999999000001
72,6,0.000003924184750618059
72,6,0.000005616327337529479
72,6,0.000000999999000001
72,6,0.000004852536275134925
72,6,0.000000999999000001
72,6,0.00000456860491252949
72,6,0.000000999999000001
72,6,0.0000035145456500819942
72,6,0.000005051015254066067
72,6,0.000000999999000001
72,6,0.000002715795774330407
72,6,0.000005696337368998482
72,6,0.0000036412654416964217
72,6,0.000007462920479597121
72,6,0.00000505935380921278
72,6,0.0000031551275239442627
72,6,0.000005295151759049414
72,6,0.000004217992606702559
72,6,0.000004487949630843703
72,6,0.0000035534809544081285
72,6,0.000004293787833638049
72,6,0.000003401612772647768
72,6,0.000006094495147258239
72,6,0.000000999999000001
72,6,0.000000999999000001
72,6,0.000000999999000001
72,6,0.000000999999000001
72,6,0.000000999999000001
72,6,0.000000999999000001
72,6,0.000000999999000001
72,6,0.000000999999000001
72,6,0.000000999999000001
72,6,0.000003104116088975142
72,6,0.0000035385466268981205
72,6,0.00000502161554410962
72,6,0.000003981669984061375
72,6,0.0000028391297953612026
72,6,0.0000027947660738874665
72,6,0.000003999801609840152
72,6,0.0000050286431513903195
72,6,0.000004434703863780089
72,6,0.0000033777872656068974
72,6,0.000006022699554621368
96,8,0.000009423960419366238
96,8,0.000004893033396910147
96,8,0.000004624737257114581
96,8,0.000005368689374075243
96,8,0.000004207195988017906
96,8,0.00000378716869374871
96,8,0.0000034517728650612242
96,8,0.000004919027882033841
96,8,0.0000032219442758293607
96,8,0.000004384095902974697
96,8,0.000006708460374801681
96,8,0.000003601472570104464
96,8,0.000005129738788571147
96,8,0.000005176846244560429
96,8,0.000005305749097492078
96,8,0.00000625929113527893
96,8,0.0000037384547172195465
96,8,0.000004718503517172522
96,8,0.0000037009937538328417
96,8,0.000004607180290482717
96,8,0.000004968275079479981
96,8,0.000004058469559246147
96,8,0.000005475533672889428
96,8,0.000004217453594303738
96,8,0.000005560182863294008
96,8,0.000006718204250876557
96,8,0.000014237875025628176
96,8,0.000007977789833104637
96,8,0.00000417617791186093
96,8,0.000004701006579528808
96,8,0.000004851298013296438
96,8,0.000008788720907136617
96,8,0.000005197567330586592
96,8,0.00000767615234398988
96,8,0.00001224601759507808
96,8,0.000004864478073121861
96,8,0.000006089221712216075
96,8,0.000005483078397603237
96,8,0.0000024597383871446202
96,8,0.000003970157122938297
96,8,0.000004891398719920955
96,8,0.000006474641741885817
96,8,0.000008631344901637194
96,8,0.000004576983721957393
96,8,0.00000518213923889921
96,8,0.0000061666119893736946
96,8,0.000004520323600925943
96,8,0.000006510255605655589
96,8,0.000004688707342140601
96,8,0.000004699234870578372
96,8,0.0000040444730253871574
96,8,0.000006634691874957289
96,8,0.000006624297658840722
96,8,0.000007386369931565282
120,10,0.000000999999000001
120,10,0.000000999999000001
120,10,0.000000999999000001
120,10,0.000000999999000001
120,10,0.000000999999000001
120,10,0.000000999999000001
120,10,0.000000999999000001
120,10,0.000000999999000001
120,10,0.000000999999000001
120,10,0.000000999999000001
120,10,0.000000999999000001
120,10,0.000000999999000001
120,10,0.000000999999000001
120,10,0.000000999999000001
120,10,0.000000999999000001
120,10,0.000000999999000001
120,10,0.000000999999000001
120,10,0.000000999999000001
120,10,0.000000999999000001
120,10,0.000000999999000001
120,10,0.000000999999000001
120,10,0.0000011110996297482705
120,10,0.0000012960832106158546
120,10,0.0000012112742011071288
120,10,0.0000011264034141738044
120,10,0.0000010929771626793767
120,10,0.0000010457292157396887
120,10,0.0000010869692818133083
120,10,0.000000999999000001
120,10,0.0000010454537138436367
120,10,0.0000011043775981863468
120,10,0.0000011733114815803005
120,10,0.0000011684532121538297
120,10,0.0000010081166495807697
120,10,0.0000010531440721100384
120,10,0.0000010338315160642944
120,10,0.0000010096369850220354
120,10,0.000000999999000001
120,10,0.0000010293406342405839
120,10,0.000000999999000001
120,10,0.000000999999000001
120,10,0.000009783807212035649
120,10,0.000005684857642637342
120,10,0.000009011103481710164
120,10,0.000004441619574395129
120,10,0.000009852653565921641
120,10,0.000004363171170259229
120,10,0.000007972370951231413
120,10,0.000006018016738511756
120,10,0.00000777947370304504
120,10,0.000012170187907701294
120,10,0.000004839872808142602
120,10,0.000007186845772445777
120,10,0.000006770086508165401
120,10,0.000008978369312651959
144,12,0.0000056513362867216764
144,12,0.000004901770960830439
144,12,0.000007484240061490517
144,12,0.000005084817294887369
144,12,0.00000955824652055931
144,12,0.000006429863371833212
144,12,0.000007379137113222528
144,12,0.000007615050080376854
144,12,0.000005507062808051326
144,12,0.000007883382696447984
144,12,0.00000984676464853943
144,12,0.000008364623997604372
144,12,0.000012219934378952386
144,12,0.000005502744493816291
144,12,0.000007165043187297812
144,12,0.000014586977038639444
144,12,0.000007939702721650695
144,12,0.000006524927834298153
144,12,0.000004751257420276276
144,12,0.000010018855486024698
144,12,0.000008194115314145993
144,12,0.000008666630266819546
144,12,0.000005440471449493928
144,12,0.000011492020515555024
144,12,0.000014010213445601844
144,12,0.000007228823342738033
144,12,0.00001202249649544227
144,12,0.000012482929593780506
144,12,0.000005818733645721747
144,12,0.000007861202606774785
144,12,0.00001260503142434334
144,12,0.000007062865150128262
144,12,0.000006307369467412029
144,12,0.0000059149057992102415
144,12,0.000008386194311476674
144,12,0.000008458633896791133
144,12,0.000010334037425749941
144,12,0.000006395387135167147
144,12,0.0000049072818173431195
144,12,0.000012222428645461567
144,12,0.000013779570959278612
144,12,0.0000065945225895371305
144,12,0.000010788615421462656
144,12,0.00000589573278652377
144,12,0.000010098092874179783
144,12,0.000009062206611060967
144,12,0.000006762033884551796
144,12,0.000010241253201671781
144,12,0.000005733750979754699
144,12,0.00001284346640020755
168,14,0.000000999999000001
168,14,0.000000999999000001
168,14,0.000000999999000001
168,14,0.000000999999000001
168,14,0.000000999999000001
168,14,0.000000999999000001
168,14,0.000000999999000001
168,14,0.0000010016243341827442
168,14,0.000000999999000001
168,14,0.000000999999000001
168,14,0.000000999999000001
