14,3,0.022753128555176336
14,3,0.022321428571428572
14,3,0.023557126030624265
14,3,0.02145922746781116
14,3,0.025974025974025976
14,3,0.028089887640449437
14,3,0.023612750885478158
14,3,0.04065040650406504
14,3,0.022909507445589918
14,3,0.034722222222222224
14,3,0.021141649048625793
14,3,0.017969451931716084
14,3,0.029154518950437316
14,3,0.02967359050445104
14,3,0.018656716417910446
14,3,0.021810250817884406
14,3,0.01774622892635315
14,3,0.0156128024980484
14,3,0.023014959723820484
14,3,0.017152658662092625
14,3,0.018050541516245487
14,3,0.027624309392265192
14,3,0.028328611898016998
14,3,0.019860973187686197
14,3,0.022396416573348264
14,3,0.030721966205837174
14,3,0.0273224043715847
14,3,0.020512820512820513
14,3,0.015552099533437015
14,3,0.0221483942414175
14,3,0.014847809948032665
14,3,0.01936108422071636
14,3,0.02976190476190476
14,3,0.019782393669634024
14,3,0.022753128555176336
14,3,0.020554984583761562
14,3,0.03717472118959108
14,3,0.0221483942414175
14,3,0.022099447513812154
14,3,0.026917900403768506
14,3,0.025510204081632654
14,3,0.031007751937984496
14,3,0.02372479240806643
14,3,0.02306805074971165
14,3,0.02617801047120419
14,3,0.026490066225165563
14,3,0.02607561929595828
14,3,0.02032520325203252
14,3,0.02403846153846154
14,3,0.03484320557491289
14,3,0.027472527472527472
28,6,0.04987531172069826
28,6,0.05405405405405406
28,6,0.07194244604316546
28,6,0.035523978685612786
28,6,0.06666666666666667
28,6,0.044642857142857144
28,6,0.0380952380952381
28,6,0.047961630695443645
28,6,0.04819277108433735
28,6,0.04866180048661801
28,6,0.0322061191626409
28,6,0.04056795131845842
28,6,0.041928721174004195
28,6,0.032948929159802305
28,6,0.033783783783783786
28,6,0.057803468208092484
28,6,0.0447427293064877
28,6,0.03289473684210526
28,6,0.03372681281618887
28,6,0.03937007874015748
28,6,0.04866180048661801
28,6,0.046189376443418015
28,6,0.024691358024691357
28,6,0.03676470588235294
28,6,0.045351473922902494
28,6,0.05555555555555555
28,6,0.03642987249544627
28,6,0.050505050505050504
28,6,0.035398230088495575
28,6,0.04938271604938271
28,6,0.03636363636363636
28,6,0.03731343283582089
28,6,0.041928721174004195
28,6,0.05865102639296188
28,6,0.03430531732418525
28,6,0.04672897196261682
28,6,0.04938271604938271
28,6,0.053475935828877004
28,6,0.02877697841726619
28,6,0.04219409282700422
28,6,0.03350083752093802
28,6,0.040983606557377046
28,6,0.03669724770642202
28,6,0.0408997955010225
28,6,0.03389830508474576
28,6,0.04132231404958678
28,6,0.05128205128205128
28,6,0.03067484662576687
28,6,0.06711409395973154
28,6,0.05235602094240838
42,9,0.06060606060606061
42,9,0.057971014492753624
42,9,0.06389776357827476
42,9,0.041666666666666664
42,9,0.04987531172069826
42,9,0.06430868167202572
42,9,0.08097165991902834
42,9,0.052083333333333336
42,9,0.05390835579514825
42,9,0.06230529595015576
42,9,0.043668122270742356
42,9,0.06472491909385113
42,9,0.05747126436781609
42,9,0.044444444444444446
42,9,0.091324200913242
42,9,0.060790273556231005
42,9,0.06369426751592357
42,9,0.06535947712418301
42,9,0.06097560975609756
42,9,0.06349206349206349
42,9,0.08097165991902834
42,9,0.07434944237918216
42,9,0.07142857142857142
42,9,0.06389776357827476
42,9,0.06666666666666667
42,9,0.05291005291005291
42,9,0.0684931506849315
42,9,0.05555555555555555
42,9,0.04950495049504951
42,9,0.0488997555012225
42,9,0.10152284263959391
42,9,0.06289308176100629
42,9,0.05263157894736842
42,9,0.09302325581395349
42,9,0.06896551724137931
42,9,0.06289308176100629
42,9,0.07751937984496124
42,9,0.07142857142857142
42,9,0.08771929824561403
42,9,0.0711743772241993
42,9,0.06369426751592357
42,9,0.07042253521126761
42,9,0.05830903790087463
42,9,0.07168458781362007
42,9,0.06289308176100629
42,9,0.048426150121065374
42,9,0.04739336492890995
42,9,0.06060606060606061
42,9,0.06825938566552901
42,9,0.08438818565400844
56,12,0.0749063670411985
56,12,0.06329113924050633
56,12,0.08733624454148471
56,12,0.06389776357827476
56,12,0.07547169811320754
56,12,0.08163265306122448
56,12,0.09852216748768473
56,12,0.08403361344537816
56,12,0.06920415224913495
56,12,0.07692307692307693
56,12,0.08620689655172414
56,12,0.07874015748031496
56,12,0.062111801242236024
56,12,0.07518796992481203
56,12,0.07017543859649122
56,12,0.08583690987124463
56,12,0.08620689655172414
56,12,0.08888888888888889
56,12,0.12269938650306748
56,12,0.09615384615384616
56,12,0.07462686567164178
56,12,0.06896551724137931
56,12,0.09090909090909091
56,12,0.07874015748031496
56,12,0.07042253521126761
56,12,0.07272727272727272
56,12,0.10362694300518134
56,12,0.11173184357541899
56,12,0.054945054945054944
56,12,0.13986013986013987
56,12,0.10582010582010581
56,12,0.07092198581560284
56,12,0.07017543859649122
56,12,0.11904761904761904
56,12,0.08547008547008547
56,12,0.07782101167315175
56,12,0.12738853503184713
56,12,0.09345794392523364
56,12,0.0684931506849315
56,12,0.07518796992481203
56,12,0.07272727272727272
56,12,0.10810810810810811
56,12,0.0664451827242525
56,12,0.05167958656330749
56,12,0.06825938566552901
56,12,0.09803921568627451
56,12,0.14184397163120568
56,12,0.09216589861751152
56,12,0.08163265306122448
56,12,0.05714285714285714
70,15,0.1111111111111111
70,15,0.07575757575757576
70,15,0.1342281879194631
70,15,0.13793103448275862
70,15,0.12422360248447205
70,15,0.09852216748768473
70,15,0.08264462809917356
70,15,0.13157894736842105
70,15,0.11695906432748537
70,15,0.1342281879194631
70,15,0.15748031496062992
70,15,0.0947867298578199
70,15,0.10582010582010581
70,15,0.07874015748031496
70,15,0.09259259259259259
70,15,0.08658008658008658
70,15,0.10309278350515463
70,15,0.08928571428571429
70,15,0.12345679012345678
70,15,0.08620689655172414
70,15,0.09852216748768473
70,15,0.11494252873563218
70,15,0.14184397163120568
70,15,0.06578947368421052
70,15,0.12121212121212122
70,15,0.09615384615384616
70,15,0.15625
70,15,0.05934718100890208
70,15,0.0966183574879227
70,15,0.0823045267489712
70,15,0.13333333333333333
70,15,0.11976047904191617
70,15,0.11695906432748537
70,15,0.10152284263959391
70,15,0.12269938650306748
70,15,0.12738853503184713
70,15,0.06944444444444445
70,15,0.08620689655172414
70,15,0.14814814814814814
70,15,0.12422360248447205
70,15,0.14705882352941177
70,15,0.10989010989010989
70,15,0.10526315789473684
70,15,0.11904761904761904
70,15,0.11834319526627218
70,15,0.09389671361502347
70,15,0.13157894736842105
70,15,0.091324200913242
70,15,0.09389671361502347
70,15,0.08695652173913043
84,18,0.18181818181818182
84,18,0.1282051282051282
84,18,0.1694915254237288
84,18,0.11904761904761904
84,18,0.10471204188481675
84,18,0.09090909090909091
84,18,0.10309278350515463
84,18,0.13245033112582782
84,18,0.10582010582010581
84,18,0.1342281879194631
84,18,0.007426661715558856
84,18,0.125
84,18,0.1360544217687075
84,18,0.12903225806451613
84,18,0.12903225806451613
84,18,0.11976047904191617
84,18,0.15748031496062992
84,18,0.15037593984962405
84,18,0.10582010582010581
84,18,0.005957700327673518
84,18,0.005245213742460005
84,18,0.13513513513513514
84,18,0.13071895424836602
84,18,0.09049773755656108
84,18,0.00752162467092892
84,18,0.13157894736842105
84,18,0.11834319526627218
84,18,0.12658227848101267
84,18,0.13793103448275862
84,18,0.08438818565400844
84,18,0.12738853503184713
84,18,0.09900990099009901
84,18,0.13245033112582782
84,18,0.13986013986013987
84,18,0.091324200913242
84,18,0.12903225806451613
84,18,0.145985401459854
84,18,0.13157894736842105
84,18,0.09950248756218906
84,18,0.11764705882352941
84,18,0.11560693641618497
84,18,0.16
84,18,0.15151515151515152
84,18,0.10050251256281408
84,18,0.1724137931034483
84,18,0.10582010582010581
84,18,0.16260162601626016
84,18,0.11764705882352941
84,18,0.08968609865470852
84,18,0.10638297872340426
98,21,0.14184397163120568
98,21,0.11695906432748537
98,21,0.14285714285714285
98,21,0.13513513513513514
98,21,0.15384615384615385
98,21,0.18181818181818182
98,21,0.1360544217687075
98,21,0.14705882352941177
98,21,0.17543859649122806
98,21,0.1388888888888889
98,21,0.15873015873015872
98,21,0.12195121951219512
98,21,0.145985401459854
98,21,0.15873015873015872
98,21,0.16
98,21,0.20408163265306123
98,21,0.1342281879194631
98,21,0.12269938650306748
98,21,0.12738853503184713
98,21,0.11764705882352941
98,21,0.19801980198019803
98,21,0.12422360248447205
98,21,0.18518518518518517
98,21,0.25
98,21,0.13986013986013987
98,21,0.09900990099009901
98,21,0.16129032258064516
98,21,0.15625
98,21,0.15748031496062992
98,21,0.12422360248447205
98,21,0.17543859649122806
98,21,0.13071895424836602
98,21,0.16806722689075632
98,21,0.14184397163120568
98,21,0.0970873786407767
98,21,0.20408163265306123
98,21,0.12578616352201258
98,21,0.08583690987124463
98,21,0.13793103448275862
98,21,0.15873015873015872
98,21,0.14492753623188406
98,21,0.1941747572815534
98,21,0.10362694300518134
98,21,0.14705882352941177
98,21,0.15873015873015872
98,21,0.16260162601626016
98,21,0.11695906432748537
98,21,0.16260162601626016
98,21,0.12048192771084337
98,21,0.15748031496062992
112,24,0.14285714285714285
112,24,0.20618556701030927
112,24,0.1360544217687075
112,24,0.17094017094017094
112,24,0.136986301369863
112,24,0.3076923076923077
