9,2,0.05319148936170213,28
9,2,0.04424778761061947,30
9,2,0.035211267605633804,28
9,2,0.05263157894736842,28
9,2,0.05714285714285714,30
9,2,0.03731343283582089,30
9,2,0.032679738562091505,30
9,2,0.056818181818181816,30
9,2,0.04950495049504951,30
9,2,0.041666666666666664,30
14,3,0.01680672268907563,53
14,3,0.02288329519450801,62
14,3,0.03690036900369004,79
14,3,0.03067484662576687,74
14,3,0.02066115702479339,52
14,3,0.05154639175257732,47
14,3,0.01890359168241966,82
14,3,0.02145922746781116,55
14,3,0.034722222222222224,47
14,3,0.03717472118959108,56
15,4,0.06172839506172839,36
15,4,0.12048192771084337,38
15,4,0.09090909090909091,58
15,4,0.14285714285714285,36
15,4,0.06097560975609756,55
15,4,0.10309278350515463,38
15,4,0.11235955056179775,74
15,4,0.14705882352941177,75
15,4,0.034722222222222224,54
15,4,0.05434782608695652,97
21,5,0.01002004008016032,119
21,5,0.017094017094017096,116
21,5,0.04878048780487805,112
21,5,0.018115942028985508,145
21,5,0.029239766081871343,132
21,5,0.02127659574468085,158
21,5,0.0176678445229682,118
21,5,0.012422360248447204,113
21,5,0.01763668430335097,145
21,5,0.023310023310023312,108
42,11,0.037037037037037035,410
42,11,0.02865329512893983,447
42,11,0.06329113924050633,461
42,11,0.03875968992248062,567
42,11,0.036231884057971016,422
42,11,0.04048582995951417,440
42,11,0.030959752321981424,441
42,11,0.04201680672268908,420
42,11,0.029154518950437316,569
42,11,0.025,406
45,8,0.00411522633744856,227
45,8,0.0029120559114735,237
45,8,0.0031756113051762463,311
45,8,0.002944640753828033,501
45,8,0.005402485143165856,513
45,8,0.004646840148698885,456
45,8,0.0028785261945883708,353
45,8,0.007127583749109052,307
45,8,0.004280821917808219,233
45,8,0.0028312570781426952,422
51,10,0.00025851149083576765,356
51,10,0.00023252028739507522,577
51,10,0.0001985466386054084,365
51,10,0.00022657754616517504,311
51,10,0.00023500658018424516,323
51,10,0.00033400133600534405,543
51,10,0.00030565149616407374,322
51,10,0.00033400133600534405,311
51,10,0.00032218570784200013,694
51,10,0.0004450774434751647,687
56,15,0.1388888888888889,855
56,15,0.0970873786407767,931
56,15,0.1,853
56,15,0.09090909090909091,878
56,15,0.15384615384615385,852
56,15,0.10309278350515463,844
56,15,0.18181818181818182,864
56,15,0.09803921568627451,863
56,15,0.10309278350515463,840
56,15,0.11494252873563218,825
62,15,0.008038585209003215,777
62,15,0.01016260162601626,950
62,15,0.013054830287206266,858
62,15,0.011001100110011002,888
62,15,0.011904761904761904,688
62,15,0.014492753623188406,858
62,15,0.007429420505200594,1015
62,15,0.013003901170351105,860
62,15,0.009671179883945842,883
62,15,0.014534883720930232,923
63,11,0.000015172733990110412,697
63,11,0.000007176978549446512,789
63,11,0.0000071221520294572205,667
63,11,0.000005007024855872789,833
63,11,0.000005628614977969601,838
63,11,0.000004013776887789649,626
63,11,0.00002546064675134878,809
63,11,0.000024705327209706228,911
63,11,0.000013415759761306802,934
63,11,0.000007328401807477022,696
65,12,0.000009745695813443993,427
65,12,0.00000831923915566378,430
65,12,0.0000053478166468975715,1318
65,12,0.00000927772020436962,1330
65,12,0.000007640814480260337,1231
65,12,0.000018498683818646305,1340
65,12,0.000006099945161492998,787
65,12,0.000010436702962040668,949
65,12,0.000005450182335850046,931
65,12,0.000008408215499199958,1260
84,17,0.00038975718127606503,1750
84,17,0.0005518459246178467,1735
84,17,0.0011279043537108053,1742
84,17,0.001273074474856779,1722
84,17,0.0005263989050902774,1735
84,17,0.0007362685907819172,1721
84,17,0.0007135721421435707,1780
84,17,0.0007011639321273314,1801
84,17,0.00046781437125748503,1912
84,17,0.0004591579044033243,1833
85,16,0.000005259697567389875,1039
85,16,0.000007975155794668449,1472
85,16,0.000004367613274050262,1015
85,16,0.000007771324124832333,2305
85,16,0.000006611968058904701,988
85,16,0.00000195203612984632,1591
85,16,0.0000013212654234616044,1550
85,16,0.000007336956322365318,1012
85,16,0.000013825617486640998,1453
85,16,0.000001029254288799696,1419
93,17,0.0001262690034850245,2196
93,17,0.0000010633433642057356,1465
93,17,0.00017789162841996654,2305
93,17,0.00020609632942437294,2060
93,17,0.00017089051044995472,2183
93,17,0.00014662326617987742,1675
93,17,0.0000012076173118704313,1500
93,17,0.0000011517952052838835,2001
93,17,0.00008659283184537984,1679
93,17,0.0002643824027072758,2335
105,19,0.0007925186241876684,1991
105,22,0.023980815347721823,1469
105,19,0.0009109127345600292,2041
105,23,0.009115770282588878,1992
105,19,0.000006566065784099878,1842
105,19,0.0009394081728511038,2631
105,22,0.020618556701030927,1638
105,19,0.000005422155469463776,1888
105,23,0.009765625,2065
105,19,0.0008320159747067144,1996