21,5,0.02512562814070352
21,5,0.021929824561403508
21,5,0.015748031496062992
21,5,0.013774104683195593
21,5,0.01488095238095238
21,5,0.011933174224343675
21,5,0.012836970474967908
21,5,0.019083969465648856
21,5,0.021413276231263382
21,5,0.013020833333333334
25,4,0.011376564277588168
25,4,0.008389261744966443
25,4,0.013333333333333334
25,4,0.006172839506172839
25,4,0.008532423208191127
25,4,0.01256281407035176
25,4,0.009259259259259259
25,4,0.004916420845624385
25,4,0.007473841554559043
25,4,0.008156606851549755
25,4,0.014347202295552367
25,4,0.0058309037900874635
25,4,0.007621951219512195
31,5,0.0005039052658100278
31,5,0.0005303914288745094
31,5,0.00044768769306531765
31,5,0.000454277018125653
31,5,0.0003562014675500463
31,5,0.0003522491105709958
31,5,0.0007583225904299689
31,5,0.0002678810608090008
31,5,0.00039340650694362484
31,5,0.00038186886623133617
31,5,0.0004250616339369209
31,5,0.00030273674013078225
45,8,0.0020092425155716293
45,8,0.0038138825324180014
45,8,0.004424778761061947
45,8,0.005274261603375527
45,8,0.004273504273504274
45,8,0.003683241252302026
45,8,0.004249893752656183
45,8,0.0028993911278631487
45,8,0.003980891719745223
45,8,0.0026483050847457626
51,10,0.00026997111309089926
51,10,0.00026410310585252484
51,10,0.00016525920906942538
51,8,0.00021117986188837033
51,8,0.00021815960556743314
51,8,0.0000194642276691782
51,8,0.0000145489039583203
51,8,0.00001106120051633684
51,8,0.000014524286058718783
51,8,0.00022206924118940285
51,8,0.00023733238400379733
51,8,0.000026870018970233393
56,9,0.0011741223435481978
56,9,0.0006705109293281481
56,9,0.0005312367190820229
56,9,0.0007365397363187744
56,9,0.0006476264490641798
56,9,0.0008785802143735723
56,9,0.0006992518005733865
56,9,0.0006351222610352493
56,9,0.0005656748500961647
56,9,0.0005847611250804046
62,15,0.009025270758122744
62,15,0.01524390243902439
62,15,0.009930486593843098
62,15,0.014925373134328358
62,15,0.016339869281045753
62,15,0.006738544474393531
62,15,0.015625
62,15,0.02109704641350211
62,15,0.007776049766718507
62,15,0.01818181818181818
63,11,0.00003460950100021458
63,11,0.000005194848372765696
63,11,0.000005310677275983684
63,11,0.000008571088176783837
63,11,0.000004016651430168908
