9,2,0.044543429844097995,6,8 2  1 1 0 1 1 0 1 1
9,2,0.042826552462526764,6,8 2  1 1 0 1 1 0 1 1
9,2,0.0353356890459364,6,8 2  1 1 0 1 1 0 1 1
9,2,0.0375234521575985,6,8 2  1 1 0 1 1 0 1 1
9,2,0.021505376344086023,6,8 2  1 1 0 1 1 0 1 1
18,4,0.08771929824561403,2,15 2  1 0 1 0 0 0 1 0 1 0 0 0 1 0 1
18,4,0.09389671361502347,2,15 2  1 0 1 0 0 0 1 0 1 0 0 0 1 0 1
18,4,0.08130081300813008,2,15 2  1 0 1 0 0 0 1 0 1 0 0 0 1 0 1
18,4,0.09523809523809523,2,15 2  1 0 1 0 0 0 1 0 1 0 0 0 1 0 1
18,4,0.0684931506849315,2,15 2  1 0 1 0 0 0 1 0 1 0 0 0 1 0 1
27,6,0.09803921568627451,4,22 2  1 0 0 1 0 0 0 0 0 1 0 0 1 0 0 0 0 0 1 0 0 1
27,6,0.1092896174863388,4,22 2  1 0 0 1 0 0 0 0 0 1 0 0 1 0 0 0 0 0 1 0 0 1
27,6,0.10309278350515463,4,22 2  1 0 0 1 0 0 0 0 0 1 0 0 1 0 0 0 0 0 1 0 0 1
27,6,0.10309278350515463,4,22 2  1 0 0 1 0 0 0 0 0 1 0 0 1 0 0 0 0 0 1 0 0 1
27,6,0.15503875968992248,4,22 2  1 0 0 1 0 0 0 0 0 1 0 0 1 0 0 0 0 0 1 0 0 1
36,8,0.14388489208633093,4,29 2  1 0 0 0 1 0 0 0 0 0 0 0 1 0 0 0 1 0 0 0 0 0 0 0 1 0 0 0 1
36,8,0.1941747572815534,4,29 2  1 0 0 0 1 0 0 0 0 0 0 0 1 0 0 0 1 0 0 0 0 0 0 0 1 0 0 0 1
36,8,0.2247191011235955,4,29 2  1 0 0 0 1 0 0 0 0 0 0 0 1 0 0 0 1 0 0 0 0 0 0 0 1 0 0 0 1
36,8,0.14925373134328357,4,29 2  1 0 0 0 1 0 0 0 0 0 0 0 1 0 0 0 1 0 0 0 0 0 0 0 1 0 0 0 1
36,8,0.17391304347826086,4,29 2  1 0 0 0 1 0 0 0 0 0 0 0 1 0 0 0 1 0 0 0 0 0 0 0 1 0 0 0 1
45,10,0.01078167115902965,10,36 2  1 1 0 1 1 1 1 0 1 0 0 1 1 0 0 0 1 1 1 1 0 0 0 1 1 0 0 1 0 1 1 1 1 0 1 1
45,10,0.00715307582260372,16,36 2  1 1 1 0 1 0 1 1 0 1 0 1 0 1 1 0 0 1 1 1 1 1 0 1 0 1 1 1 1 0 0 1 0 0 0 1
45,10,0.009246417013407305,10,36 2  1 1 0 1 1 1 1 0 1 0 0 1 1 0 0 0 1 1 1 1 0 0 0 1 1 0 0 1 0 1 1 1 1 0 1 1
45,10,0.008183306055646482,10,36 2  1 1 0 1 1 1 1 0 1 0 0 1 1 0 0 0 1 1 1 1 0 0 0 1 1 0 0 1 0 1 1 1 1 0 1 1
45,10,0.16393442622950818,4,36 2  1 0 0 0 0 1 0 0 0 0 0 0 0 0 0 1 0 0 0 0 1 0 0 0 0 0 0 0 0 0 1 0 0 0 0 1
45,10,0.20408163265306123,4,36 2  1 0 0 0 0 1 0 0 0 0 0 0 0 0 0 1 0 0 0 0 1 0 0 0 0 0 0 0 0 0 1 0 0 0 0 1
45,10,0.17699115044247787,4,36 2  1 0 0 0 0 1 0 0 0 0 0 0 0 0 0 1 0 0 0 0 1 0 0 0 0 0 0 0 0 0 1 0 0 0 0 1
45,10,0.19607843137254902,4,36 2  1 0 0 0 0 1 0 0 0 0 0 0 0 0 0 1 0 0 0 0 1 0 0 0 0 0 0 0 0 0 1 0 0 0 0 1
45,10,0.15625,4,36 2  1 0 0 0 0 1 0 0 0 0 0 0 0 0 0 1 0 0 0 0 1 0 0 0 0 0 0 0 0 0 1 0 0 0 0 1
45,10,0.009354536950420954,16,36 2  1 0 0 0 1 0 0 1 1 1 1 0 1 0 1 1 1 1 1 0 0 1 1 0 1 0 1 0 1 1 0 1 0 1 1 1
45,10,0.005699629524080934,16,36 2  1 0 0 0 1 0 0 1 1 1 1 0 1 0 1 1 1 1 1 0 0 1 1 0 1 0 1 0 1 1 0 1 0 1 1 1
45,10,0.005827505827505828,16,36 2  1 1 1 0 1 0 1 1 0 1 0 1 0 1 1 0 0 1 1 1 1 1 0 1 0 1 1 1 1 0 0 1 0 0 0 1
45,10,0.00892458723784025,16,36 2  1 1 1 0 1 0 1 1 0 1 0 1 0 1 1 0 0 1 1 1 1 1 0 1 0 1 1 1 1 0 0 1 0 0 0 1
45,10,0.005878894767783657,10,36 2  1 1 0 1 1 1 1 0 1 0 0 1 1 0 0 0 1 1 1 1 0 0 0 1 1 0 0 1 0 1 1 1 1 0 1 1
45,10,0.007476635514018692,16,36 2  1 0 0 0 1 0 0 1 1 1 1 0 1 0 1 1 1 1 1 0 0 1 1 0 1 0 1 0 1 1 0 1 0 1 1 1
45,10,0.00929368029739777,16,36 2  1 0 0 0 1 0 0 1 1 1 1 0 1 0 1 1 1 1 1 0 0 1 1 0 1 0 1 0 1 1 0 1 0 1 1 1
45,10,0.008984725965858042,16,36 2  1 0 0 0 1 0 0 1 1 1 1 0 1 0 1 1 1 1 1 0 0 1 1 0 1 0 1 0 1 1 0 1 0 1 1 1
45,10,0.006949270326615705,10,36 2  1 1 0 1 1 1 1 0 1 0 0 1 1 0 0 0 1 1 1 1 0 0 0 1 1 0 0 1 0 1 1 1 1 0 1 1
45,10,0.00522466039707419,16,36 2  1 1 1 0 1 0 1 1 0 1 0 1 0 1 1 0 0 1 1 1 1 1 0 1 0 1 1 1 1 0 0 1 0 0 0 1
45,10,0.0060477774417901425,16,36 2  1 1 1 0 1 0 1 1 0 1 0 1 0 1 1 0 0 1 1 1 1 1 0 1 0 1 1 1 1 0 0 1 0 0 0 1
54,12,0.2127659574468085,4,43 2  1 0 0 0 0 0 1 0 0 0 0 0 0 0 0 0 0 0 1 0 0 0 0 0 1 0 0 0 0 0 0 0 0 0 0 0 1 0 0 0 0 0 1
54,12,0.2,4,43 2  1 0 0 0 0 0 1 0 0 0 0 0 0 0 0 0 0 0 1 0 0 0 0 0 1 0 0 0 0 0 0 0 0 0 0 0 1 0 0 0 0 0 1
54,12,0.21978021978021978,4,43 2  1 0 0 0 0 0 1 0 0 0 0 0 0 0 0 0 0 0 1 0 0 0 0 0 1 0 0 0 0 0 0 0 0 0 0 0 1 0 0 0 0 0 1
54,12,0.23809523809523808,4,43 2  1 0 0 0 0 0 1 0 0 0 0 0 0 0 0 0 0 0 1 0 0 0 0 0 1 0 0 0 0 0 0 0 0 0 0 0 1 0 0 0 0 0 1
54,12,0.20833333333333334,4,43 2  1 0 0 0 0 0 1 0 0 0 0 0 0 0 0 0 0 0 1 0 0 0 0 0 1 0 0 0 0 0 0 0 0 0 0 0 1 0 0 0 0 0 1
63,14,0.23529411764705882,4,50 2  1 0 0 0 0 0 0 1 0 0 0 0 0 0 0 0 0 0 0 0 0 1 0 0 0 0 0 0 1 0 0 0 0 0 0 0 0 0 0 0 0 0 1 0 0 0 0 0 0 1
63,14,0.40816326530612246,4,50 2  1 0 0 0 0 0 0 1 0 0 0 0 0 0 0 0 0 0 0 0 0 1 0 0 0 0 0 0 1 0 0 0 0 0 0 0 0 0 0 0 0 0 1 0 0 0 0 0 0 1
63,14,0.25,4,50 2  1 0 0 0 0 0 0 1 0 0 0 0 0 0 0 0 0 0 0 0 0 1 0 0 0 0 0 0 1 0 0 0 0 0 0 0 0 0 0 0 0 0 1 0 0 0 0 0 0 1
63,14,0.22727272727272727,4,50 2  1 0 0 0 0 0 0 1 0 0 0 0 0 0 0 0 0 0 0 0 0 1 0 0 0 0 0 0 1 0 0 0 0 0 0 0 0 0 0 0 0 0 1 0 0 0 0 0 0 1
63,14,0.43478260869565216,4,50 2  1 0 0 0 0 0 0 1 0 0 0 0 0 0 0 0 0 0 0 0 0 1 0 0 0 0 0 0 1 0 0 0 0 0 0 0 0 0 0 0 0 0 1 0 0 0 0 0 0 1
63,14,0.00015374680975369762,20,50 2  1 1 0 0 1 0 0 0 0 1 0 1 0 1 1 0 0 1 1 0 1 0 0 0 1 0 0 1 0 0 0 0 1 1 0 0 0 0 1 0 0 0 1 1 1 1 0 1 1 1
63,14,0.00012551539760140076,20,50 2  1 1 1 0 1 1 1 1 0 0 0 1 0 0 0 0 1 1 0 0 0 0 1 0 0 1 0 0 0 1 0 1 1 0 0 1 1 0 1 0 1 0 0 0 0 1 0 0 1 1
63,14,0.0001457566592573698,18,50 2  1 0 0 0 1 0 1 0 0 0 1 1 1 1 0 0 0 0 0 1 1 1 1 1 1 1 0 0 1 0 0 1 0 0 0 0 1 0 1 1 0 0 0 0 1 0 0 0 1 1
63,14,0.00011782865357197563,16,50 2  1 1 0 0 1 0 1 0 1 1 0 1 0 0 0 1 1 1 1 0 1 0 1 0 0 0 0 1 0 1 0 1 1 1 1 0 0 0 1 0 1 1 0 1 0 1 0 0 1 1
63,14,0.00008083388233011749,20,50 2  1 0 0 1 1 1 1 0 1 1 1 1 1 1 0 0 1 0 1 1 1 0 1 0 0 1 0 1 1 0 0 1 0 0 1 1 1 1 1 0 1 0 0 1 1 0 0 0 1 1
63,14,0.00006712265322423665,18,50 2  1 1 1 1 0 0 1 1 0 1 0 0 0 0 0 1 0 0 0 1 0 0 1 1 1 0 1 1 1 1 1 1 1 0 1 1 1 1 1 0 0 1 1 1 1 0 1 0 0 1
63,14,0.00011487716758855594,20,50 2  1 1 1 0 1 1 1 1 0 0 0 1 0 0 0 0 1 1 0 0 0 0 1 0 0 1 0 0 0 1 0 1 1 0 0 1 1 0 1 0 1 0 0 0 0 1 0 0 1 1
63,14,0.00005431904289846413,18,50 2  1 0 0 1 0 1 1 1 1 0 0 1 1 1 1 1 0 1 1 1 1 1 1 1 0 1 1 1 0 0 1 0 0 0 1 0 0 0 0 0 1 0 1 1 0 0 1 1 1 1
63,14,0.00005310561644999575,20,50 2  1 1 1 1 1 0 1 1 0 1 1 0 0 0 1 1 0 0 0 0 1 1 0 1 0 1 0 0 1 1 1 0 1 0 1 0 1 1 1 0 1 0 0 0 1 1 1 1 1 1
63,14,0.00015912671260124436,18,50 2  1 1 0 0 0 1 0 0 0 0 1 1 0 1 0 0 0 0 1 0 0 1 0 0 1 1 1 1 1 1 1 0 0 0 0 0 1 1 1 1 0 0 0 1 0 1 0 0 0 1
63,14,0.00006848376934666484,20,50 2  1 1 0 0 0 1 1 0 0 1 0 1 1 1 1 1 0 0 1 0 0 1 1 0 1 0 0 1 0 1 1 1 0 1 0 0 1 1 1 1 1 1 0 1 1 1 1 0 0 1
63,14,0.00006241164851007792,20,50 2  1 0 0 1 1 1 1 0 1 1 1 1 1 1 0 0 1 0 1 1 1 0 1 0 0 1 0 1 1 0 0 1 0 0 1 1 1 1 1 0 1 0 0 1 1 0 0 0 1 1
63,14,0.0000587235267001195,20,50 2  1 1 1 1 1 1 0 0 0 1 0 1 1 1 0 1 0 1 0 1 1 1 0 0 1 0 1 0 1 1 0 0 0 0 1 1 0 0 0 1 1 0 1 1 0 1 1 1 1 1
63,14,0.00024792056625057334,20,50 2  1 1 0 0 1 0 0 0 0 1 0 1 0 1 1 0 0 1 1 0 1 0 0 0 1 0 0 1 0 0 0 0 1 1 0 0 0 0 1 0 0 0 1 1 1 1 0 1 1 1
63,14,0.00008091956999340506,18,50 2  1 1 1 1 0 0 1 1 0 1 0 0 0 0 0 1 0 0 0 1 0 0 1 1 1 0 1 1 1 1 1 1 1 0 1 1 1 1 1 0 0 1 1 1 1 0 1 0 0 1
63,14,0.00005941823605082636,18,50 2  1 0 0 1 0 1 1 1 1 0 0 1 1 1 1 1 0 1 1 1 1 1 1 1 0 1 1 1 0 0 1 0 0 0 1 0 0 0 0 0 1 0 1 1 0 0 1 1 1 1
63,14,0.00008278625417035755,20,50 2  1 1 0 0 0 1 1 0 0 1 0 1 1 1 1 1 0 0 1 0 0 1 1 0 1 0 0 1 0 1 1 1 0 1 0 0 1 1 1 1 1 1 0 1 1 1 1 0 0 1
63,14,0.00007181354331613398,20,50 2  1 1 1 1 1 0 1 1 0 1 1 0 0 0 1 1 0 0 0 0 1 1 0 1 0 1 0 0 1 1 1 0 1 0 1 0 1 1 1 0 1 0 0 0 1 1 1 1 1 1
63,14,0.00009013800127995961,18,50 2  1 0 0 1 0 1 1 1 1 0 0 1 1 1 1 1 0 1 1 1 1 1 1 1 0 1 1 1 0 0 1 0 0 0 1 0 0 0 0 0 1 0 1 1 0 0 1 1 1 1
63,14,0.00015397051464644522,18,50 2  1 1 0 0 0 1 0 0 0 0 1 1 0 1 0 0 0 0 1 0 0 1 0 0 1 1 1 1 1 1 1 0 0 0 0 0 1 1 1 1 0 0 0 1 0 1 0 0 0 1
63,14,0.00004792554287658693,16,50 2  1 1 0 0 1 0 1 0 1 1 0 1 0 0 0 1 1 1 1 0 1 0 1 0 0 0 0 1 0 1 0 1 1 1 1 0 0 0 1 0 1 1 0 1 0 1 0 0 1 1
63,14,0.00004868098861351676,20,50 2  1 1 1 1 1 1 0 0 0 1 0 1 1 1 0 1 0 1 0 1 1 1 0 0 1 0 1 0 1 1 0 0 0 0 1 1 0 0 0 1 1 0 1 1 0 1 1 1 1 1
63,14,0.000058498176319353243,16,50 2  1 1 0 0 1 0 1 0 1 1 0 1 0 0 0 1 1 1 1 0 1 0 1 0 0 0 0 1 0 1 0 1 1 1 1 0 0 0 1 0 1 1 0 1 0 1 0 0 1 1
63,14,0.000058509471220653845,20,50 2  1 1 1 1 1 1 0 0 0 1 0 1 1 1 0 1 0 1 0 1 1 1 0 0 1 0 1 0 1 1 0 0 0 0 1 1 0 0 0 1 1 0 1 1 0 1 1 1 1 1
63,14,0.00005813767583013334,20,50 2  1 0 0 1 1 1 1 0 1 1 1 1 1 1 0 0 1 0 1 1 1 0 1 0 0 1 0 1 1 0 0 1 0 0 1 1 1 1 1 0 1 0 0 1 1 0 0 0 1 1
63,14,0.0001292824822236587,20,50 2  1 1 1 0 1 1 1 1 0 0 0 1 0 0 0 0 1 1 0 0 0 0 1 0 0 1 0 0 0 1 0 1 1 0 0 1 1 0 1 0 1 0 0 0 0 1 0 0 1 1
63,14,0.00014930164157154907,18,50 2  1 0 0 0 1 0 1 0 0 0 1 1 1 1 0 0 0 0 0 1 1 1 1 1 1 1 0 0 1 0 0 1 0 0 0 0 1 0 1 1 0 0 0 0 1 0 0 0 1 1
63,14,0.00014462257124469416,20,50 2  1 1 1 0 1 1 1 1 0 0 0 1 0 0 0 0 1 1 0 0 0 0 1 0 0 1 0 0 0 1 0 1 1 0 0 1 1 0 1 0 1 0 0 0 0 1 0 0 1 1
63,14,0.0001042638710047388,20,50 2  1 1 0 0 1 0 0 0 0 1 0 1 0 1 1 0 0 1 1 0 1 0 0 0 1 0 0 1 0 0 0 0 1 1 0 0 0 0 1 0 0 0 1 1 1 1 0 1 1 1
63,14,0.00006098881160251152,20,50 2  1 1 0 0 0 1 1 0 0 1 0 1 1 1 1 1 0 0 1 0 0 1 1 0 1 0 0 1 0 1 1 1 0 1 0 0 1 1 1 1 1 1 0 1 1 1 1 0 0 1
63,14,0.00004939503431720009,18,50 2  1 1 1 1 0 0 1 1 0 1 0 0 0 0 0 1 0 0 0 1 0 0 1 1 1 0 1 1 1 1 1 1 1 0 1 1 1 1 1 0 0 1 1 1 1 0 1 0 0 1
63,14,0.00019341424495914123,20,50 2  1 1 0 0 1 0 0 0 0 1 0 1 0 1 1 0 0 1 1 0 1 0 0 0 1 0 0 1 0 0 0 0 1 1 0 0 0 0 1 0 0 0 1 1 1 1 0 1 1 1
63,14,0.00006371354390659594,20,50 2  1 1 1 1 1 0 1 1 0 1 1 0 0 0 1 1 0 0 0 0 1 1 0 1 0 1 0 0 1 1 1 0 1 0 1 0 1 1 1 0 1 0 0 0 1 1 1 1 1 1
63,14,0.000048418881427001275,20,50 2  1 1 1 1 1 0 1 1 0 1 1 0 0 0 1 1 0 0 0 0 1 1 0 1 0 1 0 0 1 1 1 0 1 0 1 0 1 1 1 0 1 0 0 0 1 1 1 1 1 1
63,14,0.00007998080460689434,20,50 2  1 0 0 1 1 1 1 0 1 1 1 1 1 1 0 0 1 0 1 1 1 0 1 0 0 1 0 1 1 0 0 1 0 0 1 1 1 1 1 0 1 0 0 1 1 0 0 0 1 1
63,14,0.0000502779111539032,20,50 2  1 1 0 0 0 1 1 0 0 1 0 1 1 1 1 1 0 0 1 0 0 1 1 0 1 0 0 1 0 1 1 1 0 1 0 0 1 1 1 1 1 1 0 1 1 1 1 0 0 1
63,14,0.000058220095248075826,20,50 2  1 1 1 1 1 1 0 0 0 1 0 1 1 1 0 1 0 1 0 1 1 1 0 0 1 0 1 0 1 1 0 0 0 0 1 1 0 0 0 1 1 0 1 1 0 1 1 1 1 1
63,14,0.00007369060997402406,20,50 2  1 1 0 0 0 1 1 0 0 1 0 1 1 1 1 1 0 0 1 0 0 1 1 0 1 0 0 1 0 1 1 1 0 1 0 0 1 1 1 1 1 1 0 1 1 1 1 0 0 1
63,14,0.00005568781411407649,16,50 2  1 1 0 0 1 0 1 0 1 1 0 1 0 0 0 1 1 1 1 0 1 0 1 0 0 0 0 1 0 1 0 1 1 1 1 0 0 0 1 0 1 1 0 1 0 1 0 0 1 1
63,14,0.0000578368999421631,18,50 2  1 1 1 1 0 0 1 1 0 1 0 0 0 0 0 1 0 0 0 1 0 0 1 1 1 0 1 1 1 1 1 1 1 0 1 1 1 1 1 0 0 1 1 1 1 0 1 0 0 1
63,14,0.00007289825226440196,18,50 2  1 1 1 1 0 0 1 1 0 1 0 0 0 0 0 1 0 0 0 1 0 0 1 1 1 0 1 1 1 1 1 1 1 0 1 1 1 1 1 0 0 1 1 1 1 0 1 0 0 1
63,14,0.00005085978465967175,18,50 2  1 0 0 1 0 1 1 1 1 0 0 1 1 1 1 1 0 1 1 1 1 1 1 1 0 1 1 1 0 0 1 0 0 0 1 0 0 0 0 0 1 0 1 1 0 0 1 1 1 1
63,14,0.0002114656685487111,20,50 2  1 1 0 0 1 0 0 0 0 1 0 1 0 1 1 0 0 1 1 0 1 0 0 0 1 0 0 1 0 0 0 0 1 1 0 0 0 0 1 0 0 0 1 1 1 1 0 1 1 1
63,14,0.0001461924184611786,18,50 2  1 1 0 0 0 1 0 0 0 0 1 1 0 1 0 0 0 0 1 0 0 1 0 0 1 1 1 1 1 1 1 0 0 0 0 0 1 1 1 1 0 0 0 1 0 1 0 0 0 1
63,14,0.00012068403712240981,20,50 2  1 1 1 0 1 1 1 1 0 0 0 1 0 0 0 0 1 1 0 0 0 0 1 0 0 1 0 0 0 1 0 1 1 0 0 1 1 0 1 0 1 0 0 0 0 1 0 0 1 1
63,14,0.00006123736213938849,20,50 2  1 1 1 1 1 0 1 1 0 1 1 0 0 0 1 1 0 0 0 0 1 1 0 1 0 1 0 0 1 1 1 0 1 0 1 0 1 1 1 0 1 0 0 0 1 1 1 1 1 1
63,14,0.0001184939419972154,16,50 2  1 1 0 0 1 0 1 0 1 1 0 1 0 0 0 1 1 1 1 0 1 0 1 0 0 0 0 1 0 1 0 1 1 1 1 0 0 0 1 0 1 1 0 1 0 1 0 0 1 1
63,14,0.0000845809016324114,20,50 2  1 0 0 1 1 1 1 0 1 1 1 1 1 1 0 0 1 0 1 1 1 0 1 0 0 1 0 1 1 0 0 1 0 0 1 1 1 1 1 0 1 0 0 1 1 0 0 0 1 1
63,14,0.0002329970409375801,18,50 2  1 0 0 1 1 1 0 1 0 0 1 0 1 1 1 1 1 1 0 0 1 1 1 0 0 1 1 0 0 1 0 1 1 0 0 0 1 0 0 1 0 0 1 0 1 0 0 1 0 1
63,14,0.00011265511200734512,18,50 2  1 0 0 0 1 0 1 0 0 0 1 1 1 1 0 0 0 0 0 1 1 1 1 1 1 1 0 0 1 0 0 1 0 0 0 0 1 0 1 1 0 0 0 0 1 0 0 0 1 1
63,14,0.000057802799967630434,18,50 2  1 0 0 1 0 1 1 1 1 0 0 1 1 1 1 1 0 1 1 1 1 1 1 1 0 1 1 1 0 0 1 0 0 0 1 0 0 0 0 0 1 0 1 1 0 0 1 1 1 1
63,14,0.00011701106924715077,18,50 2  1 0 1 0 0 1 0 1 0 0 1 0 0 1 0 0 0 1 1 0 1 0 0 1 1 0 0 1 1 1 0 0 1 1 1 1 1 1 0 1 0 0 1 0 1 1 1 0 0 1
63,14,0.00010647076046740663,18,50 2  1 0 1 0 0 1 0 1 0 0 1 0 0 1 0 0 0 1 1 0 1 0 0 1 1 0 0 1 1 1 0 0 1 1 1 1 1 1 0 1 0 0 1 0 1 1 1 0 0 1
63,14,0.00011684563523129593,18,50 2  1 0 0 1 1 1 0 1 0 0 1 0 1 1 1 1 1 1 0 0 1 1 1 0 0 1 1 0 0 1 0 1 1 0 0 0 1 0 0 1 0 0 1 0 1 0 0 1 0 1
63,14,0.00008812474939524391,18,50 2  1 0 0 1 0 1 1 1 0 0 1 0 1 0 0 1 0 0 0 1 0 1 0 1 0 0 1 0 1 0 1 0 0 0 1 0 0 1 0 1 0 0 1 1 1 0 1 0 0 1
63,14,0.000048857587461188754,20,50 2  1 1 1 1 1 1 0 0 0 1 0 1 1 1 0 1 0 1 0 1 1 1 0 0 1 0 1 0 1 1 0 0 0 0 1 1 0 0 0 1 1 0 1 1 0 1 1 1 1 1
63,14,0.0001487110470001264,18,50 2  1 1 0 0 0 1 0 0 0 0 1 1 0 1 0 0 0 0 1 0 0 1 0 0 1 1 1 1 1 1 1 0 0 0 0 0 1 1 1 1 0 0 0 1 0 1 0 0 0 1
63,14,0.00011637988722788928,18,50 2  1 0 1 0 0 1 0 1 0 0 1 0 0 1 0 0 0 1 1 0 1 0 0 1 1 0 0 1 1 1 0 0 1 1 1 1 1 1 0 1 0 0 1 0 1 1 1 0 0 1
63,14,0.00013204457824961708,18,50 2  1 0 0 1 1 1 0 1 0 0 1 0 1 1 1 1 1 1 0 0 1 1 1 0 0 1 1 0 0 1 0 1 1 0 0 0 1 0 0 1 0 0 1 0 1 0 0 1 0 1
63,14,0.00009467321174137172,18,50 2  1 0 0 1 0 1 1 1 0 0 1 0 1 0 0 1 0 0 0 1 0 1 0 1 0 0 1 0 1 0 1 0 0 0 1 0 0 1 0 1 0 0 1 1 1 0 1 0 0 1
63,14,0.00010344524384630106,18,50 2  1 0 1 1 1 1 1 0 1 1 1 0 1 0 0 1 0 0 0 0 1 0 0 0 1 1 0 0 0 1 0 0 0 0 1 0 0 1 0 1 1 1 0 1 1 1 1 1 0 1
63,14,0.000057269668551793255,18,50 2  1 0 0 1 0 1 1 1 0 0 1 0 1 0 0 1 0 0 0 1 0 1 0 1 0 0 1 0 1 0 1 0 0 0 1 0 0 1 0 1 0 0 1 1 1 0 1 0 0 1
63,14,0.00013673624262478893,18,50 2  1 0 0 0 1 0 1 0 0 0 1 1 1 1 0 0 0 0 0 1 1 1 1 1 1 1 0 0 1 0 0 1 0 0 0 0 1 0 1 1 0 0 0 0 1 0 0 0 1 1
63,14,0.00005377399328362824,18,50 2  1 0 1 1 1 1 1 0 1 1 1 0 1 0 0 1 0 0 0 0 1 0 0 0 1 1 0 0 0 1 0 0 0 0 1 0 0 1 0 1 1 1 0 1 1 1 1 1 0 1
63,14,0.000051680120724762015,18,50 2  1 0 0 1 0 1 1 1 0 0 1 0 1 0 0 1 0 0 0 1 0 1 0 1 0 0 1 0 1 0 1 0 0 0 1 0 0 1 0 1 0 0 1 1 1 0 1 0 0 1
63,14,0.0001324512082861476,18,50 2  1 0 1 0 0 1 0 1 0 0 1 0 0 1 0 0 0 1 1 0 1 0 0 1 1 0 0 1 1 1 0 0 1 1 1 1 1 1 0 1 0 0 1 0 1 1 1 0 0 1
63,14,0.00013218421191772854,18,50 2  1 1 0 0 0 1 0 0 0 0 1 1 0 1 0 0 0 0 1 0 0 1 0 0 1 1 1 1 1 1 1 0 0 0 0 0 1 1 1 1 0 0 0 1 0 1 0 0 0 1
63,14,0.00012193560580657354,18,50 2  1 0 0 0 1 0 1 0 0 0 1 1 1 1 0 0 0 0 0 1 1 1 1 1 1 1 0 0 1 0 0 1 0 0 0 0 1 0 1 1 0 0 0 0 1 0 0 0 1 1
63,14,0.00006315762880998396,18,50 2  1 0 1 1 1 1 1 0 1 1 1 0 1 0 0 1 0 0 0 0 1 0 0 0 1 1 0 0 0 1 0 0 0 0 1 0 0 1 0 1 1 1 0 1 1 1 1 1 0 1
63,14,0.00023510603282080218,18,50 2  1 0 1 0 0 1 0 1 0 0 1 0 0 1 0 0 0 1 1 0 1 0 0 1 1 0 0 1 1 1 0 0 1 1 1 1 1 1 0 1 0 0 1 0 1 1 1 0 0 1
63,14,0.00016263468184590365,18,50 2  1 0 0 1 1 1 0 1 0 0 1 0 1 1 1 1 1 1 0 0 1 1 1 0 0 1 1 0 0 1 0 1 1 0 0 0 1 0 0 1 0 0 1 0 1 0 0 1 0 1
63,14,0.00011013094569443067,18,50 2  1 0 0 1 1 1 0 1 0 0 1 0 1 1 1 1 1 1 0 0 1 1 1 0 0 1 1 0 0 1 0 1 1 0 0 0 1 0 0 1 0 0 1 0 1 0 0 1 0 1
63,14,0.000051037724534089374,18,50 2  1 0 0 1 0 1 1 1 0 0 1 0 1 0 0 1 0 0 0 1 0 1 0 1 0 0 1 0 1 0 1 0 0 0 1 0 0 1 0 1 0 0 1 1 1 0 1 0 0 1
63,14,0.00011610760853158708,18,50 2  1 0 1 1 1 1 1 0 1 1 1 0 1 0 0 1 0 0 0 0 1 0 0 0 1 1 0 0 0 1 0 0 0 0 1 0 0 1 0 1 1 1 0 1 1 1 1 1 0 1
63,14,0.00006594392128933555,18,50 2  1 0 1 1 1 1 1 0 1 1 1 0 1 0 0 1 0 0 0 0 1 0 0 0 1 1 0 0 0 1 0 0 0 0 1 0 0 1 0 1 1 1 0 1 1 1 1 1 0 1
72,16,0.21739130434782608,4,57 2  1 0 0 0 0 0 0 0 1 0 0 0 0 0 0 0 0 0 0 0 0 0 0 0 1 0 0 0 0 0 0 0 1 0 0 0 0 0 0 0 0 0 0 0 0 0 0 0 1 0 0 0 0 0 0 0 1
72,16,0.28169014084507044,4,57 2  1 0 0 0 0 0 0 0 1 0 0 0 0 0 0 0 0 0 0 0 0 0 0 0 1 0 0 0 0 0 0 0 1 0 0 0 0 0 0 0 0 0 0 0 0 0 0 0 1 0 0 0 0 0 0 0 1
72,16,0.273972602739726,4,57 2  1 0 0 0 0 0 0 0 1 0 0 0 0 0 0 0 0 0 0 0 0 0 0 0 1 0 0 0 0 0 0 0 1 0 0 0 0 0 0 0 0 0 0 0 0 0 0 0 1 0 0 0 0 0 0 0 1
72,16,0.24096385542168675,4,57 2  1 0 0 0 0 0 0 0 1 0 0 0 0 0 0 0 0 0 0 0 0 0 0 0 1 0 0 0 0 0 0 0 1 0 0 0 0 0 0 0 0 0 0 0 0 0 0 0 1 0 0 0 0 0 0 0 1
72,16,0.30303030303030304,4,57 2  1 0 0 0 0 0 0 0 1 0 0 0 0 0 0 0 0 0 0 0 0 0 0 0 1 0 0 0 0 0 0 0 1 0 0 0 0 0 0 0 0 0 0 0 0 0 0 0 1 0 0 0 0 0 0 0 1
81,18,0.29850746268656714,4,64 2  1 0 0 0 0 0 0 0 0 1 0 0 0 0 0 0 0 0 0 0 0 0 0 0 0 0 0 1 0 0 0 0 0 0 0 0 1 0 0 0 0 0 0 0 0 0 0 0 0 0 0 0 0 0 1 0 0 0 0 0 0 0 0 1
81,18,0.2857142857142857,4,64 2  1 0 0 0 0 0 0 0 0 1 0 0 0 0 0 0 0 0 0 0 0 0 0 0 0 0 0 1 0 0 0 0 0 0 0 0 1 0 0 0 0 0 0 0 0 0 0 0 0 0 0 0 0 0 1 0 0 0 0 0 0 0 0 1
81,18,0.2631578947368421,4,64 2  1 0 0 0 0 0 0 0 0 1 0 0 0 0 0 0 0 0 0 0 0 0 0 0 0 0 0 1 0 0 0 0 0 0 0 0 1 0 0 0 0 0 0 0 0 0 0 0 0 0 0 0 0 0 1 0 0 0 0 0 0 0 0 1
81,18,0.39215686274509803,4,64 2  1 0 0 0 0 0 0 0 0 1 0 0 0 0 0 0 0 0 0 0 0 0 0 0 0 0 0 1 0 0 0 0 0 0 0 0 1 0 0 0 0 0 0 0 0 0 0 0 0 0 0 0 0 0 1 0 0 0 0 0 0 0 0 1
81,18,0.47619047619047616,4,64 2  1 0 0 0 0 0 0 0 0 1 0 0 0 0 0 0 0 0 0 0 0 0 0 0 0 0 0 1 0 0 0 0 0 0 0 0 1 0 0 0 0 0 0 0 0 0 0 0 0 0 0 0 0 0 1 0 0 0 0 0 0 0 0 1
