12,2,0.013114754098360656,3 2  1 1 1,5 2  1 0 0 1 1
24,4,0.02288329519450801,5 2  1 0 1 0 1,4 2  1 1 0 1
12,2,0.006550933508024894,3 2  1 1 1,8 2  1 0 0 1 1 0 1 1
12,2,0.010958904109589041,3 2  1 1 1,9 2  1 0 0 0 1 1 0 1 1
24,4,0.013802622498274672,5 2  1 0 1 0 1,10 2  1 1 0 1 0 0 0 1 0 1
12,2,0.013783597518952447,3 2  1 1 1,7 2  1 0 0 0 0 1 1
24,4,0.0258732212160414,5 2  1 0 1 0 1,16 2  1 1 0 1 0 0 0 1 0 1 0 0 0 1 0 1
12,2,0.00922509225092251,3 2  1 1 1,10 2  1 0 0 0 0 1 1 0 1 1
24,4,0.016420361247947456,5 2  1 0 1 0 1,7 2  1 1 0 1 1 0 1
24,4,0.012690355329949238,5 2  1 0 1 0 1,13 2  1 1 0 1 1 0 1 0 0 0 1 0 1
48,8,0.045351473922902494,9 2  1 0 0 0 1 0 0 0 1,18 2  1 1 0 0 0 1 0 0 0 0 0 0 0 1 0 0 0 1
48,8,0.046620046620046623,9 2  1 0 0 0 1 0 0 0 1,13 2  1 1 0 0 0 1 0 0 1 0 0 0 1
48,8,0.04184100418410042,9 2  1 0 0 0 1 0 0 0 1,37 2  1 1 0 0 0 1 0 0 1 0 0 0 1 0 0 0 0 0 0 0 1 0 0 0 1 0 0 0 0 0 0 0 1 0 0 0 1
48,8,0.038834951456310676,9 2  1 0 0 0 1 0 0 0 1,18 2  1 1 0 0 0 1 0 0 1 0 0 0 1 1 0 0 0 1
36,6,0.002972651605231867,7 2  1 1 0 1 0 1 1,1 2  1
48,8,0.03759398496240601,9 2  1 0 0 0 1 0 0 0 1,30 2  1 1 0 0 0 1 0 0 1 0 0 0 1 1 0 0 0 1 0 0 0 0 0 0 0 1 0 0 0 1
36,6,0.0026079019428869475,7 2  1 1 0 1 0 1 1,13 2  1 0 0 0 0 0 1 1 1 0 1 1 1
72,12,0.04395604395604396,13 2  1 0 0 0 0 0 1 0 0 0 0 0 1,8 2  1 1 0 0 0 0 0 1
72,12,0.04950495049504951,13 2  1 0 0 0 0 0 1 0 0 0 0 0 1,26 2  1 1 0 0 0 0 0 1 0 0 0 0 0 0 0 0 0 0 0 1 0 0 0 0 0 1
72,12,0.07575757575757576,13 2  1 0 0 0 0 0 1 0 0 0 0 0 1,44 2  1 1 0 0 0 0 0 1 0 0 0 0 0 0 0 0 0 0 0 1 0 0 0 0 0 1 0 0 0 0 0 0 0 0 0 0 0 1 0 0 0 0 0 1
72,12,0.07042253521126761,13 2  1 0 0 0 0 0 1 0 0 0 0 0 1,19 2  1 1 0 0 0 0 0 1 0 0 0 0 1 0 0 0 0 0 1
72,12,0.04819277108433735,13 2  1 0 0 0 0 0 1 0 0 0 0 0 1,37 2  1 1 0 0 0 0 0 1 0 0 0 0 1 0 0 0 0 0 1 0 0 0 0 0 0 0 0 0 0 0 1 0 0 0 0 0 1
36,6,0.0031540766440624505,7 2  1 1 0 1 0 1 1,25 2  1 0 0 0 0 0 1 1 1 0 1 1 1 0 0 0 0 0 1 1 1 0 1 1 1
36,6,0.019474196689386564,7 2  1 0 0 1 0 0 1,5 2  1 1 0 0 1
36,6,0.004567252797442339,7 2  1 1 0 1 0 1 1,12 2  1 0 0 0 0 1 1 1 0 1 1 1
36,6,0.035842293906810034,7 2  1 0 0 1 0 0 1,14 2  1 1 0 0 1 0 0 0 0 0 1 0 0 1
36,6,0.0364963503649635,7 2  1 0 0 1 0 0 1,23 2  1 1 0 0 1 0 0 0 0 0 1 0 0 1 0 0 0 0 0 1 0 0 1
36,6,0.0023632281696797826,7 2  1 1 0 1 0 1 1,24 2  1 0 0 0 0 1 1 1 0 1 1 1 0 0 0 0 0 1 1 1 0 1 1 1
36,6,0.022321428571428572,7 2  1 0 0 1 0 0 1,10 2  1 1 0 0 1 0 1 0 0 1
36,6,0.02967359050445104,7 2  1 0 0 1 0 0 1,19 2  1 1 0 0 1 0 1 0 0 1 0 0 0 0 0 1 0 0 1
96,16,0.08032128514056225,17 2  1 0 0 0 0 0 0 0 1 0 0 0 0 0 0 0 1,10 2  1 1 0 0 0 0 0 0 0 1
96,16,0.07547169811320754,17 2  1 0 0 0 0 0 0 0 1 0 0 0 0 0 0 0 1,34 2  1 1 0 0 0 0 0 0 0 1 0 0 0 0 0 0 0 0 0 0 0 0 0 0 0 1 0 0 0 0 0 0 0 1
96,16,0.10471204188481675,17 2  1 0 0 0 0 0 0 0 1 0 0 0 0 0 0 0 1,58 2  1 1 0 0 0 0 0 0 0 1 0 0 0 0 0 0 0 0 0 0 0 0 0 0 0 1 0 0 0 0 0 0 0 1 0 0 0 0 0 0 0 0 0 0 0 0 0 0 0 1 0 0 0 0 0 0 0 1
96,16,0.06389776357827476,17 2  1 0 0 0 0 0 0 0 1 0 0 0 0 0 0 0 1,25 2  1 1 0 0 0 0 0 0 0 1 0 0 0 0 0 0 1 0 0 0 0 0 0 0 1
96,16,0.06451612903225806,17 2  1 0 0 0 0 0 0 0 1 0 0 0 0 0 0 0 1,49 2  1 1 0 0 0 0 0 0 0 1 0 0 0 0 0 0 1 0 0 0 0 0 0 0 1 0 0 0 0 0 0 0 0 0 0 0 0 0 0 0 1 0 0 0 0 0 0 0 1
108,18,0.10416666666666667,19 2  1 0 0 0 0 0 0 0 0 1 0 0 0 0 0 0 0 0 1,11 2  1 1 0 0 0 0 0 0 0 0 1
108,18,0.07326007326007326,19 2  1 0 0 0 0 0 0 0 0 1 0 0 0 0 0 0 0 0 1,38 2  1 1 0 0 0 0 0 0 0 0 1 0 0 0 0 0 0 0 0 0 0 0 0 0 0 0 0 0 1 0 0 0 0 0 0 0 0 1
108,18,0.06688963210702341,19 2  1 0 0 0 0 0 0 0 0 1 0 0 0 0 0 0 0 0 1,65 2  1 1 0 0 0 0 0 0 0 0 1 0 0 0 0 0 0 0 0 0 0 0 0 0 0 0 0 0 1 0 0 0 0 0 0 0 0 1 0 0 0 0 0 0 0 0 0 0 0 0 0 0 0 0 0 1 0 0 0 0 0 0 0 0 1
108,18,0.07782101167315175,19 2  1 0 0 0 0 0 0 0 0 1 0 0 0 0 0 0 0 0 1,28 2  1 1 0 0 0 0 0 0 0 0 1 0 0 0 0 0 0 0 1 0 0 0 0 0 0 0 0 1
108,18,0.09950248756218906,19 2  1 0 0 0 0 0 0 0 0 1 0 0 0 0 0 0 0 0 1,55 2  1 1 0 0 0 0 0 0 0 0 1 0 0 0 0 0 0 0 1 0 0 0 0 0 0 0 0 1 0 0 0 0 0 0 0 0 0 0 0 0 0 0 0 0 0 1 0 0 0 0 0 0 0 0 1
72,12,0.00563063063063063,13 2  1 0 1 0 0 0 1 0 0 0 1 0 1,1 2  1
120,20,0.013642564802182811,21 2  1 0 0 1 1 0 0 0 1 0 0 1 1 0 0 0 1 0 0 1 1,93 2  1 1 0 1 0 1 1 1 1 1 0 0 0 1 0 0 0 1 0 0 1 1 0 1 1 1 1 0 0 0 1 0 0 1 1 0 1 0 1 1 0 1 0 1 1 1 1 0 1 0 1 1 1 1 0 0 0 1 0 0 1 1 0 1 1 1 1 0 0 0 1 0 1 1 1 1 0 0 0 1 0 0 1 1 0 1 0 1 0 1 1 1 1
72,12,0.007369196757553427,13 2  1 0 1 0 0 0 1 0 0 0 1 0 1,25 2  1 0 0 0 0 0 0 0 0 0 0 0 1 0 1 0 1 0 0 0 1 0 1 0 1
120,20,0.023014959723820484,21 2  1 0 0 1 1 0 0 0 1 0 0 1 1 0 0 0 1 0 0 1 1,78 2  1 1 0 1 0 1 1 1 1 1 0 0 0 1 0 0 0 1 0 0 1 1 0 1 1 0 1 0 1 1 1 1 0 1 0 1 1 1 1 0 0 0 1 0 0 1 1 0 1 1 1 1 0 0 0 1 0 1 1 1 1 0 0 0 1 0 0 1 1 0 1 0 1 0 1 1 1 1
72,12,0.011855364552459988,13 2  1 0 1 0 0 0 1 0 0 0 1 0 1,49 2  1 0 0 0 0 0 0 0 0 0 0 0 1 0 1 0 1 0 0 0 1 0 1 0 1 0 0 0 0 0 0 0 0 0 0 0 1 0 1 0 1 0 0 0 1 0 1 0 1
120,20,0.019782393669634024,21 2  1 1 1 1 1 0 0 0 1 1 1 1 1 0 0 0 1 1 1 1 1,93 2  1 0 1 0 0 1 0 1 0 1 0 0 1 0 1 0 1 0 0 1 0 1 0 0 0 0 0 0 0 0 0 0 0 1 1 0 0 0 1 1 1 1 0 1 1 1 1 0 0 0 1 1 0 0 0 1 1 0 0 0 1 1 0 0 1 0 1 0 0 1 0 1 1 1 1 0 1 1 1 1 0 1 1 1 1 0 1 1 0 0 0 1 1
84,14,0.0006155171883174838,15 2  1 1 1 0 0 1 0 0 0 1 0 0 1 0 1,43 2  1 0 1 1 1 1 0 0 1 1 1 1 0 0 0 0 1 0 1 1 0 1 1 1 0 1 0 1 0 1 1 0 0 0 1 0 1 1 1 0 1 0 1
72,12,0.00655307994757536,13 2  1 0 1 0 0 0 1 0 0 0 1 0 1,23 2  1 0 0 0 0 0 0 0 0 0 1 0 1 0 1 0 0 0 1 0 1 0 1
120,20,0.027777777777777776,21 2  1 1 1 1 1 0 0 0 1 1 1 1 1 0 0 0 1 1 1 1 1,78 2  1 0 1 0 0 1 0 1 0 1 0 0 1 0 1 0 1 0 0 1 0 1 0 0 0 0 0 0 0 0 0 0 0 1 1 0 0 0 1 1 1 1 0 1 1 1 1 0 0 1 0 1 0 0 1 0 1 1 1 1 0 1 1 1 1 0 1 1 1 1 0 1 1 0 0 0 1 1
72,12,0.005608524957936063,13 2  1 0 1 0 0 0 1 0 0 0 1 0 1,47 2  1 0 0 0 0 0 0 0 0 0 1 0 1 0 1 0 0 0 1 0 1 0 1 0 0 0 0 0 0 0 0 0 0 0 1 0 1 0 1 0 0 0 1 0 1 0 1
84,14,0.00570287995437696,15 2  1 1 1 0 1 1 1 0 0 0 0 0 1 1 1,27 2  1 0 1 1 0 0 0 0 0 1 1 0 0 0 0 0 1 0 1 1 1 0 1 1 0 1 1
120,20,0.01682085786375105,21 2  1 1 0 0 1 0 0 0 1 1 0 0 1 0 0 0 1 1 0 0 1,93 2  1 0 0 0 1 1 1 1 0 0 1 0 0 0 1 1 0 0 1 0 0 0 1 1 0 1 0 1 1 0 0 1 0 1 1 0 0 1 0 0 1 0 0 0 1 1 1 1 1 1 0 1 0 1 1 0 0 0 1 1 1 1 0 1 1 0 0 1 0 0 0 1 0 0 0 1 1 1 1 0 1 0 1 1 0 0 1 0 1 1 0 0 1
120,20,0.02014098690835851,21 2  1 1 0 0 1 0 0 0 1 1 0 0 1 0 0 0 1 1 0 0 1,78 2  1 0 0 0 1 1 1 1 0 0 1 0 0 0 1 1 0 0 1 0 0 0 1 1 0 1 0 1 1 0 0 1 0 1 1 0 0 1 0 0 1 0 0 0 1 1 1 1 1 1 0 1 0 1 1 0 0 0 1 1 1 1 0 1 1 0 0 1 0 0 0 1 0 1 1 0 0 1
84,14,0.005841121495327103,15 2  1 1 1 0 0 0 0 0 1 1 1 0 1 1 1,63 2  1 0 1 1 1 0 1 1 1 1 0 1 1 1 0 1 1 1 0 1 0 1 1 0 1 1 0 1 0 1 1 0 0 0 0 0 1 1 0 1 1 0 1 1 0 1 1 0 0 0 0 0 0 0 0 0 1 1 0 1 0 1 1
120,20,0.026281208935611037,21 2  1 1 1 1 1 0 0 0 1 1 1 1 1 0 0 0 1 1 1 1 1,29 2  1 0 1 0 0 1 0 1 1 1 1 0 1 1 1 1 0 1 1 1 1 0 1 1 0 0 0 1 1
120,20,0.01589825119236884,21 2  1 0 0 1 1 0 0 0 1 0 0 1 1 0 0 0 1 0 0 1 1,94 2  1 1 0 1 0 1 1 1 0 0 0 1 0 0 1 1 0 0 0 1 0 0 1 1 1 0 0 0 1 0 0 1 0 0 1 1 0 1 0 1 1 0 1 0 1 1 1 1 0 1 0 1 1 1 1 0 0 0 1 0 0 1 1 0 1 1 1 1 0 0 0 1 0 1 1 1 1 0 0 0 1 0 0 1 1 0 1 0 1 0 1 1 1 1
84,14,0.005393743257820928,15 2  1 1 1 0 1 1 1 0 0 0 0 0 1 1 1,15 2  1 0 1 1 1 0 1 1 1 0 1 1 0 1 1
120,20,0.0205761316872428,21 2  1 1 0 0 1 0 0 0 1 1 0 0 1 0 0 0 1 1 0 0 1,53 2  1 0 0 0 1 1 1 1 1 0 1 0 1 1 0 0 1 1 1 1 0 1 0 1 0 0 0 1 1 1 1 0 0 1 0 0 0 1 1 1 1 1 0 1 0 1 1 0 1 1 0 0 1
120,20,0.014084507042253521,21 2  1 1 1 1 1 0 0 0 1 1 1 1 1 0 0 0 1 1 1 1 1,94 2  1 0 1 0 0 1 0 1 1 1 1 0 1 1 1 1 0 0 0 1 1 0 0 0 0 1 1 0 0 0 1 1 1 1 0 1 1 1 1 0 1 0 0 1 0 1 0 0 0 0 0 0 0 0 0 0 1 1 0 0 0 1 1 0 0 1 0 1 0 0 1 0 1 1 1 1 0 1 1 1 1 0 1 1 1 1 0 1 1 0 0 0 1 1
84,14,0.005289605924358635,15 2  1 1 1 0 0 0 0 0 1 1 1 0 1 1 1,36 2  1 0 1 1 0 0 0 0 1 0 1 1 1 0 1 1 1 0 1 1 0 0 0 0 0 0 0 0 0 1 1 0 1 0 1 1
120,20,0.02254791431792559,21 2  1 1 0 0 1 0 0 0 1 1 0 0 1 0 0 0 1 1 0 0 1,94 2  1 0 0 0 1 1 1 1 1 0 1 0 1 1 0 0 1 1 1 1 0 1 0 1 0 0 0 1 1 1 1 0 0 1 0 0 0 1 1 1 1 1 0 1 0 1 1 0 1 1 0 0 1 0 0 0 0 0 0 0 0 0 0 0 0 1 1 1 1 0 1 0 0 1 0 0 0 1 1 1 0 1 0 1 1 0 0 1 0 1 1 0 0 1
120,20,0.09049773755656108,21 2  1 0 0 0 0 0 0 0 0 0 1 0 0 0 0 0 0 0 0 0 1,42 2  1 1 0 0 0 0 0 0 0 0 0 1 0 0 0 0 0 0 0 0 0 0 0 0 0 0 0 0 0 0 0 1 0 0 0 0 0 0 0 0 0 1
120,20,0.16806722689075632,21 2  1 0 0 0 0 0 0 0 0 0 1 0 0 0 0 0 0 0 0 0 1,31 2  1 1 0 0 0 0 0 0 0 0 0 1 0 0 0 0 0 0 0 0 1 0 0 0 0 0 0 0 0 0 1
120,20,0.0851063829787234,21 2  1 0 0 0 0 0 0 0 0 0 1 0 0 0 0 0 0 0 0 0 1,91 2  1 1 0 0 0 0 0 0 0 0 0 1 0 0 0 0 0 0 0 0 1 0 0 0 0 0 0 0 0 0 1 0 0 0 0 0 0 0 0 0 0 0 0 0 0 0 0 0 0 0 1 0 0 0 0 0 0 0 0 0 1 0 0 0 0 0 0 0 0 0 0 0 0 0 0 0 0 0 0 0 1 0 0 0 0 0 0 0 0 0 1
120,20,0.11695906432748537,21 2  1 0 0 0 0 0 0 0 0 0 1 0 0 0 0 0 0 0 0 0 1,42 2  1 1 0 0 0 0 0 0 0 0 0 1 0 0 0 0 0 0 0 0 1 0 0 0 0 0 0 0 0 0 1 1 0 0 0 0 0 0 0 0 0 1
120,20,0.10752688172043011,21 2  1 0 0 0 0 0 0 0 0 0 1 0 0 0 0 0 0 0 0 0 1,72 2  1 1 0 0 0 0 0 0 0 0 0 1 0 0 0 0 0 0 0 0 1 0 0 0 0 0 0 0 0 0 1 1 0 0 0 0 0 0 0 0 0 1 0 0 0 0 0 0 0 0 0 0 0 0 0 0 0 0 0 0 0 1 0 0 0 0 0 0 0 0 0 1
84,14,0.003430531732418525,15 2  1 1 1 0 1 1 1 0 0 0 0 0 1 1 1,43 2  1 0 1 1 1 0 1 1 1 0 1 1 0 0 0 0 1 0 1 1 0 0 0 0 0 0 0 0 1 0 1 1 1 0 1 1 1 0 1 1 0 1 1
84,14,0.005988023952095809,15 2  1 1 1 0 0 0 0 0 1 1 1 0 1 1 1,64 2  1 0 1 1 0 0 0 0 1 0 1 1 1 0 1 1 1 0 1 1 0 0 0 0 0 0 0 0 1 0 1 1 0 0 0 0 1 0 1 1 1 0 1 1 1 0 1 1 0 0 0 0 0 0 0 0 0 1 1 0 1 0 1 1
120,20,0.02053388090349076,21 2  1 1 1 1 1 0 0 0 1 1 1 1 1 0 0 0 1 1 1 1 1,14 2  1 0 1 0 0 1 0 1 1 0 0 0 1 1
120,20,0.01277139208173691,21 2  1 1 0 0 1 0 0 0 1 1 0 0 1 0 0 0 1 1 0 0 1,53 2  1 0 0 0 1 1 1 1 1 1 0 1 0 1 1 0 0 0 1 1 1 1 0 1 1 0 0 1 0 0 0 1 0 0 0 1 1 1 1 0 1 0 1 1 0 0 1 0 1 1 0 0 1
120,20,0.016433853738701727,21 2  1 0 0 1 1 0 0 0 1 0 0 1 1 0 0 0 1 0 0 1 1,77 2  1 1 0 1 0 1 1 1 0 1 0 1 1 1 1 0 0 1 1 0 1 0 1 1 0 1 0 1 1 1 1 0 1 0 1 1 1 1 0 0 0 1 0 0 1 1 0 1 1 1 1 0 0 0 1 0 1 1 1 1 0 0 0 1 0 0 1 1 0 1 0 1 0 1 1 1 1
120,20,0.020429009193054137,21 2  1 0 0 1 1 0 0 0 1 0 0 1 1 0 0 0 1 0 0 1 1,62 2  1 1 0 1 0 1 1 1 0 1 0 1 1 1 1 0 0 1 1 0 1 0 1 1 0 1 0 1 1 1 1 0 1 1 1 1 0 0 0 1 0 1 1 1 1 0 0 0 1 0 0 1 1 0 1 0 1 0 1 1 1 1
120,20,0.0006242586928022972,21 2  1 1 0 0 0 1 0 0 1 0 0 0 0 0 0 0 1 1 0 0 1,41 2  1 0 0 0 0 1 1 1 0 0 1 0 1 0 1 1 0 0 1 0 1 0 1 1 0 0 1 0 1 0 1 1 1 0 1 0 1 1 0 0 1
108,18,0.008378718056137411,19 2  1 0 0 1 0 0 0 0 0 1 0 0 0 0 0 1 0 0 1,1 2  1
108,18,0.013020833333333334,19 2  1 0 0 1 0 0 0 0 0 1 0 0 0 0 0 1 0 0 1,37 2  1 0 0 0 0 0 0 0 0 0 0 0 0 0 0 0 0 0 1 0 0 1 0 0 1 0 0 0 0 0 1 0 0 1 0 0 1
108,18,0.010946907498631636,19 2  1 0 0 1 0 0 0 0 0 1 0 0 0 0 0 1 0 0 1,73 2  1 0 0 0 0 0 0 0 0 0 0 0 0 0 0 0 0 0 1 0 0 1 0 0 1 0 0 0 0 0 1 0 0 1 0 0 1 0 0 0 0 0 0 0 0 0 0 0 0 0 0 0 0 0 1 0 0 1 0 0 1 0 0 0 0 0 1 0 0 1 0 0 1
108,18,0.010976948408342482,19 2  1 0 0 1 0 0 0 0 0 1 0 0 0 0 0 1 0 0 1,34 2  1 0 0 0 0 0 0 0 0 0 0 0 0 0 0 1 0 0 1 0 0 1 0 0 0 0 0 1 0 0 1 0 0 1
108,18,0.014398848092152628,19 2  1 0 0 1 0 0 0 0 0 1 0 0 0 0 0 1 0 0 1,70 2  1 0 0 0 0 0 0 0 0 0 0 0 0 0 0 1 0 0 1 0 0 1 0 0 0 0 0 1 0 0 1 0 0 1 0 0 0 0 0 0 0 0 0 0 0 0 0 0 0 0 0 1 0 0 1 0 0 1 0 0 0 0 0 1 0 0 1 0 0 1
120,20,0.0006500260010400416,21 2  1 0 0 1 1 0 0 0 0 0 0 0 1 0 0 1 0 0 0 1 1,41 2  1 1 0 1 0 1 1 1 1 0 0 0 0 1 0 0 0 0 0 0 0 0 0 0 1 1 0 1 0 1 1 1 0 1 0 1 0 0 1 1 1
120,20,0.0006796479423658545,21 2  1 1 0 0 0 1 0 0 1 0 0 0 0 0 0 0 1 1 0 0 1,57 2  1 0 0 0 0 1 1 1 0 0 1 0 1 0 1 1 0 0 1 0 1 0 1 1 0 0 1 0 1 0 1 1 1 0 1 0 1 1 0 0 1 0 0 0 0 1 1 1 1 0 1 0 1 1 0 0 1
120,20,0.000554139421478444,21 2  1 0 0 1 1 0 0 0 0 0 0 0 1 0 0 1 0 0 0 1 1,57 2  1 1 0 1 0 1 1 1 1 0 0 0 0 1 0 0 0 0 0 0 0 0 0 0 1 1 0 1 0 1 1 1 0 1 0 1 0 0 1 1 1 0 0 0 0 1 0 0 1 1 0 1 0 1 1 1 1
60,10,0.00001808771274541635,11 2  1 1 0 0 0 0 0 1 1 0 1,8 2  1 0 0 1 1 1 0 1
60,10,0.000019262329817316063,11 2  1 0 1 1 0 0 0 0 0 1 1,33 2  1 1 1 1 0 0 1 0 1 0 1 1 1 1 0 1 0 1 0 0 1 0 1 0 0 0 1 1 1 1 1 1 1
120,20,0.000031636158864135354,21 2  1 0 1 0 0 0 0 0 0 0 0 0 0 0 1 0 1 0 0 0 1,15 2  1 0 0 0 0 0 1 0 1 0 1 0 0 0 1
60,10,0.00001812280374272143,11 2  1 0 0 1 1 1 1 1 0 0 1,45 2  1 1 0 0 0 0 0 0 1 0 1 0 1 0 0 1 0 1 1 0 1 1 0 1 0 0 1 0 1 0 1 1 0 0 1 1 1 1 0 1 1 1 0 0 1
120,20,0.00003773485228692072,21 2  1 0 0 0 1 0 1 0 0 0 0 0 0 0 0 0 0 0 1 0 1,65 2  1 0 1 0 1 0 1 0 0 0 0 0 1 0 0 0 1 0 0 0 1 0 1 0 1 0 1 0 0 0 1 0 0 0 1 0 0 0 0 0 1 0 0 0 1 0 0 0 0 0 0 0 1 0 1 0 1 0 1 0 1 0 1 0 1
84,14,0.00000839841757016143,15 2  1 0 1 0 1 1 0 1 0 1 0 0 1 1 1,16 2  1 1 1 1 0 1 1 0 1 1 1 1 1 0 1 1
60,10,0.000015025573526141493,11 2  1 0 0 1 1 1 1 1 0 0 1,33 2  1 1 0 0 0 0 0 0 1 0 1 0 1 0 0 1 0 0 1 0 0 0 1 1 1 1 0 1 1 1 0 0 1
120,20,0.000044599352863389954,21 2  1 0 0 0 0 0 1 0 1 0 1 0 1 0 1 0 0 0 0 0 1,89 2  1 0 1 0 0 0 0 0 0 0 0 0 0 0 0 0 1 0 0 0 1 0 0 0 1 0 0 0 0 0 1 0 0 0 1 0 1 0 0 0 1 0 1 0 0 0 1 0 0 0 0 0 1 0 0 0 1 0 0 0 1 0 1 0 0 0 0 0 1 0 1 0 1 0 1 0 0 0 1 0 1 0 1 0 0 0 0 0 1
60,10,0.000016460390539225933,11 2  1 1 0 0 0 0 0 1 1 0 1,45 2  1 0 0 1 1 1 1 0 1 1 1 1 1 0 0 0 1 1 0 1 1 0 1 0 0 1 1 0 1 1 1 1 1 1 0 0 1 1 0 1 0 0 1 1 1
60,10,0.038910505836575876,11 2  1 0 0 0 0 1 0 0 0 0 1,7 2  1 1 0 0 0 0 1
60,10,0.05102040816326531,11 2  1 0 0 0 0 1 0 0 0 0 1,22 2  1 1 0 0 0 0 1 0 0 0 0 0 0 0 0 0 1 0 0 0 0 1
60,10,0.04008016032064128,11 2  1 0 0 0 0 1 0 0 0 0 1,37 2  1 1 0 0 0 0 1 0 0 0 0 0 0 0 0 0 1 0 0 0 0 1 0 0 0 0 0 0 0 0 0 1 0 0 0 0 1
60,10,0.04987531172069826,11 2  1 0 0 0 0 1 0 0 0 0 1,16 2  1 1 0 0 0 0 1 0 0 0 1 0 0 0 0 1
60,10,0.04866180048661801,11 2  1 0 0 0 0 1 0 0 0 0 1,31 2  1 1 0 0 0 0 1 0 0 0 1 0 0 0 0 1 0 0 0 0 0 0 0 0 0 1 0 0 0 0 1
120,20,0.00003818987624570602,21 2  1 0 0 0 0 0 1 0 1 0 1 0 1 0 1 0 0 0 0 0 1,65 2  1 0 1 0 0 0 0 0 0 0 0 0 0 0 0 0 1 0 0 0 1 0 0 0 1 0 0 0 0 0 1 0 0 0 0 0 1 0 0 0 0 0 0 0 1 0 1 0 1 0 1 0 0 0 1 0 1 0 1 0 0 0 0 0 1
60,10,0.000013241315021477412,11 2  1 0 1 1 0 0 0 0 0 1 1,45 2  1 1 1 0 0 0 0 0 0 1 0 1 0 1 1 1 0 0 0 1 1 0 1 1 1 1 0 1 0 1 0 0 1 0 1 0 0 0 1 1 1 1 1 1 1
84,14,0.000008662842599181968,15 2  1 0 1 0 1 1 0 1 0 1 0 0 1 1 1,58 2  1 1 1 1 0 1 1 0 1 1 1 1 1 0 1 1 0 0 0 0 0 0 0 0 0 0 0 0 0 1 0 1 0 0 1 1 1 1 0 1 1 1 0 0 1 0 1 1 1 0 1 1 1 1 1 0 1 1
120,20,0.00004522196068854957,21 2  1 0 1 0 0 0 0 0 0 0 0 0 0 0 1 0 1 0 0 0 1,89 2  1 0 0 0 0 0 1 0 1 0 1 0 1 0 0 0 1 0 1 0 1 0 1 0 1 0 0 0 0 0 0 0 1 0 1 0 0 0 1 0 1 0 0 0 1 0 0 0 0 0 1 0 1 0 0 0 1 0 1 0 1 0 1 0 1 0 1 0 0 0 0 0 1 0 1 0 0 0 1 0 0 0 0 0 1 0 1 0 1
60,10,0.000013393308569105789,11 2  1 0 1 1 0 0 0 0 0 1 1,33 2  1 1 1 0 0 0 0 0 0 1 0 1 0 1 1 1 0 0 0 1 1 0 1 1 1 1 0 0 0 0 1 1 1
120,20,0.0000494598979147707,21 2  1 0 0 0 1 0 1 0 0 0 0 0 0 0 0 0 0 0 1 0 1,89 2  1 0 1 0 1 0 0 0 0 0 0 0 0 0 0 0 0 0 1 0 0 0 1 0 0 0 1 0 1 0 1 0 0 0 0 0 0 0 1 0 1 0 0 0 1 0 1 0 1 0 1 0 0 0 1 0 0 0 1 0 0 0 0 0 1 0 0 0 1 0 0 0 0 0 0 0 1 0 1 0 1 0 1 0 1 0 1 0 1
60,10,0.000015811914119169653,11 2  1 0 1 1 0 0 0 0 0 1 1,44 2  1 1 1 0 0 1 1 1 0 1 1 1 1 0 1 1 1 1 1 0 0 1 1 0 0 1 0 1 0 1 0 1 0 1 0 0 0 1 1 1 1 1 1 1
60,10,0.000020101512638826072,11 2  1 1 0 0 0 0 0 1 1 0 1,1 2  1
120,20,0.000026358066424963197,21 2  1 0 0 0 1 0 1 0 0 0 0 0 0 0 0 0 0 0 1 0 1,65 2  1 0 1 0 1 0 0 0 0 0 0 0 0 0 0 0 0 0 1 0 0 0 1 0 0 0 1 0 1 0 1 0 0 0 0 0 0 0 1 0 1 0 0 0 1 0 1 0 1 0 1 0 0 0 0 0 0 0 0 0 1 0 1 0 1
60,10,0.000017116312187841256,11 2  1 0 0 1 1 1 1 1 0 0 1,25 2  1 1 0 1 0 0 1 0 1 0 1 1 0 0 1 1 1 1 0 1 1 1 0 0 1
84,14,0.00000803384820927532,15 2  1 0 1 0 1 1 0 1 0 1 0 0 1 1 1,47 2  1 1 1 1 0 1 1 0 1 1 1 1 1 0 1 1 0 0 1 0 1 0 0 1 1 1 1 0 1 1 1 0 0 1 0 1 1 1 0 1 1 1 1 1 0 1 1
60,10,0.000016831191564206787,11 2  1 0 1 1 0 0 0 0 0 1 1,49 2  1 1 1 0 0 1 0 0 0 1 0 1 0 1 0 0 1 0 0 0 1 1 0 1 1 0 1 1 1 1 0 1 0 1 0 0 1 0 1 0 0 0 1 1 1 1 1 1 1
120,20,0.000034668954817684635,21 2  1 0 0 0 1 0 1 0 0 0 0 0 0 0 0 0 0 0 1 0 1,87 2  1 0 1 0 1 0 0 0 0 0 1 0 1 0 1 0 0 0 1 0 1 0 1 0 1 0 0 0 1 0 1 0 1 0 1 0 1 0 0 0 0 0 1 0 1 0 0 0 0 0 1 0 0 0 1 0 0 0 1 0 0 0 1 0 0 0 1 0 0 0 0 0 0 0 1 0 1 0 1 0 1 0 1 0 1 0 1
60,10,0.000014730892375363762,11 2  1 1 0 0 0 0 0 1 1 0 1,47 2  1 0 0 0 0 0 0 0 1 1 0 0 0 0 0 1 1 0 1 0 0 0 1 1 0 0 0 0 1 0 0 1 0 1 0 1 0 0 0 1 0 0 1 1 1 0 1
120,20,0.00003234351399342133,21 2  1 0 1 0 0 0 0 0 0 0 0 0 0 0 1 0 1 0 0 0 1,1 2  1
60,10,0.000012819009052143242,11 2  1 0 0 1 1 1 1 1 0 0 1,49 2  1 1 0 1 0 0 1 0 0 0 1 0 1 1 1 0 0 0 1 1 1 0 1 0 0 0 1 0 0 1 0 1 1 0 0 1 0 0 1 1 1 1 0 1 1 1 0 0 1
120,20,0.00005126745977426937,21 2  1 0 0 0 0 0 1 0 1 0 1 0 1 0 1 0 0 0 0 0 1,49 2  1 0 1 0 0 0 1 0 0 0 0 0 1 0 0 0 1 0 0 0 1 0 1 0 0 0 0 0 1 0 1 0 1 0 1 0 0 0 1 0 1 0 1 0 0 0 0 0 1
84,14,0.000009004652704052184,15 2  1 0 1 0 1 1 0 1 0 1 0 0 1 1 1,58 2  1 1 1 1 0 1 1 0 1 1 1 1 1 0 1 1 0 0 1 0 1 0 0 1 1 1 1 0 1 0 1 1 0 1 1 0 0 0 0 0 0 0 1 1 1 1 0 1 1 0 1 1 1 1 1 0 1 1
84,14,0.058823529411764705,15 2  1 0 0 0 0 0 0 1 0 0 0 0 0 0 1,30 2  1 1 0 0 0 0 0 0 1 0 0 0 0 0 0 0 0 0 0 0 0 0 1 0 0 0 0 0 0 1
84,14,0.08097165991902834,15 2  1 0 0 0 0 0 0 1 0 0 0 0 0 0 1,22 2  1 1 0 0 0 0 0 0 1 0 0 0 0 0 1 0 0 0 0 0 0 1
84,14,0.06472491909385113,15 2  1 0 0 0 0 0 0 1 0 0 0 0 0 0 1,64 2  1 1 0 0 0 0 0 0 1 0 0 0 0 0 1 0 0 0 0 0 0 1 0 0 0 0 0 0 0 0 0 0 0 0 0 1 0 0 0 0 0 0 1 0 0 0 0 0 0 0 0 0 0 0 0 0 1 0 0 0 0 0 0 1
84,14,0.056179775280898875,15 2  1 0 0 0 0 0 0 1 0 0 0 0 0 0 1,30 2  1 1 0 0 0 0 0 0 1 0 0 0 0 0 1 0 0 0 0 0 0 1 1 0 0 0 0 0 0 1
84,14,0.054945054945054944,15 2  1 0 0 0 0 0 0 1 0 0 0 0 0 0 1,51 2  1 1 0 0 0 0 0 0 1 0 0 0 0 0 1 0 0 0 0 0 0 1 1 0 0 0 0 0 0 1 0 0 0 0 0 0 0 0 0 0 0 0 0 1 0 0 0 0 0 0 1
84,14,0.0048567265662943174,15 2  1 1 1 0 0 0 0 0 1 1 1 0 1 1 1,44 2  1 0 1 1 0 1 1 0 1 0 1 1 0 0 0 0 0 1 1 0 1 1 0 1 1 0 1 1 0 0 0 0 0 0 0 0 0 1 1 0 1 0 1 1
84,14,0.005344735435595938,15 2  1 1 1 0 1 1 1 0 0 0 0 0 1 1 1,44 2  1 0 1 1 1 1 0 1 1 1 0 1 0 1 1 0 1 0 1 1 0 1 1 0 1 1 0 1 1 1 0 1 1 1 0 1 1 1 0 1 1 0 1 1
84,14,0.006011421701232342,15 2  1 1 1 0 0 0 0 0 1 1 1 0 1 1 1,55 2  1 0 1 1 0 1 1 0 1 0 1 1 1 1 0 1 1 1 0 1 0 1 1 0 0 0 0 0 1 1 0 1 1 0 1 1 0 1 1 0 0 0 0 0 0 0 0 0 1 1 0 1 0 1 1
84,14,0.005001250312578144,15 2  1 1 1 0 1 1 1 0 0 0 0 0 1 1 1,67 2  1 0 1 1 1 1 0 1 1 1 0 1 0 1 1 0 1 0 1 1 0 1 1 0 0 0 0 0 1 1 0 1 0 1 1 0 1 1 0 1 0 1 1 0 1 1 0 1 1 0 1 1 1 0 1 1 1 0 1 1 1 0 1 1 0 1 1
84,14,0.0006316520860310141,15 2  1 1 1 0 0 1 0 0 0 1 0 0 1 0 1,16 2  1 0 1 1 0 0 0 1 0 1 1 1 0 1 0 1
84,14,0.0005368262830148165,15 2  1 0 1 0 0 1 0 0 0 1 0 0 1 1 1,47 2  1 1 1 1 1 0 0 1 1 0 0 1 1 1 0 0 1 0 1 1 0 1 0 1 1 1 0 1 1 0 1 0 1 0 1 1 0 0 0 0 1 1 1 1 0 1 1
84,14,0.0009171787581399614,15 2  1 0 1 0 0 1 0 0 0 1 0 0 1 1 1,43 2  1 1 1 1 1 0 0 1 1 1 0 0 1 1 1 0 1 0 0 0 0 1 1 1 0 0 0 1 1 0 1 1 1 1 1 1 1 0 0 1 0 1 1
60,10,0.000021738138041524193,11 2  1 0 0 1 1 1 1 1 0 0 1,13 2  1 1 0 1 0 0 1 1 1 0 0 0 1
120,20,0.000030358227079538556,21 2  1 0 0 0 1 0 1 0 0 0 0 0 0 0 0 0 0 0 1 0 1,97 2  1 0 1 0 1 0 0 0 0 0 1 0 0 0 0 0 0 0 1 0 0 0 1 0 0 0 1 0 0 0 0 0 1 0 0 0 0 0 0 0 1 0 1 0 0 0 1 0 1 0 0 0 1 0 1 0 1 0 1 0 0 0 1 0 0 0 1 0 0 0 0 0 1 0 0 0 1 0 0 0 0 0 0 0 1 0 1 0 1 0 1 0 1 0 1 0 1
60,10,0.00001730596337538971,11 2  1 1 0 0 0 0 0 1 1 0 1,46 2  1 0 0 0 0 0 0 1 1 1 0 0 0 0 1 1 1 1 0 1 1 0 1 1 0 0 0 1 0 0 1 0 1 0 1 0 0 0 1 0 0 1 1 1 0 1
120,20,0.00004671434644293609,21 2  1 0 1 0 0 0 0 0 0 0 0 0 0 0 1 0 1 0 0 0 1,93 2  1 0 0 0 0 0 0 0 0 0 0 0 0 0 0 0 1 0 1 0 0 0 0 0 0 0 0 0 0 0 1 0 1 0 0 0 1 0 0 0 0 0 0 0 1 0 1 0 0 0 0 0 0 0 0 0 1 0 0 0 0 0 1 0 0 0 1 0 0 0 1 0 0 0 0 0 0 0 1 0 0 0 0 0 1 0 1 0 1 0 0 0 1
84,14,0.000010900501314055434,15 2  1 1 1 0 0 1 0 1 0 1 1 0 1 0 1,24 2  1 0 1 1 0 0 0 0 1 1 0 0 1 1 0 1 1 1 1 0 0 1 0 1
120,20,0.000042846094685584646,21 2  1 0 0 0 0 0 1 0 1 0 1 0 1 0 1 0 0 0 0 0 1,97 2  1 0 1 0 0 0 1 0 0 0 0 0 1 0 0 0 0 0 0 0 1 0 0 0 1 0 1 0 1 0 0 0 0 0 0 0 1 0 1 0 1 0 0 0 1 0 0 0 0 0 0 0 1 0 0 0 0 0 1 0 0 0 1 0 1 0 0 0 0 0 1 0 0 0 0 0 1 0 1 0 1 0 1 0 0 0 1 0 1 0 1 0 0 0 0 0 1
120,20,0.00003762106930365282,21 2  1 0 0 0 0 0 1 0 1 0 1 0 1 0 1 0 0 0 0 0 1,25 2  1 0 1 0 0 0 1 0 0 0 0 0 1 0 1 0 1 0 0 0 0 0 0 0 1
84,14,0.000011027783950273517,15 2  1 1 1 0 0 1 0 1 0 1 1 0 1 0 1,66 2  1 0 1 1 0 0 0 0 1 1 0 0 1 1 0 1 1 1 1 0 0 1 0 1 0 0 0 0 0 0 0 0 0 0 0 0 0 1 1 0 1 1 1 1 1 0 1 1 1 0 1 0 0 1 1 1 0 1 1 1 1 0 0 1 0 1
120,20,0.00005018090215225889,21 2  1 0 1 0 0 0 0 0 0 0 0 0 0 0 1 0 1 0 0 0 1,91 2  1 0 0 0 0 0 0 0 0 0 0 0 0 0 1 0 1 0 1 0 0 0 0 0 0 0 0 0 1 0 1 0 1 0 1 0 0 0 1 0 1 0 0 0 1 0 1 0 0 0 0 0 0 0 1 0 0 0 0 0 1 0 0 0 1 0 0 0 1 0 0 0 0 0 0 0 1 0 0 0 0 0 1 0 1 0 1 0 0 0 1
120,20,0.000998801438274071,21 2  1 0 0 1 1 0 0 0 0 0 0 0 1 0 0 1 0 0 0 1 1,41 2  1 0 0 0 1 0 0 1 1 0 1 0 0 1 1 0 0 0 1 0 0 1 1 0 0 0 1 0 0 1 1 0 0 0 1 0 1 1 1 1 1
120,20,0.0005720660164182947,21 2  1 1 0 0 0 1 0 0 1 0 0 0 0 0 0 0 1 1 0 0 1,41 2  1 1 1 0 0 1 0 1 0 1 1 1 0 1 0 1 1 0 0 0 0 0 0 0 0 0 0 1 0 0 0 0 1 1 1 1 0 1 0 1 1
120,20,0.0007368110816386678,21 2  1 0 0 1 1 0 0 0 0 0 0 0 1 0 0 1 0 0 0 1 1,89 2  1 0 0 0 1 0 0 1 1 0 1 0 0 1 1 1 0 0 0 0 0 0 0 0 1 0 0 0 1 0 0 1 0 0 1 0 1 1 1 0 1 0 1 0 0 1 1 1 1 0 0 0 1 0 0 1 1 0 1 0 0 1 1 0 0 0 1 0 0 1 1 0 0 0 1 0 0 1 1 0 0 0 1 0 1 1 1 1 1
120,20,0.0007556008916090521,21 2  1 1 0 0 0 1 0 0 1 0 0 0 0 0 0 0 1 1 0 0 1,89 2  1 1 1 0 0 1 0 1 0 1 1 1 0 1 0 0 0 1 1 1 0 1 0 0 0 1 1 1 0 1 0 0 1 0 0 1 0 0 0 1 1 1 1 0 0 1 0 1 1 0 0 1 0 0 0 1 1 1 1 0 0 1 0 0 1 0 0 0 0 0 0 0 1 1 1 1 0 1 0 1 0 1 1 0 0 1 0 0 1
120,20,0.0009041591320072332,21 2  1 1 0 0 0 1 0 0 1 0 0 0 0 0 0 0 1 1 0 0 1,57 2  1 1 1 1 0 1 0 1 1 0 0 1 0 0 0 0 1 1 1 0 0 1 0 1 0 1 1 1 0 1 0 1 1 0 0 0 0 0 0 0 0 0 0 1 0 0 0 0 1 1 1 1 0 1 0 1 1
120,20,0.0006305766623577262,21 2  1 0 0 1 1 0 0 0 0 0 0 0 1 0 0 1 0 0 0 1 1,89 2  1 0 0 1 0 0 1 1 0 1 0 1 0 1 1 0 1 0 1 1 0 1 0 1 0 1 1 0 0 0 1 1 1 1 0 0 0 1 0 1 1 1 1 0 0 0 1 1 1 1 0 1 0 1 1 0 1 0 1 0 0 1 1 0 0 0 1 0 0 1 1 0 0 0 1 0 0 1 1 0 0 0 1 0 1 1 1 1 1
84,14,0.000005904179302840412,15 2  1 1 1 0 0 1 0 1 0 1 1 0 1 0 1,54 2  1 0 1 1 0 0 0 0 1 1 0 0 1 1 0 1 1 1 1 0 0 1 0 1 0 1 1 0 1 1 1 1 1 0 1 1 1 0 1 0 0 1 1 1 0 1 1 1 1 0 0 1 0 1
84,14,0.000008368141314476006,15 2  1 1 1 0 0 1 0 1 0 1 1 0 1 0 1,66 2  1 0 1 1 0 0 0 0 1 1 0 0 1 1 0 1 1 1 1 0 0 1 0 1 0 1 1 0 1 1 1 1 1 0 1 1 1 1 0 0 1 0 0 0 1 1 0 0 0 0 1 1 0 0 1 1 0 1 1 1 1 0 0 1 0 1
84,14,0.0004663417818919486,15 2  1 1 1 0 0 1 0 0 0 1 0 0 1 0 1,48 2  1 0 1 1 0 0 0 1 0 0 0 1 0 1 1 1 0 0 1 1 0 0 1 0 1 1 1 0 1 1 0 0 1 0 0 1 1 1 1 1 1 1 0 1 0 1 0 1
84,14,0.00000778473343710383,15 2  1 0 1 0 1 1 0 1 0 1 0 0 1 1 1,35 2  1 1 1 1 0 1 0 0 0 1 1 0 0 1 0 1 1 1 1 0 0 1 0 1 1 1 0 1 1 1 1 1 0 1 1
84,14,0.0005583628800357352,15 2  1 0 1 0 0 1 0 0 0 1 0 0 1 1 1,56 2  1 1 1 1 1 0 0 1 1 1 0 0 1 0 1 1 1 1 1 1 0 0 1 1 1 1 0 1 1 0 1 0 1 1 1 0 1 1 0 1 0 1 0 1 1 0 0 0 0 1 1 1 1 0 1 1
84,14,0.0005929615464437131,15 2  1 1 1 0 0 1 0 0 0 1 0 0 1 0 1,63 2  1 0 1 1 0 0 0 1 0 0 0 1 0 1 1 1 1 1 1 0 1 1 0 0 1 0 0 1 1 0 0 1 0 0 1 0 0 1 0 1 1 1 0 1 0 1 0 1 0 1 1 0 0 0 1 0 1 1 1 0 1 0 1
84,14,0.000014828852795461185,15 2  1 1 1 0 0 1 0 1 0 1 1 0 1 0 1,66 2  1 0 1 1 0 0 0 0 1 1 0 0 1 1 1 0 1 0 0 1 1 0 0 0 1 1 0 1 0 0 1 1 1 0 1 1 1 0 1 0 0 1 0 1 1 0 1 1 1 0 1 0 0 1 1 1 0 1 1 1 1 0 0 1 0 1
84,14,0.0008068420203324189,15 2  1 1 1 0 0 1 0 0 0 1 0 0 1 0 1,59 2  1 0 1 1 0 0 0 1 0 0 0 1 0 1 1 1 1 1 1 0 1 1 0 0 1 1 1 1 0 0 0 0 1 0 1 1 0 1 1 1 0 1 0 1 0 1 1 0 0 0 1 0 1 1 1 0 1 0 1
84,14,0.0004946087644673064,15 2  1 0 1 0 0 1 0 0 0 1 0 0 1 1 1,35 2  1 1 1 1 1 0 0 1 1 1 0 0 1 0 1 1 1 1 1 1 0 0 1 1 0 1 1 1 0 1 0 0 0 1 1
84,14,0.0007071135624381275,15 2  1 0 1 0 0 1 0 0 0 1 0 0 1 1 1,68 2  1 1 1 1 1 0 0 1 1 1 0 0 1 0 1 1 1 1 1 1 0 0 1 1 0 1 1 1 0 1 0 0 0 1 1 0 0 0 0 0 0 0 0 0 0 1 0 1 1 1 0 1 1 0 1 0 1 1 1 0 0 1 1 1 1 0 1 1
84,14,0.0006522944457127948,15 2  1 0 1 0 1 0 0 0 1 0 0 0 0 0 1,1 2  1
84,14,0.0005134788189987163,15 2  1 0 0 0 0 0 1 0 0 0 1 0 1 0 1,55 2  1 0 1 0 1 0 1 0 1 0 0 0 1 0 1 0 1 0 0 0 1 0 1 0 0 0 0 0 1 0 0 0 0 0 1 0 1 0 1 0 0 0 0 0 0 0 0 0 1 0 0 0 1 0 1
84,14,0.0008004162164325449,15 2  1 0 1 0 1 0 0 0 1 0 0 0 0 0 1,61 2  1 0 0 0 0 0 0 0 1 0 1 0 0 0 0 0 1 0 0 0 0 0 1 0 1 0 0 0 1 0 1 0 1 0 0 0 1 0 1 0 1 0 1 0 0 0 1 0 0 0 1 0 0 0 1 0 0 0 0 0 1
84,14,0.0007127075760815337,15 2  1 0 1 0 1 0 0 0 1 0 0 0 0 0 1,31 2  1 0 0 0 0 0 0 0 1 0 1 0 0 0 0 0 1 0 0 0 1 0 0 0 1 0 0 0 0 0 1
84,14,0.0006001320290463903,15 2  1 0 0 0 0 0 1 0 0 0 1 0 1 0 1,43 2  1 0 1 0 1 0 1 0 1 0 0 0 1 0 0 0 1 0 0 0 0 0 1 0 1 0 1 0 0 0 0 0 0 0 0 0 1 0 0 0 1 0 1
84,14,0.0005922065616487031,15 2  1 0 0 0 0 0 1 0 0 0 1 0 1 0 1,25 2  1 0 1 0 1 0 1 0 1 0 0 0 1 0 0 0 1 0 0 0 0 0 1 0 1
84,14,0.0007106057914372002,15 2  1 0 1 0 1 0 0 0 1 0 0 0 0 0 1,49 2  1 0 0 0 0 0 0 0 1 0 1 0 0 0 0 0 1 0 0 0 1 0 0 0 1 0 1 0 1 0 1 0 0 0 1 0 0 0 1 0 0 0 1 0 0 0 0 0 1
84,14,0.0006688515818339911,15 2  1 0 0 0 0 0 1 0 0 0 1 0 1 0 1,49 2  1 0 1 0 1 0 1 0 1 0 0 0 1 0 0 0 1 0 0 0 0 0 1 0 1 0 0 0 0 0 0 0 1 0 0 0 0 0 0 0 0 0 1 0 0 0 1 0 1
84,14,0.0005068038415731191,15 2  1 0 1 0 1 0 0 0 1 0 0 0 0 0 1,43 2  1 0 0 0 0 0 0 0 1 0 1 0 0 0 0 0 1 0 0 0 1 0 0 0 1 0 1 0 1 0 1 0 1 0 0 0 0 0 0 0 0 0 1
84,14,0.0006726985301537116,15 2  1 0 0 0 0 0 1 0 0 0 1 0 1 0 1,67 2  1 0 1 0 1 0 1 0 1 0 0 0 1 0 0 0 1 0 0 0 0 0 1 0 1 0 0 0 0 0 0 0 1 0 0 0 0 0 0 0 0 0 1 0 1 0 1 0 1 0 1 0 0 0 1 0 0 0 1 0 0 0 0 0 1 0 1
