15,4,0.09569377990430622,36
15,4,0.08968609865470852,36
15,4,0.05405405405405406,58
15,4,0.09345794392523364,36
15,4,0.05235602094240838,54
15,4,0.11363636363636363,44
15,4,0.08368200836820083,75
15,4,0.08163265306122448,65
15,4,0.03795066413662239,55
15,4,0.04048582995951417,94
15,4,0.11299435028248588,66
15,4,0.056338028169014086,55
15,4,0.10582010582010581,62
15,4,0.03759398496240601,53
15,4,0.03861003861003861,95
15,4,0.14705882352941177,64
15,4,0.11976047904191617,38
15,4,0.1360544217687075,73
15,4,0.03824091778202677,57
15,4,0.05037783375314862,53
30,8,0.09569377990430622,138
30,8,0.01384083044982699,243
30,8,0.07434944237918216,224
30,8,0.0488997555012225,236
30,8,0.046620046620046623,312
30,8,0.047961630695443645,197
30,8,0.050761421319796954,283
30,8,0.05917159763313609,307
30,8,0.016366612111292964,250
30,8,0.10204081632653061,164
30,8,0.014705882352941176,202
30,8,0.05449591280653951,332
30,8,0.06872852233676977,140
30,8,0.01838235294117647,259
30,8,0.017857142857142856,227
30,8,0.060790273556231005,200
30,8,0.019286403085824494,254
30,8,0.04184100418410042,213
30,8,0.013540961408259987,269
30,8,0.020703933747412008,168
30,8,0.018604651162790697,208
45,12,0.273972602739726,110
45,12,0.2631578947368421,110
45,12,0.11494252873563218,195
45,12,0.35714285714285715,110
45,12,0.15267175572519084,163
45,12,0.3225806451612903,112
45,12,0.36363636363636365,209
45,12,0.2564102564102564,198
45,12,0.11494252873563218,169
45,12,0.14084507042253522,280
45,12,0.3389830508474576,201
45,12,0.10695187165775401,186
45,12,0.3125,200
45,12,0.15267175572519084,165
45,12,0.091324200913242,265
45,12,0.3448275862068966,203
45,12,0.3076923076923077,112
45,12,0.3076923076923077,206
45,12,0.09852216748768473,182
45,12,0.10152284263959391,182
60,16,0.06472491909385113,824
60,16,0.05830903790087463,807
60,16,0.16,345
60,16,0.03125,455
60,16,0.136986301369863,467
60,16,0.09009009009009009,484
60,16,0.08368200836820083,663
60,16,0.10362694300518134,436
60,16,0.08130081300813008,498
60,16,0.09803921568627451,633
60,16,0.03125,480
60,16,0.0796812749003984,278
60,16,0.04672897196261682,393
60,16,0.12903225806451613,669
60,16,0.09302325581395349,278
60,16,0.02976190476190476,526
60,16,0.02677376171352075,446
60,16,0.11695906432748537,413
60,16,0.032,462
60,16,0.12578616352201258,395
75,20,0.5,180
75,20,0.4444444444444444,180
75,20,0.16666666666666666,305
75,20,0.5,182
75,20,0.20833333333333334,280
75,20,0.4444444444444444,186
75,20,0.5555555555555556,340
75,20,0.47619047619047616,347
75,20,0.15503875968992248,278
75,20,0.16260162601626016,468
75,20,0.4,340
75,20,0.2564102564102564,276
75,20,0.35714285714285715,311
75,20,0.17857142857142858,268
75,20,0.15748031496062992,460
75,20,0.40816326530612246,329
75,20,0.47619047619047616,188
75,20,0.46511627906976744,355
75,20,0.19607843137254902,313
75,20,0.15037593984962405,280
90,24,0.17543859649122806,447
90,24,0.058823529411764705,669
90,24,0.17543859649122806,635
90,24,0.11627906976744186,711
90,24,0.13793103448275862,1027
90,24,0.16,673
90,24,0.17391304347826086,752
90,24,0.19607843137254902,887
90,24,0.04739336492890995,682
90,24,0.21505376344086022,456
90,24,0.055865921787709494,656
90,24,0.17094017094017094,1012
90,24,0.1941747572815534,458
90,24,0.04878048780487805,792
90,24,0.03333333333333333,719
90,24,0.2,642
90,24,0.03780718336483932,685
90,24,0.14388489208633093,611
90,24,0.041407867494824016,712
90,24,0.045146726862302484,563
90,24,0.04866180048661801,596
105,28,0.6060606060606061,252
105,28,0.6666666666666666,256
105,28,0.24390243902439024,401
105,28,0.6451612903225806,250
105,28,0.2564102564102564,398
105,28,0.5405405405405406,252
105,28,0.6896551724137931,475
105,28,0.8,468
105,28,0.31746031746031744,403
105,28,0.2631578947368421,635
105,28,0.5,491
105,28,0.2564102564102564,409
105,28,0.47619047619047616,445
105,28,0.1941747572815534,376
105,28,0.3125,629
105,28,0.5128205128205128,451
105,28,0.43478260869565216,262
105,28,0.5555555555555556,485
105,28,0.24390243902439024,411
105,28,0.19047619047619047,402
120,32,0.10869565217391304,1797
120,32,0.12269938650306748,1652
120,32,0.21052631578947367,654
120,32,0.05555555555555555,929
120,32,0.24691358024691357,852
120,32,0.21978021978021978,943
120,32,0.23809523809523808,1269
120,32,0.15384615384615385,845
120,32,0.21505376344086022,942
120,32,0.13793103448275862,1203
120,32,0.05102040816326531,938
120,32,0.23529411764705882,568
120,32,0.06711409395973154,800
120,32,0.2247191011235955,1247
120,32,0.16806722689075632,567
120,32,0.08298755186721991,1059
120,32,0.05847953216374269,970
120,32,0.17699115044247787,826
120,32,0.0547945205479452,950
120,32,0.20202020202020202,852
