9,2,0.0425531914893617,5,3 2  1 1 1,"[0, 1, 4, 5, 7]"
9,2,0.03262642740619902,5,3 2  1 1 1,"[0, 1, 3, 5, 6]"
9,2,0.03875968992248062,4,3 2  1 1 1,"[0, 1, 2, 4, 7]"
9,2,0.034904013961605584,5,3 2  1 1 1,"[0, 1, 2, 5, 8]"
9,2,0.05420054200542006,5,3 2  1 1 1,"[0, 1, 3, 6, 8]"
18,4,0.09259259259259259,8,5 2  1 0 1 0 1,"[0, 1, 2, 7, 10]"
18,4,0.07092198581560284,7,5 2  1 0 1 0 1,"[0, 1, 2, 10, 13]"
18,4,0.07722007722007722,7,5 2  1 0 1 0 1,"[0, 1, 2, 4, 7]"
18,4,0.08438818565400844,7,5 2  1 0 1 0 1,"[0, 1, 2, 7, 16]"
18,4,0.06153846153846154,8,5 2  1 0 1 0 1,"[0, 1, 2, 4, 13]"
27,6,0.10101010101010101,10,7 2  1 0 0 1 0 0 1,"[0, 1, 3, 10, 15]"
27,6,0.10582010582010581,10,7 2  1 0 0 1 0 0 1,"[0, 1, 3, 6, 19]"
27,6,0.10989010989010989,10,7 2  1 0 0 1 0 0 1,"[0, 1, 3, 6, 10]"
27,6,0.09216589861751152,10,7 2  1 0 0 1 0 0 1,"[0, 1, 3, 15, 19]"
27,6,0.14492753623188406,10,7 2  1 0 0 1 0 0 1,"[0, 1, 3, 10, 24]"
