10,4,0.2857142857142857
10,4,0.5882352941176471
10,4,0.38461538461538464
10,4,0.43478260869565216
10,4,0.35714285714285715
10,4,0.4166666666666667
10,4,0.43478260869565216
10,4,0.3333333333333333
10,4,0.2631578947368421
10,4,0.45454545454545453
10,4,0.45454545454545453
10,4,0.3333333333333333
10,4,0.3125
10,4,0.5555555555555556
10,4,0.5555555555555556
15,6,0.2777777777777778
15,6,0.16393442622950818
15,6,0.3448275862068966
15,6,0.2127659574468085
15,6,0.25
15,6,0.15151515151515152
15,6,0.2
15,6,0.136986301369863
15,6,0.2222222222222222
15,6,0.3125
15,6,0.25
15,6,0.4166666666666667
15,6,0.25
15,6,0.15873015873015872
15,6,0.1694915254237288
15,6,0.3125
15,6,0.18867924528301888
15,6,0.20833333333333334
15,6,0.15384615384615385
15,6,0.17543859649122806
15,6,0.3225806451612903
15,6,0.3333333333333333
15,6,0.23255813953488372
15,6,0.2564102564102564
15,6,0.24390243902439024
15,6,0.29411764705882354
15,6,0.29411764705882354
15,6,0.4
15,6,0.2564102564102564
15,6,0.2631578947368421
15,6,0.3225806451612903
15,6,0.20408163265306123
15,6,0.23809523809523808
15,6,0.2631578947368421
15,6,0.2222222222222222
15,6,0.20408163265306123
15,6,0.24390243902439024
15,6,0.20833333333333334
15,6,0.2631578947368421
15,6,0.16666666666666666
15,6,0.5263157894736842
15,6,0.3125
15,6,0.3125
15,6,0.24390243902439024
15,6,0.23809523809523808
15,6,0.2857142857142857
15,6,0.2777777777777778
15,6,0.35714285714285715
15,6,0.18518518518518517
15,6,0.3125
20,8,0.5882352941176471
20,8,0.6666666666666666
20,8,0.4
20,8,0.5
20,8,0.625
20,8,0.4166666666666667
20,8,0.47619047619047616
20,8,0.6666666666666666
20,8,0.5882352941176471
20,8,0.47619047619047616
20,8,0.5555555555555556
20,8,0.43478260869565216
20,8,0.625
20,8,0.625
20,8,0.5882352941176471
30,12,0.5882352941176471
30,12,0.8333333333333334
30,12,0.43478260869565216
30,12,0.45454545454545453
30,12,0.35714285714285715
30,12,0.30303030303030304
30,12,0.5555555555555556
30,12,0.2702702702702703
30,12,0.47619047619047616
30,12,0.5263157894736842
30,12,0.7142857142857143
30,12,0.5555555555555556
30,12,0.38461538461538464
30,12,0.2702702702702703
30,12,0.5555555555555556
30,12,0.3448275862068966
30,12,0.5555555555555556
30,12,0.4
30,12,0.625
30,12,0.3448275862068966
30,12,0.5263157894736842
30,12,0.43478260869565216
30,12,0.4166666666666667
30,12,0.5882352941176471
30,12,0.7692307692307693
30,12,0.6666666666666666
30,12,0.7692307692307693
30,12,0.625
30,12,0.5882352941176471
30,12,0.7692307692307693
30,12,0.5
30,12,0.8333333333333334
30,12,0.625
30,12,0.4
30,12,0.625
30,12,0.7692307692307693
30,12,0.625
30,12,0.38461538461538464
30,12,0.5263157894736842
30,12,0.38461538461538464
30,12,0.9090909090909091
30,12,0.3225806451612903
30,12,0.43478260869565216
30,12,0.4166666666666667
30,12,0.38461538461538464
30,12,0.8333333333333334
30,12,0.38461538461538464
30,12,0.5882352941176471
30,12,0.625
30,12,0.5882352941176471
40,16,0.9090909090909091
40,16,0.5882352941176471
40,16,0.8333333333333334
40,16,0.7142857142857143
40,16,0.8333333333333334
40,16,0.9090909090909091
40,16,0.7692307692307693
40,16,0.9090909090909091
40,16,0.9090909090909091
40,16,0.7692307692307693
40,16,0.7142857142857143
40,16,0.6666666666666666
40,16,0.625
40,16,0.9090909090909091
40,16,0.9090909090909091
45,18,0.7692307692307693
45,18,0.5882352941176471
45,18,0.47619047619047616
45,18,0.45454545454545453
45,18,0.6666666666666666
45,18,0.7692307692307693
45,18,0.5
45,18,0.5263157894736842
45,18,0.4
45,18,0.625
45,18,0.38461538461538464
45,18,0.5263157894736842
45,18,0.45454545454545453
45,18,0.5555555555555556
45,18,0.45454545454545453
45,18,0.38461538461538464
45,18,0.47619047619047616
45,18,0.625
45,18,0.7692307692307693
45,18,0.5
45,18,0.4166666666666667
45,18,0.625
45,18,0.6666666666666666
45,18,0.5882352941176471
45,18,0.5
45,18,0.6666666666666666
45,18,0.5882352941176471
45,18,0.625
45,18,0.5555555555555556
45,18,0.5
45,18,0.43478260869565216
45,18,0.5
45,18,0.625
45,18,0.9090909090909091
45,18,0.7142857142857143
45,18,0.625
45,18,0.5555555555555556
45,18,0.5
45,18,0.7142857142857143
45,18,0.5263157894736842
45,18,0.7142857142857143
45,18,0.47619047619047616
45,18,0.625
45,18,0.5882352941176471
45,18,0.5263157894736842
45,18,0.5555555555555556
45,18,0.5882352941176471
45,18,0.625
45,18,0.47619047619047616
45,18,0.5
50,20,0.9090909090909091
50,20,0.8333333333333334
50,20,0.9090909090909091
50,20,0.7692307692307693
50,20,1
50,20,0.9090909090909091
50,20,0.8333333333333334
50,20,0.8333333333333334
50,20,0.8333333333333334
50,20,0.9090909090909091
50,20,0.7692307692307693
50,20,0.9090909090909091
50,20,0.9090909090909091
50,20,0.9090909090909091
50,20,0.8333333333333334
60,24,0.9090909090909091
60,24,0.625
60,24,0.45454545454545453
60,24,0.5555555555555556
60,24,0.8333333333333334
60,24,0.6666666666666666
60,24,0.6666666666666666
60,24,0.6666666666666666
60,24,0.7692307692307693
60,24,0.8333333333333334
60,24,0.625
60,24,0.625
60,24,0.7692307692307693
60,24,0.5263157894736842
60,24,0.5882352941176471
60,24,0.5
60,24,0.9090909090909091
60,24,0.5882352941176471
60,24,0.7142857142857143
60,24,0.6666666666666666
60,24,0.8333333333333334
60,24,0.6666666666666666
60,24,0.8333333333333334
60,24,0.8333333333333334
60,24,1
60,24,1
60,24,1
60,24,0.8333333333333334
60,24,0.7692307692307693
60,24,0.8333333333333334
60,24,0.9090909090909091
60,24,1
60,24,1
60,24,0.6666666666666666
60,24,0.6666666666666666
60,24,0.5
60,24,0.8333333333333334
60,24,0.7142857142857143
60,24,0.6666666666666666
60,24,0.5
60,24,1
60,24,0.7692307692307693
60,24,0.7692307692307693
60,24,0.6666666666666666
60,24,0.9090909090909091
60,24,0.8333333333333334
60,24,0.625
60,24,0.7692307692307693
60,24,0.7142857142857143
60,24,0.7692307692307693
70,28,0.9090909090909091
70,28,1
70,28,1
70,28,1
70,28,1
70,28,0.9090909090909091
70,28,1
70,28,0.9090909090909091
70,28,0.9090909090909091
70,28,0.9090909090909091
70,28,0.9090909090909091
70,28,0.8333333333333334
70,28,1
