24,6,0.11627906976744186
24,6,0.05917159763313609
24,6,0.06060606060606061
24,6,0.11363636363636363
24,6,0.046296296296296294
24,6,0.07352941176470588
24,6,0.043668122270742356
24,6,0.072992700729927
24,6,0.12048192771084337
24,6,0.04950495049504951
24,6,0.060240963855421686
24,6,0.08849557522123894
24,6,0.045662100456621
24,6,0.06493506493506493
24,6,0.033444816053511704
24,6,0.06369426751592357
24,6,0.03289473684210526
24,6,0.08064516129032258
24,6,0.07092198581560284
24,6,0.053763440860215055
24,6,0.05555555555555555
24,6,0.053475935828877004
24,6,0.04950495049504951
24,6,0.04830917874396135
24,6,0.06578947368421052
24,6,0.04975124378109453
24,6,0.056818181818181816
24,6,0.057803468208092484
24,6,0.03861003861003861
24,6,0.14084507042253522
24,6,0.11627906976744186
24,6,0.08849557522123894
24,6,0.058823529411764705
24,6,0.07462686567164178
24,6,0.050505050505050504
24,6,0.06802721088435375
24,6,0.06134969325153374
24,6,0.05319148936170213
24,6,0.046296296296296294
24,6,0.0684931506849315
24,6,0.03225806451612903
24,6,0.04201680672268908
24,6,0.05263157894736842
24,6,0.06097560975609756
24,6,0.050761421319796954
24,6,0.11627906976744186
24,6,0.072992700729927
24,6,0.06289308176100629
24,6,0.04878048780487805
24,6,0.06666666666666667
48,12,0.09433962264150944
48,12,0.09174311926605505
48,12,0.15873015873015872
48,12,0.15625
48,12,0.136986301369863
48,12,0.2
48,12,0.1282051282051282
48,12,0.15384615384615385
48,12,0.13333333333333333
48,12,0.10638297872340426
48,12,0.09090909090909091
48,12,0.1694915254237288
48,12,0.09433962264150944
48,12,0.13513513513513514
48,12,0.1282051282051282
48,12,0.11904761904761904
48,12,0.16129032258064516
48,12,0.07518796992481203
48,12,0.14925373134328357
48,12,0.13333333333333333
48,12,0.08849557522123894
48,12,0.16393442622950818
48,12,0.12987012987012986
48,12,0.136986301369863
48,12,0.125
48,12,0.08
48,12,0.10638297872340426
48,12,0.125
48,12,0.13333333333333333
48,12,0.07142857142857142
48,12,0.17857142857142858
48,12,0.12658227848101267
48,12,0.10752688172043011
48,12,0.10989010989010989
48,12,0.11764705882352941
48,12,0.10416666666666667
48,12,0.125
48,12,0.08620689655172414
48,12,0.12195121951219512
48,12,0.10309278350515463
48,12,0.08547008547008547
48,12,0.12987012987012986
48,12,0.07633587786259542
48,12,0.07246376811594203
48,12,0.12658227848101267
48,12,0.19230769230769232
48,12,0.12048192771084337
48,12,0.13157894736842105
48,12,0.14084507042253522
48,12,0.18181818181818182
72,18,0.2
72,18,0.18867924528301888
72,18,0.1724137931034483
72,18,0.2564102564102564
72,18,0.2631578947368421
72,18,0.16393442622950818
72,18,0.22727272727272727
72,18,0.14084507042253522
72,18,0.1724137931034483
72,18,0.15384615384615385
72,18,0.14925373134328357
72,18,0.16393442622950818
72,18,0.16393442622950818
72,18,0.20833333333333334
72,18,0.14492753623188406
72,18,0.29411764705882354
72,18,0.16129032258064516
72,18,0.19607843137254902
72,18,0.1
72,18,0.20408163265306123
72,18,0.18867924528301888
72,18,0.13157894736842105
72,18,0.14492753623188406
72,18,0.24390243902439024
72,18,0.11494252873563218
72,18,0.13333333333333333
72,18,0.2
72,18,0.19230769230769232
72,18,0.14285714285714285
72,18,0.18518518518518517
72,18,0.21739130434782608
72,18,0.14084507042253522
72,18,0.2222222222222222
72,18,0.2127659574468085
72,18,0.15625
72,18,0.13157894736842105
72,18,0.12658227848101267
72,18,0.17857142857142858
72,18,0.10309278350515463
72,18,0.1694915254237288
72,18,0.136986301369863
72,18,0.1388888888888889
72,18,0.15151515151515152
72,18,0.3125
72,18,0.25
72,18,0.16393442622950818
72,18,0.14925373134328357
72,18,0.16129032258064516
72,18,0.16666666666666666
72,18,0.24390243902439024
96,24,0.4
96,24,0.18181818181818182
96,24,0.2631578947368421
96,24,0.30303030303030304
96,24,0.23255813953488372
96,24,0.14925373134328357
96,24,0.3333333333333333
96,24,0.18518518518518517
96,24,0.18181818181818182
96,24,0.16666666666666666
96,24,0.47619047619047616
96,24,0.2564102564102564
96,24,0.12345679012345678
96,24,0.23809523809523808
96,24,0.2631578947368421
96,24,0.2564102564102564
96,24,0.22727272727272727
96,24,0.17857142857142858
96,24,0.1724137931034483
96,24,0.2777777777777778
96,24,0.23809523809523808
96,24,0.2702702702702703
96,24,0.24390243902439024
96,24,0.23255813953488372
96,24,0.19230769230769232
96,24,0.18867924528301888
96,24,0.24390243902439024
96,24,0.2564102564102564
96,24,0.17857142857142858
96,24,0.2564102564102564
96,24,0.2564102564102564
96,24,0.25
96,24,0.19607843137254902
96,24,0.3448275862068966
96,24,0.35714285714285715
96,24,0.14492753623188406
96,24,0.29411764705882354
96,24,0.2857142857142857
96,24,0.2
96,24,0.23809523809523808
96,24,0.2
96,24,0.16393442622950818
96,24,0.24390243902439024
96,24,0.2702702702702703
96,24,0.2857142857142857
96,24,0.47619047619047616
96,24,0.2564102564102564
96,24,0.24390243902439024
96,24,0.3125
96,24,0.30303030303030304
120,30,0.20833333333333334
120,30,0.5555555555555556
120,30,0.25
120,30,0.38461538461538464
120,30,0.47619047619047616
120,30,0.30303030303030304
120,30,0.20408163265306123
120,30,0.2702702702702703
120,30,0.3448275862068966
120,30,0.2564102564102564
120,30,0.17543859649122806
120,30,0.3333333333333333
120,30,0.30303030303030304
120,30,0.2631578947368421
120,30,0.3225806451612903
120,30,0.3125
120,30,0.1694915254237288
120,30,0.17543859649122806
120,30,0.35714285714285715
120,30,0.4166666666666667
120,30,0.17543859649122806
120,30,0.24390243902439024
120,30,0.2777777777777778
120,30,0.4
120,30,0.30303030303030304
120,30,0.20408163265306123
120,30,0.2702702702702703
120,30,0.22727272727272727
120,30,0.4166666666666667
120,30,0.2702702702702703
120,30,0.3225806451612903
120,30,0.3225806451612903
120,30,0.2631578947368421
120,30,0.3333333333333333
120,30,0.37037037037037035
120,30,0.2631578947368421
120,30,0.2564102564102564
120,30,0.29411764705882354
120,30,0.19607843137254902
120,30,0.35714285714285715
120,30,0.3448275862068966
120,30,0.2564102564102564
120,30,0.2777777777777778
120,30,0.3333333333333333
120,30,0.29411764705882354
120,30,0.2631578947368421
120,30,0.23809523809523808
120,30,0.2564102564102564
120,30,0.38461538461538464
120,30,0.2564102564102564
