9,2,1
9,2,1.5
9,2,1
9,2,3
9,2,1
9,2,1
9,2,1.5
9,2,1
9,2,1
9,2,1
14,3,1
14,3,1
14,3,1.5
14,3,1
14,3,1
14,3,1
14,3,1
14,3,1
14,3,1
14,3,1
15,4,1
15,4,1
15,4,1
15,4,1
15,4,1
15,4,1
15,4,1
15,4,1
15,4,1
15,4,1
21,5,1
21,5,1
21,5,1.5
21,5,1.3333333333333333
21,5,1
21,5,1
21,5,1
21,5,1
21,5,1
21,5,1
42,11,1
42,11,1
42,11,1
42,11,1
42,11,1
42,11,1
42,11,1
42,11,1
42,11,1
42,11,1
45,8,1
45,8,1
45,8,1
45,8,1
45,8,1
45,8,1
45,8,1
45,8,1
45,8,1
45,8,1
51,10,1
51,10,1
51,10,1
51,10,1.25
51,10,1
51,10,1
51,10,1
51,10,1
51,10,1
51,10,1
56,15,3
56,15,2
56,15,2
56,15,2.3333333333333335
56,15,2.3333333333333335
56,15,2.3333333333333335
56,15,3
56,15,2
56,15,2.3333333333333335
56,15,2.3333333333333335
