24,10,0.5263157894736842
24,10,0.47619047619047616
24,10,0.625
24,10,0.47619047619047616
24,10,0.6666666666666666
24,10,0.5882352941176471
24,10,0.47619047619047616
24,10,0.7142857142857143
24,10,0.5263157894736842
24,10,0.5263157894736842
48,20,0.9090909090909091
48,20,0.7692307692307693
48,20,0.5555555555555556
48,20,0.625
48,20,0.5882352941176471
48,20,0.6666666666666666
48,20,0.9090909090909091
48,20,0.8333333333333334
48,20,0.7692307692307693
48,20,0.8333333333333334
72,30,0.7142857142857143
72,30,0.9090909090909091
72,30,0.8333333333333334
72,30,0.8333333333333334
72,30,0.8333333333333334
72,30,0.9090909090909091
72,30,0.8333333333333334
72,30,0.8333333333333334
72,30,0.9090909090909091
72,30,0.9090909090909091
96,40,1
96,40,0.9090909090909091
96,40,0.8333333333333334
96,40,0.9090909090909091
96,40,0.9090909090909091
96,40,1
96,40,1
96,40,0.9090909090909091
96,40,1
96,40,0.9090909090909091
120,50,0.9090909090909091
120,50,0.9090909090909091
120,50,1
120,50,1
120,50,1
120,50,1
120,50,1
120,50,0.9090909090909091
