15,6,0.21052631578947367,52
15,6,0.2898550724637681,56
15,6,0.21505376344086022,66
15,6,0.2564102564102564,53
15,6,0.18691588785046728,51
15,6,0.25,48
15,6,0.19801980198019803,46
15,6,0.25,51
15,6,0.21505376344086022,46
15,6,0.2222222222222222,54
15,6,0.23255813953488372,48
15,6,0.3125,52
15,6,0.2222222222222222,75
15,6,0.15873015873015872,51
15,6,0.24390243902439024,52
15,6,0.3125,53
15,6,0.23529411764705882,63
15,6,0.30303030303030304,52
15,6,0.2631578947368421,78
15,6,0.32786885245901637,53
30,12,0.8,233
30,12,0.3508771929824561,105
30,12,0.4166666666666667,94
30,12,0.40816326530612246,100
30,12,0.4878048780487805,94
30,12,0.4,108
30,12,0.45454545454545453,92
30,12,0.5882352941176471,68
30,12,0.8,68
30,12,0.46511627906976744,103
30,12,0.47619047619047616,92
30,12,0.39215686274509803,106
30,12,0.39215686274509803,108
30,12,0.35714285714285715,108
30,12,0.4878048780487805,229
30,12,0.625,228
30,12,0.5405405405405406,92
30,12,0.6896551724137931,70
30,12,0.47619047619047616,107
30,12,0.3448275862068966,92
45,18,0.5263157894736842,140
45,18,0.5,156
45,18,0.6666666666666666,176
45,18,0.5,162
45,18,0.5405405405405406,151
45,18,0.7692307692307693,146
45,18,0.6451612903225806,140
45,18,0.5555555555555556,163
45,18,0.5714285714285714,151
45,18,0.5263157894736842,144
45,18,0.7407407407407407,148
45,18,0.4878048780487805,158
45,18,0.625,148
45,18,0.5405405405405406,150
45,18,0.5128205128205128,160
45,18,0.5128205128205128,140
45,18,0.625,169
45,18,0.6896551724137931,161
45,18,0.5,168
45,18,0.5882352941176471,140
60,24,0.8,186
60,24,0.5882352941176471,216
60,24,0.8,232
60,24,0.6451612903225806,213
60,24,0.5714285714285714,195
60,24,0.6451612903225806,219
60,24,0.7142857142857143,196
60,24,0.6896551724137931,216
60,24,0.6451612903225806,222
60,24,0.8,204
60,24,0.8695652173913043,203
60,24,0.7142857142857143,194
60,24,0.47619047619047616,245
60,24,0.7407407407407407,195
60,24,0.8695652173913043,475
60,24,0.8,485
60,24,0.6896551724137931,479
60,24,0.6896551724137931,220
60,24,0.7142857142857143,456
60,24,0.8333333333333334,466
75,30,0.8333333333333334,234
75,30,0.8,271
75,30,0.9090909090909091,260
75,30,0.6666666666666666,272
75,30,0.9090909090909091,243
75,30,0.8,301
75,30,0.6060606060606061,241
75,30,0.6896551724137931,256
75,30,0.6666666666666666,299
75,30,0.9090909090909091,265
75,30,0.7142857142857143,263
75,30,0.7692307692307693,261
75,30,0.7407407407407407,267
75,30,0.7692307692307693,270
75,30,0.8695652173913043,287
75,30,0.7692307692307693,260
75,30,0.7692307692307693,242
75,30,0.6666666666666666,298
75,30,0.8,243
75,30,0.7692307692307693,256
90,36,0.8333333333333334,320
90,36,0.9523809523809523,296
90,36,0.8333333333333334,347
90,36,0.8695652173913043,284
90,36,0.9523809523809523,292
90,36,0.6896551724137931,315
90,36,0.7407407407407407,287
90,36,0.9523809523809523,697
90,36,0.9523809523809523,320
90,36,0.7692307692307693,324
90,36,0.8,287
90,36,0.9523809523809523,706
90,36,0.9090909090909091,707
90,36,0.7407407407407407,324
90,36,0.8695652173913043,710
90,36,0.9523809523809523,701
90,36,0.8,309
90,36,0.9090909090909091,202
90,36,0.8695652173913043,334
90,36,0.8333333333333334,297
105,42,0.7142857142857143,346
105,42,0.9090909090909091,379
105,42,0.8333333333333334,377
105,42,0.8695652173913043,426
105,42,0.9090909090909091,345
105,42,0.9523809523809523,397
105,42,0.7407407407407407,344
105,42,0.9090909090909091,371
105,42,0.8695652173913043,392
105,42,0.8695652173913043,369
105,42,0.9523809523809523,371
105,42,0.9523809523809523,338
105,42,0.8333333333333334,371
105,42,0.8695652173913043,347
105,42,0.8333333333333334,381
105,42,0.9090909090909091,341
105,42,1,363
105,42,0.8695652173913043,334
105,42,0.9523809523809523,391
105,42,0.8333333333333334,334
