21,3,0.000089433439162903,"(1, 2, 3, 8)"
21,3,0.00019339367215904696,"(1, 2, 3, 16)"
21,3,0.00009637160892401099,"(1, 2, 4, 14)"
21,3,0.00012302695520588562,"(1, 2, 5, 9)"
21,3,0.00029497654936432553,"(1, 2, 5, 16)"
21,3,0.00012194675804543736,"(1, 2, 6, 7)"
21,3,0.00012152587893591941,"(1, 2, 6, 8)"
21,3,0.00007843937028873533,"(1, 2, 6, 14)"
21,3,0.00013149762646784226,"(1, 2, 7, 11)"
21,3,0.00015436863229391788,"(1, 2, 7, 18)"
21,3,0.00016693097404223354,"(1, 2, 7, 20)"
21,3,0.00022519986488008108,"(1, 2, 8, 10)"
21,3,0.00012741612833352446,"(1, 2, 8, 13)"
21,3,0.00018424010170053613,"(1, 2, 9, 10)"
21,3,0.00010413846249973965,"(1, 2, 9, 17)"
21,3,0.0001368045200213415,"(1, 2, 9, 19)"
21,3,0.0001609865254278217,"(1, 2, 10, 15)"
21,3,0.0001157300249976854,"(1, 2, 12, 16)"
21,3,0.00014179972207254473,"(1, 2, 13, 14)"
21,3,0.00015565655936741174,"(1, 2, 13, 15)"
21,3,0.00007900391859436228,"(1, 2, 14, 18)"
21,3,0.00011737364726871523,"(1, 2, 15, 17)"
21,3,0.00009229604880615061,"(1, 2, 15, 20)"
21,3,0.0000768090450331431,"(1, 2, 16, 17)"
21,3,0.00008629691315941629,"(1, 3, 4, 7)"
21,3,0.00014027409558276874,"(1, 3, 4, 11)"
21,3,0.00012596203504263814,"(1, 3, 4, 14)"
21,3,0.00014546724077737694,"(1, 3, 4, 18)"
21,3,0.00012084592145015106,"(1, 3, 5, 10)"
21,3,0.00007633529515041869,"(1, 3, 5, 17)"
21,3,0.00009590394261108074,"(1, 3, 5, 19)"
21,3,0.0000866183336364975,"(1, 3, 6, 13)"
21,3,0.0001668613382279326,"(1, 3, 7, 11)"
21,3,0.00012091167402212683,"(1, 3, 7, 14)"
21,3,0.00014294495189902368,"(1, 3, 7, 18)"
21,3,0.0000999980000399992,"(1, 3, 8, 16)"
21,3,0.00014954165482795233,"(1, 3, 9, 15)"
21,3,0.00012653582861987372,"(1, 3, 9, 16)"
21,3,0.00014381246854102252,"(1, 3, 10, 12)"
21,3,0.0001034586217242414,"(1, 3, 10, 17)"
21,3,0.00014181379848259235,"(1, 3, 10, 19)"
21,3,0.00012261062543680035,"(1, 3, 11, 14)"
21,3,0.00013453156110423506,"(1, 3, 12, 19)"
21,3,0.00009436276822616869,"(1, 3, 13, 20)"
21,3,0.00008019310499683238,"(1, 3, 15, 16)"
21,3,0.00020077096048827498,"(1, 3, 17, 19)"
21,3,0.00010426985037276472,"(1, 4, 5, 8)"
21,3,0.00010856113077273813,"(1, 4, 5, 11)"
21,3,0.0002069879119059447,"(1, 4, 5, 15)"
21,3,0.00024311971214626083,"(1, 4, 5, 18)"
42,6,0.00000733599287528372,"(1, 2, 3, 11)"
42,6,0.000008126771128182748,"(1, 2, 3, 13)"
42,6,0.000010615812677615816,"(1, 2, 3, 32)"
42,6,0.000016150966312314467,"(1, 2, 3, 34)"
42,6,0.000010263463097718432,"(1, 2, 4, 6)"
42,6,0.000011623487348415196,"(1, 2, 4, 27)"
42,6,0.000006652412763585225,"(1, 2, 6, 25)"
42,6,0.00018942981625307822,"(1, 2, 6, 29)"
42,6,0.0003274930407728836,"(1, 2, 10, 15)"
42,6,0.000011704339032566153,"(1, 2, 10, 20)"
42,6,0.00043779003589878294,"(1, 2, 10, 29)"
42,6,0.000005872276805035125,"(1, 2, 10, 41)"
42,6,0.000014147193055425874,"(1, 2, 11, 24)"
42,6,0.000011428336331366898,"(1, 2, 12, 20)"
42,6,0.0000068374058061882624,"(1, 2, 12, 41)"
42,6,0.000010314850496556902,"(1, 2, 13, 24)"
42,6,0.00018885741265344664,"(1, 2, 15, 20)"
42,6,0.000385000385000385,"(1, 2, 15, 34)"
42,6,0.0001794172527630257,"(1, 2, 15, 38)"
42,6,0.000010782275663972536,"(1, 2, 17, 19)"
42,6,0.000009801096546681643,"(1, 2, 17, 40)"
42,6,0.00001600158735746586,"(1, 2, 19, 38)"
42,6,0.0000079842805484562,"(1, 2, 20, 31)"
42,6,0.000010038497638443431,"(1, 2, 20, 33)"
42,6,0.00018710474123414286,"(1, 2, 24, 29)"
42,6,0.00001766325706927706,"(1, 2, 24, 32)"
42,6,0.000006800024208086181,"(1, 2, 24, 34)"
42,6,0.000007963140216565562,"(1, 2, 25, 27)"
42,6,0.00022387391421151606,"(1, 2, 29, 34)"
42,6,0.000011961250333419853,"(1, 2, 31, 41)"
42,6,0.000011063745985243176,"(1, 2, 33, 41)"
42,6,0.000007856440828037438,"(1, 2, 38, 40)"
42,6,0.000012294149828803964,"(1, 3, 5, 20)"
42,6,0.000010879510509063176,"(1, 3, 5, 41)"
42,6,0.00017330722171192872,"(1, 3, 7, 14)"
42,6,0.0003460447089763998,"(1, 3, 7, 28)"
42,6,0.00024129527302560144,"(1, 3, 11, 14)"
42,6,0.000010761714125825962,"(1, 3, 11, 23)"
42,6,0.00043725404459991256,"(1, 3, 11, 28)"
42,6,0.000007974678799874639,"(1, 3, 13, 23)"
42,6,0.000010263726451162624,"(1, 3, 14, 17)"
42,6,0.00019084697889232413,"(1, 3, 14, 25)"
42,6,0.0003273215279368924,"(1, 3, 14, 35)"
42,6,0.000009261626119267517,"(1, 3, 14, 38)"
42,6,0.0000056656549695442714,"(1, 3, 17, 35)"
42,6,0.00000698967834199238,"(1, 3, 20, 26)"
42,6,0.0001651091371396493,"(1, 3, 21, 28)"
42,6,0.000013306755307399354,"(1, 3, 23, 32)"
42,6,0.000018785728106642822,"(1, 3, 23, 34)"
42,6,0.0003059694642474681,"(1, 3, 25, 28)"
63,9,0.000000999999000001,"(1, 2, 4, 21)"
63,9,0.000000999999000001,"(1, 2, 5, 9)"
63,9,0.000000999999000001,"(1, 2, 6, 22)"
63,9,0.000000999999000001,"(1, 2, 6, 28)"
63,9,0.000000999999000001,"(1, 2, 6, 49)"
63,9,0.000000999999000001,"(1, 2, 8, 24)"
63,9,0.000000999999000001,"(1, 2, 10, 44)"
63,9,0.000000999999000001,"(1, 2, 13, 21)"
63,9,0.000000999999000001,"(1, 2, 16, 24)"
63,9,0.000000999999000001,"(1, 2, 16, 47)"
63,9,0.000000999999000001,"(1, 2, 16, 59)"
63,9,0.000000999999000001,"(1, 2, 17, 30)"
63,9,0.000000999999000001,"(1, 2, 18, 49)"
63,9,0.000000999999000001,"(1, 2, 20, 21)"
63,9,0.000000999999000001,"(1, 2, 20, 22)"
63,9,0.000000999999000001,"(1, 2, 21, 55)"
63,9,0.000000999999000001,"(1, 2, 23, 33)"
63,9,0.000000999999000001,"(1, 2, 27, 28)"
63,9,0.000000999999000001,"(1, 2, 29, 31)"
63,9,0.000000999999000001,"(1, 2, 32, 42)"
63,9,0.000001103518292195091,"(1, 2, 34, 36)"
63,9,0.000000999999000001,"(1, 2, 35, 48)"
63,9,0.000000999999000001,"(1, 2, 37, 38)"
63,9,0.000000999999000001,"(1, 2, 37, 59)"
63,9,0.000000999999000001,"(1, 2, 41, 49)"
63,9,0.000000999999000001,"(1, 2, 41, 57)"
63,9,0.000000999999000001,"(1, 2, 43, 45)"
63,9,0.000000999999000001,"(1, 2, 43, 59)"
63,9,0.000000999999000001,"(1, 2, 44, 45)"
63,9,0.000000999999000001,"(1, 2, 44, 52)"
63,9,0.000000999999000001,"(1, 2, 44, 61)"
63,9,0.000000999999000001,"(1, 2, 56, 60)"
63,9,0.000000999999000001,"(1, 3, 5, 59)"
63,9,0.000018434878790671953,"(1, 3, 6, 55)"
63,9,0.000000999999000001,"(1, 3, 7, 56)"
63,9,0.000000999999000001,"(1, 3, 8, 16)"
63,9,0.000000999999000001,"(1, 3, 8, 44)"
63,9,0.000000999999000001,"(1, 3, 9, 16)"
63,9,0.0006598482349059716,"(1, 3, 9, 22)"
63,9,0.000000999999000001,"(1, 3, 9, 36)"
63,9,0.00018187439754105815,"(1, 3, 9, 43)"
63,9,0.00002916021496910475,"(1, 3, 10, 24)"
63,9,0.000000999999000001,"(1, 3, 10, 45)"
63,9,0.000000999999000001,"(1, 3, 10, 47)"
63,9,0.000000999999000001,"(1, 3, 11, 32)"
63,9,0.0000010994519122272355,"(1, 3, 14, 32)"
63,9,0.000000999999000001,"(1, 3, 14, 56)"
63,9,0.0002085375263278627,"(1, 3, 15, 22)"
63,9,0.000000999999000001,"(1, 3, 15, 36)"
63,9,0.00004330316546139523,"(1, 3, 15, 37)"
63,9,0.0002591344908007256,"(1, 3, 15, 43)"
84,12,0.000000999999000001,"(1, 3, 6, 29)"
84,12,0.0000011316850190140058,"(1, 3, 42, 53)"
84,12,0.0000012727829743385315,"(1, 3, 42, 77)"
84,12,0.0005288766659614978,"(1, 4, 12, 29)"
84,12,0.0004796853264258646,"(1, 4, 12, 57)"
84,12,0.0003401939105290015,"(1, 4, 20, 29)"
84,12,0.0006814774430966335,"(1, 4, 20, 57)"
84,12,0.0006734913793103449,"(1, 4, 29, 48)"
84,12,0.00034532771600248634,"(1, 4, 29, 68)"
84,12,0.0005485463521667581,"(1, 4, 40, 57)"
84,12,0.00033239155725444574,"(1, 4, 48, 57)"
84,12,0.00034350096180269305,"(1, 4, 57, 68)"
84,12,0.0005371146202599635,"(1, 4, 57, 76)"
84,12,0.0005577555914998048,"(1, 5, 13, 56)"
84,12,0.00027489897462682465,"(1, 5, 21, 28)"
84,12,0.0007218652999350321,"(1, 5, 21, 56)"
84,12,0.0000013371005696182137,"(1, 5, 27, 42)"
84,12,0.0003551010262419658,"(1, 5, 28, 41)"
84,12,0.0005686341407938133,"(1, 5, 28, 69)"
84,12,0.0003496748024337366,"(1, 5, 28, 77)"
84,12,0.0005582849486377847,"(1, 5, 49, 56)"
84,12,0.00030745580322828596,"(1, 5, 56, 69)"
84,12,0.0000014796016202229583,"(1, 8, 10, 43)"
84,12,0.0004761904761904762,"(1, 8, 12, 29)"
84,12,0.0006995452955578874,"(1, 8, 24, 29)"
84,12,0.0006344775077723495,"(1, 8, 29, 40)"
84,12,0.0007688167909587145,"(1, 8, 29, 52)"
84,12,0.000387807337314822,"(1, 8, 40, 57)"
84,12,0.0000010958888496925977,"(1, 8, 43, 82)"
84,12,0.00035309487659334064,"(1, 8, 52, 57)"
84,12,0.0008602150537634409,"(1, 8, 57, 68)"
84,12,0.00043599581444018137,"(1, 8, 57, 80)"
84,12,0.00040285219353019375,"(1, 9, 13, 28)"
84,12,0.0002845112097416638,"(1, 9, 13, 56)"
84,12,0.0005536485439043296,"(1, 9, 25, 28)"
84,12,0.0003365303718660609,"(1, 9, 25, 56)"
84,12,0.000968710646130001,"(1, 9, 28, 41)"
84,12,0.0003569771177667511,"(1, 9, 28, 53)"
84,12,0.0005039560550320012,"(1, 9, 28, 69)"
84,12,0.0004013324236465064,"(1, 9, 28, 81)"
84,12,0.00034073872154831674,"(1, 9, 41, 56)"
84,12,0.0002794779352170146,"(1, 9, 53, 56)"
84,12,0.0000014144447625373555,"(1, 10, 43, 44)"
84,12,0.000000999999000001,"(1, 10, 55, 56)"
84,12,0.000007805548183648938,"(1, 12, 15, 64)"
84,12,0.000006311027637252229,"(1, 12, 22, 57)"
84,12,0.0005378078950198989,"(1, 12, 29, 32)"
84,12,0.0003407735559720566,"(1, 12, 29, 64)"
84,12,0.0003697404422095689,"(1, 12, 36, 57)"
84,12,0.0006712760958582265,"(1, 12, 57, 60)"
105,15,0.000000999999000001,"(1, 4, 14, 58)"
105,15,0.000000999999000001,"(1, 4, 37, 56)"
105,15,0.000000999999000001,"(1, 4, 37, 98)"
105,15,0.000000999999000001,"(1, 4, 58, 77)"
105,15,0.0011669973159061733,"(1, 5, 15, 71)"
105,15,0.0008551393877201984,"(1, 5, 25, 36)"
105,15,0.000729181857955374,"(1, 5, 25, 71)"
105,15,0.000502815768302494,"(1, 5, 36, 50)"
105,15,0.0009790483649892304,"(1, 5, 36, 85)"
105,15,0.0008197393228953193,"(1, 5, 36, 95)"
105,15,0.0009384384384384384,"(1, 5, 60, 71)"
105,15,0.0007657554177195804,"(1, 5, 71, 85)"
105,15,0.000000999999000001,"(1, 6, 8, 39)"
105,15,0.00070482097547223,"(1, 6, 16, 35)"
105,15,0.0006117330397014743,"(1, 6, 16, 70)"
105,15,0.000000999999000001,"(1, 6, 18, 92)"
105,15,0.0006362537379907107,"(1, 6, 26, 35)"
105,15,0.0006822213125938054,"(1, 6, 26, 70)"
105,15,0.0005778676683039584,"(1, 6, 35, 61)"
105,15,0.0006317518478741551,"(1, 6, 35, 86)"
105,15,0.0007741735697143299,"(1, 6, 51, 70)"
105,15,0.0013194352816994325,"(1, 6, 61, 70)"
105,15,0.0004955155839651157,"(1, 6, 70, 86)"
105,15,0.0005543544542380398,"(1, 6, 70, 96)"
105,15,0.000000999999000001,"(1, 8, 18, 69)"
105,15,0.000000999999000001,"(1, 8, 27, 39)"
105,15,0.000000999999000001,"(1, 8, 39, 48)"
105,15,0.000000999999000001,"(1, 8, 45, 50)"
105,15,0.000000999999000001,"(1, 8, 45, 71)"
105,15,0.000000999999000001,"(1, 8, 50, 75)"
105,15,0.000000999999000001,"(1, 8, 69, 81)"
105,15,0.000000999999000001,"(1, 8, 69, 102)"
105,15,0.000000999999000001,"(1, 8, 71, 75)"
105,15,0.0004196567208023837,"(1, 10, 15, 36)"
105,15,0.0008501232678738418,"(1, 10, 15, 71)"
105,15,0.00047564687975646877,"(1, 10, 30, 36)"
105,15,0.0008584427847883938,"(1, 10, 30, 71)"
105,15,0.0008409014463504877,"(1, 10, 36, 50)"
105,15,0.0004109307581672488,"(1, 10, 36, 65)"
105,15,0.0005383290267011198,"(1, 10, 36, 85)"
105,15,0.0006009615384615385,"(1, 10, 36, 100)"
105,15,0.0007336757153338225,"(1, 10, 50, 71)"
105,15,0.0006735821096591674,"(1, 10, 65, 71)"
105,15,0.0006676904587033451,"(1, 11, 16, 35)"
105,15,0.0006049606775559589,"(1, 11, 31, 35)"
105,15,0.000740521327014218,"(1, 11, 35, 51)"
105,15,0.0005874750323111268,"(1, 11, 35, 66)"
105,15,0.0009262689885142645,"(1, 11, 51, 70)"
105,15,0.0006669334400426837,"(1, 11, 66, 70)"
105,15,0.0004002721850858584,"(1, 11, 70, 86)"
105,15,0.0011176930814798256,"(1, 11, 70, 101)"
126,18,0.00009435030380797826,"(1, 6, 12, 73)"
126,18,0.0011340440009072353,"(1, 6, 18, 43)"
126,18,0.0004278990158322636,"(1, 6, 18, 85)"
126,18,0.0007608612949859241,"(1, 6, 30, 43)"
126,18,0.000035711479812300464,"(1, 6, 30, 55)"
126,18,0.0005671184710486021,"(1, 6, 30, 85)"
126,18,0.000038222500821783765,"(1, 6, 37, 66)"
126,18,0.0005866823115283074,"(1, 6, 43, 60)"
126,18,0.0008345155637152632,"(1, 6, 43, 72)"
126,18,0.0008666262241095416,"(1, 6, 43, 102)"
126,18,0.0011791062374719961,"(1, 6, 43, 114)"
126,18,0.0005598790661217177,"(1, 6, 60, 85)"
126,18,0.0004836759371221282,"(1, 6, 72, 85)"
126,18,0.000819672131147541,"(1, 6, 85, 102)"
126,18,0.0005692491603574884,"(1, 6, 85, 114)"
126,18,0.00004076042651710307,"(1, 7, 13, 18)"
126,18,0.0008077544426494346,"(1, 7, 19, 42)"
126,18,0.0007918283316177053,"(1, 7, 19, 84)"
126,18,0.0006688963210702341,"(1, 7, 31, 42)"
126,18,0.0011766090128250382,"(1, 7, 31, 84)"
126,18,0.0006324710644488014,"(1, 7, 42, 73)"
126,18,0.0007449899426357744,"(1, 7, 42, 103)"
126,18,0.0004599181345720462,"(1, 7, 42, 115)"
126,18,0.0006866245536940401,"(1, 7, 73, 84)"
126,18,0.0011862396204033216,"(1, 7, 84, 103)"
126,18,0.0005467169646274124,"(1, 7, 84, 115)"
126,18,0.00003609209258343589,"(1, 7, 103, 108)"
126,18,0.000000999999000001,"(1, 12, 15, 46)"
126,18,0.0000012954997318963306,"(1, 12, 15, 64)"
126,18,0.0008,"(1, 12, 18, 43)"
126,18,0.00078125,"(1, 12, 18, 85)"
126,18,0.000037120076021915695,"(1, 12, 24, 109)"
126,18,0.0006869547296833139,"(1, 12, 36, 43)"
126,18,0.0012698412698412698,"(1, 12, 36, 85)"
126,18,0.0006400409626216078,"(1, 12, 43, 60)"
126,18,0.0006906077348066298,"(1, 12, 43, 78)"
126,18,0.0007144898542440697,"(1, 12, 43, 102)"
126,18,0.0012712941774726673,"(1, 12, 43, 120)"
126,18,0.000036722852631192394,"(1, 12, 55, 78)"
126,18,0.0006938180808991882,"(1, 12, 60, 85)"
126,18,0.00042446623371110827,"(1, 12, 78, 85)"
126,18,0.0009491268033409263,"(1, 12, 85, 102)"
126,18,0.0005737563830397613,"(1, 12, 85, 120)"
126,18,0.00005722886394982173,"(1, 12, 91, 114)"
126,18,0.000957670944263551,"(1, 13, 19, 42)"
126,18,0.0007729767334003246,"(1, 13, 19, 84)"
126,18,0.00004408218682912422,"(1, 13, 25, 108)"
126,18,0.00006057155317576653,"(1, 13, 36, 115)"
126,18,0.0009198785760279643,"(1, 13, 37, 42)"
126,18,0.0009686168151879117,"(1, 13, 37, 84)"
147,21,0.000996512207274539,"(1, 7, 21, 50)"
147,21,0.0007750135627373479,"(1, 7, 21, 99)"
147,21,0.0008798169980644026,"(1, 7, 35, 50)"
147,21,0.0010131712259371835,"(1, 7, 35, 99)"
147,21,0.0014914243102162564,"(1, 7, 50, 84)"
147,21,0.0007300868803387603,"(1, 7, 50, 119)"
147,21,0.0004940711462450593,"(1, 7, 70, 99)"
147,21,0.0010561892691170257,"(1, 7, 84, 99)"
147,21,0.0006708257865432347,"(1, 7, 99, 119)"
147,21,0.0007051688879486638,"(1, 7, 99, 133)"
147,21,0.001054407423028258,"(1, 8, 22, 98)"
147,21,0.0009417082587814295,"(1, 8, 36, 49)"
147,21,0.001210946960523129,"(1, 8, 36, 98)"
147,21,0.0009313588525658936,"(1, 8, 49, 71)"
147,21,0.0007167944950182783,"(1, 8, 49, 120)"
147,21,0.0008159268929503916,"(1, 8, 49, 134)"
147,21,0.0009312721177127957,"(1, 8, 85, 98)"
147,21,0.001018537380321858,"(1, 8, 98, 120)"
147,21,0.0007813110399249941,"(1, 14, 21, 50)"
147,21,0.0007864726700747149,"(1, 14, 42, 50)"
147,21,0.0012675877804537963,"(1, 14, 50, 70)"
147,21,0.0007756748371082842,"(1, 14, 50, 91)"
147,21,0.0005822077317186772,"(1, 14, 70, 99)"
147,21,0.0010527423939362037,"(1, 14, 91, 99)"
147,21,0.000758552681483729,"(1, 14, 99, 119)"
147,21,0.0004577287499427839,"(1, 14, 99, 140)"
147,21,0.0005204538357447694,"(1, 15, 22, 49)"
147,21,0.0009950248756218905,"(1, 15, 22, 98)"
147,21,0.0013789299503585218,"(1, 15, 43, 49)"
147,21,0.0009746588693957114,"(1, 15, 43, 98)"
147,21,0.0006504911207962012,"(1, 15, 49, 71)"
147,21,0.001037344398340249,"(1, 15, 49, 92)"
147,21,0.001479727730097662,"(1, 15, 49, 120)"
147,21,0.0007268498328245384,"(1, 15, 49, 141)"
147,21,0.000885896527285613,"(1, 15, 71, 98)"
147,21,0.0008269246671628214,"(1, 15, 92, 98)"
147,21,0.0014887598630340926,"(1, 21, 50, 56)"
147,21,0.00105318588730911,"(1, 21, 50, 112)"
147,21,0.000662471016893011,"(1, 21, 63, 99)"
147,21,0.0006803183890060549,"(1, 21, 99, 105)"
147,21,0.0008812902088657794,"(1, 21, 99, 112)"
147,21,0.000691754288876591,"(1, 22, 49, 57)"
147,21,0.0014098406880022557,"(1, 22, 49, 64)"
147,21,0.0006621201085876978,"(1, 22, 49, 106)"
147,21,0.0021862702229995625,"(1, 22, 57, 98)"
147,21,0.0011710973181871414,"(1, 22, 98, 113)"
147,21,0.0011638733705772813,"(1, 28, 35, 50)"
147,21,0.0010565240359218173,"(1, 28, 35, 99)"
147,21,0.0008840951286358412,"(1, 28, 42, 50)"
147,21,0.0006266842138246538,"(1, 28, 42, 99)"
168,24,0.0007844367743959837,"(1, 8, 24, 113)"
168,24,0.0015720798616569722,"(1, 8, 40, 57)"
168,24,0.001034233116144379,"(1, 8, 40, 113)"
168,24,0.0020181634712411706,"(1, 8, 57, 80)"
168,24,0.0010735373054213634,"(1, 8, 57, 136)"
168,24,0.0008091924259588931,"(1, 8, 57, 152)"
168,24,0.00047803432286438167,"(1, 8, 96, 113)"
168,24,0.0011196954428395476,"(1, 8, 113, 136)"
168,24,0.0008010253123998718,"(1, 9, 25, 56)"
168,24,0.001054407423028258,"(1, 9, 25, 112)"
168,24,0.000669702652022502,"(1, 9, 41, 56)"
168,24,0.0007406858751203614,"(1, 9, 41, 112)"
168,24,0.0009165902841429881,"(1, 9, 56, 97)"
168,24,0.0009961151509114453,"(1, 9, 56, 137)"
168,24,0.0008955758552749418,"(1, 9, 81, 112)"
168,24,0.0022222222222222222,"(1, 9, 97, 112)"
168,24,0.0006021919788028423,"(1, 9, 112, 137)"
168,24,0.0012140342357654485,"(1, 9, 112, 153)"
168,24,0.0012090436464756377,"(1, 16, 24, 57)"
168,24,0.000942240648261566,"(1, 16, 24, 113)"
168,24,0.001589825119236884,"(1, 16, 48, 57)"
168,24,0.0013054830287206266,"(1, 16, 48, 113)"
168,24,0.0011816140848398913,"(1, 16, 57, 80)"
168,24,0.0012856775520699408,"(1, 16, 57, 104)"
168,24,0.0008183306055646482,"(1, 16, 57, 136)"
168,24,0.001041124414367517,"(1, 16, 57, 160)"
168,24,0.0013674278681799535,"(1, 16, 80, 113)"
168,24,0.0011148272017837235,"(1, 16, 104, 113)"
168,24,0.0011934598400763815,"(1, 17, 25, 56)"
168,24,0.00099147332936744,"(1, 17, 49, 56)"
168,24,0.0008828462964597864,"(1, 17, 56, 81)"
168,24,0.0007145919679862799,"(1, 17, 56, 105)"
168,24,0.0009300595238095238,"(1, 17, 81, 112)"
168,24,0.000628614533568016,"(1, 17, 105, 112)"
168,24,0.0006505757595471992,"(1, 17, 112, 137)"
168,24,0.0007105300554213443,"(1, 17, 112, 161)"
168,24,0.00084774499830451,"(1, 24, 57, 72)"
168,24,0.001249843769528809,"(1, 24, 57, 120)"
168,24,0.0012898232942086935,"(1, 24, 64, 113)"
168,24,0.001439055979277594,"(1, 24, 113, 128)"
168,24,0.0010831889081455806,"(1, 25, 56, 65)"
168,24,0.0006134592969756457,"(1, 25, 56, 129)"
168,24,0.0018674136321195146,"(1, 25, 73, 112)"
168,24,0.0008845643520566122,"(1, 25, 112, 121)"
168,24,0.0006952169076751947,"(1, 25, 112, 129)"
168,24,0.0010650761529449357,"(1, 32, 40, 57)"
168,24,0.0006963788300835655,"(1, 32, 40, 113)"
168,24,0.0008708525646608029,"(1, 32, 48, 113)"
168,24,0.0010119409026512851,"(1, 32, 57, 104)"
168,24,0.0011156978690170702,"(1, 32, 57, 152)"
168,24,0.0005482456140350877,"(1, 32, 57, 160)"
189,27,0.0013616557734204794,"(1, 9, 27, 64)"
189,27,0.002770083102493075,"(1, 9, 27, 127)"
189,27,0.0012035142616440004,"(1, 9, 45, 64)"
189,27,0.001124985937675779,"(1, 9, 45, 127)"
189,27,0.0007793017456359103,"(1, 9, 64, 90)"
189,27,0.0012883277505797476,"(1, 9, 64, 108)"
189,27,0.0014048890137679123,"(1, 9, 64, 153)"
189,27,0.0007624857033930614,"(1, 9, 64, 171)"
189,27,0.0007790588968526021,"(1, 9, 90, 127)"
189,27,0.001005530417295123,"(1, 9, 108, 127)"
189,27,0.001207437816952427,"(1, 9, 127, 153)"
189,27,0.0012447099825740602,"(1, 9, 127, 171)"
189,27,0.0008507742045261188,"(1, 10, 28, 63)"
189,27,0.0009394081728511038,"(1, 10, 28, 126)"
189,27,0.000630119722747322,"(1, 10, 46, 63)"
189,27,0.001225790634959549,"(1, 10, 46, 126)"
189,27,0.0007112375533428165,"(1, 10, 63, 91)"
189,27,0.0006219679064560268,"(1, 10, 63, 109)"
189,27,0.0008208832703989492,"(1, 10, 63, 154)"
189,27,0.0011487650775416428,"(1, 10, 63, 172)"
189,27,0.0012307692307692308,"(1, 10, 91, 126)"
189,27,0.0016835016835016834,"(1, 10, 109, 126)"
189,27,0.0011495574203931487,"(1, 10, 126, 154)"
189,27,0.001320829480914014,"(1, 10, 126, 172)"
189,27,0.0005076399817249607,"(1, 18, 27, 64)"
189,27,0.0013347570742124934,"(1, 18, 27, 127)"
189,27,0.0009952229299363057,"(1, 18, 54, 64)"
189,27,0.0014958863126402393,"(1, 18, 54, 127)"
189,27,0.0010454783063251437,"(1, 18, 64, 90)"
189,27,0.0009492168960607499,"(1, 18, 64, 117)"
189,27,0.0010837758751490192,"(1, 18, 64, 153)"
189,27,0.001443001443001443,"(1, 18, 64, 180)"
189,27,0.0005064316823660489,"(1, 18, 90, 127)"
189,27,0.00040971852337444176,"(1, 18, 117, 127)"
189,27,0.0011735711770918906,"(1, 18, 127, 153)"
189,27,0.001424298532972511,"(1, 18, 127, 180)"
189,27,0.002199736031676199,"(1, 19, 28, 63)"
189,27,0.0009719117504130625,"(1, 19, 28, 126)"
189,27,0.001516530178950561,"(1, 19, 55, 63)"
189,27,0.0008599191675982457,"(1, 19, 55, 126)"
189,27,0.0025119316754584277,"(1, 19, 63, 91)"
189,27,0.0009319664492078285,"(1, 19, 63, 118)"
189,27,0.002407318247472316,"(1, 19, 63, 154)"
189,27,0.0010465724751439038,"(1, 19, 63, 181)"
189,27,0.0014088475626937165,"(1, 19, 91, 126)"
189,27,0.0013331555792560992,"(1, 19, 118, 126)"
189,27,0.0010945709281961471,"(1, 19, 126, 154)"
189,27,0.0010278548668927947,"(1, 19, 126, 181)"
189,27,0.0007386069872220991,"(1, 27, 64, 72)"
189,27,0.0009434852344560807,"(1, 27, 64, 81)"
189,27,0.0014427932477276007,"(1, 27, 64, 135)"
189,27,0.0008317391665973551,"(1, 27, 64, 144)"
210,30,0.0000010356833298793293,"(1, 7, 31, 168)"
210,30,0.0000011266277799822129,"(1, 7, 61, 168)"
210,30,0.0009925558312655087,"(1, 10, 30, 71)"
210,30,0.0014956625785222854,"(1, 10, 30, 141)"
210,30,0.0009138261902586129,"(1, 10, 50, 71)"
210,30,0.0012444001991040318,"(1, 10, 50, 141)"
210,30,0.002233638597274961,"(1, 10, 71, 120)"
210,30,0.001784121320249777,"(1, 10, 71, 170)"
210,30,0.0008677542519958348,"(1, 10, 100, 141)"
210,30,0.0008804366966015144,"(1, 10, 120, 141)"
210,30,0.0019751135690302193,"(1, 10, 141, 170)"
210,30,0.0008324315325064514,"(1, 10, 141, 190)"
210,30,0.0011637379262190155,"(1, 11, 31, 140)"
210,30,0.0010506408909434755,"(1, 11, 51, 70)"
210,30,0.0008542627712284299,"(1, 11, 51, 140)"
210,30,0.0014398848092152627,"(1, 11, 70, 101)"
210,30,0.0015610365282547611,"(1, 11, 70, 171)"
210,30,0.0015405946695424434,"(1, 11, 70, 191)"
210,30,0.0013304949441192123,"(1, 11, 121, 140)"
210,30,0.0009722897423432182,"(1, 11, 140, 171)"
210,30,0.00158052789631737,"(1, 20, 30, 71)"
210,30,0.0008266512358435976,"(1, 20, 60, 71)"
210,30,0.0031918289179699967,"(1, 20, 71, 100)"
210,30,0.0010624734381640458,"(1, 20, 71, 130)"
210,30,0.0011475786091347257,"(1, 20, 100, 141)"
210,30,0.0010664391596459423,"(1, 20, 130, 141)"
210,30,0.002188662727073758,"(1, 20, 141, 170)"
210,30,0.0014760147601476014,"(1, 20, 141, 200)"
210,30,0.0022416498542927594,"(1, 21, 31, 140)"
210,30,0.0012708095056551023,"(1, 21, 61, 140)"
210,30,0.002053388090349076,"(1, 21, 70, 101)"
210,30,0.0011491611123879567,"(1, 21, 70, 131)"
210,30,0.0008264462809917355,"(1, 21, 70, 171)"
210,30,0.001098901098901099,"(1, 21, 70, 201)"
210,30,0.0013568521031207597,"(1, 21, 101, 140)"
210,30,0.0013948946854512485,"(1, 21, 131, 140)"
210,30,0.0010520778537611783,"(1, 30, 71, 80)"
210,30,0.0010860121633362294,"(1, 30, 71, 160)"
210,30,0.0015455950540958269,"(1, 30, 90, 141)"
210,30,0.0009385265133740028,"(1, 30, 141, 150)"
210,30,0.0009962143853357243,"(1, 30, 141, 160)"
210,30,0.0012393109431156277,"(1, 31, 70, 81)"
210,30,0.0012759984688018374,"(1, 31, 70, 91)"
210,30,0.0014088475626937165,"(1, 31, 70, 151)"
210,30,0.0012599218848431397,"(1, 31, 81, 140)"
210,30,0.0000012691564894065412,"(1, 31, 84, 133)"
210,30,0.000001330381482899077,"(1, 31, 126, 175)"
210,30,0.001239771881973717,"(1, 31, 140, 161)"
210,30,0.0000015575191025824135,"(1, 36, 85, 150)"
210,30,0.0000012638979801772768,"(1, 36, 85, 180)"
231,33,0.0011353315168029065,"(1, 11, 33, 155)"
231,33,0.0013297872340425532,"(1, 11, 55, 78)"
231,33,0.0015382248884786955,"(1, 11, 55, 155)"
231,33,0.0015549681231534754,"(1, 11, 78, 110)"
231,33,0.0010091835704914725,"(1, 11, 78, 187)"
231,33,0.00303951367781155,"(1, 11, 78, 209)"
231,33,0.001422475106685633,"(1, 11, 132, 155)"
231,33,0.0012410027302060065,"(1, 11, 155, 187)"
231,33,0.0017857142857142857,"(1, 12, 34, 77)"
231,33,0.002230649118893598,"(1, 12, 34, 154)"
231,33,0.0018034265103697023,"(1, 12, 56, 77)"
231,33,0.0008903926631644555,"(1, 12, 56, 154)"
231,33,0.001320480654958405,"(1, 12, 77, 133)"
231,33,0.001397233477714126,"(1, 12, 77, 188)"
231,33,0.0023239600278875203,"(1, 12, 111, 154)"
231,33,0.0023963575365444525,"(1, 12, 133, 154)"
231,33,0.0011021712774165104,"(1, 12, 154, 188)"
231,33,0.0018765246762994933,"(1, 12, 154, 210)"
231,33,0.001377220768489189,"(1, 22, 33, 155)"
231,33,0.001004419445560466,"(1, 22, 66, 155)"
231,33,0.001081548777849881,"(1, 22, 78, 110)"
231,33,0.0014126289023873428,"(1, 22, 78, 143)"
231,33,0.0019758940920766646,"(1, 22, 78, 187)"
231,33,0.0018301610541727673,"(1, 22, 78, 220)"
231,33,0.0009859016070196194,"(1, 22, 110, 155)"
231,33,0.0008679802100512109,"(1, 22, 143, 155)"
231,33,0.0015720798616569722,"(1, 23, 34, 77)"
231,33,0.0012632642748863063,"(1, 23, 67, 77)"
231,33,0.0014166312508853945,"(1, 23, 77, 111)"
231,33,0.0013164823591363876,"(1, 23, 77, 144)"
231,33,0.0008861320336730173,"(1, 23, 111, 154)"
231,33,0.0015503875968992248,"(1, 23, 144, 154)"
231,33,0.0017485574401119076,"(1, 23, 154, 188)"
231,33,0.0018331805682859762,"(1, 23, 154, 221)"
231,33,0.0010180189351521938,"(1, 33, 78, 88)"
231,33,0.0018086453246518358,"(1, 33, 78, 99)"
231,33,0.0009161704076958314,"(1, 33, 78, 165)"
231,33,0.001414027149321267,"(1, 33, 88, 155)"
231,33,0.001375894331315355,"(1, 33, 155, 176)"
231,33,0.0009809691975671965,"(1, 34, 77, 89)"
231,33,0.0008217602103706139,"(1, 34, 77, 177)"
231,33,0.0018935807612194661,"(1, 34, 100, 154)"
231,33,0.0009226794611551947,"(1, 34, 154, 166)"
231,33,0.0012514078338130396,"(1, 34, 154, 177)"
231,33,0.0012159533073929961,"(1, 44, 55, 78)"
231,33,0.000997307270370001,"(1, 44, 55, 155)"
231,33,0.0011931750387781887,"(1, 44, 66, 155)"
231,33,0.00105318588730911,"(1, 44, 78, 143)"
231,33,0.0014332807797047442,"(1, 44, 78, 209)"
231,33,0.001228803145736053,"(1, 44, 78, 220)"
252,36,0.0031806615776081423,"(1, 12, 36, 85)"
252,36,0.001589319771137953,"(1, 12, 36, 169)"
252,36,0.0011431184270690445,"(1, 12, 60, 85)"
252,36,0.001467997651203758,"(1, 12, 60, 169)"
252,36,0.0009704968944099379,"(1, 12, 85, 120)"
252,36,0.0014039028499227854,"(1, 12, 85, 144)"
252,36,0.0015415446277169723,"(1, 12, 85, 204)"
252,36,0.0010429703796412183,"(1, 12, 85, 228)"
252,36,0.0017838030681412772,"(1, 12, 120, 169)"
252,36,0.0019940179461615153,"(1, 12, 144, 169)"
252,36,0.001175226231049477,"(1, 12, 169, 204)"
252,36,0.001318217769575534,"(1, 12, 169, 228)"
252,36,0.001182033096926714,"(1, 13, 37, 84)"
252,36,0.0009721952167995333,"(1, 13, 37, 168)"
252,36,0.002014098690835851,"(1, 13, 61, 84)"
252,36,0.0021413276231263384,"(1, 13, 61, 168)"
252,36,0.0014070634585619812,"(1, 13, 84, 121)"
252,36,0.0015094339622641509,"(1, 13, 84, 145)"
252,36,0.0014827995255041518,"(1, 13, 84, 205)"
252,36,0.0035486160397444995,"(1, 13, 84, 229)"
252,36,0.0023386342376052385,"(1, 13, 121, 168)"
252,36,0.0018825301204819277,"(1, 13, 145, 168)"
252,36,0.0008777319406653208,"(1, 13, 168, 205)"
252,36,0.0012220457045093486,"(1, 13, 168, 229)"
252,36,0.0007271140841998109,"(1, 15, 29, 210)"
252,36,0.0013271400132714001,"(1, 24, 36, 85)"
252,36,0.0019751135690302193,"(1, 24, 36, 169)"
252,36,0.0009278159213212099,"(1, 24, 72, 85)"
252,36,0.0008019246190858059,"(1, 24, 72, 169)"
252,36,0.0019440124416796269,"(1, 24, 85, 120)"
252,36,0.0010255358424776945,"(1, 24, 85, 156)"
252,36,0.001026272577996716,"(1, 24, 85, 204)"
252,36,0.0018477457501847746,"(1, 24, 85, 240)"
252,36,0.0008938946992044337,"(1, 24, 120, 169)"
252,36,0.0014541224371092047,"(1, 24, 156, 169)"
252,36,0.001051635292880429,"(1, 24, 169, 204)"
252,36,0.0012672665061462425,"(1, 24, 169, 240)"
252,36,0.001570598397989634,"(1, 25, 37, 84)"
252,36,0.001056859015007398,"(1, 25, 37, 168)"
252,36,0.0016460905349794238,"(1, 25, 73, 84)"
252,36,0.0011802195208308745,"(1, 25, 73, 168)"
252,36,0.0015188335358444715,"(1, 25, 84, 121)"
252,36,0.000862663906142167,"(1, 25, 84, 157)"
252,36,0.0017400382808421785,"(1, 25, 84, 205)"
252,36,0.0012992074834351046,"(1, 25, 84, 241)"
252,36,0.0015037593984962407,"(1, 25, 121, 168)"
252,36,0.0015055706112616681,"(1, 25, 157, 168)"
252,36,0.0012532898859506205,"(1, 25, 168, 205)"
252,36,0.0018284878405558603,"(1, 25, 168, 241)"
252,36,0.000026111501332992143,"(1, 28, 73, 189)"
273,39,0.0012868356710848024,"(1, 13, 39, 92)"
273,39,0.0022237046920169003,"(1, 13, 39, 183)"
273,39,0.001414227124876255,"(1, 13, 65, 92)"
273,39,0.0014198494959534289,"(1, 13, 65, 183)"
273,39,0.0017196904557179708,"(1, 13, 92, 156)"
273,39,0.0017079419299743809,"(1, 13, 92, 221)"
273,39,0.0013170025023047543,"(1, 13, 130, 183)"
273,39,0.0011997600479904018,"(1, 13, 156, 183)"
273,39,0.0018964536317087046,"(1, 13, 183, 221)"
273,39,0.0019677292404565133,"(1, 13, 183, 247)"
273,39,0.00211999152003392,"(1, 14, 40, 182)"
273,39,0.0009606147934678194,"(1, 14, 66, 91)"
273,39,0.0026130128037627383,"(1, 14, 66, 182)"
273,39,0.0015530361857431277,"(1, 14, 91, 131)"
273,39,0.0019029495718363464,"(1, 14, 91, 222)"
273,39,0.0023239600278875203,"(1, 14, 91, 248)"
273,39,0.0032743942370661427,"(1, 14, 157, 182)"
273,39,0.001701258931609391,"(1, 14, 182, 222)"
273,39,0.0013280212483399733,"(1, 26, 39, 92)"
273,39,0.0014465499783017503,"(1, 26, 78, 92)"
273,39,0.0015144631228229592,"(1, 26, 92, 130)"
273,39,0.001787629603146228,"(1, 26, 92, 169)"
273,39,0.001575299306868305,"(1, 26, 130, 183)"
273,39,0.00213857998289136,"(1, 26, 169, 183)"
273,39,0.0016479894528675016,"(1, 26, 183, 221)"
273,39,0.00282326369282891,"(1, 26, 183, 260)"
273,39,0.001783166904422254,"(1, 27, 40, 91)"
273,39,0.0013185654008438818,"(1, 27, 40, 182)"
273,39,0.001273074474856779,"(1, 27, 79, 91)"
273,39,0.0017050298380221654,"(1, 27, 79, 182)"
273,39,0.002266032177656923,"(1, 27, 91, 131)"
273,39,0.004125412541254125,"(1, 27, 91, 170)"
273,39,0.002281021897810219,"(1, 27, 91, 222)"
273,39,0.0026695141484249867,"(1, 27, 91, 261)"
273,39,0.002340276152586005,"(1, 27, 131, 182)"
273,39,0.0028473804100227792,"(1, 27, 170, 182)"
273,39,0.001918649270913277,"(1, 39, 92, 104)"
273,39,0.0016268098259313486,"(1, 39, 92, 208)"
273,39,0.0015384615384615385,"(1, 39, 117, 183)"
273,39,0.001554243083618278,"(1, 39, 183, 195)"
273,39,0.0016043638697256538,"(1, 39, 183, 208)"
273,39,0.0011259993244004053,"(1, 40, 91, 118)"
273,39,0.0011844131232974062,"(1, 40, 91, 196)"
273,39,0.002091612633340305,"(1, 40, 105, 182)"
273,39,0.0011396011396011395,"(1, 40, 182, 209)"
273,39,0.0012468827930174563,"(1, 52, 65, 92)"
273,39,0.0023331777881474567,"(1, 52, 65, 183)"
273,39,0.0010993843447669306,"(1, 52, 78, 92)"
273,39,0.0011683607898118939,"(1, 52, 78, 183)"
273,39,0.001278118609406953,"(1, 52, 92, 156)"
273,39,0.002073828287017835,"(1, 52, 92, 260)"
294,42,0.00333555703802535,"(1, 14, 42, 197)"
294,42,0.002136752136752137,"(1, 14, 70, 99)"
294,42,0.001864628006712661,"(1, 14, 70, 197)"
294,42,0.002080299563137092,"(1, 14, 99, 140)"
294,42,0.0015337423312883436,"(1, 14, 99, 238)"
294,42,0.0016228497241155468,"(1, 14, 99, 266)"
294,42,0.0013360053440213762,"(1, 14, 168, 197)"
294,42,0.0012545477355413374,"(1, 14, 197, 238)"
294,42,0.0018709073900841909,"(1, 15, 43, 98)"
294,42,0.0019527436047646943,"(1, 15, 43, 196)"
294,42,0.0014954389113204726,"(1, 15, 71, 98)"
294,42,0.0025614754098360654,"(1, 15, 71, 196)"
294,42,0.0017241379310344827,"(1, 15, 98, 169)"
294,42,0.0015708451146716933,"(1, 15, 98, 239)"
294,42,0.0013631406761177754,"(1, 15, 141, 196)"
294,42,0.0010962508221881166,"(1, 15, 169, 196)"
294,42,0.0010587612493382743,"(1, 15, 196, 239)"
294,42,0.0014330753797649756,"(1, 15, 196, 267)"
294,42,0.0018001800180018,"(1, 28, 42, 99)"
294,42,0.0008686587908269632,"(1, 28, 42, 197)"
294,42,0.001203224642040669,"(1, 28, 84, 99)"
294,42,0.001751006828926633,"(1, 28, 84, 197)"
294,42,0.0009113278046113187,"(1, 28, 99, 140)"
294,42,0.0023375409069658717,"(1, 28, 99, 182)"
294,42,0.0027166530834012497,"(1, 28, 99, 238)"
294,42,0.0018882175226586104,"(1, 28, 99, 280)"
294,42,0.001932367149758454,"(1, 28, 140, 197)"
294,42,0.0021724961981316533,"(1, 28, 182, 197)"
294,42,0.00212630236019562,"(1, 29, 43, 98)"
294,42,0.001998001998001998,"(1, 29, 85, 98)"
294,42,0.002042483660130719,"(1, 29, 98, 141)"
294,42,0.0023207240659085635,"(1, 29, 98, 183)"
294,42,0.0016116035455278,"(1, 29, 141, 196)"
294,42,0.0012884937508053087,"(1, 29, 183, 196)"
294,42,0.0016315875346712351,"(1, 29, 196, 239)"
294,42,0.0012174336498660824,"(1, 29, 196, 281)"
294,42,0.0018218254691200583,"(1, 42, 99, 112)"
294,42,0.001728608470181504,"(1, 42, 99, 126)"
294,42,0.001839587932303164,"(1, 42, 99, 210)"
294,42,0.0022593764121102574,"(1, 42, 112, 197)"
294,42,0.001418238547723727,"(1, 42, 197, 224)"
294,42,0.0025933609958506223,"(1, 43, 98, 113)"
294,42,0.0011680878402055834,"(1, 43, 98, 225)"
294,42,0.0033025099075297227,"(1, 43, 127, 196)"
294,42,0.001156336725254394,"(1, 43, 196, 211)"
294,42,0.0014675667742882301,"(1, 43, 196, 225)"
294,42,0.002501876407305479,"(1, 56, 70, 99)"
294,42,0.0016108247422680412,"(1, 56, 70, 197)"
294,42,0.0013345789403443214,"(1, 56, 84, 197)"
294,42,0.0017571604287471446,"(1, 56, 99, 182)"
294,42,0.0014858841010401188,"(1, 56, 99, 266)"
294,42,0.0008771160424524164,"(1, 56, 99, 280)"
315,45,0.000000999999000001,"(1, 14, 67, 163)"
315,45,0.002201188641866608,"(1, 15, 45, 106)"
315,45,0.0011931750387781887,"(1, 15, 45, 211)"
315,45,0.001904036557501904,"(1, 15, 75, 106)"
315,45,0.001671681711802073,"(1, 15, 75, 211)"
315,45,0.0013426423200859291,"(1, 15, 106, 150)"
315,45,0.0022431583669807087,"(1, 15, 106, 180)"
315,45,0.0013019138133055592,"(1, 15, 106, 255)"
315,45,0.0019102196752626551,"(1, 15, 106, 285)"
315,45,0.002213368747233289,"(1, 15, 150, 211)"
315,45,0.003138731952291274,"(1, 15, 180, 211)"
315,45,0.0016053941242575051,"(1, 15, 211, 255)"
315,45,0.0019489378288832587,"(1, 15, 211, 285)"
315,45,0.0015508684863523574,"(1, 16, 46, 105)"
315,45,0.0013861935126143609,"(1, 16, 46, 210)"
315,45,0.0021258503401360546,"(1, 16, 76, 105)"
315,45,0.0017768301350390902,"(1, 16, 76, 210)"
315,45,0.000000999999000001,"(1, 16, 84, 256)"
315,45,0.0025786487880350697,"(1, 16, 105, 151)"
315,45,0.003051571559353067,"(1, 16, 105, 181)"
315,45,0.0013095861707700367,"(1, 16, 105, 286)"
315,45,0.0009991008092716555,"(1, 16, 151, 210)"
315,45,0.000000999999000001,"(1, 16, 168, 256)"
315,45,0.0012992074834351046,"(1, 16, 181, 210)"
315,45,0.0035971223021582736,"(1, 16, 210, 286)"
315,45,0.000000999999000001,"(1, 16, 256, 273)"
315,45,0.000000999999000001,"(1, 16, 256, 294)"
315,45,0.000000999999000001,"(1, 18, 92, 174)"
315,45,0.000000999999000001,"(1, 22, 60, 300)"
315,45,0.000000999999000001,"(1, 29, 48, 102)"
315,45,0.0020308692120227455,"(1, 30, 45, 106)"
315,45,0.002008435428800964,"(1, 30, 45, 211)"
315,45,0.0018079913216416561,"(1, 30, 90, 106)"
315,45,0.0024307243558580457,"(1, 30, 90, 211)"
315,45,0.003323363243602526,"(1, 30, 106, 150)"
315,45,0.0023952095808383233,"(1, 30, 106, 195)"
315,45,0.001445086705202312,"(1, 30, 106, 255)"
315,45,0.001783166904422254,"(1, 30, 106, 300)"
315,45,0.0028628685943315204,"(1, 30, 150, 211)"
315,45,0.003073140749846343,"(1, 30, 195, 211)"
315,45,0.0012363996043521265,"(1, 30, 211, 255)"
315,45,0.0014156285390713476,"(1, 30, 211, 300)"
315,45,0.0011510128913443832,"(1, 31, 46, 105)"
315,45,0.0024108003857280617,"(1, 31, 46, 210)"
315,45,0.0015931177314003505,"(1, 31, 105, 151)"
315,45,0.0022502250225022503,"(1, 31, 105, 196)"
315,45,0.002086811352253756,"(1, 31, 105, 256)"
315,45,0.0020652622883106154,"(1, 31, 105, 301)"
315,45,0.0017491691446562883,"(1, 31, 151, 210)"
315,45,0.0021344717182497333,"(1, 31, 196, 210)"
336,48,0.0030627871362940277,"(1, 16, 48, 113)"
336,48,0.0013785497656465398,"(1, 16, 48, 225)"
336,48,0.0016886187098953055,"(1, 16, 80, 113)"
336,48,0.0019565642731363725,"(1, 16, 80, 225)"
336,48,0.0012786088735455823,"(1, 16, 113, 192)"
336,48,0.002355712603062426,"(1, 16, 113, 272)"
336,48,0.0022820629849383844,"(1, 16, 160, 225)"
336,48,0.0018412815319462346,"(1, 16, 192, 225)"
336,48,0.0014524328249818446,"(1, 16, 225, 272)"
336,48,0.0020768431983385254,"(1, 16, 225, 304)"
336,48,0.0020876826722338203,"(1, 17, 49, 224)"
336,48,0.001525320317266626,"(1, 17, 81, 112)"
336,48,0.0028097780275358245,"(1, 17, 81, 224)"
336,48,0.0022593764121102574,"(1, 17, 112, 161)"
336,48,0.0019000570017100513,"(1, 17, 112, 273)"
336,48,0.0013020833333333333,"(1, 17, 112, 305)"
336,48,0.0011638733705772813,"(1, 17, 193, 224)"
336,48,0.002277385561375541,"(1, 17, 224, 273)"
336,48,0.0017064846416382253,"(1, 32, 48, 113)"
336,48,0.002433682161109759,"(1, 32, 96, 113)"
336,48,0.001960399921584003,"(1, 32, 113, 160)"
336,48,0.0018198362147406734,"(1, 32, 113, 208)"
336,48,0.0017556179775280898,"(1, 32, 160, 225)"
336,48,0.0027114967462039045,"(1, 32, 208, 225)"
336,48,0.0014486455164421266,"(1, 32, 225, 272)"
336,48,0.0025278058645096056,"(1, 32, 225, 320)"
336,48,0.002268602540834846,"(1, 33, 49, 112)"
336,48,0.001763046544428773,"(1, 33, 49, 224)"
336,48,0.0038461538461538464,"(1, 33, 97, 112)"
336,48,0.0017975912277548086,"(1, 33, 97, 224)"
336,48,0.0033500837520938024,"(1, 33, 112, 161)"
336,48,0.001311131506490101,"(1, 33, 112, 209)"
336,48,0.0030111412225233363,"(1, 33, 112, 273)"
336,48,0.003570153516601214,"(1, 33, 112, 321)"
336,48,0.0012100677637947724,"(1, 33, 161, 224)"
336,48,0.0012205541315757353,"(1, 33, 209, 224)"
336,48,0.002463661000246366,"(1, 48, 113, 128)"
336,48,0.002306805074971165,"(1, 48, 113, 256)"
336,48,0.0012077294685990338,"(1, 48, 144, 225)"
336,48,0.0022983222247759134,"(1, 48, 225, 240)"
336,48,0.003536067892503536,"(1, 48, 225, 256)"
336,48,0.0014943215780035865,"(1, 49, 112, 129)"
336,48,0.0013290802764486975,"(1, 49, 112, 145)"
336,48,0.002822466836014677,"(1, 49, 112, 241)"
336,48,0.001599488163787588,"(1, 49, 129, 224)"
336,48,0.0016605778811026237,"(1, 49, 224, 257)"
336,48,0.001671681711802073,"(1, 64, 80, 113)"
336,48,0.0018796992481203006,"(1, 64, 80, 225)"
336,48,0.00205761316872428,"(1, 64, 96, 113)"
336,48,0.002257336343115124,"(1, 64, 113, 192)"
336,48,0.0019316206297083252,"(1, 64, 113, 320)"
357,51,0.0010438413361169101,"(1, 17, 51, 239)"
357,51,0.0022747952684258415,"(1, 17, 85, 120)"
357,51,0.0015188335358444715,"(1, 17, 85, 239)"
357,51,0.0024691358024691358,"(1, 17, 120, 170)"
357,51,0.002380952380952381,"(1, 17, 120, 289)"
357,51,0.0023618327822390174,"(1, 17, 120, 323)"
357,51,0.002672367717797969,"(1, 17, 204, 239)"
357,51,0.002051702913418137,"(1, 17, 239, 289)"
357,51,0.0015482272797646694,"(1, 18, 52, 119)"
357,51,0.002012477359629704,"(1, 18, 52, 238)"
357,51,0.0014983518130056938,"(1, 18, 86, 119)"
357,51,0.0028851702250432777,"(1, 18, 86, 238)"
357,51,0.0031776294884016524,"(1, 18, 119, 205)"
357,51,0.0023094688221709007,"(1, 18, 119, 290)"
357,51,0.0027041644131963224,"(1, 18, 171, 238)"
357,51,0.0031705770450221942,"(1, 18, 205, 238)"
357,51,0.002703433360367667,"(1, 18, 238, 290)"
357,51,0.0016644474034620505,"(1, 18, 238, 324)"
357,51,0.0012943308309603934,"(1, 34, 51, 120)"
357,51,0.003234152652005175,"(1, 34, 51, 239)"
357,51,0.0011482374555057985,"(1, 34, 102, 120)"
357,51,0.0025425883549453345,"(1, 34, 102, 239)"
357,51,0.003136762860727729,"(1, 34, 120, 170)"
357,51,0.0012339585389930898,"(1, 34, 120, 221)"
357,51,0.002109704641350211,"(1, 34, 120, 289)"
357,51,0.0016244314489928524,"(1, 34, 120, 340)"
357,51,0.0019223375624759708,"(1, 34, 170, 239)"
357,51,0.003963535473642489,"(1, 34, 221, 239)"
357,51,0.0021249468763280916,"(1, 35, 52, 119)"
357,51,0.0015062509414068383,"(1, 35, 103, 119)"
357,51,0.0012504689258471928,"(1, 35, 119, 171)"
357,51,0.002794076557697681,"(1, 35, 119, 222)"
357,51,0.001272426517368622,"(1, 35, 171, 238)"
357,51,0.0017580872011251757,"(1, 35, 222, 238)"
357,51,0.0018716077110237693,"(1, 35, 238, 290)"
357,51,0.0024044241404183697,"(1, 35, 238, 341)"
357,51,0.002140869192892314,"(1, 51, 120, 136)"
357,51,0.0020096463022508037,"(1, 51, 120, 153)"
357,51,0.0015738117721120553,"(1, 51, 120, 255)"
357,51,0.0014461315979754157,"(1, 51, 136, 239)"
357,51,0.002052545155993432,"(1, 51, 239, 272)"
357,51,0.0016603021749958492,"(1, 52, 119, 137)"
357,51,0.0018198362147406734,"(1, 52, 119, 273)"
357,51,0.0025793139025019345,"(1, 52, 154, 238)"
357,51,0.0015475085112968121,"(1, 52, 238, 256)"
357,51,0.001936108422071636,"(1, 68, 85, 120)"
357,51,0.002555583950932788,"(1, 68, 85, 239)"
357,51,0.0019190174630589138,"(1, 68, 102, 239)"
357,51,0.002170138888888889,"(1, 68, 120, 221)"
357,51,0.002253267237494367,"(1, 68, 120, 323)"
357,51,0.002164033758926639,"(1, 68, 120, 340)"
378,54,0.0019634792852935403,"(1, 18, 54, 127)"
378,54,0.0018412815319462346,"(1, 18, 54, 253)"
378,54,0.0028960324355632784,"(1, 18, 90, 127)"
378,54,0.00468384074941452,"(1, 18, 90, 253)"
378,54,0.0020995171110644553,"(1, 18, 127, 180)"
378,54,0.001755926251097454,"(1, 18, 127, 216)"
378,54,0.0018422991893883567,"(1, 18, 127, 306)"
378,54,0.0014553922282055014,"(1, 18, 127, 342)"
378,54,0.0035001750087504373,"(1, 18, 180, 253)"
378,54,0.0024832381425378696,"(1, 18, 216, 253)"
378,54,0.0034518467380048328,"(1, 18, 253, 306)"
378,54,0.0022502250225022503,"(1, 18, 253, 342)"
378,54,0.0027159152634437804,"(1, 19, 55, 126)"
378,54,0.002249212775528565,"(1, 19, 55, 252)"
378,54,0.0019000570017100513,"(1, 19, 91, 126)"
378,54,0.0015455950540958269,"(1, 19, 91, 252)"
378,54,0.0022461814914645105,"(1, 19, 126, 181)"
378,54,0.004500450045004501,"(1, 19, 126, 217)"
378,54,0.0025176233635448137,"(1, 19, 126, 307)"
378,54,0.001886080724254998,"(1, 19, 126, 343)"
378,54,0.0041893590280687055,"(1, 19, 181, 252)"
378,54,0.0017105713308244953,"(1, 19, 217, 252)"
378,54,0.001808972503617945,"(1, 19, 252, 307)"
378,54,0.002402691013935608,"(1, 19, 252, 343)"
378,54,0.0025484199796126403,"(1, 36, 54, 127)"
378,54,0.003920031360250882,"(1, 36, 54, 253)"
378,54,0.0021982853374367993,"(1, 36, 108, 127)"
378,54,0.0013871549452073796,"(1, 36, 108, 253)"
378,54,0.0016425755584756898,"(1, 36, 127, 180)"
378,54,0.0019984012789768186,"(1, 36, 127, 234)"
378,54,0.0018635855385762206,"(1, 36, 127, 306)"
378,54,0.0028628685943315204,"(1, 36, 127, 360)"
378,54,0.0016406890894175555,"(1, 36, 180, 253)"
378,54,0.0023934897079942556,"(1, 36, 234, 253)"
378,54,0.002376990729736154,"(1, 36, 253, 306)"
378,54,0.0034164673727365906,"(1, 36, 253, 360)"
378,54,0.002618486514794449,"(1, 37, 55, 126)"
378,54,0.003957261574990107,"(1, 37, 55, 252)"
378,54,0.001877581674802854,"(1, 37, 109, 126)"
378,54,0.0018950161076369148,"(1, 37, 109, 252)"
378,54,0.002366863905325444,"(1, 37, 126, 181)"
378,54,0.0028066236317709796,"(1, 37, 126, 235)"
378,54,0.004537205081669692,"(1, 37, 126, 307)"
378,54,0.002158428663932657,"(1, 37, 126, 361)"
378,54,0.004430660168365086,"(1, 37, 181, 252)"
378,54,0.002944640753828033,"(1, 37, 235, 252)"
378,54,0.0016863406408094434,"(1, 37, 252, 307)"
378,54,0.002430133657351154,"(1, 37, 252, 361)"
378,54,0.0023153507756425097,"(1, 54, 127, 144)"
378,54,0.002006823198876179,"(1, 54, 127, 162)"
378,54,0.001840942562592047,"(1, 54, 127, 270)"
378,54,0.0016291951775822744,"(1, 54, 127, 288)"
399,57,0.001036376826614157,"(1, 19, 57, 134)"
399,57,0.002576655501159495,"(1, 19, 57, 267)"
399,57,0.0019264110961279136,"(1, 19, 95, 134)"
399,57,0.0031625553447185324,"(1, 19, 95, 267)"
399,57,0.0012356357345854442,"(1, 19, 134, 228)"
399,57,0.0015386982612709647,"(1, 19, 134, 323)"
399,57,0.0026001040041601664,"(1, 19, 190, 267)"
399,57,0.003061849357011635,"(1, 19, 228, 267)"
399,57,0.0015862944162436548,"(1, 19, 267, 323)"
399,57,0.0017593244194229415,"(1, 19, 267, 361)"
399,57,0.0019305019305019305,"(1, 20, 58, 266)"
399,57,0.0017185083347654236,"(1, 20, 96, 133)"
399,57,0.002162162162162162,"(1, 20, 96, 266)"
399,57,0.00209819555182543,"(1, 20, 133, 191)"
399,57,0.002232142857142857,"(1, 20, 133, 324)"
399,57,0.0018477457501847746,"(1, 20, 133, 362)"
399,57,0.002145002145002145,"(1, 20, 229, 266)"
399,57,0.0020429009193054137,"(1, 20, 266, 324)"
399,57,0.001763046544428773,"(1, 38, 57, 134)"
399,57,0.0018811136192626034,"(1, 38, 114, 134)"
399,57,0.0019149751053236309,"(1, 38, 134, 190)"
399,57,0.0033101621979476996,"(1, 38, 134, 247)"
399,57,0.002331002331002331,"(1, 38, 190, 267)"
399,57,0.004182350480970306,"(1, 38, 247, 267)"
399,57,0.002871088142405972,"(1, 38, 267, 323)"
399,57,0.004224757076468103,"(1, 38, 267, 380)"
399,57,0.002754062241806665,"(1, 39, 58, 133)"
399,57,0.0014058765640376776,"(1, 39, 58, 266)"
399,57,0.0019798059790140567,"(1, 39, 115, 133)"
399,57,0.002717391304347826,"(1, 39, 115, 266)"
399,57,0.002841716396703609,"(1, 39, 133, 191)"
399,57,0.0025575447570332483,"(1, 39, 133, 248)"
399,57,0.0016644474034620505,"(1, 39, 133, 324)"
399,57,0.0017516202487300753,"(1, 39, 133, 381)"
399,57,0.0018218254691200583,"(1, 39, 191, 266)"
399,57,0.0021468441391155,"(1, 39, 248, 266)"
399,57,0.001697792869269949,"(1, 57, 134, 152)"
399,57,0.0017825311942959,"(1, 57, 134, 304)"
399,57,0.0019673421207948064,"(1, 57, 171, 267)"
399,57,0.0020060180541624875,"(1, 57, 267, 285)"
399,57,0.0018556318426424198,"(1, 57, 267, 304)"
399,57,0.0029655990510083037,"(1, 58, 133, 153)"
399,57,0.0020521239482864766,"(1, 58, 133, 172)"
399,57,0.0024242424242424242,"(1, 58, 133, 286)"
399,57,0.0022391401701746527,"(1, 58, 153, 266)"
399,57,0.0028137310073157004,"(1, 58, 266, 305)"
399,57,0.00261437908496732,"(1, 76, 95, 134)"
399,57,0.00168321831341525,"(1, 76, 95, 267)"
399,57,0.0025290844714213456,"(1, 76, 114, 134)"
399,57,0.0018744142455482662,"(1, 76, 114, 267)"
420,60,0.00009836226823390547,"(1, 15, 57, 210)"
420,60,0.0000973084483194831,"(1, 15, 169, 210)"
420,60,0.0031545741324921135,"(1, 20, 60, 281)"
420,60,0.0024195499637067507,"(1, 20, 100, 141)"
420,60,0.002891844997108155,"(1, 20, 100, 281)"
420,60,0.0019904458598726115,"(1, 20, 141, 200)"
420,60,0.0017140898183064792,"(1, 20, 141, 340)"
420,60,0.005288207297726071,"(1, 20, 141, 380)"
420,60,0.003107520198881293,"(1, 20, 240, 281)"
420,60,0.0019043991620643686,"(1, 20, 281, 340)"
420,60,0.0015669069257286117,"(1, 21, 61, 140)"
420,60,0.0035486160397444995,"(1, 21, 101, 140)"
420,60,0.0023815194093831865,"(1, 21, 101, 280)"
420,60,0.002082899395959175,"(1, 21, 140, 241)"
420,60,0.0031806615776081423,"(1, 21, 140, 341)"
420,60,0.0026116479498563593,"(1, 21, 201, 280)"
420,60,0.0017102787754403968,"(1, 21, 280, 341)"
420,60,0.0019011406844106464,"(1, 21, 280, 381)"
420,60,0.007473841554559043,"(1, 28, 85, 224)"
420,60,0.0062932662051604785,"(1, 28, 169, 224)"
420,60,0.00851063829787234,"(1, 28, 169, 392)"
420,60,0.007861635220125786,"(1, 28, 224, 337)"
420,60,0.00693000693000693,"(1, 28, 308, 337)"
420,60,0.007739938080495356,"(1, 29, 57, 168)"
420,60,0.0068212824010914054,"(1, 29, 252, 393)"
420,60,0.002538715410002539,"(1, 40, 60, 141)"
420,60,0.001847063169560399,"(1, 40, 60, 281)"
420,60,0.001808972503617945,"(1, 40, 120, 141)"
420,60,0.0025284450063211127,"(1, 40, 120, 281)"
420,60,0.002952465308532625,"(1, 40, 141, 200)"
420,60,0.0022696323195642307,"(1, 40, 141, 260)"
420,60,0.003484320557491289,"(1, 40, 141, 340)"
420,60,0.0021968365553602814,"(1, 40, 141, 400)"
420,60,0.004096681687832855,"(1, 40, 200, 281)"
420,60,0.002473410833539451,"(1, 40, 260, 281)"
420,60,0.002300966405890474,"(1, 41, 61, 140)"
420,60,0.00195160031225605,"(1, 41, 121, 140)"
420,60,0.002933411557641537,"(1, 41, 140, 201)"
420,60,0.00468384074941452,"(1, 41, 140, 261)"
420,60,0.003236245954692557,"(1, 41, 201, 280)"
420,60,0.002276867030965392,"(1, 41, 261, 280)"
420,60,0.0037397157816005983,"(1, 41, 280, 341)"
420,60,0.0019338619222587507,"(1, 41, 280, 401)"
420,60,0.008368200836820083,"(1, 56, 112, 169)"
420,60,0.009746588693957114,"(1, 56, 337, 364)"
420,60,0.008787346221441126,"(1, 57, 84, 113)"
420,60,0.004904364884747425,"(1, 57, 84, 365)"
420,60,0.006702412868632708,"(1, 57, 168, 197)"
420,60,0.0022888532845044634,"(1, 60, 141, 160)"
420,60,0.0023293733985557887,"(1, 60, 141, 180)"
420,60,0.0022935779816513763,"(1, 60, 141, 300)"
441,63,0.007127583749109052,"(1, 21, 63, 148)"
441,63,0.00319693094629156,"(1, 21, 63, 295)"
441,63,0.002767017155506364,"(1, 21, 105, 148)"
441,63,0.005753739930955121,"(1, 21, 105, 295)"
441,63,0.002311604253351826,"(1, 21, 148, 210)"
441,63,0.002012882447665056,"(1, 21, 148, 252)"
441,63,0.002512562814070352,"(1, 21, 148, 357)"
441,63,0.002134016218523261,"(1, 21, 148, 399)"
441,63,0.0019650225977598744,"(1, 21, 210, 295)"
441,63,0.0025100401606425703,"(1, 21, 252, 295)"
441,63,0.0024962556165751375,"(1, 21, 295, 357)"
441,63,0.0031645569620253164,"(1, 21, 295, 399)"
441,63,0.003114294612270321,"(1, 22, 64, 147)"
441,63,0.0027427317608337905,"(1, 22, 64, 294)"
441,63,0.0014378145219266715,"(1, 22, 106, 147)"
441,63,0.0030211480362537764,"(1, 22, 106, 294)"
441,63,0.0023250406882120438,"(1, 22, 147, 211)"
441,63,0.0019275250578257518,"(1, 22, 147, 253)"
441,63,0.0017708517797060386,"(1, 22, 147, 358)"
441,63,0.0037509377344336083,"(1, 22, 147, 400)"
441,63,0.0016929067208396817,"(1, 22, 211, 294)"
441,63,0.002736726874657909,"(1, 22, 253, 294)"
441,63,0.003287310979618672,"(1, 22, 294, 358)"
441,63,0.0027427317608337905,"(1, 22, 294, 400)"
441,63,0.002470966147763776,"(1, 42, 63, 148)"
441,63,0.0017445917655268667,"(1, 42, 63, 295)"
441,63,0.0027578599007170436,"(1, 42, 126, 148)"
441,63,0.0028336639274582033,"(1, 42, 126, 295)"
441,63,0.003968253968253968,"(1, 42, 148, 210)"
441,63,0.003538570417551309,"(1, 42, 148, 273)"
441,63,0.003050640634533252,"(1, 42, 148, 357)"
441,63,0.0022670596236681025,"(1, 42, 148, 420)"
441,63,0.002465483234714004,"(1, 42, 210, 295)"
441,63,0.003179650238473768,"(1, 42, 273, 295)"
441,63,0.00225377507324769,"(1, 42, 295, 357)"
441,63,0.0024319066147859923,"(1, 42, 295, 420)"
441,63,0.0021853146853146855,"(1, 43, 64, 147)"
441,63,0.0022878059940517046,"(1, 43, 64, 294)"
441,63,0.0020622808826562177,"(1, 43, 127, 147)"
441,63,0.002512562814070352,"(1, 43, 127, 294)"
441,63,0.002960331557134399,"(1, 43, 147, 211)"
441,63,0.00196078431372549,"(1, 43, 147, 274)"
441,63,0.002285714285714286,"(1, 43, 147, 358)"
441,63,0.0027723870252287217,"(1, 43, 147, 421)"
441,63,0.0018487705675725643,"(1, 43, 211, 294)"
441,63,0.002641310089804543,"(1, 43, 274, 294)"
441,63,0.0019301293186643506,"(1, 43, 294, 358)"
441,63,0.0021987686895338612,"(1, 43, 294, 421)"
441,63,0.0022967386311437757,"(1, 63, 148, 168)"
441,63,0.00201450443190975,"(1, 63, 148, 189)"
441,63,0.00236630383341221,"(1, 63, 148, 315)"
441,63,0.001880759826970096,"(1, 63, 148, 336)"
462,66,0.0019880715705765406,"(1, 22, 66, 155)"
462,66,0.002091175240485153,"(1, 22, 110, 155)"
462,66,0.0030656039239730227,"(1, 22, 110, 309)"
462,66,0.002465483234714004,"(1, 22, 155, 264)"
462,66,0.005282620179609086,"(1, 22, 155, 374)"
462,66,0.002935995302407516,"(1, 22, 220, 309)"
462,66,0.001368738023542294,"(1, 22, 309, 374)"
462,66,0.004037141703673799,"(1, 22, 309, 418)"
462,66,0.003444712366517396,"(1, 23, 67, 308)"
462,66,0.00261437908496732,"(1, 23, 111, 154)"
462,66,0.0021920210434020165,"(1, 23, 111, 308)"
462,66,0.0016960651289009499,"(1, 23, 154, 221)"
462,66,0.0016139444803098773,"(1, 23, 154, 375)"
462,66,0.008110300081103,"(1, 23, 154, 419)"
462,66,0.0029832935560859188,"(1, 23, 265, 308)"
462,66,0.00437636761487965,"(1, 23, 308, 375)"
462,66,0.0014856633486851878,"(1, 44, 66, 155)"
462,66,0.002586652871184687,"(1, 44, 132, 155)"
462,66,0.00236630383341221,"(1, 44, 155, 220)"
462,66,0.002889338341519792,"(1, 44, 155, 286)"
462,66,0.001514692517418964,"(1, 44, 220, 309)"
462,66,0.0029708853238265003,"(1, 44, 286, 309)"
462,66,0.002382654276864427,"(1, 44, 309, 374)"
462,66,0.004079967360261118,"(1, 44, 309, 440)"
462,66,0.006578947368421052,"(1, 45, 67, 154)"
462,66,0.002653927813163482,"(1, 45, 67, 308)"
462,66,0.0018014772113132769,"(1, 45, 133, 154)"
462,66,0.0027404768429706767,"(1, 45, 133, 308)"
462,66,0.002955082742316785,"(1, 45, 154, 221)"
462,66,0.0036376864314296106,"(1, 45, 154, 287)"
462,66,0.0026553372278279343,"(1, 45, 154, 375)"
462,66,0.0029248318221702253,"(1, 45, 154, 441)"
462,66,0.00382262996941896,"(1, 45, 221, 308)"
462,66,0.0015676438313215238,"(1, 45, 287, 308)"
462,66,0.003803727653100038,"(1, 66, 155, 176)"
462,66,0.0020173492031470646,"(1, 66, 155, 352)"
462,66,0.002898550724637681,"(1, 66, 198, 309)"
462,66,0.0014210601108426886,"(1, 66, 309, 330)"
462,66,0.0021767522855899,"(1, 66, 309, 352)"
462,66,0.003604902667627974,"(1, 67, 154, 177)"
462,66,0.0026014568158168575,"(1, 67, 154, 199)"
462,66,0.003289473684210526,"(1, 67, 154, 331)"
462,66,0.002697599136768276,"(1, 67, 177, 308)"
462,66,0.0023441162681669013,"(1, 67, 308, 353)"
462,66,0.001921598770176787,"(1, 88, 110, 155)"
462,66,0.0017869907076483202,"(1, 88, 110, 309)"
462,66,0.0026553372278279343,"(1, 88, 132, 155)"
462,66,0.0042863266180882984,"(1, 88, 132, 309)"
462,66,0.0025484199796126403,"(1, 88, 155, 264)"
462,66,0.003534817956875221,"(1, 88, 155, 440)"
483,69,0.0033967391304347825,"(1, 23, 69, 323)"
483,69,0.003436426116838488,"(1, 23, 115, 162)"
483,69,0.001724435247456458,"(1, 23, 115, 323)"
483,69,0.002994908655286014,"(1, 23, 162, 230)"
483,69,0.003987240829346092,"(1, 23, 162, 391)"
483,69,0.0024108003857280617,"(1, 23, 162, 437)"
483,69,0.004407227853680035,"(1, 23, 276, 323)"
483,69,0.0019391118867558659,"(1, 23, 323, 391)"
483,69,0.003803727653100038,"(1, 24, 70, 161)"
483,69,0.003112356053532524,"(1, 24, 70, 322)"
483,69,0.0026903416733925207,"(1, 24, 116, 161)"
483,69,0.0037764350453172208,"(1, 24, 116, 322)"
483,69,0.001665001665001665,"(1, 24, 161, 277)"
483,69,0.004344048653344918,"(1, 24, 161, 392)"
483,69,0.0017755681818181818,"(1, 24, 231, 322)"
483,69,0.002479543763947434,"(1, 24, 277, 322)"
483,69,0.005151983513652756,"(1, 24, 322, 392)"
483,69,0.00297000297000297,"(1, 24, 322, 438)"
483,69,0.0024260067928190197,"(1, 46, 69, 162)"
483,69,0.003943217665615142,"(1, 46, 69, 323)"
483,69,0.002586652871184687,"(1, 46, 138, 162)"
483,69,0.0034071550255536627,"(1, 46, 138, 323)"
483,69,0.002824858757062147,"(1, 46, 162, 230)"
483,69,0.004608294930875576,"(1, 46, 162, 299)"
483,69,0.00493339911198816,"(1, 46, 162, 391)"
483,69,0.001887504718761797,"(1, 46, 162, 460)"
483,69,0.002349624060150376,"(1, 46, 230, 323)"
483,69,0.00285143997718848,"(1, 46, 299, 323)"
483,69,0.002826455624646693,"(1, 47, 70, 161)"
483,69,0.00547645125958379,"(1, 47, 139, 161)"
483,69,0.002384358607534573,"(1, 47, 161, 231)"
483,69,0.002574002574002574,"(1, 47, 161, 300)"
483,69,0.00363901018922853,"(1, 47, 231, 322)"
483,69,0.003209242618741977,"(1, 47, 300, 322)"
483,69,0.0031867431485022306,"(1, 47, 322, 392)"
483,69,0.0034965034965034965,"(1, 47, 322, 461)"
483,69,0.003952569169960474,"(1, 69, 162, 184)"
483,69,0.0030138637733574444,"(1, 69, 162, 207)"
483,69,0.002168256721595837,"(1, 69, 162, 345)"
483,69,0.002872737719046251,"(1, 69, 184, 323)"
483,69,0.0037369207772795215,"(1, 69, 323, 368)"
483,69,0.0018839487565938207,"(1, 70, 161, 185)"
483,69,0.0024533856722276743,"(1, 70, 161, 369)"
483,69,0.0023912003825920613,"(1, 70, 208, 322)"
483,69,0.0021734405564007822,"(1, 70, 322, 346)"
483,69,0.002972651605231867,"(1, 70, 322, 369)"
483,69,0.0019817677368212444,"(1, 92, 115, 162)"
483,69,0.0050968399592252805,"(1, 92, 115, 323)"
483,69,0.005274261603375527,"(1, 92, 138, 323)"
483,69,0.0032776138970829235,"(1, 92, 162, 299)"
483,69,0.002767017155506364,"(1, 92, 162, 437)"
483,69,0.0035398230088495575,"(1, 92, 162, 460)"
504,72,0.00493339911198816,"(1, 24, 72, 169)"
504,72,0.0030845157310302285,"(1, 24, 72, 337)"
504,72,0.0034048348655090228,"(1, 24, 120, 169)"
504,72,0.0019770660340055358,"(1, 24, 120, 337)"
504,72,0.002478929102627665,"(1, 24, 169, 240)"
504,72,0.0027262813522355507,"(1, 24, 169, 288)"
504,72,0.0021190930281839372,"(1, 24, 169, 408)"
504,72,0.0031456432840515887,"(1, 24, 169, 456)"
504,72,0.004743833017077799,"(1, 24, 240, 337)"
504,72,0.002372479240806643,"(1, 24, 288, 337)"
504,72,0.004945598417408506,"(1, 24, 337, 408)"
504,72,0.004208754208754209,"(1, 24, 337, 456)"
504,72,0.004304778303917348,"(1, 25, 73, 168)"
504,72,0.007032348804500703,"(1, 25, 73, 336)"
504,72,0.004627487274409995,"(1, 25, 121, 168)"
504,72,0.0032948929159802307,"(1, 25, 121, 336)"
504,72,0.0036114120621162874,"(1, 25, 168, 241)"
504,72,0.0031575623618566467,"(1, 25, 168, 289)"
504,72,0.003048780487804878,"(1, 25, 168, 409)"
504,72,0.003071253071253071,"(1, 25, 168, 457)"
504,72,0.003694126339120798,"(1, 25, 241, 336)"
504,72,0.002736726874657909,"(1, 25, 289, 336)"
504,72,0.005425935973955507,"(1, 25, 336, 409)"
504,72,0.004128819157720892,"(1, 25, 336, 457)"
504,72,0.001970831690973591,"(1, 48, 72, 169)"
504,72,0.003479471120389701,"(1, 48, 72, 337)"
504,72,0.002305209774089442,"(1, 48, 144, 169)"
504,72,0.0034059945504087193,"(1, 48, 144, 337)"
504,72,0.0020733982998133943,"(1, 48, 169, 240)"
504,72,0.003543586109142452,"(1, 48, 169, 408)"
504,72,0.002730748225013654,"(1, 48, 169, 480)"
504,72,0.003641660597232338,"(1, 48, 240, 337)"
504,72,0.003907776475185619,"(1, 48, 337, 408)"
504,72,0.0030248033877797943,"(1, 48, 337, 480)"
504,72,0.004403346543372964,"(1, 49, 73, 168)"
504,72,0.00361794500723589,"(1, 49, 73, 336)"
504,72,0.0032144005143040825,"(1, 49, 145, 168)"
504,72,0.004,"(1, 49, 145, 336)"
504,72,0.002335357309668379,"(1, 49, 168, 241)"
504,72,0.003912363067292645,"(1, 49, 168, 313)"
504,72,0.003198976327575176,"(1, 49, 168, 409)"
504,72,0.0038910505836575876,"(1, 49, 168, 481)"
504,72,0.0038138825324180014,"(1, 49, 241, 336)"
504,72,0.0018480872297172426,"(1, 49, 313, 336)"
504,72,0.004091653027823241,"(1, 49, 336, 409)"
504,72,0.004301075268817204,"(1, 49, 336, 481)"
504,72,0.002682403433476395,"(1, 72, 169, 192)"
504,72,0.0019357336430507162,"(1, 72, 169, 216)"
504,72,0.003963535473642489,"(1, 72, 169, 360)"
504,72,0.0036153289949385392,"(1, 72, 169, 384)"
525,75,0.0045662100456621,"(1, 25, 75, 176)"
525,75,0.002328288707799767,"(1, 25, 75, 351)"
525,75,0.0023923444976076554,"(1, 25, 125, 176)"
525,75,0.0030911901081916537,"(1, 25, 125, 351)"
525,75,0.003208213025344883,"(1, 25, 176, 300)"
525,75,0.002889338341519792,"(1, 25, 176, 425)"
525,75,0.0022999080036798527,"(1, 25, 250, 351)"
525,75,0.003904724716907458,"(1, 25, 300, 351)"
525,75,0.0034746351633078527,"(1, 25, 351, 425)"
525,75,0.0021691973969631237,"(1, 25, 351, 475)"
525,75,0.002800336040324839,"(1, 26, 76, 350)"
525,75,0.0018910741301059002,"(1, 26, 126, 175)"
525,75,0.0035124692658939235,"(1, 26, 126, 350)"
525,75,0.002117298327334321,"(1, 26, 175, 251)"
525,75,0.002254791431792559,"(1, 26, 175, 426)"
525,75,0.002477700693756194,"(1, 26, 175, 476)"
525,75,0.003385240352064997,"(1, 26, 301, 350)"
525,75,0.003424657534246575,"(1, 26, 350, 426)"
525,75,0.0031776294884016524,"(1, 50, 75, 176)"
525,75,0.004098360655737705,"(1, 50, 150, 176)"
525,75,0.003616636528028933,"(1, 50, 176, 250)"
525,75,0.0031756113051762463,"(1, 50, 176, 325)"
525,75,0.00510204081632653,"(1, 50, 250, 351)"
525,75,0.0038580246913580245,"(1, 50, 325, 351)"
525,75,0.006447453255963894,"(1, 50, 351, 425)"
525,75,0.0023441162681669013,"(1, 50, 351, 500)"
525,75,0.001971608832807571,"(1, 51, 76, 175)"
525,75,0.0018508236165093468,"(1, 51, 76, 350)"
525,75,0.0019821605550049554,"(1, 51, 151, 175)"
525,75,0.002794076557697681,"(1, 51, 151, 350)"
525,75,0.0022182786157941437,"(1, 51, 175, 251)"
525,75,0.0038153376573826785,"(1, 51, 175, 326)"
525,75,0.0018057060310581437,"(1, 51, 175, 426)"
525,75,0.003624501631025734,"(1, 51, 175, 501)"
525,75,0.0031959092361776927,"(1, 51, 251, 350)"
525,75,0.005045408678102927,"(1, 51, 326, 350)"
525,75,0.0030845157310302285,"(1, 75, 176, 200)"
525,75,0.004206983592763988,"(1, 75, 176, 400)"
525,75,0.0028555111364934323,"(1, 75, 225, 351)"
525,75,0.002621231979030144,"(1, 75, 351, 375)"
525,75,0.0023020257826887663,"(1, 76, 175, 201)"
525,75,0.0036258158085569255,"(1, 76, 175, 226)"
525,75,0.0025380710659898475,"(1, 76, 175, 376)"
525,75,0.003351206434316354,"(1, 76, 201, 350)"
525,75,0.00550357732526142,"(1, 76, 350, 401)"
525,75,0.00297441998810232,"(1, 100, 125, 176)"
525,75,0.0036010082823190494,"(1, 100, 125, 351)"
525,75,0.002828054298642534,"(1, 100, 150, 176)"
525,75,0.002295684113865932,"(1, 100, 150, 351)"
525,75,0.0026716537536735237,"(1, 100, 176, 300)"
525,75,0.0039032006245121,"(1, 100, 176, 500)"
546,78,0.00741839762611276,"(1, 26, 78, 365)"
546,78,0.004017677782241864,"(1, 26, 130, 183)"
546,78,0.0026925148088314485,"(1, 26, 130, 365)"
546,78,0.0038255547054322878,"(1, 26, 183, 260)"
546,78,0.0024875621890547263,"(1, 26, 183, 442)"
546,78,0.0019623233908948193,"(1, 26, 183, 494)"
546,78,0.003988831272437176,"(1, 26, 312, 365)"
546,78,0.0032927230819888046,"(1, 26, 365, 442)"
546,78,0.0021331058020477816,"(1, 27, 79, 182)"
546,78,0.0036010082823190494,"(1, 27, 79, 364)"
546,78,0.0029507229271171437,"(1, 27, 131, 182)"
546,78,0.002300966405890474,"(1, 27, 131, 364)"
546,78,0.0022655188038060714,"(1, 27, 182, 313)"
546,78,0.003318951211417192,"(1, 27, 182, 443)"
546,78,0.0034674063800277394,"(1, 27, 261, 364)"
546,78,0.0031220730565095223,"(1, 27, 313, 364)"
546,78,0.0020768431983385254,"(1, 27, 364, 443)"
546,78,0.0028473804100227792,"(1, 27, 364, 495)"
546,78,0.003005710850616171,"(1, 52, 78, 183)"
546,78,0.0058445353594389245,"(1, 52, 78, 365)"
546,78,0.0032733224222585926,"(1, 52, 156, 183)"
546,78,0.002297266253158741,"(1, 52, 156, 365)"
546,78,0.001988862370723946,"(1, 52, 183, 260)"
546,78,0.002702702702702703,"(1, 52, 183, 338)"
546,78,0.0029717682020802376,"(1, 52, 183, 442)"
546,78,0.00250501002004008,"(1, 52, 183, 520)"
546,78,0.004282655246252677,"(1, 52, 260, 365)"
546,78,0.004231908590774439,"(1, 52, 338, 365)"
546,78,0.0032959789057350032,"(1, 53, 79, 182)"
546,78,0.0031685678073510772,"(1, 53, 157, 182)"
546,78,0.002145002145002145,"(1, 53, 182, 261)"
546,78,0.0032030749519538757,"(1, 53, 182, 339)"
546,78,0.0021963540522732263,"(1, 53, 261, 364)"
546,78,0.0017337031900138697,"(1, 53, 339, 364)"
546,78,0.004033884630899556,"(1, 53, 364, 443)"
546,78,0.00241196333815726,"(1, 53, 364, 521)"
546,78,0.003475842891901286,"(1, 78, 183, 208)"
546,78,0.004728132387706856,"(1, 78, 183, 234)"
546,78,0.003189792663476874,"(1, 78, 183, 390)"
546,78,0.0031201248049922,"(1, 78, 208, 365)"
546,78,0.0025075225677031092,"(1, 78, 365, 416)"
546,78,0.007062146892655367,"(1, 79, 182, 209)"
546,78,0.0020678246484698098,"(1, 79, 182, 417)"
546,78,0.0038284839203675345,"(1, 79, 235, 364)"
546,78,0.005858230814294083,"(1, 79, 364, 391)"
546,78,0.004016064257028112,"(1, 79, 364, 417)"
546,78,0.0016803898504453034,"(1, 104, 130, 183)"
546,78,0.001675603217158177,"(1, 104, 130, 365)"
546,78,0.003952569169960474,"(1, 104, 156, 365)"
546,78,0.003536067892503536,"(1, 104, 183, 338)"
546,78,0.0023250406882120438,"(1, 104, 183, 494)"
546,78,0.004182350480970306,"(1, 104, 183, 520)"
567,81,0.0037907505686125853,"(1, 27, 81, 190)"
567,81,0.0038138825324180014,"(1, 27, 81, 379)"
567,81,0.0022456770716370988,"(1, 27, 135, 190)"
567,81,0.0043975373790677225,"(1, 27, 135, 379)"
567,81,0.002311604253351826,"(1, 27, 190, 270)"
567,81,0.004111842105263158,"(1, 27, 190, 324)"
567,81,0.0027548209366391185,"(1, 27, 190, 459)"
567,81,0.0029542097488921715,"(1, 27, 190, 513)"
567,81,0.003894080996884735,"(1, 27, 270, 379)"
567,81,0.00278473962684489,"(1, 27, 324, 379)"
567,81,0.002347417840375587,"(1, 27, 379, 459)"
567,81,0.0025393600812595226,"(1, 27, 379, 513)"
567,81,0.00482392667631452,"(1, 28, 82, 189)"
567,81,0.00281214848143982,"(1, 28, 82, 378)"
567,81,0.003703703703703704,"(1, 28, 136, 189)"
567,81,0.0034118048447628795,"(1, 28, 136, 378)"
567,81,0.0059382422802850355,"(1, 28, 189, 271)"
567,81,0.003068425897514575,"(1, 28, 189, 325)"
567,81,0.0020230629172567267,"(1, 28, 189, 460)"
567,81,0.0034317089910775567,"(1, 28, 189, 514)"
567,81,0.003671071953010279,"(1, 28, 271, 378)"
567,81,0.0035398230088495575,"(1, 28, 325, 378)"
567,81,0.0031675641431738993,"(1, 28, 378, 460)"
567,81,0.0031645569620253164,"(1, 28, 378, 514)"
567,81,0.004975124378109453,"(1, 54, 81, 190)"
567,81,0.0073475385745775165,"(1, 54, 81, 379)"
567,81,0.0032216494845360823,"(1, 54, 162, 190)"
567,81,0.003222687721559781,"(1, 54, 162, 379)"
567,81,0.0034698126301179735,"(1, 54, 190, 270)"
567,81,0.0025278058645096056,"(1, 54, 190, 351)"
567,81,0.0034891835310537334,"(1, 54, 190, 459)"
567,81,0.005050505050505051,"(1, 54, 190, 540)"
567,81,0.005461496450027308,"(1, 54, 270, 379)"
567,81,0.004434589800443459,"(1, 54, 351, 379)"
567,81,0.00474158368895211,"(1, 54, 379, 459)"
567,81,0.002242152466367713,"(1, 54, 379, 540)"
567,81,0.00357653791130186,"(1, 55, 82, 189)"
567,81,0.0030656039239730227,"(1, 55, 82, 378)"
567,81,0.002976190476190476,"(1, 55, 163, 189)"
567,81,0.0029411764705882353,"(1, 55, 163, 378)"
567,81,0.0027909572983533353,"(1, 55, 189, 271)"
567,81,0.003676470588235294,"(1, 55, 189, 352)"
567,81,0.00363901018922853,"(1, 55, 189, 460)"
567,81,0.0032278889606197547,"(1, 55, 189, 541)"
567,81,0.004914004914004914,"(1, 55, 271, 378)"
567,81,0.003402517863218782,"(1, 55, 352, 378)"
567,81,0.0024783147459727386,"(1, 55, 378, 460)"
567,81,0.003278688524590164,"(1, 55, 378, 541)"
567,81,0.0032948929159802307,"(1, 81, 190, 216)"
567,81,0.002428953121204761,"(1, 81, 190, 243)"
567,81,0.002486943546381497,"(1, 81, 190, 405)"
567,81,0.0041356492969396195,"(1, 81, 190, 432)"
588,84,0.002824060999717594,"(1, 28, 84, 197)"
588,84,0.004636068613815485,"(1, 28, 84, 393)"
588,84,0.0046816479400749065,"(1, 28, 140, 197)"
588,84,0.003979307600477517,"(1, 28, 140, 393)"
588,84,0.004570383912248629,"(1, 28, 197, 336)"
588,84,0.003038590094196293,"(1, 28, 197, 476)"
588,84,0.003229974160206718,"(1, 28, 280, 393)"
588,84,0.004728132387706856,"(1, 28, 336, 393)"
588,84,0.003946329913180742,"(1, 28, 393, 476)"
588,84,0.0031605562579013905,"(1, 28, 393, 532)"
588,84,0.002221728504776716,"(1, 29, 85, 392)"
588,84,0.004723665564478035,"(1, 29, 141, 196)"
588,84,0.002967359050445104,"(1, 29, 141, 392)"
588,84,0.0020733982998133943,"(1, 29, 196, 281)"
588,84,0.003616636528028933,"(1, 29, 196, 477)"
588,84,0.004221190375685944,"(1, 29, 196, 533)"
588,84,0.002754062241806665,"(1, 29, 337, 392)"
588,84,0.002667377967457989,"(1, 29, 392, 477)"
588,84,0.0018601190476190475,"(1, 56, 84, 197)"
588,84,0.004096681687832855,"(1, 56, 168, 197)"
588,84,0.003182686187141948,"(1, 56, 197, 280)"
588,84,0.0027434842249657062,"(1, 56, 197, 364)"
588,84,0.001365374112506827,"(1, 56, 280, 393)"
588,84,0.0017274140611504578,"(1, 56, 364, 393)"
588,84,0.0031756113051762463,"(1, 56, 393, 476)"
588,84,0.0034317089910775567,"(1, 56, 393, 560)"
588,84,0.003359086328518643,"(1, 57, 85, 196)"
588,84,0.004985044865403789,"(1, 57, 85, 392)"
588,84,0.003194888178913738,"(1, 57, 169, 196)"
588,84,0.002494387627837366,"(1, 57, 169, 392)"
588,84,0.002935995302407516,"(1, 57, 196, 281)"
588,84,0.0029895366218236174,"(1, 57, 196, 365)"
588,84,0.0032605151613955006,"(1, 57, 196, 477)"
588,84,0.0032552083333333335,"(1, 57, 196, 561)"
588,84,0.005827505827505828,"(1, 57, 281, 392)"
588,84,0.0030321406913280777,"(1, 57, 365, 392)"
588,84,0.003619254433586681,"(1, 84, 197, 224)"
588,84,0.003920031360250882,"(1, 84, 197, 448)"
588,84,0.003692762186115214,"(1, 84, 252, 393)"
588,84,0.002257336343115124,"(1, 84, 393, 420)"
588,84,0.003287310979618672,"(1, 84, 393, 448)"
588,84,0.0026469031233456856,"(1, 85, 196, 225)"
588,84,0.0021326508850501172,"(1, 85, 196, 253)"
588,84,0.003998400639744102,"(1, 85, 196, 421)"
588,84,0.0054914881933003845,"(1, 85, 225, 392)"
588,84,0.004282655246252677,"(1, 85, 392, 449)"
588,84,0.0030321406913280777,"(1, 112, 140, 197)"
588,84,0.0032310177705977385,"(1, 112, 140, 393)"
588,84,0.0048520135856380394,"(1, 112, 168, 197)"
588,84,0.003314550878355983,"(1, 112, 168, 393)"
609,87,0.0045207956600361665,"(1, 29, 87, 407)"
609,87,0.0018491124260355029,"(1, 29, 145, 204)"
609,87,0.0049800796812749,"(1, 29, 145, 407)"
609,87,0.0033967391304347825,"(1, 29, 204, 290)"
609,87,0.0023781212841854932,"(1, 29, 204, 493)"
609,87,0.00375234521575985,"(1, 29, 204, 551)"
609,87,0.003904724716907458,"(1, 29, 348, 407)"
609,87,0.0031486146095717885,"(1, 29, 407, 493)"
609,87,0.0030156815440289505,"(1, 30, 88, 203)"
609,87,0.0031065548306927616,"(1, 30, 88, 406)"
609,87,0.002955082742316785,"(1, 30, 146, 203)"
609,87,0.003029385034837928,"(1, 30, 146, 406)"
609,87,0.003992015968063872,"(1, 30, 203, 349)"
609,87,0.007112375533428165,"(1, 30, 203, 494)"
609,87,0.00315059861373661,"(1, 30, 291, 406)"
609,87,0.006067961165048544,"(1, 30, 349, 406)"
609,87,0.004334633723450368,"(1, 30, 406, 494)"
609,87,0.004088307440719542,"(1, 30, 406, 552)"
609,87,0.0019642506383814574,"(1, 58, 87, 204)"
609,87,0.003286230693394676,"(1, 58, 87, 407)"
609,87,0.003570153516601214,"(1, 58, 174, 204)"
609,87,0.003988831272437176,"(1, 58, 174, 407)"
609,87,0.003351206434316354,"(1, 58, 204, 290)"
609,87,0.004701457451810061,"(1, 58, 204, 377)"
609,87,0.004791566842357451,"(1, 58, 204, 493)"
609,87,0.003070310101320233,"(1, 58, 204, 580)"
609,87,0.002777777777777778,"(1, 58, 290, 407)"
609,87,0.014992503748125937,"(1, 58, 377, 407)"
609,87,0.002844950213371266,"(1, 59, 88, 203)"
609,87,0.0029904306220095694,"(1, 59, 175, 203)"
609,87,0.003481894150417827,"(1, 59, 203, 291)"
609,87,0.00404040404040404,"(1, 59, 203, 378)"
609,87,0.002663115845539281,"(1, 59, 291, 406)"
609,87,0.0036075036075036075,"(1, 59, 378, 406)"
609,87,0.00496031746031746,"(1, 59, 406, 494)"
609,87,0.002824060999717594,"(1, 59, 406, 581)"
609,87,0.00350385423966363,"(1, 87, 204, 261)"
609,87,0.004539264639128461,"(1, 87, 204, 435)"
609,87,0.003284072249589491,"(1, 87, 232, 407)"
609,87,0.0027434842249657062,"(1, 87, 407, 464)"
609,87,0.003685956505713233,"(1, 88, 203, 233)"
609,87,0.003123048094940662,"(1, 88, 203, 465)"
609,87,0.002525890376357666,"(1, 88, 262, 406)"
609,87,0.0028208744710860366,"(1, 88, 406, 436)"
609,87,0.005040322580645161,"(1, 88, 406, 465)"
609,87,0.006978367062107467,"(1, 116, 145, 204)"
609,87,0.002459419576979833,"(1, 116, 145, 407)"
609,87,0.005361930294906166,"(1, 116, 174, 407)"
609,87,0.0024807740014884646,"(1, 116, 204, 377)"
609,87,0.004168403501458941,"(1, 116, 204, 551)"
609,87,0.0037369207772795215,"(1, 116, 204, 580)"
630,90,0.0018747656542932134,"(1, 30, 90, 211)"
630,90,0.003050640634533252,"(1, 30, 90, 421)"
630,90,0.0035984166966534724,"(1, 30, 150, 211)"
630,90,0.0031456432840515887,"(1, 30, 150, 421)"
630,90,0.006825938566552901,"(1, 30, 211, 300)"
630,90,0.0045662100456621,"(1, 30, 211, 360)"
630,90,0.003132832080200501,"(1, 30, 211, 510)"
630,90,0.00510204081632653,"(1, 30, 211, 570)"
630,90,0.006702412868632708,"(1, 30, 300, 421)"
630,90,0.004694835680751174,"(1, 30, 360, 421)"
630,90,0.0032711808963035655,"(1, 30, 421, 510)"
630,90,0.0036075036075036075,"(1, 30, 421, 570)"
630,90,0.00576036866359447,"(1, 31, 151, 210)"
630,90,0.002801905295601009,"(1, 31, 151, 420)"
630,90,0.0033749578130273373,"(1, 31, 210, 301)"
630,90,0.004032258064516129,"(1, 31, 210, 361)"
630,90,0.006934812760055479,"(1, 31, 210, 511)"
630,90,0.003290556103981573,"(1, 31, 210, 571)"
630,90,0.0035612535612535613,"(1, 31, 301, 420)"
630,90,0.004472271914132379,"(1, 31, 361, 420)"
630,90,0.006662225183211193,"(1, 31, 420, 511)"
630,90,0.00473260766682442,"(1, 31, 420, 571)"
630,90,0.004719207173194903,"(1, 60, 90, 211)"
630,90,0.004757373929590866,"(1, 60, 90, 421)"
630,90,0.0033123550844650546,"(1, 60, 180, 211)"
630,90,0.002735229759299781,"(1, 60, 180, 421)"
630,90,0.003522367030644593,"(1, 60, 211, 390)"
630,90,0.005405405405405406,"(1, 60, 211, 510)"
630,90,0.0027793218454697055,"(1, 60, 211, 600)"
630,90,0.0027495188342040143,"(1, 60, 390, 421)"
630,90,0.003998400639744102,"(1, 60, 421, 510)"
630,90,0.0032372936225315637,"(1, 60, 421, 600)"
630,90,0.004405286343612335,"(1, 61, 91, 210)"
630,90,0.0065919578114700065,"(1, 61, 91, 420)"
630,90,0.004017677782241864,"(1, 61, 181, 210)"
630,90,0.0024009603841536613,"(1, 61, 181, 420)"
630,90,0.005175983436853002,"(1, 61, 210, 301)"
630,90,0.0034352456200618343,"(1, 61, 210, 391)"
630,90,0.004269854824935952,"(1, 61, 210, 601)"
630,90,0.0024015369836695487,"(1, 61, 301, 420)"
630,90,0.0027262813522355507,"(1, 61, 391, 420)"
630,90,0.0034211426616489907,"(1, 61, 420, 601)"
630,90,0.005025125628140704,"(1, 90, 211, 240)"
630,90,0.004056795131845842,"(1, 90, 211, 270)"
630,90,0.0023940627244433805,"(1, 90, 211, 450)"
630,90,0.0021691973969631237,"(1, 90, 211, 480)"
630,90,0.0034482758620689655,"(1, 90, 240, 421)"
630,90,0.0037481259370314842,"(1, 90, 270, 421)"
630,90,0.0034458993797381117,"(1, 90, 421, 450)"
630,90,0.007215007215007215,"(1, 90, 421, 480)"
651,93,0.0029647198339756895,"(1, 31, 93, 218)"
651,93,0.003365870077415012,"(1, 31, 93, 435)"
651,93,0.0032927230819888046,"(1, 31, 155, 218)"
651,93,0.004728132387706856,"(1, 31, 155, 435)"
651,93,0.005649717514124294,"(1, 31, 218, 372)"
651,93,0.004514672686230248,"(1, 31, 218, 527)"
651,93,0.005099439061703213,"(1, 31, 310, 435)"
651,93,0.0039856516540454365,"(1, 31, 372, 435)"
651,93,0.005170630816959669,"(1, 31, 435, 527)"
651,93,0.004051863857374392,"(1, 31, 435, 589)"
651,93,0.005488474204171241,"(1, 32, 94, 434)"
651,93,0.0024125452352231603,"(1, 32, 156, 217)"
651,93,0.003050640634533252,"(1, 32, 156, 434)"
651,93,0.0037979491074819596,"(1, 32, 217, 311)"
651,93,0.0029940119760479044,"(1, 32, 217, 528)"
651,93,0.0034376074252320385,"(1, 32, 217, 590)"
651,93,0.007936507936507936,"(1, 32, 373, 434)"
651,93,0.004342162396873643,"(1, 32, 434, 528)"
651,93,0.0036429872495446266,"(1, 62, 93, 218)"
651,93,0.004389815627743635,"(1, 62, 186, 218)"
651,93,0.004610419548178884,"(1, 62, 218, 310)"
651,93,0.003178639542275906,"(1, 62, 218, 403)"
651,93,0.004164931278633903,"(1, 62, 310, 435)"
651,93,0.0032164683177870698,"(1, 62, 403, 435)"
651,93,0.0034048348655090228,"(1, 62, 435, 527)"
651,93,0.003878975950349108,"(1, 62, 435, 620)"
651,93,0.0023629489603024575,"(1, 63, 94, 434)"
651,93,0.0044742729306487695,"(1, 63, 187, 434)"
651,93,0.005274261603375527,"(1, 63, 217, 311)"
651,93,0.00547645125958379,"(1, 63, 217, 404)"
651,93,0.0031675641431738993,"(1, 63, 217, 528)"
651,93,0.0028993911278631487,"(1, 63, 217, 621)"
651,93,0.002420721374969741,"(1, 63, 311, 434)"
651,93,0.002852253280091272,"(1, 63, 404, 434)"
651,93,0.003226847370119393,"(1, 93, 218, 248)"
651,93,0.004078303425774877,"(1, 93, 218, 496)"
651,93,0.0040436716538617065,"(1, 93, 279, 435)"
651,93,0.003941663381947182,"(1, 93, 435, 465)"
651,93,0.003487966515521451,"(1, 93, 435, 496)"
651,93,0.003368137420006736,"(1, 94, 217, 249)"
651,93,0.002817695125387433,"(1, 94, 217, 280)"
651,93,0.0026232948583420775,"(1, 94, 217, 466)"
651,93,0.003930817610062893,"(1, 94, 249, 434)"
651,93,0.0038910505836575876,"(1, 94, 434, 497)"
651,93,0.00493339911198816,"(1, 124, 155, 218)"
651,93,0.0032541490400260333,"(1, 124, 155, 435)"
651,93,0.00338409475465313,"(1, 124, 186, 218)"
651,93,0.0026874496103198066,"(1, 124, 186, 435)"
651,93,0.0034352456200618343,"(1, 124, 218, 372)"
651,93,0.003952569169960474,"(1, 124, 218, 620)"
672,96,0.006195786864931847,"(1, 32, 96, 449)"
672,96,0.002767017155506364,"(1, 32, 160, 225)"
672,96,0.005521811154058531,"(1, 32, 160, 449)"
672,96,0.004340277777777778,"(1, 32, 225, 320)"
672,96,0.0031436655139893115,"(1, 32, 225, 544)"
672,96,0.003481894150417827,"(1, 32, 225, 608)"
672,96,0.004149377593360996,"(1, 32, 384, 449)"
672,96,0.003604902667627974,"(1, 32, 449, 544)"
672,96,0.004182350480970306,"(1, 33, 97, 224)"
672,96,0.0023781212841854932,"(1, 33, 97, 448)"
672,96,0.003202049311559398,"(1, 33, 161, 224)"
672,96,0.00832639467110741,"(1, 33, 161, 448)"
672,96,0.0026021337496747333,"(1, 33, 224, 385)"
672,96,0.005136106831022085,"(1, 33, 224, 545)"
672,96,0.002785515320334262,"(1, 33, 321, 448)"
672,96,0.005920663114268798,"(1, 33, 385, 448)"
672,96,0.007374631268436578,"(1, 33, 448, 545)"
672,96,0.0041753653444676405,"(1, 33, 448, 609)"
672,96,0.0035971223021582736,"(1, 64, 96, 449)"
672,96,0.004470272686633884,"(1, 64, 192, 449)"
672,96,0.0044822949350067235,"(1, 64, 225, 320)"
672,96,0.0029841838257236644,"(1, 64, 225, 416)"
672,96,0.002474022761009401,"(1, 64, 225, 544)"
672,96,0.003852080123266564,"(1, 64, 225, 640)"
672,96,0.0026560424966799467,"(1, 64, 320, 449)"
672,96,0.003746721618583739,"(1, 64, 416, 449)"
672,96,0.005025125628140704,"(1, 65, 97, 224)"
672,96,0.0024271844660194173,"(1, 65, 193, 224)"
672,96,0.0072254335260115606,"(1, 65, 224, 321)"
672,96,0.005414185165132647,"(1, 65, 224, 417)"
672,96,0.003534817956875221,"(1, 65, 321, 448)"
672,96,0.004420866489832007,"(1, 65, 417, 448)"
672,96,0.002615062761506276,"(1, 65, 448, 545)"
672,96,0.0046146746654360865,"(1, 65, 448, 641)"
672,96,0.004885197850512946,"(1, 96, 225, 256)"
672,96,0.003946329913180742,"(1, 96, 225, 288)"
672,96,0.004006410256410256,"(1, 96, 225, 480)"
672,96,0.0029779630732578916,"(1, 96, 256, 449)"
672,96,0.004458314757021846,"(1, 96, 449, 512)"
672,96,0.004304778303917348,"(1, 97, 224, 257)"
672,96,0.002486943546381497,"(1, 97, 224, 513)"
672,96,0.005170630816959669,"(1, 97, 289, 448)"
672,96,0.0023618327822390174,"(1, 97, 448, 481)"
672,96,0.006422607578676943,"(1, 97, 448, 513)"
672,96,0.003965107057890563,"(1, 128, 160, 225)"
672,96,0.004140786749482402,"(1, 128, 160, 449)"
672,96,0.003795066413662239,"(1, 128, 192, 449)"
672,96,0.00723589001447178,"(1, 128, 225, 416)"
672,96,0.0033123550844650546,"(1, 128, 225, 608)"
672,96,0.0035285815102328866,"(1, 128, 225, 640)"
693,99,0.006042296072507553,"(1, 33, 165, 232)"
693,99,0.0032679738562091504,"(1, 33, 165, 463)"
693,99,0.006587615283267457,"(1, 33, 232, 330)"
693,99,0.003124023742580444,"(1, 33, 232, 396)"
693,99,0.004310344827586207,"(1, 33, 232, 561)"
693,99,0.005165289256198347,"(1, 33, 232, 627)"
693,99,0.0028636884306987398,"(1, 33, 330, 463)"
693,99,0.0027078256160303275,"(1, 33, 396, 463)"
693,99,0.005141388174807198,"(1, 33, 463, 561)"
693,99,0.003915426781519186,"(1, 33, 463, 627)"
693,99,0.0025660764690787785,"(1, 34, 100, 231)"
693,99,0.0037593984962406013,"(1, 34, 100, 462)"
693,99,0.003677822728944465,"(1, 34, 166, 231)"
693,99,0.0025967281225655675,"(1, 34, 166, 462)"
693,99,0.004653327128897162,"(1, 34, 231, 331)"
693,99,0.006531678641410843,"(1, 34, 231, 397)"
693,99,0.003068425897514575,"(1, 34, 231, 562)"
693,99,0.006561679790026247,"(1, 34, 231, 628)"
693,99,0.0034411562284927736,"(1, 34, 331, 462)"
693,99,0.005995203836930456,"(1, 34, 397, 462)"
693,99,0.0025806451612903226,"(1, 34, 462, 562)"
693,99,0.0036363636363636364,"(1, 34, 462, 628)"
693,99,0.004842615012106538,"(1, 66, 99, 232)"
693,99,0.004642525533890436,"(1, 66, 99, 463)"
693,99,0.005022601707684581,"(1, 66, 198, 232)"
693,99,0.0036403349108117948,"(1, 66, 198, 463)"
693,99,0.0044662795891022775,"(1, 66, 232, 330)"
693,99,0.004203446826397646,"(1, 66, 232, 429)"
693,99,0.003913894324853229,"(1, 66, 232, 660)"
693,99,0.004073319755600814,"(1, 66, 330, 463)"
693,99,0.0031496062992125984,"(1, 66, 429, 463)"
693,99,0.006397952655150352,"(1, 66, 463, 660)"
693,99,0.003332222592469177,"(1, 67, 100, 231)"
693,99,0.0053590568060021436,"(1, 67, 100, 462)"
693,99,0.003632401017072285,"(1, 67, 199, 231)"
693,99,0.0027548209366391185,"(1, 67, 199, 462)"
693,99,0.004757373929590866,"(1, 67, 231, 430)"
693,99,0.004723665564478035,"(1, 67, 231, 562)"
693,99,0.007082152974504249,"(1, 67, 231, 661)"
693,99,0.0028161081385525205,"(1, 67, 430, 462)"
693,99,0.004058441558441558,"(1, 67, 462, 562)"
693,99,0.005668934240362812,"(1, 67, 462, 661)"
