15,6,0.09090909090909091,"(1, 2, 3, 6)"
15,6,0.09174311926605505,"(1, 2, 3, 9)"
15,6,0.1694915254237288,"(1, 2, 3, 12)"
15,6,0.10101010101010101,"(1, 2, 4, 13)"
15,6,0.06134969325153374,"(1, 2, 5, 14)"
15,6,0.10416666666666667,"(1, 2, 8, 14)"
15,6,0.11904761904761904,"(1, 2, 11, 14)"
15,6,0.10869565217391304,"(1, 3, 8, 9)"
15,6,0.09900990099009901,"(1, 3, 12, 14)"
15,6,0.11904761904761904,"(1, 4, 7, 8)"
15,6,0.08620689655172414,"(1, 4, 7, 11)"
15,6,0.07633587786259542,"(1, 4, 13, 14)"
15,6,0.11235955056179775,"(1, 5, 9, 12)"
15,6,0.1388888888888889,"(1, 6, 8, 9)"
15,6,0.09523809523809523,"(1, 7, 8, 10)"
15,6,0.07092198581560284,"(1, 7, 8, 13)"
15,6,0.0970873786407767,"(1, 7, 13, 14)"
15,6,0.09803921568627451,"(1, 8, 9, 12)"
15,6,0.10989010989010989,"(1, 10, 13, 14)"
15,6,0.12987012987012986,"(2, 3, 4, 6)"
15,6,0.37037037037037035,"(2, 3, 9, 10)"
15,6,0.08620689655172414,"(2, 4, 6, 9)"
15,6,0.11764705882352941,"(2, 4, 6, 12)"
15,6,0.06666666666666667,"(2, 4, 7, 13)"
15,6,0.09523809523809523,"(2, 4, 8, 11)"
15,6,0.11904761904761904,"(2, 4, 10, 13)"
15,6,0.10416666666666667,"(2, 5, 11, 13)"
15,6,0.10752688172043011,"(2, 6, 9, 13)"
15,6,0.1,"(2, 7, 8, 14)"
15,6,0.09433962264150944,"(2, 8, 11, 13)"
15,6,0.1,"(2, 11, 13, 14)"
15,6,0.1282051282051282,"(3, 4, 5, 6)"
15,6,0.06666666666666667,"(3, 4, 8, 12)"
15,6,0.08547008547008547,"(3, 4, 11, 12)"
15,6,0.06896551724137931,"(3, 5, 7, 9)"
15,6,0.07874015748031496,"(3, 6, 7, 11)"
15,6,0.07936507936507936,"(3, 6, 7, 14)"
15,6,0.07194244604316546,"(3, 6, 10, 14)"
15,6,0.10638297872340426,"(3, 7, 9, 11)"
15,6,0.12195121951219512,"(3, 7, 11, 12)"
15,6,0.11363636363636363,"(3, 9, 11, 13)"
15,6,0.09090909090909091,"(3, 12, 13, 14)"
15,6,0.08771929824561403,"(4, 5, 8, 11)"
15,6,0.10416666666666667,"(4, 6, 8, 12)"
15,6,0.11363636363636363,"(4, 7, 10, 11)"
15,6,0.09615384615384616,"(4, 7, 11, 13)"
15,6,0.1724137931034483,"(4, 8, 9, 12)"
15,6,0.1,"(4, 8, 11, 14)"
15,6,0.10869565217391304,"(5, 6, 12, 13)"
15,6,0.08547008547008547,"(5, 7, 8, 14)"
30,12,0.37037037037037035,"(1, 6, 11, 15)"
30,12,0.5,"(1, 16, 20, 25)"
30,12,0.18518518518518517,"(2, 4, 6, 12)"
30,12,0.20408163265306123,"(2, 4, 6, 18)"
30,12,0.18518518518518517,"(2, 4, 6, 24)"
30,12,0.13513513513513514,"(2, 4, 8, 26)"
30,12,0.1724137931034483,"(2, 4, 10, 28)"
30,12,0.18867924528301888,"(2, 4, 16, 28)"
30,12,0.19230769230769232,"(2, 4, 22, 28)"
30,12,0.3448275862068966,"(2, 5, 10, 17)"
30,12,0.2564102564102564,"(2, 6, 16, 18)"
30,12,0.1724137931034483,"(2, 6, 24, 28)"
30,12,0.24390243902439024,"(2, 8, 14, 16)"
30,12,0.15625,"(2, 8, 14, 22)"
30,12,0.18867924528301888,"(2, 8, 26, 28)"
30,12,0.2777777777777778,"(2, 10, 18, 24)"
30,12,0.15873015873015872,"(2, 12, 16, 18)"
30,12,0.1282051282051282,"(2, 14, 16, 20)"
30,12,0.2702702702702703,"(2, 14, 16, 26)"
30,12,0.19230769230769232,"(2, 14, 26, 28)"
30,12,0.4166666666666667,"(2, 15, 22, 27)"
30,12,0.15625,"(2, 16, 18, 24)"
30,12,0.16129032258064516,"(2, 20, 26, 28)"
30,12,0.47619047619047616,"(3, 5, 18, 25)"
30,12,0.37037037037037035,"(3, 6, 9, 12)"
30,12,0.7142857142857143,"(3, 6, 9, 27)"
30,12,0.5882352941176471,"(3, 6, 12, 24)"
30,12,0.37037037037037035,"(3, 6, 24, 27)"
30,12,0.30303030303030304,"(3, 8, 15, 28)"
30,12,0.35714285714285715,"(3, 9, 12, 21)"
30,12,0.5882352941176471,"(3, 9, 21, 27)"
30,12,0.5882352941176471,"(3, 12, 21, 24)"
30,12,0.47619047619047616,"(3, 21, 24, 27)"
30,12,0.12987012987012986,"(4, 6, 8, 12)"
30,12,0.12987012987012986,"(4, 6, 18, 20)"
30,12,0.19607843137254902,"(4, 8, 12, 18)"
30,12,0.2777777777777778,"(4, 8, 12, 24)"
30,12,0.14925373134328357,"(4, 8, 14, 26)"
30,12,0.1694915254237288,"(4, 8, 16, 22)"
30,12,0.15384615384615385,"(4, 8, 20, 26)"
30,12,0.4166666666666667,"(4, 9, 14, 15)"
30,12,0.19230769230769232,"(4, 10, 22, 26)"
30,12,0.2857142857142857,"(4, 12, 18, 26)"
30,12,0.4,"(4, 14, 16, 28)"
30,12,0.12048192771084337,"(4, 16, 22, 26)"
30,12,0.23809523809523808,"(4, 19, 20, 25)"
30,12,0.23809523809523808,"(4, 22, 26, 28)"
30,12,0.24390243902439024,"(5, 6, 21, 25)"
30,12,0.2127659574468085,"(5, 8, 10, 23)"
30,12,0.38461538461538464,"(5, 9, 24, 25)"
45,18,0.4166666666666667,"(3, 6, 9, 18)"
45,18,0.23255813953488372,"(3, 6, 9, 27)"
45,18,0.2777777777777778,"(3, 6, 9, 36)"
45,18,0.4166666666666667,"(3, 6, 12, 39)"
45,18,0.2564102564102564,"(3, 6, 15, 42)"
45,18,0.17857142857142858,"(3, 6, 24, 42)"
45,18,0.2777777777777778,"(3, 6, 33, 42)"
45,18,0.2222222222222222,"(3, 9, 24, 27)"
45,18,0.5882352941176471,"(3, 9, 36, 42)"
45,18,0.2222222222222222,"(3, 12, 21, 24)"
45,18,0.24390243902439024,"(3, 12, 21, 33)"
45,18,0.2222222222222222,"(3, 12, 39, 42)"
45,18,0.20833333333333334,"(3, 15, 27, 36)"
45,18,0.19607843137254902,"(3, 18, 24, 27)"
45,18,0.3333333333333333,"(3, 21, 24, 30)"
45,18,0.17857142857142858,"(3, 21, 24, 39)"
45,18,0.16666666666666666,"(3, 21, 39, 42)"
45,18,0.30303030303030304,"(3, 24, 27, 36)"
45,18,0.2857142857142857,"(3, 30, 39, 42)"
45,18,0.16666666666666666,"(6, 9, 12, 18)"
45,18,0.2631578947368421,"(6, 9, 27, 30)"
45,18,0.2631578947368421,"(6, 12, 18, 27)"
45,18,0.18181818181818182,"(6, 12, 18, 36)"
45,18,0.3448275862068966,"(6, 12, 21, 39)"
45,18,0.15873015873015872,"(6, 12, 24, 33)"
45,18,0.3333333333333333,"(6, 12, 30, 39)"
45,18,0.2,"(6, 15, 33, 39)"
45,18,0.2564102564102564,"(6, 18, 27, 39)"
45,18,0.3225806451612903,"(6, 21, 24, 42)"
45,18,0.29411764705882354,"(6, 24, 33, 39)"
45,18,0.24390243902439024,"(6, 33, 39, 42)"
45,18,0.3448275862068966,"(9, 12, 15, 18)"
45,18,0.4,"(9, 12, 24, 36)"
45,18,0.37037037037037035,"(9, 12, 33, 36)"
45,18,0.2631578947368421,"(9, 15, 21, 27)"
45,18,0.2,"(9, 18, 21, 33)"
45,18,0.3125,"(9, 18, 21, 42)"
45,18,0.23809523809523808,"(9, 18, 30, 42)"
45,18,0.19230769230769232,"(9, 21, 27, 33)"
45,18,0.2702702702702703,"(9, 21, 33, 36)"
45,18,0.37037037037037035,"(9, 27, 33, 39)"
45,18,0.2564102564102564,"(9, 36, 39, 42)"
45,18,0.3448275862068966,"(12, 15, 24, 33)"
45,18,0.2631578947368421,"(12, 18, 24, 36)"
45,18,0.4,"(12, 21, 30, 33)"
45,18,0.2222222222222222,"(12, 21, 33, 39)"
45,18,0.3125,"(12, 24, 27, 36)"
45,18,0.2,"(12, 24, 33, 42)"
45,18,0.3125,"(15, 18, 36, 39)"
45,18,0.1724137931034483,"(15, 21, 24, 42)"
60,24,0.5,"(2, 12, 22, 30)"
60,24,0.5263157894736842,"(2, 32, 40, 50)"
60,24,0.29411764705882354,"(4, 8, 12, 24)"
60,24,0.23809523809523808,"(4, 8, 12, 36)"
60,24,0.3448275862068966,"(4, 8, 12, 48)"
60,24,0.35714285714285715,"(4, 8, 16, 52)"
60,24,0.3125,"(4, 8, 20, 56)"
60,24,0.3225806451612903,"(4, 8, 32, 56)"
60,24,0.2631578947368421,"(4, 8, 44, 56)"
60,24,0.45454545454545453,"(4, 10, 20, 34)"
60,24,0.4166666666666667,"(4, 12, 32, 36)"
60,24,0.2127659574468085,"(4, 12, 48, 56)"
60,24,0.21739130434782608,"(4, 16, 28, 32)"
60,24,0.3333333333333333,"(4, 16, 28, 44)"
60,24,0.4,"(4, 16, 52, 56)"
60,24,0.3225806451612903,"(4, 20, 36, 48)"
60,24,0.23809523809523808,"(4, 24, 32, 36)"
60,24,0.2702702702702703,"(4, 28, 32, 40)"
60,24,0.3333333333333333,"(4, 28, 32, 52)"
60,24,0.2631578947368421,"(4, 28, 52, 56)"
60,24,0.7142857142857143,"(4, 30, 44, 54)"
60,24,0.3125,"(4, 32, 36, 48)"
60,24,0.2702702702702703,"(4, 40, 52, 56)"
60,24,0.4166666666666667,"(6, 10, 36, 50)"
60,24,0.7142857142857143,"(6, 12, 18, 24)"
60,24,0.5263157894736842,"(6, 12, 18, 54)"
60,24,0.9090909090909091,"(6, 12, 24, 48)"
60,24,0.7142857142857143,"(6, 12, 48, 54)"
60,24,0.4,"(6, 16, 30, 56)"
60,24,0.8333333333333334,"(6, 18, 24, 42)"
60,24,0.7692307692307693,"(6, 18, 42, 54)"
60,24,0.625,"(6, 24, 42, 48)"
60,24,0.625,"(6, 42, 48, 54)"
60,24,0.23255813953488372,"(8, 12, 16, 24)"
60,24,0.38461538461538464,"(8, 12, 36, 40)"
60,24,0.37037037037037035,"(8, 16, 24, 36)"
60,24,0.2222222222222222,"(8, 16, 24, 48)"
60,24,0.2777777777777778,"(8, 16, 28, 52)"
60,24,0.2564102564102564,"(8, 16, 32, 44)"
60,24,0.3125,"(8, 16, 40, 52)"
60,24,0.5263157894736842,"(8, 18, 28, 30)"
60,24,0.625,"(8, 20, 44, 52)"
60,24,0.5882352941176471,"(8, 24, 36, 52)"
60,24,0.2631578947368421,"(8, 28, 32, 56)"
60,24,0.3125,"(8, 32, 44, 52)"
60,24,0.7142857142857143,"(8, 38, 40, 50)"
60,24,0.35714285714285715,"(8, 44, 52, 56)"
60,24,0.4,"(10, 12, 42, 50)"
60,24,0.47619047619047616,"(10, 16, 20, 46)"
60,24,0.5882352941176471,"(10, 18, 48, 50)"
75,30,0.5882352941176471,"(5, 10, 15, 30)"
75,30,0.23809523809523808,"(5, 10, 15, 45)"
75,30,0.5882352941176471,"(5, 10, 15, 60)"
75,30,0.38461538461538464,"(5, 10, 20, 65)"
75,30,0.4166666666666667,"(5, 10, 25, 70)"
75,30,0.2857142857142857,"(5, 10, 40, 70)"
75,30,0.38461538461538464,"(5, 10, 55, 70)"
75,30,0.43478260869565216,"(5, 15, 40, 45)"
75,30,0.7692307692307693,"(5, 15, 60, 70)"
75,30,0.37037037037037035,"(5, 20, 35, 40)"
75,30,0.5263157894736842,"(5, 20, 35, 55)"
75,30,0.5263157894736842,"(5, 20, 65, 70)"
75,30,0.6666666666666666,"(5, 25, 45, 60)"
75,30,0.38461538461538464,"(5, 30, 40, 45)"
75,30,0.30303030303030304,"(5, 35, 40, 50)"
75,30,0.43478260869565216,"(5, 35, 40, 65)"
75,30,0.3448275862068966,"(5, 35, 65, 70)"
75,30,0.38461538461538464,"(5, 40, 45, 60)"
75,30,0.43478260869565216,"(5, 50, 65, 70)"
75,30,0.3333333333333333,"(10, 15, 20, 30)"
75,30,0.2702702702702703,"(10, 15, 45, 50)"
75,30,0.3125,"(10, 20, 30, 45)"
75,30,0.35714285714285715,"(10, 20, 30, 60)"
75,30,0.3448275862068966,"(10, 20, 35, 65)"
75,30,0.37037037037037035,"(10, 20, 40, 55)"
75,30,0.47619047619047616,"(10, 20, 50, 65)"
75,30,0.43478260869565216,"(10, 25, 55, 65)"
75,30,0.43478260869565216,"(10, 30, 45, 65)"
75,30,0.5555555555555556,"(10, 35, 40, 70)"
75,30,0.45454545454545453,"(10, 40, 55, 65)"
75,30,0.29411764705882354,"(10, 55, 65, 70)"
75,30,0.3125,"(15, 20, 25, 30)"
75,30,0.3125,"(15, 20, 40, 60)"
75,30,0.3333333333333333,"(15, 20, 55, 60)"
75,30,0.47619047619047616,"(15, 25, 35, 45)"
75,30,0.24390243902439024,"(15, 30, 35, 55)"
75,30,0.24390243902439024,"(15, 30, 35, 70)"
75,30,0.24390243902439024,"(15, 30, 50, 70)"
75,30,0.4166666666666667,"(15, 35, 45, 55)"
75,30,0.43478260869565216,"(15, 35, 55, 60)"
75,30,0.35714285714285715,"(15, 45, 55, 65)"
75,30,0.4,"(15, 60, 65, 70)"
75,30,0.5555555555555556,"(20, 25, 40, 55)"
75,30,0.2857142857142857,"(20, 30, 40, 60)"
75,30,0.2857142857142857,"(20, 35, 50, 55)"
75,30,0.3125,"(20, 35, 55, 65)"
75,30,0.6666666666666666,"(20, 40, 45, 60)"
75,30,0.4166666666666667,"(20, 40, 55, 70)"
75,30,0.2222222222222222,"(25, 30, 60, 65)"
75,30,0.30303030303030304,"(25, 35, 40, 70)"
90,36,0.5555555555555556,"(3, 18, 33, 45)"
90,36,0.625,"(3, 48, 60, 75)"
90,36,0.47619047619047616,"(6, 12, 18, 36)"
90,36,0.47619047619047616,"(6, 12, 18, 54)"
90,36,0.43478260869565216,"(6, 12, 18, 72)"
90,36,0.25,"(6, 12, 24, 78)"
90,36,0.43478260869565216,"(6, 12, 30, 84)"
90,36,0.5555555555555556,"(6, 12, 48, 84)"
90,36,0.5882352941176471,"(6, 12, 66, 84)"
90,36,0.5882352941176471,"(6, 15, 30, 51)"
90,36,0.45454545454545453,"(6, 18, 48, 54)"
90,36,0.5,"(6, 18, 72, 84)"
90,36,0.7692307692307693,"(6, 24, 42, 48)"
90,36,0.7692307692307693,"(6, 24, 42, 66)"
90,36,0.38461538461538464,"(6, 24, 78, 84)"
90,36,0.5,"(6, 30, 54, 72)"
90,36,0.5555555555555556,"(6, 36, 48, 54)"
90,36,0.3333333333333333,"(6, 42, 48, 60)"
90,36,0.5263157894736842,"(6, 42, 48, 78)"
90,36,0.625,"(6, 42, 78, 84)"
90,36,0.625,"(6, 45, 66, 81)"
90,36,0.47619047619047616,"(6, 48, 54, 72)"
90,36,0.4,"(6, 60, 78, 84)"
90,36,0.8333333333333334,"(9, 15, 54, 75)"
90,36,0.8333333333333334,"(9, 18, 27, 36)"
90,36,0.9090909090909091,"(9, 18, 27, 81)"
90,36,0.9090909090909091,"(9, 18, 36, 72)"
90,36,0.8333333333333334,"(9, 18, 72, 81)"
90,36,0.7142857142857143,"(9, 24, 45, 84)"
90,36,1,"(9, 27, 36, 63)"
90,36,1,"(9, 27, 63, 81)"
90,36,0.6666666666666666,"(9, 36, 63, 72)"
90,36,0.7692307692307693,"(9, 63, 72, 81)"
90,36,0.5263157894736842,"(12, 18, 24, 36)"
90,36,0.47619047619047616,"(12, 18, 54, 60)"
90,36,0.4166666666666667,"(12, 24, 36, 54)"
90,36,0.5,"(12, 24, 36, 72)"
90,36,0.6666666666666666,"(12, 24, 42, 78)"
90,36,0.5,"(12, 24, 48, 66)"
90,36,0.5882352941176471,"(12, 24, 60, 78)"
90,36,0.6666666666666666,"(12, 27, 42, 45)"
90,36,0.2702702702702703,"(12, 30, 66, 78)"
90,36,0.3333333333333333,"(12, 36, 54, 78)"
90,36,0.38461538461538464,"(12, 42, 48, 84)"
90,36,0.29411764705882354,"(12, 48, 66, 78)"
90,36,0.8333333333333334,"(12, 57, 60, 75)"
90,36,0.4,"(12, 66, 78, 84)"
90,36,0.7692307692307693,"(15, 18, 63, 75)"
90,36,0.5,"(15, 24, 30, 69)"
90,36,0.8333333333333334,"(15, 27, 72, 75)"
105,42,0.4,"(7, 14, 21, 42)"
105,42,0.5,"(7, 14, 21, 63)"
105,42,0.5,"(7, 14, 21, 84)"
105,42,0.47619047619047616,"(7, 14, 28, 91)"
105,42,0.2702702702702703,"(7, 14, 35, 98)"
105,42,0.43478260869565216,"(7, 14, 56, 98)"
105,42,0.45454545454545453,"(7, 14, 77, 98)"
105,42,0.43478260869565216,"(7, 21, 56, 63)"
105,42,0.625,"(7, 21, 84, 98)"
105,42,0.625,"(7, 28, 49, 56)"
105,42,0.7142857142857143,"(7, 28, 49, 77)"
105,42,0.43478260869565216,"(7, 28, 91, 98)"
105,42,0.6666666666666666,"(7, 35, 63, 84)"
105,42,0.38461538461538464,"(7, 42, 56, 63)"
105,42,0.30303030303030304,"(7, 49, 56, 70)"
105,42,0.5882352941176471,"(7, 49, 56, 91)"
105,42,0.7692307692307693,"(7, 49, 91, 98)"
105,42,0.37037037037037035,"(7, 56, 63, 84)"
105,42,0.5555555555555556,"(7, 70, 91, 98)"
105,42,0.5,"(14, 21, 28, 42)"
105,42,0.37037037037037035,"(14, 21, 63, 70)"
105,42,0.5882352941176471,"(14, 28, 42, 63)"
105,42,0.5882352941176471,"(14, 28, 42, 84)"
105,42,0.7142857142857143,"(14, 28, 49, 91)"
105,42,0.5882352941176471,"(14, 28, 56, 77)"
105,42,0.45454545454545453,"(14, 28, 70, 91)"
105,42,0.37037037037037035,"(14, 35, 77, 91)"
105,42,0.45454545454545453,"(14, 42, 63, 91)"
105,42,0.625,"(14, 49, 56, 98)"
105,42,0.8333333333333334,"(14, 56, 77, 91)"
105,42,0.45454545454545453,"(14, 77, 91, 98)"
105,42,0.43478260869565216,"(21, 28, 35, 42)"
105,42,0.5,"(21, 28, 56, 84)"
105,42,0.7142857142857143,"(21, 28, 77, 84)"
105,42,0.4166666666666667,"(21, 35, 49, 63)"
105,42,0.4166666666666667,"(21, 42, 49, 77)"
105,42,0.625,"(21, 42, 49, 98)"
105,42,0.4,"(21, 42, 70, 98)"
105,42,0.43478260869565216,"(21, 49, 63, 77)"
105,42,0.625,"(21, 49, 77, 84)"
105,42,0.3448275862068966,"(21, 63, 77, 91)"
105,42,0.5263157894736842,"(21, 84, 91, 98)"
105,42,0.3448275862068966,"(28, 35, 56, 77)"
105,42,0.35714285714285715,"(28, 42, 56, 84)"
105,42,0.3448275862068966,"(28, 49, 70, 77)"
105,42,0.35714285714285715,"(28, 49, 77, 91)"
105,42,0.5263157894736842,"(28, 56, 63, 84)"
105,42,0.43478260869565216,"(28, 56, 77, 98)"
105,42,0.4166666666666667,"(35, 42, 84, 91)"
105,42,0.37037037037037035,"(35, 49, 56, 98)"
120,48,0.9090909090909091,"(4, 24, 44, 60)"
120,48,0.9090909090909091,"(4, 64, 80, 100)"
120,48,0.38461538461538464,"(8, 16, 24, 48)"
120,48,0.3448275862068966,"(8, 16, 24, 72)"
120,48,0.5263157894736842,"(8, 16, 24, 96)"
120,48,0.5263157894736842,"(8, 16, 32, 104)"
120,48,0.5,"(8, 16, 40, 112)"
120,48,0.5,"(8, 16, 64, 112)"
120,48,0.9090909090909091,"(8, 16, 88, 112)"
120,48,0.8333333333333334,"(8, 20, 40, 68)"
120,48,0.6666666666666666,"(8, 24, 64, 72)"
120,48,0.4166666666666667,"(8, 24, 96, 112)"
120,48,0.37037037037037035,"(8, 32, 56, 64)"
120,48,0.7692307692307693,"(8, 32, 56, 88)"
120,48,0.38461538461538464,"(8, 32, 104, 112)"
120,48,0.4166666666666667,"(8, 40, 72, 96)"
120,48,0.625,"(8, 48, 64, 72)"
120,48,0.5555555555555556,"(8, 56, 64, 80)"
120,48,0.45454545454545453,"(8, 56, 64, 104)"
120,48,0.6666666666666666,"(8, 56, 104, 112)"
120,48,0.9090909090909091,"(8, 60, 88, 108)"
120,48,0.45454545454545453,"(8, 64, 72, 96)"
120,48,0.625,"(8, 80, 104, 112)"
120,48,0.7692307692307693,"(12, 20, 72, 100)"
120,48,0.8333333333333334,"(12, 24, 36, 48)"
120,48,0.8333333333333334,"(12, 24, 36, 108)"
120,48,0.9090909090909091,"(12, 24, 48, 96)"
120,48,1,"(12, 24, 96, 108)"
120,48,0.625,"(12, 32, 60, 112)"
120,48,1,"(12, 36, 48, 84)"
120,48,0.9090909090909091,"(12, 36, 84, 108)"
120,48,0.9090909090909091,"(12, 48, 84, 96)"
120,48,0.9090909090909091,"(12, 84, 96, 108)"
120,48,0.5555555555555556,"(16, 24, 32, 48)"
120,48,0.38461538461538464,"(16, 24, 72, 80)"
120,48,0.5882352941176471,"(16, 32, 48, 72)"
120,48,0.5555555555555556,"(16, 32, 48, 96)"
120,48,0.3333333333333333,"(16, 32, 56, 104)"
120,48,0.625,"(16, 32, 64, 88)"
120,48,0.625,"(16, 32, 80, 104)"
120,48,0.7692307692307693,"(16, 36, 56, 60)"
120,48,0.6666666666666666,"(16, 40, 88, 104)"
120,48,0.47619047619047616,"(16, 48, 72, 104)"
120,48,0.45454545454545453,"(16, 56, 64, 112)"
120,48,0.625,"(16, 64, 88, 104)"
120,48,0.8333333333333334,"(16, 76, 80, 100)"
120,48,0.5263157894736842,"(16, 88, 104, 112)"
120,48,0.8333333333333334,"(20, 24, 84, 100)"
120,48,1,"(20, 32, 40, 92)"
120,48,0.7692307692307693,"(20, 36, 96, 100)"
135,54,0.7692307692307693,"(9, 18, 27, 54)"
135,54,0.5555555555555556,"(9, 18, 27, 81)"
135,54,0.8333333333333334,"(9, 18, 27, 108)"
135,54,0.47619047619047616,"(9, 18, 36, 117)"
135,54,0.8333333333333334,"(9, 18, 45, 126)"
135,54,0.6666666666666666,"(9, 18, 72, 126)"
135,54,0.5,"(9, 18, 99, 126)"
135,54,0.5882352941176471,"(9, 27, 72, 81)"
135,54,0.6666666666666666,"(9, 27, 108, 126)"
135,54,0.5555555555555556,"(9, 36, 63, 72)"
135,54,0.5555555555555556,"(9, 36, 63, 99)"
135,54,0.8333333333333334,"(9, 36, 117, 126)"
135,54,0.8333333333333334,"(9, 45, 81, 108)"
135,54,0.5882352941176471,"(9, 54, 72, 81)"
135,54,0.8333333333333334,"(9, 63, 72, 90)"
135,54,0.6666666666666666,"(9, 63, 72, 117)"
135,54,0.5555555555555556,"(9, 63, 117, 126)"
135,54,0.5263157894736842,"(9, 72, 81, 108)"
135,54,0.5882352941176471,"(9, 90, 117, 126)"
135,54,0.7692307692307693,"(18, 27, 36, 54)"
135,54,0.7142857142857143,"(18, 27, 81, 90)"
135,54,0.6666666666666666,"(18, 36, 54, 81)"
135,54,0.45454545454545453,"(18, 36, 54, 108)"
135,54,0.5555555555555556,"(18, 36, 63, 117)"
135,54,0.625,"(18, 36, 72, 99)"
135,54,0.5263157894736842,"(18, 36, 90, 117)"
135,54,0.7142857142857143,"(18, 45, 99, 117)"
135,54,0.47619047619047616,"(18, 54, 81, 117)"
135,54,0.6666666666666666,"(18, 63, 72, 126)"
135,54,0.5882352941176471,"(18, 72, 99, 117)"
135,54,0.7692307692307693,"(18, 99, 117, 126)"
135,54,0.5882352941176471,"(27, 36, 45, 54)"
135,54,0.7142857142857143,"(27, 36, 72, 108)"
135,54,0.625,"(27, 36, 99, 108)"
135,54,0.625,"(27, 45, 63, 81)"
135,54,0.7692307692307693,"(27, 54, 63, 99)"
135,54,0.47619047619047616,"(27, 54, 63, 126)"
135,54,0.5555555555555556,"(27, 54, 90, 126)"
135,54,0.5555555555555556,"(27, 63, 81, 99)"
135,54,0.6666666666666666,"(27, 63, 99, 108)"
135,54,0.5263157894736842,"(27, 81, 99, 117)"
135,54,0.5263157894736842,"(27, 108, 117, 126)"
135,54,0.5555555555555556,"(36, 45, 72, 99)"
135,54,0.45454545454545453,"(36, 54, 72, 108)"
135,54,0.45454545454545453,"(36, 63, 90, 99)"
135,54,0.5555555555555556,"(36, 63, 99, 117)"
135,54,0.43478260869565216,"(36, 72, 81, 108)"
135,54,0.5882352941176471,"(36, 72, 99, 126)"
135,54,0.5882352941176471,"(45, 54, 108, 117)"
135,54,0.8333333333333334,"(45, 63, 72, 126)"
150,60,0.7692307692307693,"(5, 30, 55, 75)"
150,60,0.8333333333333334,"(5, 80, 100, 125)"
150,60,0.5263157894736842,"(10, 20, 30, 60)"
150,60,0.5,"(10, 20, 30, 90)"
150,60,0.6666666666666666,"(10, 20, 30, 120)"
150,60,0.625,"(10, 20, 40, 130)"
150,60,0.5882352941176471,"(10, 20, 50, 140)"
150,60,0.625,"(10, 20, 80, 140)"
150,60,0.7692307692307693,"(10, 20, 110, 140)"
150,60,0.8333333333333334,"(10, 25, 50, 85)"
150,60,0.7692307692307693,"(10, 30, 80, 90)"
150,60,0.625,"(10, 30, 120, 140)"
150,60,0.5882352941176471,"(10, 40, 70, 80)"
150,60,0.625,"(10, 40, 70, 110)"
150,60,0.7142857142857143,"(10, 40, 130, 140)"
150,60,0.7692307692307693,"(10, 50, 90, 120)"
150,60,0.6666666666666666,"(10, 60, 80, 90)"
150,60,0.5555555555555556,"(10, 70, 80, 100)"
150,60,0.6666666666666666,"(10, 70, 80, 130)"
150,60,0.5555555555555556,"(10, 70, 130, 140)"
150,60,0.8333333333333334,"(10, 75, 110, 135)"
150,60,0.5555555555555556,"(10, 80, 90, 120)"
150,60,0.625,"(10, 100, 130, 140)"
150,60,0.8333333333333334,"(15, 25, 90, 125)"
150,60,0.9090909090909091,"(15, 30, 45, 60)"
150,60,1,"(15, 30, 45, 135)"
150,60,1,"(15, 30, 60, 120)"
150,60,1,"(15, 30, 120, 135)"
150,60,0.9090909090909091,"(15, 40, 75, 140)"
150,60,1,"(15, 45, 60, 105)"
150,60,0.9090909090909091,"(15, 45, 105, 135)"
150,60,0.9090909090909091,"(15, 60, 105, 120)"
150,60,1,"(15, 105, 120, 135)"
150,60,0.625,"(20, 30, 40, 60)"
150,60,0.8333333333333334,"(20, 30, 90, 100)"
150,60,0.47619047619047616,"(20, 40, 60, 90)"
150,60,0.5263157894736842,"(20, 40, 60, 120)"
150,60,0.625,"(20, 40, 70, 130)"
150,60,0.47619047619047616,"(20, 40, 80, 110)"
150,60,0.7692307692307693,"(20, 40, 100, 130)"
150,60,0.8333333333333334,"(20, 45, 70, 75)"
150,60,0.8333333333333334,"(20, 50, 110, 130)"
150,60,0.5882352941176471,"(20, 60, 90, 130)"
150,60,0.6666666666666666,"(20, 70, 80, 140)"
150,60,0.7142857142857143,"(20, 80, 110, 130)"
150,60,0.7692307692307693,"(20, 95, 100, 125)"
150,60,0.5882352941176471,"(20, 110, 130, 140)"
150,60,1,"(25, 30, 105, 125)"
150,60,0.625,"(25, 40, 50, 115)"
150,60,0.9090909090909091,"(25, 45, 120, 125)"
165,66,0.6666666666666666,"(11, 22, 33, 66)"
165,66,0.5882352941176471,"(11, 22, 33, 99)"
165,66,0.7692307692307693,"(11, 22, 33, 132)"
165,66,0.47619047619047616,"(11, 22, 44, 143)"
165,66,0.5555555555555556,"(11, 22, 55, 154)"
165,66,0.7692307692307693,"(11, 22, 88, 154)"
165,66,0.5882352941176471,"(11, 22, 121, 154)"
165,66,0.8333333333333334,"(11, 33, 88, 99)"
165,66,0.6666666666666666,"(11, 33, 132, 154)"
165,66,0.7692307692307693,"(11, 44, 77, 88)"
165,66,0.8333333333333334,"(11, 44, 77, 121)"
165,66,0.7142857142857143,"(11, 44, 143, 154)"
165,66,0.9090909090909091,"(11, 55, 99, 132)"
165,66,0.625,"(11, 66, 88, 99)"
165,66,0.625,"(11, 77, 88, 110)"
165,66,0.625,"(11, 77, 88, 143)"
165,66,0.5882352941176471,"(11, 77, 143, 154)"
165,66,0.5263157894736842,"(11, 88, 99, 132)"
165,66,0.7692307692307693,"(11, 110, 143, 154)"
165,66,0.5555555555555556,"(22, 33, 44, 66)"
165,66,0.7142857142857143,"(22, 33, 99, 110)"
165,66,0.5882352941176471,"(22, 44, 66, 99)"
165,66,0.7142857142857143,"(22, 44, 66, 132)"
165,66,0.8333333333333334,"(22, 44, 77, 143)"
165,66,0.5263157894736842,"(22, 44, 88, 121)"
165,66,0.47619047619047616,"(22, 44, 110, 143)"
165,66,0.6666666666666666,"(22, 55, 121, 143)"
165,66,0.7142857142857143,"(22, 66, 99, 143)"
165,66,0.7692307692307693,"(22, 77, 88, 154)"
165,66,0.5555555555555556,"(22, 88, 121, 143)"
165,66,0.5555555555555556,"(22, 121, 143, 154)"
165,66,0.5263157894736842,"(33, 44, 55, 66)"
165,66,0.9090909090909091,"(33, 44, 88, 132)"
165,66,0.7142857142857143,"(33, 44, 121, 132)"
165,66,0.5263157894736842,"(33, 55, 77, 99)"
165,66,0.6666666666666666,"(33, 66, 77, 121)"
165,66,0.9090909090909091,"(33, 66, 77, 154)"
165,66,0.7692307692307693,"(33, 66, 110, 154)"
165,66,0.7692307692307693,"(33, 77, 99, 121)"
165,66,0.7142857142857143,"(33, 77, 121, 132)"
165,66,0.6666666666666666,"(33, 99, 121, 143)"
165,66,1,"(33, 132, 143, 154)"
165,66,0.9090909090909091,"(44, 55, 88, 121)"
165,66,0.7142857142857143,"(44, 66, 88, 132)"
165,66,0.7142857142857143,"(44, 77, 110, 121)"
165,66,0.625,"(44, 77, 121, 143)"
165,66,0.7142857142857143,"(44, 88, 99, 132)"
165,66,0.5555555555555556,"(44, 88, 121, 154)"
165,66,0.7692307692307693,"(55, 66, 132, 143)"
165,66,0.5882352941176471,"(55, 77, 88, 154)"
180,72,0.9090909090909091,"(6, 36, 66, 90)"
180,72,0.9090909090909091,"(6, 96, 120, 150)"
180,72,0.9090909090909091,"(12, 24, 36, 72)"
180,72,0.625,"(12, 24, 36, 108)"
180,72,1,"(12, 24, 36, 144)"
180,72,0.625,"(12, 24, 48, 156)"
180,72,0.9090909090909091,"(12, 24, 60, 168)"
180,72,0.625,"(12, 24, 96, 168)"
180,72,0.7142857142857143,"(12, 24, 132, 168)"
180,72,0.7692307692307693,"(12, 30, 60, 102)"
180,72,0.7692307692307693,"(12, 36, 96, 108)"
180,72,0.625,"(12, 36, 144, 168)"
180,72,0.5263157894736842,"(12, 48, 84, 96)"
180,72,1,"(12, 48, 84, 132)"
180,72,0.5555555555555556,"(12, 48, 156, 168)"
180,72,0.5882352941176471,"(12, 60, 108, 144)"
180,72,0.8333333333333334,"(12, 72, 96, 108)"
180,72,0.6666666666666666,"(12, 84, 96, 120)"
180,72,0.45454545454545453,"(12, 84, 96, 156)"
180,72,0.6666666666666666,"(12, 84, 156, 168)"
180,72,0.9090909090909091,"(12, 90, 132, 162)"
180,72,0.9090909090909091,"(12, 96, 108, 144)"
180,72,0.5263157894736842,"(12, 120, 156, 168)"
180,72,0.9090909090909091,"(18, 30, 108, 150)"
180,72,0.9090909090909091,"(18, 36, 54, 72)"
180,72,1,"(18, 36, 54, 162)"
180,72,1,"(18, 36, 72, 144)"
180,72,1,"(18, 36, 144, 162)"
180,72,1,"(18, 48, 90, 168)"
180,72,0.9090909090909091,"(18, 54, 72, 126)"
180,72,1,"(18, 54, 126, 162)"
180,72,0.9090909090909091,"(18, 72, 126, 144)"
180,72,1,"(18, 126, 144, 162)"
180,72,0.6666666666666666,"(24, 36, 48, 72)"
180,72,0.7142857142857143,"(24, 36, 108, 120)"
180,72,0.5882352941176471,"(24, 48, 72, 108)"
180,72,0.7692307692307693,"(24, 48, 72, 144)"
180,72,0.6666666666666666,"(24, 48, 84, 156)"
180,72,0.6666666666666666,"(24, 48, 96, 132)"
180,72,0.7692307692307693,"(24, 48, 120, 156)"
180,72,0.6666666666666666,"(24, 54, 84, 90)"
180,72,0.5555555555555556,"(24, 60, 132, 156)"
180,72,0.7142857142857143,"(24, 72, 108, 156)"
180,72,0.7692307692307693,"(24, 84, 96, 168)"
180,72,0.7692307692307693,"(24, 96, 132, 156)"
180,72,0.7142857142857143,"(24, 114, 120, 150)"
180,72,0.5555555555555556,"(24, 132, 156, 168)"
180,72,0.8333333333333334,"(30, 36, 126, 150)"
180,72,1,"(30, 48, 60, 138)"
180,72,0.9090909090909091,"(30, 54, 144, 150)"
195,78,0.8333333333333334,"(13, 26, 39, 78)"
195,78,0.7692307692307693,"(13, 26, 39, 117)"
195,78,0.5555555555555556,"(13, 26, 39, 156)"
195,78,0.9090909090909091,"(13, 26, 52, 169)"
195,78,0.7142857142857143,"(13, 26, 65, 182)"
195,78,0.9090909090909091,"(13, 26, 104, 182)"
195,78,0.7142857142857143,"(13, 26, 143, 182)"
195,78,0.8333333333333334,"(13, 39, 104, 117)"
195,78,0.8333333333333334,"(13, 39, 156, 182)"
195,78,0.5882352941176471,"(13, 52, 91, 104)"
195,78,0.7692307692307693,"(13, 52, 91, 143)"
195,78,0.47619047619047616,"(13, 52, 169, 182)"
195,78,0.8333333333333334,"(13, 65, 117, 156)"
195,78,0.7142857142857143,"(13, 78, 104, 117)"
195,78,0.625,"(13, 91, 104, 130)"
195,78,0.9090909090909091,"(13, 91, 104, 169)"
195,78,0.5,"(13, 91, 169, 182)"
195,78,0.8333333333333334,"(13, 104, 117, 156)"
195,78,0.7692307692307693,"(13, 130, 169, 182)"
195,78,0.5,"(26, 39, 52, 78)"
195,78,0.5555555555555556,"(26, 39, 117, 130)"
195,78,0.7692307692307693,"(26, 52, 78, 117)"
195,78,0.7692307692307693,"(26, 52, 78, 156)"
195,78,0.8333333333333334,"(26, 52, 91, 169)"
195,78,0.6666666666666666,"(26, 52, 104, 143)"
195,78,0.7692307692307693,"(26, 52, 130, 169)"
195,78,0.6666666666666666,"(26, 65, 143, 169)"
195,78,0.5882352941176471,"(26, 78, 117, 169)"
195,78,0.7142857142857143,"(26, 91, 104, 182)"
195,78,0.8333333333333334,"(26, 104, 143, 169)"
195,78,0.7142857142857143,"(26, 143, 169, 182)"
195,78,0.7142857142857143,"(39, 52, 65, 78)"
195,78,1,"(39, 52, 104, 156)"
195,78,0.9090909090909091,"(39, 52, 143, 156)"
195,78,0.9090909090909091,"(39, 65, 91, 117)"
195,78,0.625,"(39, 78, 91, 143)"
195,78,0.7692307692307693,"(39, 78, 91, 182)"
195,78,0.5555555555555556,"(39, 78, 130, 182)"
195,78,0.8333333333333334,"(39, 91, 117, 143)"
195,78,0.7692307692307693,"(39, 91, 143, 156)"
195,78,0.9090909090909091,"(39, 117, 143, 169)"
195,78,0.8333333333333334,"(39, 156, 169, 182)"
195,78,0.8333333333333334,"(52, 65, 104, 143)"
195,78,0.5263157894736842,"(52, 78, 104, 156)"
195,78,0.6666666666666666,"(52, 91, 130, 143)"
195,78,0.7692307692307693,"(52, 91, 143, 169)"
195,78,0.7142857142857143,"(52, 104, 117, 156)"
195,78,0.7692307692307693,"(52, 104, 143, 182)"
195,78,0.625,"(65, 78, 156, 169)"
195,78,0.6666666666666666,"(65, 91, 104, 182)"
210,84,0.9090909090909091,"(7, 42, 77, 105)"
210,84,1,"(7, 112, 140, 175)"
210,84,0.7142857142857143,"(14, 28, 42, 84)"
210,84,0.5555555555555556,"(14, 28, 42, 126)"
210,84,0.6666666666666666,"(14, 28, 42, 168)"
210,84,0.6666666666666666,"(14, 28, 56, 182)"
210,84,0.8333333333333334,"(14, 28, 70, 196)"
210,84,0.7142857142857143,"(14, 28, 112, 196)"
210,84,0.8333333333333334,"(14, 28, 154, 196)"
210,84,1,"(14, 35, 70, 119)"
210,84,0.7142857142857143,"(14, 42, 112, 126)"
210,84,0.7142857142857143,"(14, 42, 168, 196)"
210,84,0.625,"(14, 56, 98, 112)"
210,84,1,"(14, 56, 98, 154)"
210,84,0.7692307692307693,"(14, 56, 182, 196)"
210,84,0.6666666666666666,"(14, 70, 126, 168)"
210,84,0.7692307692307693,"(14, 84, 112, 126)"
210,84,0.7692307692307693,"(14, 98, 112, 140)"
210,84,0.625,"(14, 98, 112, 182)"
210,84,0.7142857142857143,"(14, 98, 182, 196)"
210,84,0.8333333333333334,"(14, 105, 154, 189)"
210,84,0.5555555555555556,"(14, 112, 126, 168)"
210,84,0.7692307692307693,"(14, 140, 182, 196)"
210,84,0.9090909090909091,"(21, 35, 126, 175)"
210,84,1,"(21, 42, 63, 84)"
210,84,1,"(21, 42, 63, 189)"
210,84,1,"(21, 42, 84, 168)"
210,84,1,"(21, 42, 168, 189)"
210,84,0.7142857142857143,"(21, 56, 105, 196)"
210,84,1,"(21, 63, 84, 147)"
210,84,1,"(21, 63, 147, 189)"
210,84,1,"(21, 84, 147, 168)"
210,84,1,"(21, 147, 168, 189)"
210,84,0.6666666666666666,"(28, 42, 56, 84)"
210,84,0.9090909090909091,"(28, 42, 126, 140)"
210,84,0.625,"(28, 56, 84, 126)"
210,84,0.7692307692307693,"(28, 56, 84, 168)"
210,84,0.8333333333333334,"(28, 56, 98, 182)"
210,84,0.7142857142857143,"(28, 56, 112, 154)"
210,84,0.6666666666666666,"(28, 56, 140, 182)"
210,84,0.9090909090909091,"(28, 63, 98, 105)"
210,84,0.7692307692307693,"(28, 70, 154, 182)"
210,84,0.7142857142857143,"(28, 84, 126, 182)"
210,84,1,"(28, 98, 112, 196)"
210,84,0.7692307692307693,"(28, 112, 154, 182)"
210,84,1,"(28, 133, 140, 175)"
210,84,0.6666666666666666,"(28, 154, 182, 196)"
210,84,0.8333333333333334,"(35, 42, 147, 175)"
210,84,0.9090909090909091,"(35, 56, 70, 161)"
210,84,0.7692307692307693,"(35, 63, 168, 175)"
225,90,0.8333333333333334,"(15, 30, 45, 90)"
225,90,0.7692307692307693,"(15, 30, 45, 135)"
225,90,0.7142857142857143,"(15, 30, 45, 180)"
225,90,0.5882352941176471,"(15, 30, 60, 195)"
225,90,0.8333333333333334,"(15, 30, 75, 210)"
225,90,0.7142857142857143,"(15, 30, 120, 210)"
225,90,0.5882352941176471,"(15, 30, 165, 210)"
225,90,0.5555555555555556,"(15, 45, 120, 135)"
225,90,0.6666666666666666,"(15, 45, 180, 210)"
225,90,0.7142857142857143,"(15, 60, 105, 120)"
225,90,0.625,"(15, 60, 105, 165)"
225,90,0.7142857142857143,"(15, 60, 195, 210)"
225,90,0.8333333333333334,"(15, 75, 135, 180)"
225,90,0.9090909090909091,"(15, 90, 120, 135)"
225,90,0.7142857142857143,"(15, 105, 120, 150)"
225,90,0.6666666666666666,"(15, 105, 120, 195)"
225,90,0.7142857142857143,"(15, 105, 195, 210)"
225,90,0.8333333333333334,"(15, 120, 135, 180)"
225,90,0.7142857142857143,"(15, 150, 195, 210)"
225,90,0.6666666666666666,"(30, 45, 60, 90)"
225,90,0.7692307692307693,"(30, 45, 135, 150)"
225,90,0.7692307692307693,"(30, 60, 90, 135)"
225,90,0.9090909090909091,"(30, 60, 90, 180)"
225,90,0.6666666666666666,"(30, 60, 105, 195)"
225,90,0.625,"(30, 60, 120, 165)"
225,90,0.625,"(30, 60, 150, 195)"
225,90,0.6666666666666666,"(30, 75, 165, 195)"
225,90,0.5882352941176471,"(30, 90, 135, 195)"
225,90,0.5882352941176471,"(30, 105, 120, 210)"
225,90,0.9090909090909091,"(30, 120, 165, 195)"
225,90,0.6666666666666666,"(30, 165, 195, 210)"
225,90,0.9090909090909091,"(45, 60, 75, 90)"
225,90,0.7692307692307693,"(45, 60, 120, 180)"
225,90,0.8333333333333334,"(45, 60, 165, 180)"
225,90,0.9090909090909091,"(45, 75, 105, 135)"
225,90,0.7692307692307693,"(45, 90, 105, 165)"
225,90,0.7692307692307693,"(45, 90, 105, 210)"
225,90,0.7692307692307693,"(45, 90, 150, 210)"
225,90,0.5263157894736842,"(45, 105, 135, 165)"
225,90,0.9090909090909091,"(45, 105, 165, 180)"
225,90,1,"(45, 135, 165, 195)"
225,90,0.8333333333333334,"(45, 180, 195, 210)"
225,90,0.7692307692307693,"(60, 75, 120, 165)"
225,90,0.8333333333333334,"(60, 90, 120, 180)"
225,90,0.9090909090909091,"(60, 105, 150, 165)"
225,90,0.7692307692307693,"(60, 105, 165, 195)"
225,90,0.7142857142857143,"(60, 120, 135, 180)"
225,90,0.8333333333333334,"(60, 120, 165, 210)"
225,90,0.9090909090909091,"(75, 90, 180, 195)"
225,90,0.6666666666666666,"(75, 105, 120, 210)"
240,96,1,"(8, 48, 88, 120)"
240,96,1,"(8, 128, 160, 200)"
240,96,0.9090909090909091,"(16, 32, 48, 96)"
240,96,0.625,"(16, 32, 48, 144)"
240,96,0.7142857142857143,"(16, 32, 48, 192)"
240,96,0.9090909090909091,"(16, 32, 64, 208)"
240,96,1,"(16, 32, 80, 224)"
240,96,0.5882352941176471,"(16, 32, 128, 224)"
240,96,0.7692307692307693,"(16, 32, 176, 224)"
240,96,0.9090909090909091,"(16, 40, 80, 136)"
240,96,0.7142857142857143,"(16, 48, 128, 144)"
240,96,1,"(16, 48, 192, 224)"
240,96,0.7692307692307693,"(16, 64, 112, 128)"
240,96,0.7692307692307693,"(16, 64, 112, 176)"
240,96,0.625,"(16, 64, 208, 224)"
240,96,0.9090909090909091,"(16, 80, 144, 192)"
240,96,0.7692307692307693,"(16, 96, 128, 144)"
240,96,0.7692307692307693,"(16, 112, 128, 160)"
240,96,0.9090909090909091,"(16, 112, 128, 208)"
240,96,0.8333333333333334,"(16, 112, 208, 224)"
240,96,0.9090909090909091,"(16, 120, 176, 216)"
240,96,0.8333333333333334,"(16, 128, 144, 192)"
240,96,0.9090909090909091,"(16, 160, 208, 224)"
240,96,1,"(24, 40, 144, 200)"
240,96,1,"(24, 48, 72, 96)"
240,96,1,"(24, 48, 72, 216)"
240,96,1,"(24, 48, 96, 192)"
240,96,1,"(24, 48, 192, 216)"
240,96,1,"(24, 64, 120, 224)"
240,96,1,"(24, 72, 96, 168)"
240,96,1,"(24, 72, 168, 216)"
240,96,1,"(24, 96, 168, 192)"
240,96,1,"(24, 168, 192, 216)"
240,96,0.8333333333333334,"(32, 48, 64, 96)"
240,96,0.7142857142857143,"(32, 48, 144, 160)"
240,96,0.7692307692307693,"(32, 64, 96, 144)"
240,96,0.6666666666666666,"(32, 64, 96, 192)"
240,96,0.8333333333333334,"(32, 64, 112, 208)"
240,96,0.7692307692307693,"(32, 64, 128, 176)"
240,96,0.8333333333333334,"(32, 64, 160, 208)"
240,96,0.8333333333333334,"(32, 72, 112, 120)"
240,96,0.9090909090909091,"(32, 80, 176, 208)"
240,96,0.9090909090909091,"(32, 96, 144, 208)"
240,96,0.7142857142857143,"(32, 112, 128, 224)"
240,96,0.7142857142857143,"(32, 128, 176, 208)"
240,96,0.8333333333333334,"(32, 152, 160, 200)"
240,96,0.7142857142857143,"(32, 176, 208, 224)"
240,96,0.9090909090909091,"(40, 48, 168, 200)"
240,96,0.9090909090909091,"(40, 64, 80, 184)"
240,96,0.9090909090909091,"(40, 72, 192, 200)"
255,102,0.7692307692307693,"(17, 34, 51, 102)"
255,102,0.8333333333333334,"(17, 34, 51, 153)"
255,102,0.7692307692307693,"(17, 34, 51, 204)"
255,102,0.8333333333333334,"(17, 34, 68, 221)"
255,102,1,"(17, 34, 85, 238)"
255,102,0.7692307692307693,"(17, 34, 136, 238)"
255,102,0.9090909090909091,"(17, 34, 187, 238)"
255,102,0.9090909090909091,"(17, 51, 136, 153)"
255,102,0.9090909090909091,"(17, 51, 204, 238)"
255,102,0.7142857142857143,"(17, 68, 119, 136)"
255,102,0.9090909090909091,"(17, 68, 119, 187)"
255,102,0.8333333333333334,"(17, 68, 221, 238)"
255,102,0.7692307692307693,"(17, 85, 153, 204)"
255,102,0.7692307692307693,"(17, 102, 136, 153)"
255,102,0.9090909090909091,"(17, 119, 136, 170)"
255,102,0.7142857142857143,"(17, 119, 136, 221)"
255,102,0.8333333333333334,"(17, 119, 221, 238)"
255,102,0.6666666666666666,"(17, 136, 153, 204)"
255,102,0.7142857142857143,"(17, 170, 221, 238)"
255,102,0.6666666666666666,"(34, 51, 68, 102)"
255,102,0.7142857142857143,"(34, 51, 153, 170)"
255,102,0.8333333333333334,"(34, 68, 102, 153)"
255,102,0.7692307692307693,"(34, 68, 102, 204)"
255,102,1,"(34, 68, 119, 221)"
255,102,0.9090909090909091,"(34, 68, 136, 187)"
255,102,0.9090909090909091,"(34, 68, 170, 221)"
255,102,0.9090909090909091,"(34, 85, 187, 221)"
255,102,0.9090909090909091,"(34, 102, 153, 221)"
255,102,0.7692307692307693,"(34, 119, 136, 238)"
255,102,0.7692307692307693,"(34, 136, 187, 221)"
255,102,0.7142857142857143,"(34, 187, 221, 238)"
255,102,0.7692307692307693,"(51, 68, 85, 102)"
255,102,0.9090909090909091,"(51, 68, 136, 204)"
255,102,0.9090909090909091,"(51, 68, 187, 204)"
255,102,0.7142857142857143,"(51, 85, 119, 153)"
255,102,0.5882352941176471,"(51, 102, 119, 187)"
255,102,0.7692307692307693,"(51, 102, 119, 238)"
255,102,0.7142857142857143,"(51, 102, 170, 238)"
255,102,0.7142857142857143,"(51, 119, 153, 187)"
255,102,0.7142857142857143,"(51, 119, 187, 204)"
255,102,0.9090909090909091,"(51, 153, 187, 221)"
255,102,0.9090909090909091,"(51, 204, 221, 238)"
255,102,1,"(68, 85, 136, 187)"
255,102,0.8333333333333334,"(68, 102, 136, 204)"
255,102,0.8333333333333334,"(68, 119, 170, 187)"
255,102,0.6666666666666666,"(68, 119, 187, 221)"
255,102,0.6666666666666666,"(68, 136, 153, 204)"
255,102,0.6666666666666666,"(68, 136, 187, 238)"
255,102,0.7692307692307693,"(85, 102, 204, 221)"
255,102,0.9090909090909091,"(85, 119, 136, 238)"
270,108,0.9090909090909091,"(9, 54, 99, 135)"
270,108,1,"(9, 144, 180, 225)"
270,108,0.7142857142857143,"(18, 36, 54, 108)"
270,108,1,"(18, 36, 54, 162)"
270,108,0.7142857142857143,"(18, 36, 54, 216)"
270,108,0.6666666666666666,"(18, 36, 72, 234)"
270,108,0.7142857142857143,"(18, 36, 90, 252)"
270,108,0.8333333333333334,"(18, 36, 144, 252)"
270,108,1,"(18, 36, 198, 252)"
270,108,1,"(18, 45, 90, 153)"
270,108,0.7692307692307693,"(18, 54, 144, 162)"
270,108,0.8333333333333334,"(18, 54, 216, 252)"
270,108,0.6666666666666666,"(18, 72, 126, 144)"
270,108,0.7142857142857143,"(18, 72, 126, 198)"
270,108,0.9090909090909091,"(18, 72, 234, 252)"
270,108,0.9090909090909091,"(18, 90, 162, 216)"
270,108,0.8333333333333334,"(18, 108, 144, 162)"
270,108,0.6666666666666666,"(18, 126, 144, 180)"
270,108,0.8333333333333334,"(18, 126, 144, 234)"
270,108,0.7142857142857143,"(18, 126, 234, 252)"
270,108,1,"(18, 135, 198, 243)"
270,108,0.7692307692307693,"(18, 144, 162, 216)"
270,108,1,"(18, 180, 234, 252)"
270,108,0.9090909090909091,"(27, 45, 162, 225)"
270,108,1,"(27, 54, 81, 108)"
270,108,1,"(27, 54, 81, 243)"
270,108,1,"(27, 54, 108, 216)"
270,108,1,"(27, 54, 216, 243)"
270,108,1,"(27, 72, 135, 252)"
270,108,1,"(27, 81, 108, 189)"
270,108,1,"(27, 81, 189, 243)"
270,108,1,"(27, 108, 189, 216)"
270,108,1,"(27, 189, 216, 243)"
270,108,0.7142857142857143,"(36, 54, 72, 108)"
270,108,0.9090909090909091,"(36, 54, 162, 180)"
270,108,0.8333333333333334,"(36, 72, 108, 162)"
270,108,0.8333333333333334,"(36, 72, 108, 216)"
270,108,0.8333333333333334,"(36, 72, 126, 234)"
270,108,0.7142857142857143,"(36, 72, 144, 198)"
270,108,1,"(36, 72, 180, 234)"
270,108,1,"(36, 81, 126, 135)"
270,108,0.9090909090909091,"(36, 90, 198, 234)"
270,108,0.8333333333333334,"(36, 108, 162, 234)"
270,108,0.9090909090909091,"(36, 126, 144, 252)"
270,108,1,"(36, 144, 198, 234)"
270,108,1,"(36, 171, 180, 225)"
270,108,0.625,"(36, 198, 234, 252)"
270,108,1,"(45, 54, 189, 225)"
270,108,0.9090909090909091,"(45, 72, 90, 207)"
270,108,0.9090909090909091,"(45, 81, 216, 225)"
285,114,1,"(19, 38, 57, 114)"
285,114,0.7692307692307693,"(19, 38, 57, 171)"
285,114,0.9090909090909091,"(19, 38, 57, 228)"
285,114,1,"(19, 38, 76, 247)"
285,114,0.6666666666666666,"(19, 38, 95, 266)"
285,114,0.9090909090909091,"(19, 38, 152, 266)"
285,114,0.8333333333333334,"(19, 38, 209, 266)"
285,114,0.7142857142857143,"(19, 57, 152, 171)"
285,114,0.7692307692307693,"(19, 57, 228, 266)"
285,114,0.7692307692307693,"(19, 76, 133, 152)"
285,114,0.9090909090909091,"(19, 76, 133, 209)"
285,114,0.9090909090909091,"(19, 76, 247, 266)"
285,114,0.625,"(19, 95, 171, 228)"
285,114,1,"(19, 114, 152, 171)"
285,114,1,"(19, 133, 152, 190)"
285,114,0.9090909090909091,"(19, 133, 152, 247)"
285,114,1,"(19, 133, 247, 266)"
285,114,0.9090909090909091,"(19, 152, 171, 228)"
285,114,0.8333333333333334,"(19, 190, 247, 266)"
285,114,0.9090909090909091,"(38, 57, 76, 114)"
285,114,0.6666666666666666,"(38, 57, 171, 190)"
285,114,0.9090909090909091,"(38, 76, 114, 171)"
285,114,0.9090909090909091,"(38, 76, 114, 228)"
285,114,0.7692307692307693,"(38, 76, 133, 247)"
285,114,0.7142857142857143,"(38, 76, 152, 209)"
285,114,0.9090909090909091,"(38, 76, 190, 247)"
285,114,1,"(38, 95, 209, 247)"
285,114,0.9090909090909091,"(38, 114, 171, 247)"
285,114,0.625,"(38, 133, 152, 266)"
285,114,0.8333333333333334,"(38, 152, 209, 247)"
285,114,0.7692307692307693,"(38, 209, 247, 266)"
285,114,0.9090909090909091,"(57, 76, 95, 114)"
285,114,1,"(57, 76, 152, 228)"
285,114,1,"(57, 76, 209, 228)"
285,114,1,"(57, 95, 133, 171)"
285,114,0.8333333333333334,"(57, 114, 133, 209)"
285,114,0.8333333333333334,"(57, 114, 133, 266)"
285,114,0.9090909090909091,"(57, 114, 190, 266)"
285,114,0.7692307692307693,"(57, 133, 171, 209)"
285,114,0.9090909090909091,"(57, 133, 209, 228)"
285,114,0.8333333333333334,"(57, 171, 209, 247)"
285,114,0.8333333333333334,"(57, 228, 247, 266)"
285,114,0.9090909090909091,"(76, 95, 152, 209)"
285,114,0.7142857142857143,"(76, 114, 152, 228)"
285,114,1,"(76, 133, 190, 209)"
285,114,1,"(76, 133, 209, 247)"
285,114,0.7692307692307693,"(76, 152, 171, 228)"
285,114,1,"(76, 152, 209, 266)"
285,114,0.7692307692307693,"(95, 114, 228, 247)"
285,114,0.8333333333333334,"(95, 133, 152, 266)"
300,120,1,"(10, 60, 110, 150)"
300,120,1,"(10, 160, 200, 250)"
300,120,0.8333333333333334,"(20, 40, 60, 120)"
300,120,0.8333333333333334,"(20, 40, 60, 180)"
300,120,0.8333333333333334,"(20, 40, 60, 240)"
300,120,0.9090909090909091,"(20, 40, 80, 260)"
300,120,0.9090909090909091,"(20, 40, 100, 280)"
300,120,0.7142857142857143,"(20, 40, 160, 280)"
300,120,0.7692307692307693,"(20, 40, 220, 280)"
300,120,1,"(20, 50, 100, 170)"
300,120,0.8333333333333334,"(20, 60, 160, 180)"
300,120,0.6666666666666666,"(20, 60, 240, 280)"
300,120,0.8333333333333334,"(20, 80, 140, 160)"
300,120,0.7692307692307693,"(20, 80, 140, 220)"
300,120,0.7692307692307693,"(20, 80, 260, 280)"
300,120,0.7142857142857143,"(20, 100, 180, 240)"
300,120,0.8333333333333334,"(20, 120, 160, 180)"
300,120,0.7692307692307693,"(20, 140, 160, 200)"
300,120,1,"(20, 140, 160, 260)"
300,120,0.7692307692307693,"(20, 140, 260, 280)"
300,120,1,"(20, 150, 220, 270)"
300,120,0.9090909090909091,"(20, 160, 180, 240)"
300,120,0.9090909090909091,"(20, 200, 260, 280)"
300,120,0.9090909090909091,"(30, 50, 180, 250)"
300,120,1,"(30, 60, 90, 120)"
300,120,1,"(30, 60, 90, 270)"
300,120,1,"(30, 60, 120, 240)"
300,120,1,"(30, 60, 240, 270)"
300,120,0.9090909090909091,"(30, 80, 150, 280)"
300,120,0.9090909090909091,"(30, 90, 120, 210)"
300,120,1,"(30, 90, 210, 270)"
300,120,1,"(30, 120, 210, 240)"
300,120,1,"(30, 210, 240, 270)"
300,120,0.9090909090909091,"(40, 60, 80, 120)"
300,120,0.8333333333333334,"(40, 60, 180, 200)"
300,120,0.7692307692307693,"(40, 80, 120, 180)"
300,120,0.7142857142857143,"(40, 80, 120, 240)"
300,120,0.7142857142857143,"(40, 80, 140, 260)"
300,120,0.8333333333333334,"(40, 80, 160, 220)"
300,120,0.7692307692307693,"(40, 80, 200, 260)"
300,120,1,"(40, 90, 140, 150)"
300,120,1,"(40, 100, 220, 260)"
300,120,0.7142857142857143,"(40, 120, 180, 260)"
300,120,1,"(40, 140, 160, 280)"
300,120,0.9090909090909091,"(40, 160, 220, 260)"
300,120,1,"(40, 190, 200, 250)"
300,120,0.8333333333333334,"(40, 220, 260, 280)"
300,120,1,"(50, 60, 210, 250)"
300,120,1,"(50, 80, 100, 230)"
300,120,0.8333333333333334,"(50, 90, 240, 250)"
315,126,1,"(21, 42, 63, 126)"
315,126,1,"(21, 42, 63, 189)"
315,126,0.9090909090909091,"(21, 42, 63, 252)"
315,126,0.8333333333333334,"(21, 42, 84, 273)"
315,126,0.9090909090909091,"(21, 42, 105, 294)"
315,126,1,"(21, 42, 168, 294)"
315,126,0.9090909090909091,"(21, 42, 231, 294)"
315,126,0.9090909090909091,"(21, 63, 168, 189)"
315,126,1,"(21, 63, 252, 294)"
315,126,0.8333333333333334,"(21, 84, 147, 168)"
315,126,0.8333333333333334,"(21, 84, 147, 231)"
315,126,0.8333333333333334,"(21, 84, 273, 294)"
315,126,0.7692307692307693,"(21, 105, 189, 252)"
315,126,0.7142857142857143,"(21, 126, 168, 189)"
315,126,0.7692307692307693,"(21, 147, 168, 210)"
315,126,0.9090909090909091,"(21, 147, 168, 273)"
315,126,1,"(21, 147, 273, 294)"
315,126,1,"(21, 168, 189, 252)"
315,126,0.7692307692307693,"(21, 210, 273, 294)"
315,126,1,"(42, 63, 84, 126)"
315,126,0.9090909090909091,"(42, 63, 189, 210)"
315,126,0.8333333333333334,"(42, 84, 126, 189)"
315,126,1,"(42, 84, 126, 252)"
315,126,0.7692307692307693,"(42, 84, 147, 273)"
315,126,0.9090909090909091,"(42, 84, 168, 231)"
315,126,0.9090909090909091,"(42, 84, 210, 273)"
315,126,1,"(42, 105, 231, 273)"
315,126,0.7692307692307693,"(42, 126, 189, 273)"
315,126,0.7142857142857143,"(42, 147, 168, 294)"
315,126,1,"(42, 168, 231, 273)"
315,126,1,"(42, 231, 273, 294)"
315,126,1,"(63, 84, 105, 126)"
315,126,0.7692307692307693,"(63, 84, 168, 252)"
315,126,1,"(63, 84, 231, 252)"
315,126,0.6666666666666666,"(63, 105, 147, 189)"
315,126,1,"(63, 126, 147, 231)"
315,126,0.7692307692307693,"(63, 126, 147, 294)"
315,126,0.9090909090909091,"(63, 126, 210, 294)"
315,126,0.8333333333333334,"(63, 147, 189, 231)"
315,126,1,"(63, 147, 231, 252)"
315,126,0.9090909090909091,"(63, 189, 231, 273)"
315,126,1,"(63, 252, 273, 294)"
315,126,1,"(84, 105, 168, 231)"
315,126,0.8333333333333334,"(84, 126, 168, 252)"
315,126,1,"(84, 147, 210, 231)"
315,126,0.7692307692307693,"(84, 147, 231, 273)"
315,126,1,"(84, 168, 189, 252)"
315,126,0.9090909090909091,"(84, 168, 231, 294)"
315,126,0.9090909090909091,"(105, 126, 252, 273)"
315,126,0.9090909090909091,"(105, 147, 168, 294)"
330,132,0.8333333333333334,"(11, 66, 121, 165)"
330,132,1,"(11, 176, 220, 275)"
330,132,0.9090909090909091,"(22, 44, 66, 132)"
330,132,1,"(22, 44, 66, 198)"
330,132,1,"(22, 44, 66, 264)"
330,132,0.9090909090909091,"(22, 44, 88, 286)"
330,132,0.7692307692307693,"(22, 44, 110, 308)"
330,132,0.7692307692307693,"(22, 44, 176, 308)"
330,132,0.8333333333333334,"(22, 44, 242, 308)"
330,132,1,"(22, 55, 110, 187)"
330,132,0.9090909090909091,"(22, 66, 176, 198)"
330,132,0.9090909090909091,"(22, 66, 264, 308)"
330,132,1,"(22, 88, 154, 176)"
330,132,0.7142857142857143,"(22, 88, 154, 242)"
330,132,0.8333333333333334,"(22, 88, 286, 308)"
330,132,0.8333333333333334,"(22, 110, 198, 264)"
330,132,0.9090909090909091,"(22, 132, 176, 198)"
330,132,0.7692307692307693,"(22, 154, 176, 220)"
330,132,0.9090909090909091,"(22, 154, 176, 286)"
330,132,0.7692307692307693,"(22, 154, 286, 308)"
330,132,1,"(22, 165, 242, 297)"
330,132,0.9090909090909091,"(22, 176, 198, 264)"
330,132,1,"(22, 220, 286, 308)"
330,132,0.9090909090909091,"(33, 55, 198, 275)"
330,132,1,"(33, 66, 99, 132)"
330,132,1,"(33, 66, 99, 297)"
330,132,1,"(33, 66, 132, 264)"
330,132,1,"(33, 66, 264, 297)"
330,132,1,"(33, 88, 165, 308)"
330,132,1,"(33, 99, 132, 231)"
330,132,1,"(33, 99, 231, 297)"
330,132,1,"(33, 132, 231, 264)"
330,132,1,"(33, 231, 264, 297)"
330,132,0.9090909090909091,"(44, 66, 88, 132)"
330,132,0.8333333333333334,"(44, 66, 198, 220)"
330,132,0.9090909090909091,"(44, 88, 132, 198)"
330,132,0.9090909090909091,"(44, 88, 132, 264)"
330,132,1,"(44, 88, 154, 286)"
330,132,1,"(44, 88, 176, 242)"
330,132,1,"(44, 88, 220, 286)"
330,132,1,"(44, 99, 154, 165)"
330,132,0.8333333333333334,"(44, 110, 242, 286)"
330,132,0.7142857142857143,"(44, 132, 198, 286)"
330,132,0.9090909090909091,"(44, 154, 176, 308)"
330,132,0.8333333333333334,"(44, 176, 242, 286)"
330,132,1,"(44, 209, 220, 275)"
330,132,0.7142857142857143,"(44, 242, 286, 308)"
330,132,1,"(55, 66, 231, 275)"
330,132,1,"(55, 88, 110, 253)"
330,132,1,"(55, 99, 264, 275)"
345,138,0.8333333333333334,"(23, 46, 69, 138)"
345,138,0.8333333333333334,"(23, 46, 69, 207)"
345,138,0.9090909090909091,"(23, 46, 69, 276)"
345,138,0.8333333333333334,"(23, 46, 92, 299)"
345,138,1,"(23, 46, 115, 322)"
345,138,0.8333333333333334,"(23, 46, 184, 322)"
345,138,0.8333333333333334,"(23, 46, 253, 322)"
345,138,0.9090909090909091,"(23, 69, 184, 207)"
345,138,0.9090909090909091,"(23, 69, 276, 322)"
345,138,0.8333333333333334,"(23, 92, 161, 184)"
345,138,1,"(23, 92, 161, 253)"
345,138,1,"(23, 92, 299, 322)"
345,138,0.9090909090909091,"(23, 115, 207, 276)"
345,138,0.9090909090909091,"(23, 138, 184, 207)"
345,138,0.9090909090909091,"(23, 161, 184, 230)"
345,138,0.9090909090909091,"(23, 161, 184, 299)"
345,138,0.7692307692307693,"(23, 161, 299, 322)"
345,138,0.9090909090909091,"(23, 184, 207, 276)"
345,138,0.9090909090909091,"(23, 230, 299, 322)"
