9,2,0.056818181818181816,31
9,2,0.08928571428571429,31
9,2,0.031545741324921134,30
9,2,0.04291845493562232,28
9,2,0.03968253968253968,30
9,2,0.03745318352059925,28
9,2,0.022779043280182234,30
9,2,0.038314176245210725,28
9,2,0.04878048780487805,34
9,2,0.033444816053511704,30
9,2,0.050505050505050504,30
9,2,0.0234192037470726,31
9,2,0.05649717514124294,28
9,2,0.04032258064516129,31
9,2,0.08,30
9,2,0.02481389578163772,30
14,3,0.022779043280182234,50
14,3,0.023094688221709007,89
14,3,0.03058103975535168,47
14,3,0.01615508885298869,52
14,3,0.03367003367003367,50
14,3,0.028169014084507043,47
14,3,0.025974025974025976,79
14,3,0.024630541871921183,80
14,3,0.028089887640449437,82
14,3,0.027700831024930747,56
14,3,0.011627906976744186,55
14,3,0.03257328990228013,59
14,3,0.02824858757062147,47
14,3,0.03759398496240601,47
14,3,0.03134796238244514,89
14,3,0.026455026455026454,89
15,4,0.1724137931034483,66
15,4,0.06944444444444445,67
15,4,0.0625,91
15,4,0.12195121951219512,67
15,4,0.16393442622950818,34
15,4,0.034129692832764506,54
15,4,0.03937007874015748,55
15,4,0.03460207612456748,91
15,4,0.043478260869565216,56
15,4,0.16129032258064516,38
15,4,0.04184100418410042,56
15,4,0.05263157894736842,86
15,4,0.09523809523809523,36
15,4,0.04926108374384237,59
15,4,0.0970873786407767,65
15,4,0.07575757575757576,58
21,5,0.02403846153846154,159
21,5,0.018867924528301886,109
21,5,0.027247956403269755,153
21,5,0.018281535648994516,111
21,5,0.023474178403755867,167
21,5,0.020080321285140562,108
21,5,0.022123893805309734,116
21,5,0.026595744680851064,112
21,5,0.019762845849802372,117
21,5,0.01773049645390071,112
21,5,0.01838235294117647,165
21,5,0.010905125408942203,142
21,5,0.013458950201884253,119
21,5,0.02004008016032064,117
21,5,0.019801980198019802,108
21,5,0.014903129657228018,152
42,11,0.06666666666666667,425
42,11,0.034482758620689655,421
42,11,0.04032258064516129,523
42,11,0.026595744680851064,452
42,11,0.06578947368421052,428
42,11,0.04807692307692308,437
42,11,0.027548209366391185,430
45,8,0.005977286312014346,582
45,8,0.005425935973955507,635
45,8,0.004539264639128461,464
45,8,0.0019413706076490001,568
45,8,0.005414185165132647,446
45,8,0.001877581674802854,601
45,8,0.004935834155972359,518
45,8,0.0026130128037627383,378
45,8,0.004246284501061571,660
45,8,0.003244646333549643,456
45,8,0.004081632653061225,472
45,8,0.004803073967339097,235
45,8,0.0047169811320754715,531
45,8,0.005336179295624333,284
45,8,0.008873114463176575,373
45,8,0.00257201646090535,448
51,10,0.0001915305203884239,453
51,10,0.00021275690396153356,648
51,10,0.00024037883704718636,417
51,10,0.00024339190965292314,538
51,10,0.0002337267734018932,884
51,10,0.00039234149403640927,318
51,10,0.0001930054813556705,343
51,10,0.00011880576445569139,455
51,10,0.00018338865557776597,481
51,10,0.0002290058854512561,422
51,10,0.00022728305832083275,330
51,10,0.0002462811545660526,620
51,10,0.0004029171199484266,672
51,10,0.00017495669821719124,646
51,10,0.00033885669750262614,473
51,10,0.00028494087476848553,629
62,15,0.008116883116883116,769
62,15,0.01721170395869191,741
62,15,0.011428571428571429,716
62,15,0.01968503937007874,917
62,15,0.00855431993156544,1136
62,15,0.016638935108153077,694
