17,8,0.625,9 2  1 0 0 1 1 1 0 0 1,"[0, 1, 4, 13, 16]"
17,8,0.47619047619047616,9 2  1 0 0 1 1 1 0 0 1,"[0, 1, 2, 5, 14]"
17,8,0.425531914893617,9 2  1 1 1 0 1 0 1 1 1,"[0, 1, 4, 5, 11]"
17,8,0.4,9 2  1 0 0 1 1 1 0 0 1,"[0, 1, 7, 9, 11]"
17,8,0.5714285714285714,9 2  1 1 1 0 1 0 1 1 1,"[0, 2, 5, 8, 10]"
17,8,0.37037037037037035,9 2  1 0 0 1 1 1 0 0 1,"[0, 2, 4, 10, 11]"
17,8,0.46511627906976744,9 2  1 0 0 1 1 1 0 0 1,"[0, 2, 8, 9, 15]"
17,8,0.2898550724637681,9 2  1 1 1 0 1 0 1 1 1,"[0, 1, 7, 13, 14]"
17,8,0.45454545454545453,9 2  1 1 1 0 1 0 1 1 1,"[0, 3, 4, 10, 16]"
17,8,0.40816326530612246,9 2  1 1 1 0 1 0 1 1 1,"[0, 2, 9, 11, 14]"
34,16,0.6896551724137931,17 2  1 0 0 0 0 0 1 0 1 0 1 0 0 0 0 0 1,"[0, 2, 4, 10, 28]"
34,16,0.7407407407407407,17 2  1 0 1 0 1 0 0 0 1 0 0 0 1 0 1 0 1,"[0, 2, 8, 10, 22]"
34,16,0.6451612903225806,17 2  1 0 0 0 0 0 1 0 1 0 1 0 0 0 0 0 1,"[0, 2, 8, 26, 32]"
34,16,0.6060606060606061,17 2  1 0 0 0 0 0 1 0 1 0 1 0 0 0 0 0 1,"[0, 2, 14, 18, 22]"
34,16,0.6060606060606061,17 2  1 0 1 0 1 0 0 0 1 0 0 0 1 0 1 0 1,"[0, 2, 14, 26, 28]"
34,16,0.7407407407407407,17 2  1 0 0 0 0 0 1 0 1 0 1 0 0 0 0 0 1,"[0, 4, 8, 20, 22]"
34,16,0.625,17 2  1 0 1 0 1 0 0 0 1 0 0 0 1 0 1 0 1,"[0, 4, 10, 16, 20]"
34,16,0.5882352941176471,17 2  1 0 0 0 0 0 1 0 1 0 1 0 0 0 0 0 1,"[0, 4, 16, 18, 30]"
34,16,0.6060606060606061,17 2  1 0 1 0 1 0 0 0 1 0 0 0 1 0 1 0 1,"[0, 4, 18, 22, 28]"
34,16,0.7142857142857143,17 2  1 0 1 0 1 0 0 0 1 0 0 0 1 0 1 0 1,"[0, 6, 8, 20, 32]"
51,24,0.8,25 2  1 0 0 0 0 0 0 0 0 1 0 0 1 0 0 1 0 0 0 0 0 0 0 0 1,"[0, 3, 6, 15, 42]"
51,24,0.8333333333333334,25 2  1 0 0 1 0 0 1 0 0 0 0 0 1 0 0 0 0 0 1 0 0 1 0 0 1,"[0, 3, 12, 15, 33]"
51,24,0.6896551724137931,25 2  1 0 0 0 0 0 0 0 0 1 0 0 1 0 0 1 0 0 0 0 0 0 0 0 1,"[0, 3, 12, 39, 48]"
51,24,0.7692307692307693,25 2  1 0 0 0 0 0 0 0 0 1 0 0 1 0 0 1 0 0 0 0 0 0 0 0 1,"[0, 3, 21, 27, 33]"
51,24,0.6666666666666666,25 2  1 0 0 1 0 0 1 0 0 0 0 0 1 0 0 0 0 0 1 0 0 1 0 0 1,"[0, 3, 21, 39, 42]"
51,24,0.7407407407407407,25 2  1 0 0 0 0 0 0 0 0 1 0 0 1 0 0 1 0 0 0 0 0 0 0 0 1,"[0, 6, 12, 30, 33]"
51,24,0.6896551724137931,25 2  1 0 0 1 0 0 1 0 0 0 0 0 1 0 0 0 0 0 1 0 0 1 0 0 1,"[0, 6, 15, 24, 30]"
51,24,0.8695652173913043,25 2  1 0 0 0 0 0 0 0 0 1 0 0 1 0 0 1 0 0 0 0 0 0 0 0 1,"[0, 6, 24, 27, 45]"
51,24,0.8,25 2  1 0 0 1 0 0 1 0 0 0 0 0 1 0 0 0 0 0 1 0 0 1 0 0 1,"[0, 6, 27, 33, 42]"
51,24,0.8333333333333334,25 2  1 0 0 1 0 0 1 0 0 0 0 0 1 0 0 0 0 0 1 0 0 1 0 0 1,"[0, 9, 12, 30, 48]"
68,32,0.9523809523809523,33 2  1 0 0 0 0 0 0 0 0 0 0 0 1 0 0 0 1 0 0 0 1 0 0 0 0 0 0 0 0 0 0 0 1,"[0, 4, 8, 20, 56]"
68,32,0.8333333333333334,33 2  1 0 0 0 1 0 0 0 1 0 0 0 0 0 0 0 1 0 0 0 0 0 0 0 1 0 0 0 1 0 0 0 1,"[0, 4, 16, 20, 44]"
68,32,0.9523809523809523,33 2  1 0 0 0 0 0 0 0 0 0 0 0 1 0 0 0 1 0 0 0 1 0 0 0 0 0 0 0 0 0 0 0 1,"[0, 4, 16, 52, 64]"
68,32,0.8,33 2  1 0 0 0 0 0 0 0 0 0 0 0 1 0 0 0 1 0 0 0 1 0 0 0 0 0 0 0 0 0 0 0 1,"[0, 4, 28, 36, 44]"
68,32,0.9523809523809523,33 2  1 0 0 0 1 0 0 0 1 0 0 0 0 0 0 0 1 0 0 0 0 0 0 0 1 0 0 0 1 0 0 0 1,"[0, 4, 28, 52, 56]"
68,32,0.9090909090909091,33 2  1 0 0 0 0 0 0 0 0 0 0 0 1 0 0 0 1 0 0 0 1 0 0 0 0 0 0 0 0 0 0 0 1,"[0, 8, 16, 40, 44]"
68,32,0.9090909090909091,33 2  1 0 0 0 1 0 0 0 1 0 0 0 0 0 0 0 1 0 0 0 0 0 0 0 1 0 0 0 1 0 0 0 1,"[0, 8, 20, 32, 40]"
68,32,1,33 2  1 0 0 0 0 0 0 0 0 0 0 0 1 0 0 0 1 0 0 0 1 0 0 0 0 0 0 0 0 0 0 0 1,"[0, 8, 32, 36, 60]"
68,32,0.9523809523809523,33 2  1 0 0 0 1 0 0 0 1 0 0 0 0 0 0 0 1 0 0 0 0 0 0 0 1 0 0 0 1 0 0 0 1,"[0, 8, 36, 44, 56]"
68,32,0.8333333333333334,33 2  1 0 0 0 1 0 0 0 1 0 0 0 0 0 0 0 1 0 0 0 0 0 0 0 1 0 0 0 1 0 0 0 1,"[0, 12, 16, 40, 64]"
85,40,0.8695652173913043,41 2  1 0 0 0 0 0 0 0 0 0 0 0 0 0 0 1 0 0 0 0 1 0 0 0 0 1 0 0 0 0 0 0 0 0 0 0 0 0 0 0 1,"[0, 5, 10, 25, 70]"
85,40,0.8695652173913043,41 2  1 0 0 0 0 1 0 0 0 0 1 0 0 0 0 0 0 0 0 0 1 0 0 0 0 0 0 0 0 0 1 0 0 0 0 1 0 0 0 0 1,"[0, 5, 20, 25, 55]"
85,40,0.9523809523809523,41 2  1 0 0 0 0 0 0 0 0 0 0 0 0 0 0 1 0 0 0 0 1 0 0 0 0 1 0 0 0 0 0 0 0 0 0 0 0 0 0 0 1,"[0, 5, 20, 65, 80]"
85,40,0.9523809523809523,41 2  1 0 0 0 0 0 0 0 0 0 0 0 0 0 0 1 0 0 0 0 1 0 0 0 0 1 0 0 0 0 0 0 0 0 0 0 0 0 0 0 1,"[0, 5, 35, 45, 55]"
85,40,0.9090909090909091,41 2  1 0 0 0 0 1 0 0 0 0 1 0 0 0 0 0 0 0 0 0 1 0 0 0 0 0 0 0 0 0 1 0 0 0 0 1 0 0 0 0 1,"[0, 5, 35, 65, 70]"
85,40,0.9523809523809523,41 2  1 0 0 0 0 0 0 0 0 0 0 0 0 0 0 1 0 0 0 0 1 0 0 0 0 1 0 0 0 0 0 0 0 0 0 0 0 0 0 0 1,"[0, 10, 20, 50, 55]"
85,40,0.9090909090909091,41 2  1 0 0 0 0 1 0 0 0 0 1 0 0 0 0 0 0 0 0 0 1 0 0 0 0 0 0 0 0 0 1 0 0 0 0 1 0 0 0 0 1,"[0, 10, 25, 40, 50]"
85,40,1,41 2  1 0 0 0 0 0 0 0 0 0 0 0 0 0 0 1 0 0 0 0 1 0 0 0 0 1 0 0 0 0 0 0 0 0 0 0 0 0 0 0 1,"[0, 10, 40, 45, 75]"
85,40,0.9090909090909091,41 2  1 0 0 0 0 1 0 0 0 0 1 0 0 0 0 0 0 0 0 0 1 0 0 0 0 0 0 0 0 0 1 0 0 0 0 1 0 0 0 0 1,"[0, 10, 45, 55, 70]"
85,40,0.8333333333333334,41 2  1 0 0 0 0 1 0 0 0 0 1 0 0 0 0 0 0 0 0 0 1 0 0 0 0 0 0 0 0 0 1 0 0 0 0 1 0 0 0 0 1,"[0, 15, 20, 50, 80]"
102,48,1,49 2  1 0 0 0 0 0 0 0 0 0 0 0 0 0 0 0 0 0 1 0 0 0 0 0 1 0 0 0 0 0 1 0 0 0 0 0 0 0 0 0 0 0 0 0 0 0 0 0 1,"[0, 6, 12, 30, 84]"
102,48,1,49 2  1 0 0 0 0 0 1 0 0 0 0 0 1 0 0 0 0 0 0 0 0 0 0 0 1 0 0 0 0 0 0 0 0 0 0 0 1 0 0 0 0 0 1 0 0 0 0 0 1,"[0, 6, 24, 30, 66]"
102,48,0.9523809523809523,49 2  1 0 0 0 0 0 0 0 0 0 0 0 0 0 0 0 0 0 1 0 0 0 0 0 1 0 0 0 0 0 1 0 0 0 0 0 0 0 0 0 0 0 0 0 0 0 0 0 1,"[0, 6, 24, 78, 96]"
102,48,0.9523809523809523,49 2  1 0 0 0 0 0 0 0 0 0 0 0 0 0 0 0 0 0 1 0 0 0 0 0 1 0 0 0 0 0 1 0 0 0 0 0 0 0 0 0 0 0 0 0 0 0 0 0 1,"[0, 6, 42, 54, 66]"
102,48,1,49 2  1 0 0 0 0 0 1 0 0 0 0 0 1 0 0 0 0 0 0 0 0 0 0 0 1 0 0 0 0 0 0 0 0 0 0 0 1 0 0 0 0 0 1 0 0 0 0 0 1,"[0, 6, 42, 78, 84]"
102,48,0.9523809523809523,49 2  1 0 0 0 0 0 0 0 0 0 0 0 0 0 0 0 0 0 1 0 0 0 0 0 1 0 0 0 0 0 1 0 0 0 0 0 0 0 0 0 0 0 0 0 0 0 0 0 1,"[0, 12, 24, 60, 66]"
102,48,1,49 2  1 0 0 0 0 0 1 0 0 0 0 0 1 0 0 0 0 0 0 0 0 0 0 0 1 0 0 0 0 0 0 0 0 0 0 0 1 0 0 0 0 0 1 0 0 0 0 0 1,"[0, 12, 30, 48, 60]"
102,48,0.9090909090909091,49 2  1 0 0 0 0 0 0 0 0 0 0 0 0 0 0 0 0 0 1 0 0 0 0 0 1 0 0 0 0 0 1 0 0 0 0 0 0 0 0 0 0 0 0 0 0 0 0 0 1,"[0, 12, 48, 54, 90]"
102,48,0.9523809523809523,49 2  1 0 0 0 0 0 1 0 0 0 0 0 1 0 0 0 0 0 0 0 0 0 0 0 1 0 0 0 0 0 0 0 0 0 0 0 1 0 0 0 0 0 1 0 0 0 0 0 1,"[0, 12, 54, 66, 84]"
