12,2,36,3 2  1 1 1
12,2,53,3 2  1 1 1
12,2,34,3 2  1 1 1
12,2,62,3 2  1 1 1
12,2,45,3 2  1 1 1
24,4,125,5 2  1 0 1 0 1
36,6,171,7 2  1 1 0 1 0 1 1
24,4,139,5 2  1 0 1 0 1
24,4,147,5 2  1 0 1 0 1
24,4,185,5 2  1 0 1 0 1
36,6,319,7 2  1 1 0 1 0 1 1
24,4,151,5 2  1 0 1 0 1
36,6,240,7 2  1 1 0 1 0 1 1
48,8,593,9 2  1 0 0 0 1 0 0 0 1
36,6,282,7 2  1 0 0 1 0 0 1
36,6,276,7 2  1 1 0 1 0 1 1
36,6,338,7 2  1 0 0 1 0 0 1
36,6,242,7 2  1 0 0 1 0 0 1
60,10,861,11 2  1 1 0 0 0 0 0 1 1 0 1
36,6,287,7 2  1 1 0 1 0 1 1
48,8,599,9 2  1 0 0 0 1 0 0 0 1
72,12,686,13 2  1 0 0 0 0 0 1 0 0 0 0 0 1
36,6,467,7 2  1 0 0 1 0 0 1
36,6,471,7 2  1 0 0 1 0 0 1
48,8,443,9 2  1 0 0 0 1 0 0 0 1
60,10,800,11 2  1 0 1 1 0 0 0 0 0 1 1
48,8,468,9 2  1 0 0 0 1 0 0 0 1
96,16,951,17 2  1 0 0 0 0 0 0 0 1 0 0 0 0 0 0 0 1
72,12,832,13 2  1 0 0 0 0 0 1 0 0 0 0 0 1
48,8,693,9 2  1 0 0 0 1 0 0 0 1
108,18,1062,19 2  1 0 0 0 0 0 0 0 0 1 0 0 0 0 0 0 0 0 1
72,12,714,13 2  1 0 0 0 0 0 1 0 0 0 0 0 1
60,10,1047,11 2  1 0 0 1 1 1 1 1 0 0 1
60,10,873,11 2  1 0 0 1 1 1 1 1 0 0 1
96,16,1101,17 2  1 0 0 0 0 0 0 0 1 0 0 0 0 0 0 0 1
120,20,1229,21 2  1 0 0 1 1 0 0 0 1 0 0 1 1 0 0 0 1 0 0 1 1
72,12,1025,13 2  1 0 0 0 0 0 1 0 0 0 0 0 1
60,10,555,11 2  1 1 0 0 0 0 0 1 1 0 1
60,10,627,11 2  1 0 0 0 0 1 0 0 0 0 1
84,14,2075,15 2  1 1 1 0 0 1 0 0 0 1 0 0 1 0 1
108,18,1286,19 2  1 0 0 0 0 0 0 0 0 1 0 0 0 0 0 0 0 0 1
96,16,1060,17 2  1 0 0 0 0 0 0 0 1 0 0 0 0 0 0 0 1
60,10,755,11 2  1 0 0 0 0 1 0 0 0 0 1
72,12,960,13 2  1 0 0 0 0 0 1 0 0 0 0 0 1
60,10,608,11 2  1 0 0 0 0 1 0 0 0 0 1
96,16,1220,17 2  1 0 0 0 0 0 0 0 1 0 0 0 0 0 0 0 1
72,12,360,13 2  1 0 1 0 0 0 1 0 0 0 1 0 1
108,18,1050,19 2  1 0 0 0 0 0 0 0 0 1 0 0 0 0 0 0 0 0 1
120,20,2036,21 2  1 0 0 1 1 0 0 0 1 0 0 1 1 0 0 0 1 0 0 1 1
60,10,827,11 2  1 0 0 0 0 1 0 0 0 0 1
72,12,708,13 2  1 0 1 0 0 0 1 0 0 0 1 0 1
72,12,471,13 2  1 0 1 0 0 0 1 0 0 0 1 0 1
72,12,597,13 2  1 0 1 0 0 0 1 0 0 0 1 0 1
72,12,681,13 2  1 0 1 0 0 0 1 0 0 0 1 0 1
60,10,789,11 2  1 0 0 0 0 1 0 0 0 0 1
96,16,1469,17 2  1 0 0 0 0 0 0 0 1 0 0 0 0 0 0 0 1
60,10,698,11 2  1 0 1 1 0 0 0 0 0 1 1
84,14,1756,15 2  1 1 1 0 1 1 1 0 0 0 0 0 1 1 1
108,18,1461,19 2  1 0 0 0 0 0 0 0 0 1 0 0 0 0 0 0 0 0 1
60,10,768,11 2  1 0 1 1 0 0 0 0 0 1 1
120,20,1760,21 2  1 1 1 1 1 0 0 0 1 1 1 1 1 0 0 0 1 1 1 1 1
60,10,811,11 2  1 0 1 1 0 0 0 0 0 1 1
60,10,540,11 2  1 1 0 0 0 0 0 1 1 0 1
60,10,369,11 2  1 0 0 1 1 1 1 1 0 0 1
108,18,1462,19 2  1 0 0 0 0 0 0 0 0 1 0 0 0 0 0 0 0 0 1
60,10,490,11 2  1 0 1 1 0 0 0 0 0 1 1
84,14,2040,15 2  1 1 1 0 0 0 0 0 1 1 1 0 1 1 1
60,10,620,11 2  1 1 0 0 0 0 0 1 1 0 1
120,20,1734,21 2  1 1 1 1 1 0 0 0 1 1 1 1 1 0 0 0 1 1 1 1 1
60,10,1077,11 2  1 0 0 1 1 1 1 1 0 0 1
60,10,949,11 2  1 0 0 1 1 1 1 1 0 0 1
60,10,865,11 2  1 1 0 0 0 0 0 1 1 0 1
84,14,1997,15 2  1 1 1 0 1 1 1 0 0 0 0 0 1 1 1
120,20,1739,21 2  1 1 0 0 1 0 0 0 1 1 0 0 1 0 0 0 1 1 0 0 1
84,14,1783,15 2  1 1 1 0 0 0 0 0 1 1 1 0 1 1 1
108,18,510,19 2  1 0 0 1 0 0 0 0 0 1 0 0 0 0 0 1 0 0 1
108,18,947,19 2  1 0 0 1 0 0 0 0 0 1 0 0 0 0 0 1 0 0 1
108,18,787,19 2  1 0 0 1 0 0 0 0 0 1 0 0 0 0 0 1 0 0 1
108,18,863,19 2  1 0 0 1 0 0 0 0 0 1 0 0 0 0 0 1 0 0 1
108,18,930,19 2  1 0 0 1 0 0 0 0 0 1 0 0 0 0 0 1 0 0 1
84,14,1974,15 2  1 1 1 0 1 1 1 0 0 0 0 0 1 1 1
120,20,2139,21 2  1 1 0 0 1 0 0 0 1 1 0 0 1 0 0 0 1 1 0 0 1
84,14,1864,15 2  1 1 1 0 0 0 0 0 1 1 1 0 1 1 1
84,14,1200,15 2  1 0 1 0 1 1 0 1 0 1 0 0 1 1 1
84,14,1416,15 2  1 0 1 0 1 1 0 1 0 1 0 0 1 1 1
120,20,1820,21 2  1 1 1 1 1 0 0 0 1 1 1 1 1 0 0 0 1 1 1 1 1
84,14,1075,15 2  1 0 1 0 1 1 0 1 0 1 0 0 1 1 1
84,14,1359,15 2  1 0 1 0 1 1 0 1 0 1 0 0 1 1 1
84,14,1071,15 2  1 0 0 0 0 0 0 1 0 0 0 0 0 0 1
120,20,1745,21 2  1 0 0 1 1 0 0 0 1 0 0 1 1 0 0 0 1 0 0 1 1
84,14,1079,15 2  1 0 0 0 0 0 0 1 0 0 0 0 0 0 1
84,14,784,15 2  1 0 0 0 0 0 0 1 0 0 0 0 0 0 1
120,20,1140,21 2  1 1 0 0 1 0 0 0 1 1 0 0 1 0 0 0 1 1 0 0 1
84,14,912,15 2  1 0 0 0 0 0 0 1 0 0 0 0 0 0 1
84,14,1128,15 2  1 0 0 0 0 0 0 1 0 0 0 0 0 0 1
84,14,1784,15 2  1 1 1 0 0 0 0 0 1 1 1 0 1 1 1
120,20,1862,21 2  1 1 1 1 1 0 0 0 1 1 1 1 1 0 0 0 1 1 1 1 1
84,14,1923,15 2  1 1 1 0 1 1 1 0 0 0 0 0 1 1 1
120,20,1264,21 2  1 1 0 0 1 0 0 0 1 1 0 0 1 0 0 0 1 1 0 0 1
120,20,1334,21 2  1 0 0 0 0 0 0 0 0 0 1 0 0 0 0 0 0 0 0 0 1
84,14,1968,15 2  1 1 1 0 0 0 0 0 1 1 1 0 1 1 1
84,14,1943,15 2  1 1 1 0 1 1 1 0 0 0 0 0 1 1 1
120,20,1543,21 2  1 0 0 0 0 0 0 0 0 0 1 0 0 0 0 0 0 0 0 0 1
84,14,1725,15 2  1 1 1 0 0 1 0 0 0 1 0 0 1 0 1
120,20,1175,21 2  1 0 0 0 0 0 0 0 0 0 1 0 0 0 0 0 0 0 0 0 1
120,20,1342,21 2  1 0 0 0 0 0 0 0 0 0 1 0 0 0 0 0 0 0 0 0 1
84,14,1813,15 2  1 0 1 0 0 1 0 0 0 1 0 0 1 1 1
120,20,1551,21 2  1 0 0 0 0 0 0 0 0 0 1 0 0 0 0 0 0 0 0 0 1
84,14,1833,15 2  1 0 1 0 0 1 0 0 0 1 0 0 1 1 1
84,14,860,15 2  1 1 1 0 0 1 0 1 0 1 1 0 1 0 1
120,20,2034,21 2  1 1 1 1 1 0 0 0 1 1 1 1 1 0 0 0 1 1 1 1 1
84,14,1407,15 2  1 1 1 0 0 1 0 1 0 1 1 0 1 0 1
84,14,1449,15 2  1 1 1 0 0 1 0 1 0 1 1 0 1 0 1
120,20,1117,21 2  1 1 0 0 1 0 0 0 1 1 0 0 1 0 0 0 1 1 0 0 1
84,14,1617,15 2  1 1 1 0 0 1 0 1 0 1 1 0 1 0 1
120,20,1794,21 2  1 0 0 1 1 0 0 0 1 0 0 1 1 0 0 0 1 0 0 1 1
84,14,1803,15 2  1 1 1 0 0 1 0 0 0 1 0 0 1 0 1
84,14,1018,15 2  1 0 1 0 1 1 0 1 0 1 0 0 1 1 1
84,14,1801,15 2  1 0 1 0 0 1 0 0 0 1 0 0 1 1 1
120,20,2238,21 2  1 0 0 1 1 0 0 0 1 0 0 1 1 0 0 0 1 0 0 1 1
84,14,1810,15 2  1 1 1 0 0 1 0 0 0 1 0 0 1 0 1
84,14,1191,15 2  1 1 1 0 0 1 0 1 0 1 1 0 1 0 1
120,20,2518,21 2  1 1 0 0 0 1 0 0 1 0 0 0 0 0 0 0 1 1 0 0 1
84,14,1769,15 2  1 1 1 0 0 1 0 0 0 1 0 0 1 0 1
84,14,2113,15 2  1 0 1 0 0 1 0 0 0 1 0 0 1 1 1
120,20,2004,21 2  1 0 0 1 1 0 0 0 0 0 0 0 1 0 0 1 0 0 0 1 1
84,14,2041,15 2  1 0 1 0 0 1 0 0 0 1 0 0 1 1 1
84,14,425,15 2  1 0 1 0 1 0 0 0 1 0 0 0 0 0 1
84,14,765,15 2  1 0 0 0 0 0 1 0 0 0 1 0 1 0 1
84,14,847,15 2  1 0 1 0 1 0 0 0 1 0 0 0 0 0 1
84,14,606,15 2  1 0 1 0 1 0 0 0 1 0 0 0 0 0 1
84,14,547,15 2  1 0 0 0 0 0 1 0 0 0 1 0 1 0 1
84,14,790,15 2  1 0 0 0 0 0 1 0 0 0 1 0 1 0 1
84,14,557,15 2  1 0 1 0 1 0 0 0 1 0 0 0 0 0 1
84,14,589,15 2  1 0 0 0 0 0 1 0 0 0 1 0 1 0 1
84,14,747,15 2  1 0 1 0 1 0 0 0 1 0 0 0 0 0 1
84,14,436,15 2  1 0 0 0 0 0 1 0 0 0 1 0 1 0 1
120,20,1928,21 2  1 1 0 0 0 1 0 0 1 0 0 0 0 0 0 0 1 1 0 0 1
120,20,2386,21 2  1 0 0 1 1 0 0 0 0 0 0 0 1 0 0 1 0 0 0 1 1
120,20,1452,21 2  1 0 1 0 0 0 0 0 0 0 0 0 0 0 1 0 1 0 0 0 1
120,20,1642,21 2  1 0 0 0 1 0 1 0 0 0 0 0 0 0 0 0 0 0 1 0 1
120,20,1816,21 2  1 0 0 0 0 0 1 0 1 0 1 0 1 0 1 0 0 0 0 0 1
120,20,2170,21 2  1 0 0 0 0 0 1 0 1 0 1 0 1 0 1 0 0 0 0 0 1
120,20,958,21 2  1 0 1 0 0 0 0 0 0 0 0 0 0 0 1 0 1 0 0 0 1
120,20,1484,21 2  1 0 0 0 1 0 1 0 0 0 0 0 0 0 0 0 0 0 1 0 1
120,20,1692,21 2  1 0 0 0 1 0 1 0 0 0 0 0 0 0 0 0 0 0 1 0 1
120,20,1724,21 2  1 0 0 0 1 0 1 0 0 0 0 0 0 0 0 0 0 0 1 0 1
120,20,945,21 2  1 0 1 0 0 0 0 0 0 0 0 0 0 0 1 0 1 0 0 0 1
120,20,764,21 2  1 0 0 0 0 0 1 0 1 0 1 0 1 0 1 0 0 0 0 0 1
120,20,934,21 2  1 0 0 0 1 0 1 0 0 0 0 0 0 0 0 0 0 0 1 0 1
120,20,1518,21 2  1 0 1 0 0 0 0 0 0 0 0 0 0 0 1 0 1 0 0 0 1
120,20,1962,21 2  1 0 0 0 0 0 1 0 1 0 1 0 1 0 1 0 0 0 0 0 1
120,20,2092,21 2  1 0 0 0 0 0 1 0 1 0 1 0 1 0 1 0 0 0 0 0 1
120,20,1727,21 2  1 0 1 0 0 0 0 0 0 0 0 0 0 0 1 0 1 0 0 0 1
120,20,1918,21 2  1 0 0 1 1 0 0 0 0 0 0 0 1 0 0 1 0 0 0 1 1
120,20,1944,21 2  1 1 0 0 0 1 0 0 1 0 0 0 0 0 0 0 1 1 0 0 1
120,20,2139,21 2  1 0 0 1 1 0 0 0 0 0 0 0 1 0 0 1 0 0 0 1 1
120,20,2004,21 2  1 1 0 0 0 1 0 0 1 0 0 0 0 0 0 0 1 1 0 0 1
120,20,2744,21 2  1 1 0 0 0 1 0 0 1 0 0 0 0 0 0 0 1 1 0 0 1
120,20,1966,21 2  1 0 0 1 1 0 0 0 0 0 0 0 1 0 0 1 0 0 0 1 1
