20,4,0.03129890453834116,50
20,4,0.024844720496894408,111
20,4,0.029411764705882353,103
20,4,0.02976190476190476,50
20,4,0.03802281368821293,108
20,4,0.03003003003003003,119
20,4,0.02081165452653486,60
20,4,0.02886002886002886,73
20,4,0.05333333333333334,56
20,4,0.022988505747126436,103
20,4,0.03745318352059925,112
20,4,0.030864197530864196,123
20,4,0.03418803418803419,70
20,4,0.02040816326530612,102
20,4,0.02607561929595828,92
20,4,0.0333889816360601,44
20,4,0.03824091778202677,74
20,4,0.0333889816360601,126
20,4,0.03194888178913738,75
20,4,0.02594033722438392,148
20,4,0.03289473684210526,104
20,4,0.03508771929824561,124
40,8,0.066006600660066,98
40,8,0.056179775280898875,209
40,8,0.057971014492753624,209
40,8,0.05434782608695652,100
40,8,0.06369426751592357,214
40,8,0.05361930294906166,247
40,8,0.06622516556291391,136
40,8,0.047058823529411764,161
40,8,0.08298755186721991,131
40,8,0.06802721088435375,202
40,8,0.055710306406685235,246
40,8,0.05714285714285714,251
40,8,0.0546448087431694,152
40,8,0.05089058524173028,205
40,8,0.05449591280653951,247
40,8,0.057803468208092484,103
40,8,0.05747126436781609,142
40,8,0.04672897196261682,229
40,8,0.07874015748031496,156
40,8,0.06116207951070336,298
40,8,0.06349206349206349,208
40,8,0.057803468208092484,216
60,12,0.009828009828009828,776
60,12,0.007150518412584912,909
60,12,0.01027221366204417,1225
60,12,0.0005909816204716033,529
60,12,0.006391818472355385,927
60,12,0.01288659793814433,570
60,12,0.010298661174047374,960
60,12,0.04878048780487805,548
60,12,0.04555808656036447,572
60,12,0.05025125628140704,779
60,12,0.012150668286755772,913
60,12,0.008733624454148471,549
60,12,0.010610079575596816,1088
60,12,0.007846214201647704,1137
60,12,0.00946073793755913,909
60,12,0.009095043201455207,985
60,12,0.009285051067780872,758
60,12,0.010055304172951232,528
60,12,0.010378827192527244,938
60,12,0.046948356807511735,650
80,16,0.12738853503184713,188
80,16,0.10752688172043011,398
80,16,0.09803921568627451,414
80,16,0.10695187165775401,188
80,16,0.11494252873563218,452
80,16,0.10362694300518134,502
80,16,0.09389671361502347,261
80,16,0.10582010582010581,310
80,16,0.13513513513513514,250
80,16,0.09433962264150944,458
80,16,0.09433962264150944,461
80,16,0.13071895424836602,496
80,16,0.11560693641618497,321
80,16,0.08849557522123894,421
80,16,0.15267175572519084,427
80,16,0.11695906432748537,192
80,16,0.07462686567164178,281
80,16,0.11695906432748537,493
80,16,0.11904761904761904,330
80,16,0.08064516129032258,573
80,16,0.1388888888888889,419
80,16,0.14705882352941177,404
100,20,0.17543859649122806,242
100,20,0.13071895424836602,527
100,20,0.14084507042253522,537
100,20,0.12987012987012986,230
100,20,0.11494252873563218,522
100,20,0.16,635
100,20,0.10362694300518134,310
100,20,0.10989010989010989,387
100,20,0.12738853503184713,311
100,20,0.13513513513513514,519
100,20,0.18518518518518517,577
100,20,0.13157894736842105,636
100,20,0.13333333333333333,375
100,20,0.11428571428571428,518
100,20,0.12269938650306748,563
100,20,0.1694915254237288,244
100,20,0.17543859649122806,366
100,20,0.18181818181818182,569
100,20,0.13986013986013987,407
100,20,0.145985401459854,753
100,20,0.1834862385321101,526
100,20,0.12578616352201258,614
120,24,0.013280212483399735,1722
120,24,0.019342359767891684,1630
120,24,0.023446658851113716,1612
120,24,0.019267822736030827,1697
120,24,0.022650056625141562,2209
120,24,0.0017077960891469558,1112
120,24,0.021739130434782608,1855
120,24,0.019083969465648856,1066
120,24,0.019880715705765408,1757
120,24,0.10989010989010989,1074
120,24,0.10416666666666667,1085
120,24,0.12903225806451613,1524
120,24,0.02506265664160401,1822
120,24,0.01890359168241966,1062
120,24,0.016515276630883566,2094
120,24,0.01951219512195122,2184
120,24,0.01885014137606032,1804
120,24,0.022123893805309734,1743
120,24,0.029498525073746312,1591
120,24,0.01556420233463035,1127
140,28,0.003414134516899966,712
140,28,0.004208754208754209,690
140,28,0.004468275245755138,1041
140,28,0.003817522427944264,1652
140,28,0.0034831069313827935,732
140,28,0.004672897196261682,1006
140,28,0.0053177346450412125,593
140,28,0.005351886540005352,1588
140,28,0.0032803017877644745,969
140,28,0.0038948393378773127,1075
140,28,0.0032976092333058533,539
140,28,0.003963535473642489,767
140,28,0.0033892560582952044,571
140,28,0.005875440658049354,610
140,28,0.006546644844517185,1444
140,28,0.005398110661268556,1626
140,28,0.005076142131979695,1571
140,28,0.004628558204119417,733
140,28,0.0040192926045016075,1629
140,28,0.003994407829039345,605
140,28,0.004434589800443459,1413
