9,2,0.0326530612244898
9,2,0.050473186119873815
9,2,0.03162055335968379
9,2,0.045714285714285714
9,2,0.03980099502487562
9,2,0.0425531914893617
9,2,0.05194805194805195
9,2,0.03611738148984198
9,2,0.045714285714285714
9,2,0.037122969837587005
9,2,0.04030226700251889
9,2,0.035955056179775284
9,2,0.02680067001675042
9,2,0.03219315895372234
9,2,0.0425531914893617
18,4,0.08791208791208792
18,4,0.053156146179401995
18,4,0.08888888888888889
18,4,0.12121212121212122
18,4,0.07920792079207921
18,4,0.08080808080808081
18,4,0.14285714285714285
18,4,0.06349206349206349
18,4,0.06477732793522267
18,4,0.05
18,4,0.06274509803921569
18,4,0.0893854748603352
18,4,0.08888888888888889
18,4,0.09411764705882353
18,4,0.07111111111111111
18,4,0.07920792079207921
18,4,0.12598425196850394
18,4,0.0851063829787234
18,4,0.07239819004524888
18,4,0.1103448275862069
18,4,0.1
18,4,0.04747774480712166
18,4,0.07476635514018691
18,4,0.12903225806451613
18,4,0.10738255033557047
18,4,0.08376963350785341
18,4,0.05734767025089606
18,4,0.17391304347826086
18,4,0.0784313725490196
18,4,0.07207207207207207
18,4,0.0547945205479452
18,4,0.08040201005025126
18,4,0.09876543209876543
18,4,0.04776119402985075
18,4,0.07048458149779736
18,4,0.12213740458015267
18,4,0.08791208791208792
18,4,0.06722689075630252
18,4,0.07174887892376682
18,4,0.10526315789473684
18,4,0.08247422680412371
18,4,0.05333333333333334
18,4,0.09195402298850575
18,4,0.05860805860805861
18,4,0.06504065040650407
18,4,0.08205128205128205
18,4,0.0547945205479452
18,4,0.07960199004975124
18,4,0.05536332179930796
18,4,0.12121212121212122
27,6,0.07881773399014778
27,6,0.1523809523809524
27,6,0.07142857142857142
27,6,0.128
27,6,0.11510791366906475
27,6,0.1038961038961039
27,6,0.15841584158415842
27,6,0.07960199004975124
27,6,0.13333333333333333
27,6,0.1568627450980392
27,6,0.1095890410958904
27,6,0.11347517730496454
27,6,0.07207207207207207
27,6,0.16161616161616163
27,6,0.05818181818181818
27,6,0.1553398058252427
27,6,0.12213740458015267
27,6,0.09467455621301775
27,6,0.16666666666666666
27,6,0.09815950920245399
27,6,0.1391304347826087
27,6,0.13445378151260504
27,6,0.12030075187969924
27,6,0.10884353741496598
27,6,0.10126582278481013
27,6,0.09815950920245399
27,6,0.1103448275862069
27,6,0.08888888888888889
27,6,0.09580838323353294
27,6,0.11347517730496454
27,6,0.07476635514018691
27,6,0.11347517730496454
27,6,0.1111111111111111
27,6,0.07804878048780488
27,6,0.08163265306122448
27,6,0.10526315789473684
27,6,0.08888888888888889
27,6,0.10526315789473684
27,6,0.09580838323353294
27,6,0.11510791366906475
27,6,0.1322314049586777
27,6,0.11510791366906475
27,6,0.11940298507462686
27,6,0.10666666666666667
27,6,0.08602150537634409
27,6,0.1391304347826087
27,6,0.1038961038961039
27,6,0.09523809523809523
27,6,0.13793103448275862
27,6,0.10191082802547771
36,8,0.10457516339869281
36,8,0.10738255033557047
36,8,0.09696969696969697
36,8,0.12598425196850394
36,8,0.14678899082568808
36,8,0.13114754098360656
36,8,0.1509433962264151
36,8,0.1415929203539823
36,8,0.125
36,8,0.20512820512820512
36,8,0.16326530612244897
36,8,0.16161616161616163
36,8,0.2318840579710145
36,8,0.2191780821917808
36,8,0.14814814814814814
36,8,0.12598425196850394
36,8,0.09580838323353294
36,8,0.21621621621621623
36,8,0.11764705882352941
36,8,0.14035087719298245
36,8,0.14035087719298245
36,8,0.16494845360824742
36,8,0.3404255319148936
36,8,0.12698412698412698
36,8,0.21621621621621623
36,8,0.16326530612244897
36,8,0.1951219512195122
36,8,0.1553398058252427
36,8,0.09937888198757763
36,8,0.1032258064516129
36,8,0.11510791366906475
36,8,0.11188811188811189
36,8,0.23880597014925373
36,8,0.16666666666666666
36,8,0.21052631578947367
36,8,0.11347517730496454
36,8,0.12030075187969924
36,8,0.125
36,8,0.14953271028037382
36,8,0.11594202898550725
36,8,0.13114754098360656
36,8,0.18604651162790697
36,8,0.21333333333333335
36,8,0.12213740458015267
36,8,0.1839080459770115
36,8,0.12403100775193798
36,8,0.09411764705882353
36,8,0.1553398058252427
36,8,0.16161616161616163
36,8,0.1415929203539823
45,10,0.0058953574060427415
45,10,0.008918617614269788
45,10,0.009461856889414548
45,10,0.0075046904315197
45,10,0.007633587786259542
45,10,0.0074487895716946
45,10,0.003975155279503106
45,10,0.011095700416088766
45,10,0.006650041562759767
45,10,0.15841584158415842
45,10,0.19753086419753085
45,10,0.2807017543859649
45,10,0.16842105263157894
45,10,0.1509433962264151
45,10,0.16494845360824742
45,10,0.16494845360824742
45,10,0.18181818181818182
45,10,0.15841584158415842
45,10,0.1927710843373494
45,10,0.009054895302773062
45,10,0.009362200117027502
45,10,0.18181818181818182
45,10,0.21621621621621623
45,10,0.008171603677221655
45,10,0.007699711260827719
45,10,0.007017543859649123
45,10,0.008125952260030472
45,10,0.007424593967517401
45,10,0.008290155440414507
45,10,0.25806451612903225
45,10,0.1415929203539823
45,10,0.17391304347826086
45,10,0.006669445602334306
45,10,0.007383479464697739
45,10,0.17204301075268819
45,10,0.23880597014925373
45,10,0.16842105263157894
45,10,0.1797752808988764
45,10,0.17204301075268819
45,10,0.007397133610725843
45,10,0.005663716814159292
45,10,0.007315957933241884
45,10,0.006944444444444444
45,10,0.005994754589733983
45,10,0.007051564565888057
45,10,0.0059590316573556795
45,10,0.009506833036244802
45,10,0.00625
45,10,0.2711864406779661
45,10,0.1797752808988764
54,12,0.2318840579710145
54,12,0.18823529411764706
54,12,0.17204301075268819
54,12,0.22857142857142856
54,12,0.1927710843373494
54,12,0.2711864406779661
54,12,0.2
54,12,0.1951219512195122
54,12,0.19047619047619047
54,12,0.2857142857142857
54,12,0.1839080459770115
54,12,0.11594202898550725
54,12,0.23880597014925373
54,12,0.25806451612903225
54,12,0.2318840579710145
54,12,0.19753086419753085
54,12,0.18181818181818182
54,12,0.21052631578947367
54,12,0.19047619047619047
54,12,0.32
54,12,0.37209302325581395
54,12,0.26666666666666666
54,12,0.23880597014925373
54,12,0.17391304347826086
54,12,0.18823529411764706
54,12,0.21621621621621623
54,12,0.26666666666666666
54,12,0.16
54,12,0.2191780821917808
54,12,0.1927710843373494
54,12,0.2
54,12,0.13559322033898305
54,12,0.17582417582417584
54,12,0.21333333333333335
54,12,0.2
54,12,0.1951219512195122
54,12,0.23880597014925373
54,12,0.15384615384615385
54,12,0.20253164556962025
54,12,0.19753086419753085
54,12,0.24615384615384617
54,12,0.1951219512195122
54,12,0.2711864406779661
54,12,0.19047619047619047
54,12,0.12598425196850394
54,12,0.1553398058252427
54,12,0.14678899082568808
54,12,0.2077922077922078
54,12,0.18181818181818182
54,12,0.20512820512820512
63,14,0.00005795862478673037
63,14,0.00005922810966084504
63,14,0.00006529999224562593
63,14,0.00007828248233751492
63,14,0.26229508196721313
63,14,0.24242424242424243
63,14,0.21621621621621623
63,14,0.21333333333333335
63,14,0.36363636363636365
63,14,0.00011862748005575491
63,14,0.00007209707871649175
63,14,0.0001783683752870616
63,14,0.24242424242424243
63,14,0.2222222222222222
63,14,0.24242424242424243
63,14,0.35555555555555557
63,14,0.0000889556055930837
63,14,0.3902439024390244
63,14,0.000055772642821538
63,14,0.2807017543859649
63,14,0.0002213828123919029
63,14,0.00006595463145788591
63,14,0.00007118957784580338
63,14,0.2191780821917808
63,14,0.32653061224489793
63,14,0.1951219512195122
63,14,0.2711864406779661
63,14,0.43243243243243246
63,14,0.3018867924528302
63,14,0.20253164556962025
63,14,0.00006545198687687663
63,14,0.00012234660794029485
63,14,0.1951219512195122
63,14,0.20512820512820512
63,14,0.00006435006435006435
63,14,0.19753086419753085
63,14,0.1702127659574468
63,14,0.16161616161616163
63,14,0.2962962962962963
63,14,0.1927710843373494
63,14,0.20512820512820512
63,14,0.26229508196721313
63,14,0.2191780821917808
63,14,0.00008516799386790444
63,14,0.20253164556962025
63,14,0.1797752808988764
63,14,0.00004477390576771857
63,14,0.38095238095238093
63,14,0.00006457862447529868
63,14,0.00006952108661458379
72,16,0.2711864406779661
72,16,0.1927710843373494
72,16,0.3076923076923077
72,16,0.3137254901960784
72,16,0.2909090909090909
72,16,0.37209302325581395
72,16,0.38095238095238093
72,16,0.2711864406779661
72,16,0.3333333333333333
72,16,0.25
72,16,0.2857142857142857
72,16,0.2807017543859649
72,16,0.25396825396825395
72,16,0.24615384615384617
72,16,0.21052631578947367
72,16,0.23880597014925373
72,16,0.25806451612903225
72,16,0.24242424242424243
72,16,0.2909090909090909
72,16,0.3018867924528302
72,16,0.2909090909090909
72,16,0.37209302325581395
72,16,0.1951219512195122
72,16,0.25
72,16,0.16666666666666666
72,16,0.2711864406779661
72,16,0.25
72,16,0.2909090909090909
72,16,0.3333333333333333
72,16,0.32653061224489793
72,16,0.2962962962962963
72,16,0.2962962962962963
72,16,0.21052631578947367
72,16,0.36363636363636365
72,16,0.3137254901960784
72,16,0.24242424242424243
72,16,0.24242424242424243
72,16,0.3018867924528302
72,16,0.23529411764705882
72,16,0.17391304347826086
72,16,0.41025641025641024
72,16,0.25806451612903225
72,16,0.2962962962962963
72,16,0.25396825396825395
72,16,0.26666666666666666
72,16,0.18181818181818182
72,16,0.2909090909090909
72,16,0.2222222222222222
72,16,0.3137254901960784
72,16,0.22857142857142856
81,18,0.3018867924528302
81,18,0.2962962962962963
81,18,0.41025641025641024
81,18,0.2807017543859649
81,18,0.2711864406779661
81,18,0.25806451612903225
81,18,0.2318840579710145
81,18,0.3018867924528302
81,18,0.2857142857142857
81,18,0.2857142857142857
81,18,0.3137254901960784
81,18,0.27586206896551724
81,18,0.38095238095238093
81,18,0.3137254901960784
81,18,0.27586206896551724
81,18,0.32653061224489793
81,18,0.22535211267605634
81,18,0.32653061224489793
81,18,0.4
81,18,0.26666666666666666
81,18,0.2807017543859649
81,18,0.35555555555555557
81,18,0.25806451612903225
81,18,0.36363636363636365
81,18,0.25396825396825395
81,18,0.32
81,18,0.3404255319148936
81,18,0.37209302325581395
81,18,0.42105263157894735
81,18,0.35555555555555557
81,18,0.4
81,18,0.3018867924528302
81,18,0.25
81,18,0.37209302325581395
81,18,0.2962962962962963
81,18,0.4
81,18,0.2711864406779661
81,18,0.3076923076923077
81,18,0.2807017543859649
81,18,0.36363636363636365
81,18,0.24615384615384617
81,18,0.35555555555555557
81,18,0.3137254901960784
81,18,0.2807017543859649
81,18,0.26229508196721313
81,18,0.36363636363636365
81,18,0.19753086419753085
81,18,0.4444444444444444
81,18,0.3404255319148936
81,18,0.3404255319148936
90,20,0.23880597014925373
90,20,0.24615384615384617
90,20,0.37209302325581395
90,20,0.32653061224489793
90,20,0.24242424242424243
90,20,0.2962962962962963
90,20,0.23880597014925373
90,20,0.3018867924528302
90,20,0.27586206896551724
90,20,0.2857142857142857
90,20,0.3333333333333333
90,20,0.24242424242424243
90,20,0.25396825396825395
90,20,0.38095238095238093
90,20,0.3137254901960784
90,20,0.4
90,20,0.35555555555555557
90,20,0.3137254901960784
90,20,0.23529411764705882
90,20,0.37209302325581395
90,20,0.3018867924528302
90,20,0.3018867924528302
90,20,0.2909090909090909
90,20,0.32653061224489793
90,20,0.3404255319148936
90,20,0.38095238095238093
90,20,0.2962962962962963
90,20,0.3333333333333333
90,20,0.4444444444444444
90,20,0.25
90,20,0.3902439024390244
90,20,0.32653061224489793
90,20,0.42105263157894735
90,20,0.42105263157894735
90,20,0.5333333333333333
90,20,0.38095238095238093
90,20,0.009987515605493134
90,20,0.01228878648233487
90,20,0.011387900355871887
90,20,0.02030456852791878
90,20,0.013061224489795919
90,20,0.011721611721611722
90,20,0.012432012432012432
90,20,0.018779342723004695
90,20,0.01486988847583643
90,20,0.3137254901960784
90,20,0.37209302325581395
90,20,0.35555555555555557
90,20,0.5714285714285714
90,20,0.2711864406779661
