9,2,0.045662100456621,3 2  1 1 1
18,4,0.05730659025787966,5 2  1 0 1 0 1
27,6,0.16666666666666666,7 2  1 0 0 1 0 0 1
36,8,0.15873015873015872,9 2  1 0 0 0 1 0 0 0 1
45,10,0.21978021978021978,11 2  1 0 0 0 0 1 0 0 0 0 1
45,10,0.006222775357809583,11 2  1 1 0 1 0 0 1 0 0 0 1
45,10,0.00564652738565782,11 2  1 1 1 0 0 1 0 0 1 1 1
45,10,0.004729250413809411,11 2  1 0 0 0 1 0 0 1 0 1 1
54,12,0.19047619047619047,13 2  1 0 0 0 0 0 1 0 0 0 0 0 1
63,14,0.25,15 2  1 0 0 0 0 0 0 1 0 0 0 0 0 0 1
63,14,0.0001481722947443287,15 2  1 1 1 1 1 0 1 0 1 0 1 0 0 0 1
63,14,0.00011203540318740721,15 2  1 1 0 1 0 1 1 1 0 1 0 1 1 1 1
63,14,0.0000762939453125,15 2  1 1 1 1 0 1 1 1 1 1 0 1 1 1 1
63,14,0.00007498444072854883,15 2  1 0 0 1 1 1 0 0 0 0 1 1 1 1 1
63,14,0.00006436663233779608,15 2  1 1 1 1 1 0 0 0 0 1 1 1 0 0 1
63,14,0.00006452466293929197,15 2  1 1 0 0 0 0 1 1 0 1 0 0 0 1 1
63,14,0.00011186620801521381,15 2  1 1 1 1 0 1 0 1 1 1 0 1 0 1 1
63,14,0.000059024385925044935,15 2  1 1 0 0 1 1 1 1 0 1 0 1 0 0 1
63,14,0.00005613593878937234,15 2  1 1 0 0 0 1 0 1 1 0 0 0 0 1 1
63,14,0.00007443162153009084,15 2  1 0 0 1 0 1 0 1 1 1 1 0 0 1 1
63,14,0.00012610181460511217,15 2  1 0 0 0 1 0 1 0 1 0 1 1 1 1 1
63,14,0.000126819060904854,15 2  1 0 1 0 1 1 1 1 1 1 1 1 0 0 1
63,14,0.00010304710283070392,15 2  1 0 0 1 1 1 1 1 1 1 1 0 1 0 1
63,14,0.00005676448132874298,15 2  1 0 0 1 0 1 0 1 0 1 0 1 0 0 1
63,14,0.00006269631784525295,15 2  1 0 1 1 0 1 1 1 1 1 0 1 1 0 1
72,16,0.2127659574468085,17 2  1 0 0 0 0 0 0 0 1 0 0 0 0 0 0 0 1
81,18,0.24096385542168675,19 2  1 0 0 0 0 0 0 0 0 1 0 0 0 0 0 0 0 0 1
90,20,0.2631578947368421,21 2  1 0 0 0 0 0 0 0 0 0 1 0 0 0 0 0 0 0 0 0 1
90,20,0.01529051987767584,21 2  1 0 0 0 0 0 0 0 1 0 0 0 0 0 1 0 0 0 1 0 1
90,20,0.019762845849802372,21 2  1 0 1 0 0 0 1 0 0 0 0 0 1 0 0 0 0 0 0 0 1
90,20,0.00999000999000999,21 2  1 0 1 0 1 0 0 0 0 0 1 0 0 0 0 0 1 0 1 0 1
99,22,0.32786885245901637,23 2  1 0 0 0 0 0 0 0 0 0 0 1 0 0 0 0 0 0 0 0 0 0 1
108,24,0.4,25 2  1 0 0 0 0 0 0 0 0 0 0 0 1 0 0 0 0 0 0 0 0 0 0 0 1
117,26,0.46511627906976744,27 2  1 0 0 0 0 0 0 0 0 0 0 0 0 1 0 0 0 0 0 0 0 0 0 0 0 0 1
126,28,0.46511627906976744,29 2  1 0 0 0 0 0 0 0 0 0 0 0 0 0 1 0 0 0 0 0 0 0 0 0 0 0 0 0 1
126,28,0.0002957442403809186,29 2  1 0 1 0 0 0 1 0 0 0 1 0 1 0 1 0 0 0 1 0 0 0 1 0 1 0 1 0 1
126,28,0.00016014605320051887,29 2  1 0 0 0 0 0 1 0 0 0 1 0 0 0 1 0 0 0 1 0 0 0 1 0 0 0 0 0 1
126,28,0.00015803655385490664,29 2  1 0 1 0 1 0 1 0 1 0 0 0 0 0 0 0 0 0 1 0 1 0 1 0 0 0 0 0 1
126,28,0.00013810724027207125,29 2  1 0 1 0 0 0 0 0 0 0 1 0 0 0 1 0 1 0 0 0 0 0 0 0 0 0 1 0 1
126,28,0.00012008550087662415,29 2  1 0 1 0 0 0 0 0 0 0 0 0 1 0 1 0 0 0 1 0 0 0 0 0 0 0 1 0 1
126,28,0.00011720031878486709,29 2  1 0 1 0 0 0 0 0 1 0 1 0 1 0 1 0 0 0 1 0 0 0 1 0 0 0 0 0 1
126,28,0.00010388315223037127,29 2  1 0 0 0 0 0 1 0 0 0 1 0 0 0 1 0 1 0 1 0 1 0 0 0 0 0 1 0 1
126,28,0.00010784519900135346,29 2  1 0 0 0 0 0 1 0 1 0 1 0 0 0 0 0 0 0 0 0 1 0 1 0 1 0 1 0 1
126,28,0.0002550792658818728,29 2  1 0 1 0 1 0 1 0 0 0 1 0 0 0 1 0 1 0 1 0 0 0 1 0 0 0 1 0 1
126,28,0.00012767804703659252,29 2  1 0 1 0 1 0 1 0 0 0 1 0 1 0 1 0 1 0 1 0 0 0 1 0 1 0 1 0 1
126,28,0.00024877787867102856,29 2  1 0 0 0 0 0 1 0 1 0 1 0 1 0 1 0 1 0 1 0 1 0 0 0 1 0 0 0 1
126,28,0.00028207153334085526,29 2  1 0 0 0 1 0 0 0 1 0 1 0 1 0 1 0 1 0 1 0 1 0 1 0 0 0 0 0 1
126,28,0.0003107471916222557,29 2  1 0 0 0 0 0 0 0 1 0 0 0 1 0 0 0 1 0 0 0 1 0 1 0 1 0 1 0 1
126,28,0.00024144383412808595,29 2  1 0 1 0 1 0 1 0 1 0 0 0 1 0 0 0 1 0 0 0 1 0 0 0 0 0 0 0 1
126,28,0.00012039054693425473,29 2  1 0 0 0 1 0 1 0 0 0 1 0 1 0 1 0 1 0 1 0 0 0 1 0 1 0 0 0 1
135,30,0.6060606060606061,31 2  1 0 0 0 0 0 0 0 0 0 0 0 0 0 0 1 0 0 0 0 0 0 0 0 0 0 0 0 0 0 1
135,30,0.024242424242424242,31 2  1 0 0 1 0 0 1 0 0 0 0 0 0 0 0 1 0 0 0 0 0 0 0 0 1 0 0 1 0 0 1
135,30,0.024301336573511544,31 2  1 0 0 1 0 0 0 0 0 1 0 0 0 0 0 0 0 0 1 0 0 0 0 0 0 0 0 0 0 0 1
135,30,0.028208744710860368,31 2  1 0 0 0 0 0 0 0 0 0 0 0 1 0 0 0 0 0 0 0 0 1 0 0 0 0 0 1 0 0 1
144,32,0.4,33 2  1 0 0 0 0 0 0 0 0 0 0 0 0 0 0 0 1 0 0 0 0 0 0 0 0 0 0 0 0 0 0 0 1
153,34,0.47619047619047616,35 2  1 0 0 0 0 0 0 0 0 0 0 0 0 0 0 0 0 1 0 0 0 0 0 0 0 0 0 0 0 0 0 0 0 0 1
162,36,0.47619047619047616,37 2  1 0 0 0 0 0 0 0 0 0 0 0 0 0 0 0 0 0 1 0 0 0 0 0 0 0 0 0 0 0 0 0 0 0 0 0 1
171,38,0.43478260869565216,39 2  1 0 0 0 0 0 0 0 0 0 0 0 0 0 0 0 0 0 0 1 0 0 0 0 0 0 0 0 0 0 0 0 0 0 0 0 0 0 1
