21,5,0.01824817518248175,116
21,5,0.017436791630340016,108
21,5,0.016611295681063124,115
21,5,0.016877637130801686,146
21,5,0.014958863126402393,138
21,5,0.014174344436569808,144
21,5,0.01309757694826457,114
21,5,0.016835016835016835,109
21,5,0.013440860215053764,132
21,5,0.014825796886582653,112
21,5,0.015661707126076743,115
21,5,0.016339869281045753,108
21,5,0.01105583195135434,140
21,5,0.012531328320802004,111
21,5,0.012978585334198572,142
21,5,0.02178649237472767,123
21,5,0.013386880856760375,136
21,5,0.020181634712411706,152
21,5,0.0228310502283105,147
21,5,0.01937984496124031,150
42,10,0.006966213862765587,536
42,10,0.005659309564233163,504
42,10,0.005819028222286878,564
42,10,0.00576036866359447,543
42,10,0.007238508867173362,501
42,10,0.004167534903104814,546
42,10,0.005827505827505828,544
42,10,0.004554771122751082,477
42,10,0.004132231404958678,578
42,10,0.0050735667174023336,506
42,10,0.004864996351252737,476
42,10,0.0049127978383689515,408
42,10,0.004772130756382725,560
42,10,0.028530670470756064,228
42,10,0.02544529262086514,213
42,10,0.03184713375796178,224
42,10,0.024096385542168676,314
42,10,0.026041666666666668,290
42,10,0.030911901081916538,318
42,10,0.023557126030624265,236
63,15,0.0007986582541330564,889
63,15,0.005422993492407809,1248
63,15,0.0006318516412346381,838
63,15,0.0037002775208140612,1160
63,15,0.0007702083413563368,883
63,15,0.0005850348095711694,761
63,15,0.0007236937328122738,833
63,15,0.0004581481651165987,769
63,15,0.003948667324777887,1160
63,15,0.0008026970621287526,892
63,15,0.00364232380258605,1154
63,15,0.0007798183023355558,774
63,15,0.0004988899698171568,764
63,15,0.0006637461834594451,936
63,15,0.00042607584149978694,852
63,15,0.000568197960169323,972
63,15,0.0005554629783924901,852
63,15,0.0005843852267414679,873
63,15,0.00048462526351498704,937
63,15,0.005033979360684621,1087
84,20,0.08333333333333333,1094
84,20,0.004462293618920125,1438
84,20,0.006622516556291391,1439
84,20,0.053763440860215055,1102
84,20,0.018832391713747645,1141
84,20,0.014295925661186561,890
84,20,0.01218769043266301,1100
84,20,0.01644736842105263,1065
84,20,0.013717421124828532,888
84,20,0.011876484560570071,1077
84,20,0.014234875444839857,1131
84,20,0.009017132551848512,990
84,20,0.011217049915872126,1162
84,20,0.028985507246376812,1019
84,20,0.011357183418512209,830
84,20,0.01137009664582149,897
84,20,0.0711743772241993,1120
84,20,0.0749063670411985,1180
84,20,0.01218769043266301,1124
84,20,0.09345794392523364,1131
105,25,0.00008158503404135545,2160
105,25,0.00007325282847483948,1935
105,25,0.00007337187802658996,1840
105,25,0.00008581959862173725,1922
105,25,0.00009883913436686122,1834
105,25,0.000048286201976354246,1968
105,25,0.06514657980456026,588
105,25,0.10050251256281408,550
105,25,0.06944444444444445,552
105,25,0.057971014492753624,735
105,25,0.07662835249042145,715
105,25,0.1,744
105,25,0.09433962264150944,597
105,25,0.08928571428571429,559
105,25,0.06230529595015576,735
105,25,0.05865102639296188,558
105,25,0.11627906976744186,598
105,25,0.08032128514056225,558
105,25,0.07220216606498195,724
105,25,0.09852216748768473,566
126,30,0.12658227848101267,2048
126,30,0.19230769230769232,1980
126,30,0.011862396204033215,3145
126,30,0.005672149744753261,3229
126,30,0.008368200836820083,3199
126,30,0.25316455696202533,1982
126,30,0.11049723756906077,1962
126,30,0.007642338555598013,3150
126,30,0.0013473457289140394,1751
126,30,0.008389261744966443,2285
126,30,0.000909132233283331,1645
126,30,0.007595898214963919,2296
126,30,0.0011140199409569432,1861
126,30,0.001514004542013626,1703
126,30,0.001183151916706105,1703
126,30,0.16,1988
126,30,0.2,2086
126,30,0.00120962864400629,1537
126,30,0.008093889113719142,2455
126,30,0.0012329696072991801,1732
147,35,0.1388888888888889,817
147,35,0.10050251256281408,793
147,35,0.10638297872340426,779
147,35,0.09523809523809523,1021
147,35,0.16129032258064516,1016
147,35,0.12987012987012986,1066
147,35,0.09216589861751152,817
147,35,0.10152284263959391,795
147,35,0.10810810810810811,1025
147,35,0.11764705882352941,757
147,35,0.12121212121212122,828
147,35,0.14184397163120568,816
147,35,0.11299435028248588,1003
147,35,0.08,793
147,35,0.11494252873563218,1070
147,35,0.1092896174863388,865
147,35,0.08438818565400844,1015
147,35,0.09900990099009901,1008
147,35,0.1360544217687075,1013
147,35,0.09009009009009009,1026
168,40,0.16,2334
168,40,0.01607717041800643,3126
168,40,0.01053740779768177,3049
168,40,0.12987012987012986,2444
168,40,0.036036036036036036,2304
168,40,0.019230769230769232,1749
168,40,0.019588638589618023,2155
168,40,0.022396416573348264,2201
168,40,0.03597122302158273,1703
168,40,0.03669724770642202,2044
168,40,0.02176278563656148,2215
168,40,0.030165912518853696,2157
168,40,0.015220700152207,2239
168,40,0.02932551319648094,2125
168,40,0.0213903743315508,1764
168,40,0.030165912518853696,1696
