63,11,0.000017849620517067807,696
63,11,0.000005441969557622295,778
63,11,0.000005117364188992447,641
63,11,0.000008403057704637564,858
63,11,0.000006746117946427728,622
63,11,0.0000059555820777477415,752
63,11,0.000015549391085845077,660
63,11,0.000012833197943095033,968
63,11,0.000015606053275944673,889
63,11,0.000009180536161672914,771
65,12,0.000009745695813443993,427
65,12,0.00000831923915566378,430
65,12,0.0000053478166468975715,1318
65,12,0.00000927772020436962,1330
65,12,0.000007640814480260337,1231
65,12,0.000018498683818646305,1340
65,12,0.000006099945161492998,787
65,12,0.000010436702962040668,949
65,12,0.000005450182335850046,931
65,12,0.000008408215499199958,1260
84,17,0.00038975718127606503,1750
84,17,0.0005518459246178467,1735
84,17,0.0011279043537108053,1742
84,17,0.001273074474856779,1722
84,17,0.0005263989050902774,1735
84,17,0.0007362685907819172,1721
84,17,0.0007135721421435707,1780
84,17,0.0007011639321273314,1801
84,17,0.00046781437125748503,1912
84,17,0.0004591579044033243,1833
85,16,0.000005259697567389875,1039
85,16,0.000007975155794668449,1472
85,16,0.000004367613274050262,1015
85,16,0.000013825617486640998,1453
85,16,0.000001029254288799696,1419
85,16,0.000007771324124832333,2305
85,16,0.000006611968058904701,988
85,16,0.00000195203612984632,1591
85,16,0.0000013212654234616044,1550
85,16,0.000007336956322365318,1012
93,17,0.0001262690034850245,2196
93,17,0.0000010633433642057356,1465
93,17,0.00017789162841996654,2305
93,17,0.00020609632942437294,2060
93,17,0.00017089051044995472,2183
93,17,0.00014662326617987742,1675
93,17,0.0000012076173118704313,1500
93,17,0.0000011517952052838835,2001
93,17,0.00008659283184537984,1679
93,17,0.0002643824027072758,2335
105,19,0.0007925186241876684,1991
105,22,0.023980815347721823,1469
105,19,0.0009109127345600292,2041
105,23,0.009115770282588878,1992
105,19,0.000006566065784099878,1842
105,19,0.0009394081728511038,2631
105,22,0.020618556701030927,1638
105,19,0.000005422155469463776,1888
105,23,0.009765625,2065
105,19,0.0008320159747067144,1996
