21,8,0.2127659574468085
21,8,0.19230769230769232
21,8,0.23809523809523808
21,8,0.20833333333333334
21,8,0.2631578947368421
21,8,0.2777777777777778
21,8,0.20408163265306123
21,8,0.3333333333333333
21,8,0.35714285714285715
21,8,0.2631578947368421
21,8,0.30303030303030304
21,8,0.2777777777777778
21,8,0.2
21,8,0.4
21,8,0.24390243902439024
21,8,0.20833333333333334
21,8,0.30303030303030304
21,8,0.3125
21,8,0.30303030303030304
21,8,0.3333333333333333
21,8,0.2777777777777778
21,8,0.30303030303030304
21,8,0.37037037037037035
21,8,0.20833333333333334
21,8,0.30303030303030304
21,8,0.2702702702702703
21,8,0.45454545454545453
21,8,0.2857142857142857
21,8,0.29411764705882354
21,8,0.5
42,16,0.7142857142857143
42,16,0.5263157894736842
42,16,0.37037037037037035
42,16,0.5263157894736842
42,16,0.6666666666666666
42,16,0.45454545454545453
42,16,0.5882352941176471
42,16,0.45454545454545453
42,16,0.9090909090909091
42,16,0.47619047619047616
42,16,0.8333333333333334
42,16,0.6666666666666666
42,16,0.35714285714285715
42,16,0.6666666666666666
42,16,0.5
42,16,0.5263157894736842
42,16,0.6666666666666666
42,16,0.5263157894736842
42,16,1
42,16,0.38461538461538464
42,16,0.7692307692307693
42,16,0.8333333333333334
42,16,0.6666666666666666
42,16,0.5263157894736842
42,16,0.45454545454545453
42,16,0.4
42,16,0.7692307692307693
42,16,0.4166666666666667
42,16,0.8333333333333334
42,16,0.625
42,16,0.5263157894736842
42,16,0.8333333333333334
42,16,0.625
42,16,0.8333333333333334
42,16,0.6666666666666666
42,16,0.7142857142857143
42,16,0.4
42,16,0.625
42,16,0.7692307692307693
42,16,0.5555555555555556
42,16,0.4166666666666667
42,16,0.5263157894736842
42,16,0.45454545454545453
42,16,0.38461538461538464
42,16,0.8333333333333334
42,16,0.6666666666666666
42,16,0.5
42,16,0.5555555555555556
42,16,0.47619047619047616
42,16,0.5
63,24,0.8333333333333334
63,24,0.5555555555555556
63,24,0.7692307692307693
63,24,0.43478260869565216
63,24,0.7142857142857143
63,24,0.5555555555555556
63,24,0.7142857142857143
63,24,0.5882352941176471
63,24,0.6666666666666666
63,24,0.6666666666666666
63,24,0.6666666666666666
63,24,0.7142857142857143
63,24,0.7692307692307693
63,24,0.5882352941176471
63,24,0.7692307692307693
63,24,0.5263157894736842
63,24,0.47619047619047616
63,24,0.7142857142857143
63,24,0.7142857142857143
63,24,0.47619047619047616
63,24,0.5
63,24,0.5263157894736842
63,24,0.5
63,24,0.5263157894736842
63,24,0.5263157894736842
63,24,0.5882352941176471
63,24,0.6666666666666666
63,24,0.5263157894736842
63,24,0.625
63,24,0.7142857142857143
84,32,0.9090909090909091
84,32,0.9090909090909091
