63,11,0.000006038129580676053,1361
63,11,0.00001589847867457563,699
63,11,0.00001616514310192931,915
63,11,0.00001010611419909045,594
63,11,0.0008928571428571428,661
63,11,0.000004287813476683513,629
63,11,0.000010874695236665992,644
63,11,0.000017649290939736495,1141
63,11,0.0000096494639240317,1018
63,11,0.000014945985209453036,893
63,11,0.00000608098657926262,1066
63,11,0.00048536620880454303,968
63,11,0.000007634572704417593,914
63,11,0.000012581829070819342,1051
63,11,0.000009823993335402921,1286
63,11,0.0008563110121596164,645
65,12,0.000009219223925729932,1167
65,12,0.000008309692258856885,803
65,12,0.000009707211098836882,1153
65,12,0.000005924834000963378,994
65,12,0.000006861633109849943,1204
65,12,0.00001675078351789905,791
65,12,0.000011184756519035337,1053
65,12,0.00001084036692473967,1192
65,12,0.000004920695609214101,920
65,12,0.000013576976705981065,1249
65,12,0.000007904907129198593,1297
65,12,0.000011607216438604209,1162
