63,14,0.00007610748279257382
63,14,0.00009974751410492192
63,14,0.000039718593763187816
63,14,0.000053930705784405265
63,14,0.22857142857142856
63,14,0.1951219512195122
63,14,0.1927710843373494
63,14,0.2962962962962963
63,14,0.3137254901960784
63,14,0.0000936850425974178
63,14,0.00005510533729632551
63,14,0.00017301599316586828
63,14,0.26229508196721313
63,14,0.23880597014925373
63,14,0.25806451612903225
63,14,0.17582417582417584
63,14,0.00011874721686210479
63,14,0.2318840579710145
63,14,0.00010519256814506056
63,14,0.3076923076923077
63,14,0.00013315025173719469
63,14,0.00006257797802730746
63,14,0.00005640774337297153
63,14,0.25
63,14,0.23880597014925373
63,14,0.2962962962962963
63,14,0.2318840579710145
63,14,0.2909090909090909
63,14,0.2318840579710145
63,14,0.3137254901960784
63,14,0.00006073904229715058
63,14,0.00021974098031944845
63,14,0.2857142857142857
63,14,0.2318840579710145
63,14,0.00005754112392200301
63,14,0.16494845360824742
63,14,0.23880597014925373
63,14,0.24615384615384617
63,14,0.3076923076923077
63,14,0.34782608695652173
63,14,0.3137254901960784
63,14,0.3333333333333333
63,14,0.2857142857142857
63,14,0.00006151740365797861
63,14,0.21052631578947367
63,14,0.2711864406779661
63,14,0.00008452281587761096
63,14,0.3076923076923077
63,14,0.00003685065122010203
63,14,0.000051296190616644334
126,28,0.3902439024390244
126,28,0.43243243243243246
126,28,0.48484848484848486
126,28,0.5
126,28,0.45714285714285713
126,28,0.3902439024390244
126,28,0.45714285714285713
126,28,0.38095238095238093
126,28,0.48484848484848486
126,28,0.3902439024390244
126,28,0.6153846153846154
126,28,0.5161290322580645
126,28,0.35555555555555557
126,28,0.34782608695652173
126,28,0.43243243243243246
126,28,0.35555555555555557
126,28,0.4444444444444444
126,28,0.37209302325581395
126,28,0.3902439024390244
126,28,0.48484848484848486
126,28,0.4444444444444444
126,28,0.34782608695652173
126,28,0.4444444444444444
126,28,0.41025641025641024
126,28,0.43243243243243246
126,28,0.3902439024390244
126,28,0.32653061224489793
126,28,0.43243243243243246
126,28,0.41025641025641024
126,28,0.3018867924528302
126,28,0.3018867924528302
126,28,0.5333333333333333
126,28,0.00009507567429450879
126,28,0.0001230523126144002
126,28,0.0001636460336292599
126,28,0.00015230842455973346
126,28,0.2711864406779661
126,28,0.5
126,28,0.5161290322580645
126,28,0.4
126,28,0.4444444444444444
126,28,0.0002062786050409334
126,28,0.00010897104094586864
126,28,0.00037316043566480863
126,28,0.38095238095238093
126,28,0.47058823529411764
126,28,0.32653061224489793
126,28,0.5714285714285714
126,28,0.00020396976148286016
126,28,0.45714285714285713
