15,4,0.034013605442176874
15,4,0.03861003861003861
15,4,0.008424599831508003
15,4,0.04424778761061947
15,4,0.011933174224343675
15,4,0.045662100456621
15,4,0.031055900621118012
15,4,0.02717391304347826
15,4,0.008481764206955046
15,4,0.010905125408942203
15,4,0.06896551724137931
15,4,0.018083182640144666
15,4,0.030864197530864196
15,4,0.009615384615384616
15,4,0.007541478129713424
15,4,0.019267822736030827
15,4,0.05102040816326531
15,4,0.03289473684210526
15,4,0.005282620179609086
15,4,0.009285051067780872
15,4,0.0061614294516327784
15,4,0.01949317738791423
15,4,0.012690355329949238
15,4,0.0088339222614841
15,4,0.025839793281653745
15,4,0.04739336492890995
15,4,0.06134969325153374
15,4,0.007304601899196494
15,4,0.006188118811881188
15,4,0.008928571428571428
15,4,0.03676470588235294
15,4,0.03802281368821293
15,4,0.012610340479192938
15,4,0.009442870632672332
15,4,0.03322259136212625
15,4,0.0425531914893617
15,4,0.009000900090009001
15,4,0.0072992700729927005
15,4,0.05434782608695652
15,4,0.02680965147453083
15,4,0.009066183136899365
15,4,0.029411764705882353
15,4,0.041666666666666664
15,4,0.026881720430107527
15,4,0.027548209366391185
15,4,0.020202020202020204
15,4,0.00791765637371338
15,4,0.006082725060827251
15,4,0.008896797153024912
15,4,0.04975124378109453
15,4,0.03194888178913738
30,8,0.008244023083264633
30,8,0.004268032437046522
30,8,0.005780346820809248
30,8,0.016051364365971106
30,8,0.01037344398340249
30,8,0.012300123001230012
30,8,0.009009009009009009
30,8,0.011723329425556858
30,8,0.0013555645926528399
30,8,0.008333333333333333
30,8,0.001810610175629187
30,8,0.007593014426727411
30,8,0.008936550491510277
30,8,0.0011445576284765937
30,8,0.0013336889837289945
30,8,0.008032128514056224
30,8,0.003522367030644593
30,8,0.010775862068965518
30,8,0.0021008403361344537
30,8,0.0017205781142463868
30,8,0.002918855808523059
30,8,0.012437810945273632
30,8,0.0035198873636043647
30,8,0.008006405124099279
30,8,0.0013462574044157242
30,8,0.0013635124079629125
30,8,0.001397624039133473
30,8,0.0017158544955387784
30,8,0.0014230823964707557
30,8,0.007575757575757576
30,8,0.0018796992481203006
30,8,0.01949317738791423
30,8,0.010416666666666666
30,8,0.018518518518518517
30,8,0.0014019346698443853
30,8,0.012062726176115802
30,8,0.017094017094017096
30,8,0.0018978933383943823
30,8,0.002830455703368242
30,8,0.011481056257175661
30,8,0.002531004808909137
30,8,0.013550135501355014
30,8,0.00258732212160414
30,8,0.011441647597254004
30,8,0.0011224604332697272
30,8,0.0015748031496062992
30,8,0.00782472613458529
30,8,0.01026694045174538
30,8,0.0012283503255128363
30,8,0.010416666666666666
45,12,0.078125
45,12,0.14925373134328357
45,12,0.028409090909090908
45,12,0.06578947368421052
45,12,0.02100840336134454
45,12,0.0970873786407767
45,12,0.12048192771084337
45,12,0.11627906976744186
45,12,0.025906735751295335
45,12,0.03003003003003003
45,12,0.12345679012345678
45,12,0.02481389578163772
45,12,0.12345679012345678
45,12,0.0411522633744856
45,12,0.03787878787878788
45,12,0.125
45,12,0.072992700729927
45,12,0.11764705882352941
45,12,0.04065040650406504
45,12,0.027472527472527472
45,12,0.02610966057441253
45,12,0.02857142857142857
45,12,0.02145922746781116
45,12,0.044642857142857144
45,12,0.2631578947368421
45,12,0.11363636363636363
45,12,0.10309278350515463
45,12,0.034482758620689655
45,12,0.025974025974025976
45,12,0.022123893805309734
45,12,0.10526315789473684
45,12,0.09009009009009009
45,12,0.06329113924050633
45,12,0.020833333333333332
45,12,0.1
45,12,0.14705882352941177
45,12,0.01845018450184502
45,12,0.03289473684210526
45,12,0.08333333333333333
45,12,0.06993006993006994
45,12,0.02710027100271003
45,12,0.09090909090909091
45,12,0.09803921568627451
45,12,0.05405405405405406
45,12,0.02710027100271003
45,12,0.024330900243309004
45,12,0.043859649122807015
45,12,0.0411522633744856
45,12,0.03676470588235294
45,12,0.1388888888888889
45,12,0.11627906976744186
60,16,0.009970089730807577
60,16,0.0165016501650165
60,16,0.09345794392523364
60,16,0.0028376844494892167
60,16,0.02028397565922921
60,16,0.02481389578163772
60,16,0.016366612111292964
60,16,0.04149377593360996
60,16,0.03164556962025317
60,16,0.02617801047120419
60,16,0.002944640753828033
60,16,0.015174506828528073
60,16,0.002027986209693774
60,16,0.017241379310344827
60,16,0.018796992481203006
60,16,0.0032605151613955006
60,16,0.002832058906825262
60,16,0.014064697609001406
60,16,0.0025025025025025025
60,16,0.026041666666666668
60,16,0.0030950170225936243
60,16,0.003033060357901122
60,16,0.0028336639274582033
60,16,0.03787878787878788
60,16,0.0031605562579013905
60,16,0.0176678445229682
60,16,0.002135383301302584
60,16,0.004426737494466578
60,16,0.004870920603994155
60,16,0.0025188916876574307
60,16,0.0077459333849728895
60,16,0.027855153203342618
60,16,0.0026624068157614484
60,16,0.02304147465437788
60,16,0.03460207612456748
60,16,0.02976190476190476
60,16,0.0023912003825920613
60,16,0.03717472118959108
60,16,0.022573363431151242
60,16,0.002789400278940028
60,16,0.004073319755600814
60,16,0.017452006980802792
60,16,0.003368137420006736
60,16,0.028328611898016998
60,16,0.00350754121360926
60,16,0.017857142857142856
60,16,0.0032851511169513796
60,16,0.0026961445133459154
60,16,0.016051364365971106
60,16,0.020202020202020204
75,20,0.1282051282051282
75,20,0.2857142857142857
75,20,0.08547008547008547
75,20,0.15151515151515152
75,20,0.06944444444444445
75,20,0.2222222222222222
75,20,0.22727272727272727
75,20,0.2
75,20,0.04405286343612335
75,20,0.058823529411764705
75,20,0.11904761904761904
75,20,0.054945054945054944
75,20,0.17857142857142858
75,20,0.04405286343612335
75,20,0.050761421319796954
75,20,0.2631578947368421
75,20,0.24390243902439024
75,20,0.14925373134328357
75,20,0.05714285714285714
75,20,0.07352941176470588
75,20,0.03289473684210526
75,20,0.04716981132075472
75,20,0.03215434083601286
75,20,0.046948356807511735
75,20,0.2857142857142857
75,20,0.23809523809523808
75,20,0.2857142857142857
75,20,0.03367003367003367
75,20,0.050505050505050504
75,20,0.038314176245210725
75,20,0.22727272727272727
75,20,0.19230769230769232
75,20,0.020161290322580645
75,20,0.06289308176100629
75,20,0.1694915254237288
75,20,0.20408163265306123
75,20,0.037037037037037035
75,20,0.03322259136212625
75,20,0.17857142857142858
75,20,0.12658227848101267
75,20,0.04608294930875576
75,20,0.09803921568627451
75,20,0.29411764705882354
75,20,0.24390243902439024
75,20,0.04132231404958678
75,20,0.033112582781456956
75,20,0.027932960893854747
75,20,0.042735042735042736
75,20,0.07633587786259542
75,20,0.16666666666666666
75,20,0.15151515151515152
90,24,0.021834061135371178
90,24,0.0038669760247486465
90,24,0.03194888178913738
90,24,0.02680965147453083
90,24,0.06451612903225806
90,24,0.04405286343612335
90,24,0.043478260869565216
90,24,0.02617801047120419
90,24,0.002849002849002849
90,24,0.026954177897574125
90,24,0.003526093088857546
90,24,0.02364066193853428
90,24,0.04405286343612335
90,24,0.0056657223796034
90,24,0.0042158516020236085
90,24,0.025380710659898477
90,24,0.006609385327164574
90,24,0.03759398496240601
90,24,0.005977286312014346
90,24,0.00432152117545376
90,24,0.010964912280701754
90,24,0.03333333333333333
90,24,0.0054914881933003845
90,24,0.03003003003003003
90,24,0.003457814661134163
90,24,0.005652911249293386
90,24,0.004623208506703652
90,24,0.006544502617801047
90,24,0.0032733224222585926
90,24,0.035211267605633804
90,24,0.006269592476489028
90,24,0.029239766081871343
90,24,0.017605633802816902
90,24,0.05714285714285714
90,24,0.0038535645472061657
90,24,0.024096385542168676
90,24,0.03289473684210526
90,24,0.005078720162519045
90,24,0.0054585152838427945
90,24,0.044642857142857144
90,24,0.0036456434560699965
90,24,0.033003300330033
90,24,0.004078303425774877
90,24,0.03289473684210526
90,24,0.005
90,24,0.004205214465937763
90,24,0.018796992481203006
90,24,0.024271844660194174
90,24,0.0053792361484669175
90,24,0.036101083032490974
105,28,0.2857142857142857
105,28,0.3225806451612903
105,28,0.08403361344537816
105,28,0.23809523809523808
105,28,0.04405286343612335
105,28,0.2777777777777778
105,28,0.14492753623188406
105,28,0.2
105,28,0.03861003861003861
105,28,0.06711409395973154
105,28,0.22727272727272727
105,28,0.09345794392523364
105,28,0.47619047619047616
105,28,0.0847457627118644
105,28,0.05649717514124294
105,28,0.15384615384615385
105,28,0.23255813953488372
105,28,0.20833333333333334
105,28,0.08130081300813008
105,28,0.08196721311475409
105,28,0.04184100418410042
105,28,0.07462686567164178
105,28,0.08403361344537816
105,28,0.05649717514124294
105,28,0.4166666666666667
105,28,0.3125
105,28,0.20408163265306123
105,28,0.05747126436781609
105,28,0.08130081300813008
105,28,0.058823529411764705
105,28,0.2702702702702703
105,28,0.18867924528301888
105,28,0.07575757575757576
105,28,0.04878048780487805
105,28,0.2777777777777778
105,28,0.2222222222222222
105,28,0.07246376811594203
105,28,0.03816793893129771
105,28,0.2564102564102564
105,28,0.3225806451612903
105,28,0.03424657534246575
105,28,0.23255813953488372
105,28,0.22727272727272727
105,28,0.22727272727272727
105,28,0.09900990099009901
105,28,0.04504504504504504
105,28,0.05102040816326531
105,28,0.043478260869565216
105,28,0.04484304932735426
105,28,0.24390243902439024
105,28,0.3225806451612903
120,32,0.026881720430107527
120,32,0.03367003367003367
120,32,0.052083333333333336
120,32,0.005988023952095809
120,32,0.04291845493562232
120,32,0.03636363636363636
120,32,0.03558718861209965
120,32,0.04048582995951417
120,32,0.04424778761061947
120,32,0.03546099290780142
120,32,0.004703668861712135
120,32,0.04739336492890995
120,32,0.005257623554153523
120,32,0.05952380952380952
120,32,0.05319148936170213
120,32,0.0066050198150594455
120,32,0.005434782608695652
120,32,0.05
120,32,0.007668711656441718
120,32,0.04950495049504951
120,32,0.008771929824561403
120,32,0.0057405281285878304
120,32,0.004547521600727604
120,32,0.03546099290780142
120,32,0.010638297872340425
120,32,0.045662100456621
120,32,0.005120327700972862
120,32,0.008920606601248885
120,32,0.011210762331838564
120,32,0.006027727546714889
120,32,0.011086474501108648
120,32,0.06289308176100629
120,32,0.00929368029739777
120,32,0.05263157894736842
120,32,0.038910505836575876
120,32,0.05555555555555555
120,32,0.012135922330097087
120,32,0.04807692307692308
120,32,0.04608294930875576
120,32,0.00779423226812159
120,32,0.01049317943336831
120,32,0.03663003663003663
120,32,0.010615711252653927
120,32,0.030959752321981424
120,32,0.006587615283267457
120,32,0.02044989775051125
120,32,0.0058445353594389245
120,32,0.011627906976744186
120,32,0.05291005291005291
120,32,0.04310344827586207
135,36,0.20833333333333334
135,36,0.2222222222222222
135,36,0.14492753623188406
135,36,0.29411764705882354
135,36,0.08695652173913043
135,36,0.4
135,36,0.23809523809523808
135,36,0.2
135,36,0.08064516129032258
135,36,0.15625
135,36,0.3448275862068966
135,36,0.136986301369863
135,36,0.25
135,36,0.1111111111111111
135,36,0.056179775280898875
135,36,0.18181818181818182
135,36,0.2222222222222222
135,36,0.3225806451612903
135,36,0.11627906976744186
135,36,0.10526315789473684
135,36,0.07042253521126761
135,36,0.08403361344537816
135,36,0.10638297872340426
135,36,0.10752688172043011
135,36,0.20408163265306123
135,36,0.23809523809523808
135,36,0.30303030303030304
135,36,0.10204081632653061
135,36,0.06993006993006994
135,36,0.10869565217391304
135,36,0.25
135,36,0.25
135,36,0.07352941176470588
135,36,0.10101010101010101
135,36,0.2702702702702703
135,36,0.3448275862068966
135,36,0.07751937984496124
135,36,0.11494252873563218
135,36,0.3225806451612903
135,36,0.43478260869565216
135,36,0.05263157894736842
135,36,0.23809523809523808
135,36,0.20408163265306123
135,36,0.30303030303030304
135,36,0.05847953216374269
135,36,0.1111111111111111
135,36,0.11494252873563218
135,36,0.12987012987012986
135,36,0.1724137931034483
135,36,0.5
135,36,0.4
150,40,0.08849557522123894
150,40,0.006816632583503749
150,40,0.06802721088435375
150,40,0.10309278350515463
150,40,0.06172839506172839
150,40,0.06666666666666667
150,40,0.030864197530864196
150,40,0.07518796992481203
150,40,0.006464124111182934
150,40,0.05917159763313609
150,40,0.007331378299120235
150,40,0.06622516556291391
150,40,0.06493506493506493
150,40,0.008410428931875526
150,40,0.007147962830593281
150,40,0.04672897196261682
150,40,0.006195786864931847
150,40,0.05263157894736842
150,40,0.007535795026375283
150,40,0.007830853563038372
150,40,0.010245901639344262
150,40,0.044642857142857144
150,40,0.014204545454545454
150,40,0.05405405405405406
150,40,0.008156606851549755
150,40,0.024213075060532687
150,40,0.007558578987150416
150,40,0.01079913606911447
150,40,0.00931098696461825
150,40,0.04739336492890995
150,40,0.016666666666666666
150,40,0.058823529411764705
150,40,0.08849557522123894
150,40,0.0847457627118644
150,40,0.01050420168067227
150,40,0.041666666666666664
150,40,0.045662100456621
150,40,0.009784735812133072
150,40,0.008710801393728223
150,40,0.045871559633027525
150,40,0.008517887563884156
150,40,0.08771929824561403
150,40,0.012953367875647668
150,40,0.043478260869565216
150,40,0.005868544600938967
150,40,0.006146281499692686
150,40,0.053475935828877004
150,40,0.06666666666666667
150,40,0.013157894736842105
150,40,0.04739336492890995
165,44,0.2222222222222222
165,44,0.7142857142857143
165,44,0.06711409395973154
165,44,0.21739130434782608
165,44,0.17543859649122806
165,44,0.3448275862068966
165,44,0.43478260869565216
165,44,0.35714285714285715
165,44,0.06289308176100629
165,44,0.12987012987012986
165,44,0.35714285714285715
165,44,0.07692307692307693
165,44,0.3333333333333333
165,44,0.05813953488372093
165,44,0.06535947712418301
165,44,0.30303030303030304
165,44,0.4166666666666667
165,44,0.2777777777777778
165,44,0.15384615384615385
165,44,0.09900990099009901
165,44,0.09523809523809523
165,44,0.19230769230769232
165,44,0.08620689655172414
165,44,0.15384615384615385
165,44,0.3448275862068966
165,44,0.45454545454545453
165,44,0.43478260869565216
165,44,0.08264462809917356
165,44,0.14285714285714285
165,44,0.18867924528301888
165,44,0.2631578947368421
165,44,0.30303030303030304
165,44,0.09615384615384616
165,44,0.13157894736842105
165,44,0.2702702702702703
165,44,0.2127659574468085
165,44,0.13157894736842105
165,44,0.0970873786407767
165,44,0.29411764705882354
165,44,0.38461538461538464
165,44,0.08403361344537816
165,44,0.4166666666666667
165,44,0.3125
165,44,0.35714285714285715
165,44,0.19230769230769232
165,44,0.09523809523809523
165,44,0.15625
165,44,0.08695652173913043
165,44,0.10752688172043011
165,44,0.3448275862068966
165,44,0.3448275862068966
180,48,0.050761421319796954
180,48,0.03571428571428571
180,48,0.07407407407407407
180,48,0.01904761904761905
180,48,0.05405405405405406
180,48,0.07462686567164178
180,48,0.11494252873563218
180,48,0.07874015748031496
180,48,0.06493506493506493
180,48,0.08928571428571429
180,48,0.009416195856873822
180,48,0.037037037037037035
180,48,0.011135857461024499
180,48,0.043859649122807015
180,48,0.06289308176100629
180,48,0.02012072434607646
180,48,0.008748906386701663
180,48,0.09523809523809523
180,48,0.01015228426395939
180,48,0.04524886877828054
180,48,0.014005602240896359
180,48,0.012224938875305624
180,48,0.0074850299401197605
180,48,0.06493506493506493
180,48,0.006680026720106881
180,48,0.05235602094240838
180,48,0.017605633802816902
180,48,0.0078003120124804995
180,48,0.011587485515643106
180,48,0.01072961373390558
180,48,0.014684287812041116
180,48,0.05128205128205128
180,48,0.006027727546714889
180,48,0.08196721311475409
180,48,0.07751937984496124
180,48,0.06666666666666667
180,48,0.009233610341643583
180,48,0.06711409395973154
180,48,0.08064516129032258
180,48,0.007390983000739098
180,48,0.012077294685990338
180,48,0.05263157894736842
180,48,0.010277492291880781
180,48,0.06535947712418301
180,48,0.007513148009015778
180,48,0.08547008547008547
180,48,0.014684287812041116
180,48,0.00975609756097561
180,48,0.07518796992481203
180,48,0.08264462809917356
195,52,0.3333333333333333
195,52,0.3448275862068966
195,52,0.10989010989010989
195,52,0.3333333333333333
195,52,0.14285714285714285
195,52,0.3225806451612903
195,52,0.4
195,52,0.3448275862068966
195,52,0.11627906976744186
195,52,0.125
195,52,0.47619047619047616
195,52,0.09345794392523364
195,52,0.45454545454545453
195,52,0.16393442622950818
195,52,0.17857142857142858
195,52,0.2564102564102564
195,52,0.5
195,52,0.4166666666666667
195,52,0.12048192771084337
195,52,0.125
195,52,0.19230769230769232
195,52,0.15151515151515152
195,52,0.13513513513513514
195,52,0.11627906976744186
195,52,0.35714285714285715
195,52,0.5555555555555556
195,52,0.35714285714285715
195,52,0.10204081632653061
195,52,0.125
195,52,0.10989010989010989
195,52,0.2857142857142857
195,52,0.35714285714285715
195,52,0.1388888888888889
195,52,0.10989010989010989
195,52,0.2857142857142857
195,52,0.3448275862068966
195,52,0.20833333333333334
195,52,0.10526315789473684
195,52,0.3333333333333333
195,52,0.35714285714285715
195,52,0.11494252873563218
195,52,0.5
195,52,0.45454545454545453
195,52,0.4
195,52,0.11363636363636363
195,52,0.06993006993006994
195,52,0.07633587786259542
195,52,0.1388888888888889
195,52,0.0847457627118644
195,52,0.43478260869565216
195,52,0.35714285714285715
210,56,0.10416666666666667
210,56,0.00749063670411985
210,56,0.06369426751592357
210,56,0.039525691699604744
210,56,0.07874015748031496
210,56,0.11363636363636363
210,56,0.10526315789473684
210,56,0.06369426751592357
210,56,0.008460236886632826
210,56,0.29411764705882354
210,56,0.0068212824010914054
210,56,0.12048192771084337
210,56,0.07874015748031496
210,56,0.00904977375565611
210,56,0.018050541516245487
210,56,0.05649717514124294
210,56,0.013054830287206266
210,56,0.06578947368421052
210,56,0.01287001287001287
210,56,0.007987220447284345
210,56,0.009910802775024777
210,56,0.06896551724137931
210,56,0.014970059880239521
210,56,0.07633587786259542
210,56,0.01440922190201729
210,56,0.012315270935960592
210,56,0.01592356687898089
210,56,0.019569471624266144
210,56,0.01483679525222552
210,56,0.07407407407407407
210,56,0.014204545454545454
210,56,0.12987012987012986
210,56,0.0398406374501992
210,56,0.08547008547008547
210,56,0.010764262648008612
210,56,0.078125
210,56,0.0970873786407767
210,56,0.014947683109118086
210,56,0.019083969465648856
210,56,0.0970873786407767
210,56,0.0074962518740629685
210,56,0.1282051282051282
210,56,0.010615711252653927
210,56,0.11627906976744186
210,56,0.010330578512396695
210,56,0.009208103130755065
210,56,0.057803468208092484
210,56,0.08695652173913043
210,56,0.01447178002894356
210,56,0.06493506493506493
225,60,0.5
225,60,0.43478260869565216
225,60,0.2222222222222222
225,60,0.43478260869565216
225,60,0.19607843137254902
225,60,0.2631578947368421
225,60,0.625
225,60,0.4
225,60,0.09523809523809523
225,60,0.19607843137254902
225,60,0.3333333333333333
225,60,0.15151515151515152
225,60,0.45454545454545453
225,60,0.09259259259259259
225,60,0.14925373134328357
225,60,0.625
225,60,0.3333333333333333
225,60,0.5555555555555556
225,60,0.24390243902439024
225,60,0.23809523809523808
225,60,0.08547008547008547
225,60,0.09259259259259259
225,60,0.3333333333333333
225,60,0.2
225,60,0.45454545454545453
225,60,0.37037037037037035
225,60,0.4
225,60,0.14492753623188406
225,60,0.06329113924050633
225,60,0.09090909090909091
225,60,0.38461538461538464
225,60,0.4166666666666667
225,60,0.18867924528301888
225,60,0.11235955056179775
225,60,0.47619047619047616
225,60,0.47619047619047616
225,60,0.12658227848101267
225,60,0.1111111111111111
225,60,0.4166666666666667
225,60,0.2631578947368421
225,60,0.12048192771084337
225,60,0.2857142857142857
225,60,0.38461538461538464
225,60,0.5
225,60,0.1111111111111111
225,60,0.13333333333333333
225,60,0.07092198581560284
225,60,0.10752688172043011
225,60,0.08130081300813008
225,60,0.47619047619047616
225,60,0.38461538461538464
240,64,0.055865921787709494
240,64,0.03115264797507788
240,64,0.06060606060606061
240,64,0.013908205841446454
240,64,0.07352941176470588
240,64,0.08849557522123894
240,64,0.08
240,64,0.10869565217391304
240,64,0.10309278350515463
240,64,0.06802721088435375
240,64,0.012674271229404309
240,64,0.10638297872340426
240,64,0.023255813953488372
240,64,0.11235955056179775
240,64,0.0684931506849315
240,64,0.01088139281828074
240,64,0.016366612111292964
240,64,0.08
240,64,0.009775171065493646
240,64,0.05747126436781609
240,64,0.010384215991692628
240,64,0.015174506828528073
240,64,0.014104372355430184
240,64,0.05102040816326531
240,64,0.010626992561105207
240,64,0.11235955056179775
240,64,0.017921146953405017
240,64,0.015527950310559006
240,64,0.01288659793814433
240,64,0.017953321364452424
240,64,0.010515247108307046
240,64,0.08849557522123894
240,64,0.02004008016032064
240,64,0.05555555555555555
240,64,0.06451612903225806
240,64,0.07936507936507936
240,64,0.02364066193853428
240,64,0.14705882352941177
240,64,0.07246376811594203
240,64,0.01584786053882726
240,64,0.011389521640091117
240,64,0.12658227848101267
240,64,0.015873015873015872
240,64,0.05747126436781609
240,64,0.010672358591248666
240,64,0.14285714285714285
240,64,0.01757469244288225
240,64,0.017857142857142856
240,64,0.17543859649122806
240,64,0.1
255,68,0.43478260869565216
255,68,0.43478260869565216
255,68,0.29411764705882354
255,68,0.625
255,68,0.11235955056179775
255,68,0.3225806451612903
255,68,0.6666666666666666
255,68,0.4166666666666667
255,68,0.1724137931034483
255,68,0.1111111111111111
255,68,0.37037037037037035
255,68,0.12345679012345678
255,68,0.47619047619047616
255,68,0.11764705882352941
255,68,0.125
255,68,0.5882352941176471
255,68,0.45454545454545453
255,68,0.47619047619047616
255,68,0.20408163265306123
255,68,0.11235955056179775
255,68,0.15873015873015872
255,68,0.14925373134328357
255,68,0.11904761904761904
255,68,0.16666666666666666
255,68,0.37037037037037035
255,68,0.45454545454545453
255,68,0.37037037037037035
255,68,0.14705882352941177
255,68,0.12048192771084337
255,68,0.2
255,68,0.29411764705882354
255,68,0.43478260869565216
255,68,0.14492753623188406
255,68,0.1
255,68,0.5
255,68,0.5263157894736842
255,68,0.19607843137254902
255,68,0.16393442622950818
255,68,0.5
255,68,0.37037037037037035
255,68,0.14084507042253522
255,68,0.5882352941176471
255,68,0.45454545454545453
255,68,0.5555555555555556
255,68,0.23809523809523808
255,68,0.12195121951219512
255,68,0.16129032258064516
255,68,0.15625
255,68,0.10638297872340426
255,68,0.38461538461538464
255,68,0.47619047619047616
270,72,0.1694915254237288
270,72,0.019120458891013385
270,72,0.10204081632653061
270,72,0.12658227848101267
270,72,0.05649717514124294
270,72,0.07692307692307693
270,72,0.08064516129032258
270,72,0.09523809523809523
270,72,0.011299435028248588
270,72,0.07692307692307693
270,72,0.017513134851138354
270,72,0.10869565217391304
270,72,0.09803921568627451
270,72,0.026246719160104987
270,72,0.013568521031207599
270,72,0.07352941176470588
270,72,0.018050541516245487
270,72,0.08264462809917356
270,72,0.017421602787456445
270,72,0.008968609865470852
270,72,0.01050420168067227
270,72,0.07352941176470588
270,72,0.01277139208173691
270,72,0.07042253521126761
270,72,0.010214504596527068
270,72,0.01763668430335097
270,72,0.04672897196261682
270,72,0.020964360587002098
270,72,0.030303030303030304
270,72,0.06993006993006994
270,72,0.041666666666666664
270,72,0.11627906976744186
270,72,0.0847457627118644
270,72,0.07407407407407407
270,72,0.013774104683195593
270,72,0.10638297872340426
270,72,0.06802721088435375
270,72,0.02932551319648094
270,72,0.01953125
270,72,0.08849557522123894
270,72,0.01838235294117647
270,72,0.07692307692307693
270,72,0.01984126984126984
270,72,0.06711409395973154
270,72,0.023809523809523808
270,72,0.018518518518518517
270,72,0.15384615384615385
270,72,0.13333333333333333
270,72,0.022172949002217297
270,72,0.11904761904761904
285,76,0.5263157894736842
285,76,0.5263157894736842
285,76,0.23809523809523808
285,76,0.6666666666666666
285,76,0.12658227848101267
285,76,0.7142857142857143
285,76,0.7142857142857143
285,76,0.4
285,76,0.1388888888888889
285,76,0.17543859649122806
285,76,0.625
285,76,0.18181818181818182
285,76,0.5882352941176471
285,76,0.1388888888888889
285,76,0.15151515151515152
285,76,0.5882352941176471
285,76,0.5
285,76,0.3333333333333333
285,76,0.11363636363636363
285,76,0.11627906976744186
285,76,0.17543859649122806
285,76,0.09433962264150944
285,76,0.18867924528301888
285,76,0.16666666666666666
285,76,0.5
285,76,0.6666666666666666
285,76,0.5
285,76,0.3225806451612903
285,76,0.12987012987012986
285,76,0.15151515151515152
285,76,0.5263157894736842
285,76,0.47619047619047616
285,76,0.125
285,76,0.14492753623188406
285,76,0.45454545454545453
285,76,0.5882352941176471
285,76,0.16129032258064516
285,76,0.18518518518518517
285,76,0.5555555555555556
285,76,0.8333333333333334
285,76,0.10752688172043011
285,76,0.7692307692307693
285,76,0.625
285,76,0.625
285,76,0.15384615384615385
285,76,0.16666666666666666
285,76,0.06993006993006994
285,76,0.11627906976744186
285,76,0.15873015873015872
285,76,0.5263157894736842
285,76,0.3448275862068966
300,80,0.05263157894736842
300,80,0.08
300,80,0.08547008547008547
300,80,0.045871559633027525
300,80,0.06711409395973154
300,80,0.11235955056179775
300,80,0.11494252873563218
300,80,0.06578947368421052
300,80,0.3125
300,80,0.07692307692307693
300,80,0.017035775127768313
300,80,0.12987012987012986
300,80,0.008976660682226212
300,80,0.11764705882352941
300,80,0.12345679012345678
300,80,0.030211480362537766
300,80,0.01680672268907563
300,80,0.11764705882352941
300,80,0.027855153203342618
300,80,0.16666666666666666
300,80,0.01335113484646195
300,80,0.012391573729863693
300,80,0.017482517482517484
300,80,0.06134969325153374
300,80,0.01639344262295082
300,80,0.12658227848101267
300,80,0.016366612111292964
300,80,0.016722408026755852
300,80,0.015479876160990712
300,80,0.01730103806228374
300,80,0.027700831024930747
300,80,0.10101010101010101
300,80,0.01996007984031936
300,80,0.11904761904761904
300,80,0.14084507042253522
300,80,0.11363636363636363
300,80,0.03355704697986577
300,80,0.1694915254237288
300,80,0.0970873786407767
300,80,0.01904761904761905
300,80,0.010570824524312896
300,80,0.08695652173913043
300,80,0.013888888888888888
300,80,0.136986301369863
300,80,0.014124293785310734
300,80,0.06711409395973154
300,80,0.02493765586034913
300,80,0.015822784810126583
300,80,0.1388888888888889
300,80,0.07751937984496124
