21,5,0.012978585334198572,6 2  1 0 0 0 1 1,"[0, 1, 2, 4, 7]"
21,5,0.014534883720930232,6 2  1 1 0 0 0 1,"[0, 1, 2, 3, 15]"
21,5,0.011689070718877849,6 2  1 0 0 0 1 1,"[0, 1, 2, 6, 15]"
21,5,0.017316017316017316,6 2  1 0 0 0 1 1,"[0, 1, 2, 8, 20]"
21,5,0.011594202898550725,6 2  1 1 0 0 0 1,"[0, 1, 2, 8, 17]"
21,5,0.025,6 2  1 1 0 0 0 1,"[0, 1, 2, 9, 12]"
21,5,0.014858841010401188,6 2  1 0 0 0 1 1,"[0, 1, 2, 3, 9]"
21,5,0.0196078431372549,6 2  1 1 0 0 0 1,"[0, 1, 2, 14, 20]"
21,5,0.012422360248447204,6 2  1 1 0 0 0 1,"[0, 1, 2, 7, 13]"
21,5,0.015349194167306216,6 2  1 0 0 0 1 1,"[0, 1, 2, 10, 16]"
42,10,0.008389261744966443,11 2  1 0 0 0 1 1 1 1 0 1 1,"[0, 1, 3, 6, 29]"
42,10,0.007429420505200594,11 2  1 1 0 1 1 1 1 0 0 0 1,"[0, 1, 14, 16, 19]"
42,10,0.007087172218284904,11 2  1 0 0 0 1 1 1 1 0 1 1,"[0, 1, 9, 18, 29]"
42,10,0.005327650506126798,11 2  1 1 0 1 1 1 1 0 0 0 1,"[0, 1, 4, 13, 14]"
42,10,0.006898930665746809,11 2  1 1 0 1 1 1 1 0 0 0 1,"[0, 1, 9, 12, 29]"
42,10,0.023809523809523808,11 2  1 0 0 0 0 0 0 0 1 0 1,"[0, 2, 4, 6, 18]"
42,10,0.029455081001472753,11 2  1 0 1 0 0 0 0 0 0 0 1,"[0, 2, 4, 6, 30]"
42,10,0.0038744672607516468,11 2  1 0 0 0 1 1 1 1 0 1 1,"[0, 1, 10, 13, 14]"
42,10,0.0380952380952381,11 2  1 0 0 0 0 0 0 0 1 0 1,"[0, 2, 4, 12, 30]"
42,10,0.007390983000739098,11 2  1 1 0 1 1 1 1 0 0 0 1,"[0, 1, 14, 25, 34]"
42,10,0.029282576866764276,11 2  1 0 0 0 0 0 0 0 1 0 1,"[0, 2, 4, 8, 14]"
42,10,0.034482758620689655,11 2  1 0 1 0 0 0 0 0 0 0 1,"[0, 2, 4, 14, 26]"
42,10,0.030959752321981424,11 2  1 0 0 0 0 0 0 0 1 0 1,"[0, 2, 4, 16, 40]"
42,10,0.0351493848857645,11 2  1 0 1 0 0 0 0 0 0 0 1,"[0, 2, 4, 18, 24]"
42,10,0.028409090909090908,11 2  1 0 1 0 0 0 0 0 0 0 1,"[0, 2, 4, 16, 34]"
42,10,0.0055663790704146955,11 2  1 0 0 0 1 1 1 1 0 1 1,"[0, 1, 14, 31, 34]"
42,10,0.03577817531305903,11 2  1 0 0 0 0 0 0 0 1 0 1,"[0, 2, 4, 20, 32]"
42,10,0.03361344537815126,11 2  1 0 1 0 0 0 0 0 0 0 1,"[0, 2, 4, 28, 40]"
42,10,0.007067137809187279,11 2  1 0 0 0 1 1 1 1 0 1 1,"[0, 1, 24, 27, 29]"
42,10,0.005116398055768739,11 2  1 1 0 1 1 1 1 0 0 0 1,"[0, 1, 14, 37, 40]"
63,15,0.004790419161676647,16 2  1 1 0 0 0 0 0 1 0 1 1 0 1 0 0 1,"[0, 1, 3, 22, 57]"
63,15,0.003739016638624042,16 2  1 0 1 1 0 1 0 0 1 0 0 0 0 0 1 1,"[0, 1, 3, 43, 57]"
63,15,0.0038204393505253103,16 2  1 1 0 0 0 0 0 1 0 0 1 0 1 1 0 1,"[0, 1, 7, 21, 61]"
63,15,0.0007111616826085411,16 2  1 0 1 0 0 0 1 1 0 1 1 1 0 1 0 1,"[0, 1, 4, 18, 61]"
63,15,0.0007183134001364796,16 2  1 1 0 1 1 0 0 0 0 0 1 0 0 1 0 1,"[0, 1, 4, 7, 45]"
63,15,0.005492996429552321,16 2  1 0 0 1 0 1 1 0 1 0 0 0 0 0 1 1,"[0, 1, 7, 42, 61]"
63,15,0.0006510628601191445,16 2  1 0 1 0 0 0 1 1 0 1 1 1 0 1 0 1,"[0, 1, 3, 10, 33]"
63,15,0.0006250976715111736,16 2  1 0 1 1 1 0 1 1 0 1 1 1 1 0 0 1,"[0, 1, 3, 37, 51]"
63,15,0.0007079144839303412,16 2  1 1 1 1 1 0 1 1 0 1 0 1 1 0 0 1,"[0, 1, 6, 28, 30]"
63,15,0.0005060088551549652,16 2  1 0 1 0 1 1 1 0 1 1 0 0 0 1 0 1,"[0, 1, 3, 46, 60]"
63,15,0.0006072014087072683,16 2  1 1 0 0 1 1 0 0 0 0 1 0 1 1 1 1,"[0, 1, 7, 27, 40]"
63,15,0.0006790710308298248,16 2  1 0 0 1 1 0 1 0 1 1 0 1 1 1 1 1,"[0, 1, 12, 15, 46]"
63,15,0.0007844060085500255,16 2  1 0 1 1 1 0 1 1 0 1 1 1 1 0 0 1,"[0, 1, 18, 25, 31]"
63,15,0.0005532503457814661,16 2  1 0 0 1 1 1 1 0 1 1 0 1 1 1 0 1,"[0, 1, 13, 27, 61]"
63,15,0.003626473254759746,16 2  1 0 1 1 0 1 0 0 1 0 0 0 0 0 1 1,"[0, 1, 21, 28, 31]"
63,15,0.0005899879052479424,16 2  1 1 0 1 1 0 0 0 0 0 1 0 0 1 0 1,"[0, 1, 16, 27, 49]"
63,15,0.0006186778853589878,16 2  1 0 1 0 0 0 1 1 0 1 1 1 0 1 0 1,"[0, 1, 16, 31, 36]"
63,15,0.000529913624079275,16 2  1 0 1 0 0 1 0 0 0 0 0 1 1 0 1 1,"[0, 1, 15, 37, 48]"
63,15,0.003923107100823852,16 2  1 0 0 1 0 1 1 0 1 0 0 0 0 0 1 1,"[0, 1, 22, 33, 36]"
63,15,0.0010435690060005217,16 2  1 0 1 0 0 1 0 0 0 0 0 1 1 0 1 1,"[0, 1, 19, 57, 60]"
63,15,0.0048449612403100775,16 2  1 1 0 0 0 0 0 1 0 1 1 0 1 0 0 1,"[0, 1, 28, 31, 42]"
63,15,0.000699765578531192,16 2  1 1 1 1 1 0 1 1 0 1 0 1 1 0 0 1,"[0, 1, 18, 49, 52]"
63,15,0.006125574272588055,16 2  1 1 0 0 0 0 0 1 0 0 1 0 1 1 0 1,"[0, 1, 33, 36, 43]"
63,15,0.004424778761061947,16 2  1 1 0 0 0 0 0 1 0 0 1 0 1 1 0 1,"[0, 2, 3, 9, 23]"
63,15,0.004276245456489203,16 2  1 0 0 1 0 1 1 0 1 0 0 0 0 0 1 1,"[0, 2, 3, 9, 44]"
63,15,0.0009033015672282192,16 2  1 0 0 1 1 1 1 0 1 1 0 1 1 1 0 1,"[0, 1, 33, 39, 46]"
63,15,0.0007192692224699705,16 2  1 0 1 0 1 1 1 0 1 1 0 0 0 1 0 1,"[0, 1, 28, 33, 48]"
63,15,0.0005979788315493631,16 2  1 0 1 0 1 1 1 0 1 1 0 0 0 1 0 1,"[0, 1, 31, 54, 61]"
63,15,0.0005878894767783657,16 2  1 0 0 1 1 0 1 0 1 1 0 1 1 1 1 1,"[0, 1, 34, 36, 58]"
63,15,0.0005361211633829246,16 2  1 1 1 1 0 1 0 0 0 0 1 1 0 0 1 1,"[0, 1, 24, 37, 57]"
63,15,0.004473272198613286,16 2  1 0 1 1 0 1 0 0 1 0 0 0 0 0 1 1,"[0, 2, 6, 23, 51]"
63,15,0.0004289912271294052,16 2  1 0 1 0 0 0 1 1 0 1 1 1 0 1 0 1,"[0, 2, 3, 6, 20]"
63,15,0.00462000462000462,16 2  1 1 0 0 0 0 0 1 0 1 1 0 1 0 0 1,"[0, 2, 6, 44, 51]"
63,15,0.0006507027589796981,16 2  1 0 0 1 1 0 1 0 1 1 0 1 1 1 1 1,"[0, 2, 5, 9, 53]"
63,15,0.0005975143403441683,16 2  1 0 1 0 1 1 1 0 1 1 0 0 0 1 0 1,"[0, 2, 3, 33, 56]"
63,15,0.00045783353172786377,16 2  1 0 0 1 1 1 1 0 1 1 0 1 1 1 0 1,"[0, 2, 3, 15, 29]"
63,15,0.0006316121901152693,16 2  1 0 1 1 1 0 1 1 0 1 1 1 1 0 0 1,"[0, 2, 6, 11, 39]"
63,15,0.0009210223347916187,16 2  1 0 1 0 0 0 1 1 0 1 1 1 0 1 0 1,"[0, 2, 8, 36, 59]"
63,15,0.0006482982171799027,16 2  1 1 0 1 1 0 0 0 0 0 1 0 0 1 0 1,"[0, 2, 8, 14, 27]"
63,15,0.0032674399607907204,16 2  1 0 0 1 0 1 1 0 1 0 0 0 0 0 1 1,"[0, 2, 14, 21, 59]"
63,15,0.000510282186048885,16 2  1 0 1 0 1 1 1 0 1 1 0 0 0 1 0 1,"[0, 2, 6, 29, 57]"
63,15,0.004869734599464329,16 2  1 1 0 0 0 0 0 1 0 0 1 0 1 1 0 1,"[0, 2, 14, 42, 59]"
63,15,0.0034153005464480873,16 2  1 1 0 0 0 0 0 1 0 1 1 0 1 0 0 1,"[0, 2, 21, 56, 62]"
63,15,0.0007651987603780082,16 2  1 1 1 1 0 1 0 0 0 0 1 1 0 0 1 1,"[0, 2, 11, 48, 51]"
63,15,0.0005742506029631331,16 2  1 1 1 1 1 0 1 1 0 1 0 1 1 0 0 1,"[0, 2, 12, 56, 60]"
63,15,0.001074517810132703,16 2  1 0 0 1 1 0 1 0 1 1 0 1 1 1 1 1,"[0, 2, 24, 29, 30]"
63,15,0.0005708414202534536,16 2  1 0 1 0 0 1 0 0 0 0 0 1 1 0 1 1,"[0, 2, 11, 30, 33]"
63,15,0.0005748282700543212,16 2  1 1 0 0 1 1 0 0 0 0 1 0 1 1 1 1,"[0, 2, 14, 17, 54]"
63,15,0.00473260766682442,16 2  1 0 1 1 0 1 0 0 1 0 0 0 0 0 1 1,"[0, 2, 42, 56, 62]"
63,15,0.0007521907555756139,16 2  1 0 0 1 1 1 1 0 1 1 0 1 1 1 0 1,"[0, 2, 26, 54, 59]"
63,15,0.03372681281618887,16 2  1 0 0 0 0 0 0 0 0 0 0 0 1 0 0 1,"[0, 3, 6, 9, 27]"
63,15,0.03824091778202677,16 2  1 0 0 1 0 0 0 0 0 0 0 0 0 0 0 1,"[0, 3, 6, 9, 45]"
63,15,0.056818181818181816,16 2  1 0 0 0 0 0 0 0 0 0 0 0 1 0 0 1,"[0, 3, 6, 12, 21]"
63,15,0.04329004329004329,16 2  1 0 0 0 0 0 0 0 0 0 0 0 1 0 0 1,"[0, 3, 6, 18, 45]"
63,15,0.05263157894736842,16 2  1 0 0 1 0 0 0 0 0 0 0 0 0 0 0 1,"[0, 3, 6, 21, 39]"
63,15,0.0007731560228854183,16 2  1 1 0 1 1 0 0 0 0 0 1 0 0 1 0 1,"[0, 2, 32, 35, 54]"
63,15,0.06896551724137931,16 2  1 0 0 1 0 0 0 0 0 0 0 0 0 0 0 1,"[0, 3, 6, 24, 51]"
63,15,0.043010752688172046,16 2  1 0 0 0 0 0 0 0 0 0 0 0 1 0 0 1,"[0, 3, 6, 24, 60]"
63,15,0.06172839506172839,16 2  1 0 0 1 0 0 0 0 0 0 0 0 0 0 0 1,"[0, 3, 6, 27, 36]"
63,15,0.000684205124696384,16 2  1 0 1 1 1 0 1 1 0 1 1 1 1 0 0 1,"[0, 2, 36, 50, 62]"
63,15,0.04608294930875576,16 2  1 0 0 0 0 0 0 0 0 0 0 0 1 0 0 1,"[0, 3, 6, 30, 48]"
63,15,0.05390835579514825,16 2  1 0 0 1 0 0 0 0 0 0 0 0 0 0 0 1,"[0, 3, 6, 42, 60]"
63,15,0.0008588114050154586,16 2  1 0 1 0 0 1 0 0 0 0 0 1 1 0 1 1,"[0, 2, 38, 51, 57]"
63,15,0.0005540626644873535,16 2  1 1 1 1 1 0 1 1 0 1 0 1 1 0 0 1,"[0, 2, 35, 36, 41]"
63,15,0.0009066183136899365,16 2  1 0 0 1 1 0 1 0 1 1 0 1 1 1 1 1,"[0, 3, 7, 51, 61]"
63,15,0.0004979335756610068,16 2  1 0 1 0 0 1 0 0 0 0 0 1 1 0 1 1,"[0, 3, 4, 22, 60]"
63,15,0.0007069635913750442,16 2  1 1 1 0 0 1 1 1 0 1 0 1 0 1 1 1,"[0, 3, 6, 28, 46]"
63,15,0.005095541401273885,16 2  1 1 1 1 1 0 1 0 1 0 1 1 0 0 1 1,"[0, 3, 9, 23, 44]"
63,15,0.0006318316800404373,16 2  1 1 1 0 1 0 1 0 1 1 1 0 0 1 1 1,"[0, 3, 6, 23, 41]"
63,15,0.0006880891763572559,16 2  1 1 0 1 1 0 0 0 0 0 1 0 0 1 0 1,"[0, 3, 6, 44, 62]"
63,15,0.003852080123266564,16 2  1 1 0 0 0 0 0 1 0 0 1 0 1 1 0 1,"[0, 3, 10, 30, 31]"
63,15,0.0041356492969396195,16 2  1 1 1 1 1 0 1 0 1 0 1 1 0 0 1 1,"[0, 3, 10, 30, 52]"
63,15,0.00040256028340243953,16 2  1 1 1 1 1 0 1 1 0 1 0 1 1 0 0 1,"[0, 3, 5, 15, 59]"
63,15,0.004470272686633884,16 2  1 1 0 0 0 0 0 1 0 1 1 0 1 0 0 1,"[0, 3, 14, 35, 36]"
63,15,0.0007036554902719629,16 2  1 1 1 1 0 1 0 0 0 0 1 1 0 0 1 1,"[0, 3, 8, 15, 44]"
63,15,0.003317299718029524,16 2  1 1 0 0 1 1 0 1 0 1 0 1 1 1 1 1,"[0, 3, 14, 36, 56]"
63,15,0.0006681588881836101,16 2  1 0 0 1 1 1 1 0 1 1 0 1 1 1 0 1,"[0, 3, 11, 15, 56]"
63,15,0.000972100709633518,16 2  1 1 0 0 1 1 0 0 0 0 1 0 1 1 1 1,"[0, 3, 13, 31, 51]"
63,15,0.005108556832694764,16 2  1 1 0 0 1 1 0 1 0 1 0 1 1 1 1 1,"[0, 3, 22, 43, 57]"
63,15,0.0005946363798537195,16 2  1 0 1 1 1 0 1 1 0 1 1 1 1 0 0 1,"[0, 3, 10, 51, 55]"
63,15,0.004011231448054553,16 2  1 0 0 1 0 1 1 0 1 0 0 0 0 0 1 1,"[0, 3, 30, 31, 52]"
63,15,0.0006000420029402058,16 2  1 1 1 0 0 1 1 1 0 1 0 1 0 1 1 1,"[0, 3, 14, 23, 33]"
63,15,0.0006195594932003345,16 2  1 1 1 1 0 1 0 0 0 0 1 1 0 0 1 1,"[0, 3, 15, 17, 26]"
63,15,0.0006014494932788019,16 2  1 1 1 1 0 1 0 0 0 0 1 1 0 0 1 1,"[0, 3, 15, 35, 53]"
63,15,0.002909514111143439,16 2  1 0 1 1 0 1 0 0 1 0 0 0 0 0 1 1,"[0, 3, 35, 36, 56]"
63,15,0.0007902327235370817,16 2  1 1 1 0 0 1 1 1 0 1 0 1 0 1 1 1,"[0, 3, 25, 43, 60]"
63,15,0.0005165822915590454,16 2  1 1 1 0 1 0 1 0 1 1 1 0 0 1 1 1,"[0, 3, 20, 38, 60]"
63,15,0.004296455424274973,16 2  1 1 1 1 1 0 1 0 1 0 1 1 0 0 1 1,"[0, 5, 14, 29, 42]"
63,15,0.0038669760247486465,16 2  1 1 1 1 1 0 1 0 1 0 1 1 0 0 1 1,"[0, 5, 15, 26, 33]"
63,15,0.0005810237638719423,16 2  1 1 0 0 1 1 0 0 0 0 1 0 1 1 1 1,"[0, 3, 22, 51, 58]"
63,15,0.0005656268559631211,16 2  1 1 1 0 1 0 1 0 1 1 1 0 0 1 1 1,"[0, 3, 33, 43, 52]"
63,15,0.003171582619727244,16 2  1 1 0 0 1 1 0 1 0 1 0 1 1 1 1 1,"[0, 5, 26, 39, 54]"
63,15,0.005649717514124294,16 2  1 1 0 0 1 1 0 1 0 1 0 1 1 1 1 1,"[0, 6, 9, 28, 49]"
63,15,0.003165057762304162,16 2  1 1 0 0 1 1 0 1 0 1 0 1 1 1 1 1,"[0, 5, 35, 42, 53]"
63,15,0.003032600454890068,16 2  1 1 1 1 1 0 1 0 1 0 1 1 0 0 1 1,"[0, 6, 18, 25, 46]"
63,15,0.000726321905868681,16 2  1 1 1 0 0 1 1 1 0 1 0 1 0 1 1 1,"[0, 5, 15, 39, 50]"
63,15,0.0006428801028608164,16 2  1 1 1 0 1 0 1 0 1 1 1 0 0 1 1 1,"[0, 5, 14, 39, 51]"
63,15,0.0005761364291064124,16 2  1 1 1 0 1 0 1 0 1 1 1 0 0 1 1 1,"[0, 5, 15, 41, 48]"
63,15,0.00034760241236074177,16 2  1 1 0 0 1 1 0 0 0 0 1 0 1 1 1 1,"[0, 3, 40, 49, 51]"
63,15,0.00048192771084337347,16 2  1 1 1 0 0 1 1 1 0 1 0 1 0 1 1 1,"[0, 5, 17, 29, 54]"
84,20,0.09174311926605505,21 2  1 1 0 1 0 1 1 1 1 0 1 0 1 1 1 1 0 1 0 1 1,"[0, 1, 21, 29, 36]"
84,20,0.06060606060606061,21 2  1 1 0 1 0 1 1 1 1 0 1 0 1 1 1 1 0 1 0 1 1,"[0, 1, 49, 56, 64]"
84,20,0.01288659793814433,21 2  1 0 1 0 0 0 1 0 1 0 1 0 1 0 0 0 0 0 0 0 1,"[0, 2, 8, 26, 28]"
84,20,0.011117287381878822,21 2  1 0 0 0 0 0 0 0 1 0 1 0 1 0 1 0 0 0 1 0 1,"[0, 2, 6, 12, 58]"
84,20,0.007072135785007072,21 2  1 1 0 1 1 1 1 1 1 0 1 0 0 1 0 1 0 0 1 0 1,"[0, 1, 25, 37, 56]"
84,20,0.012345679012345678,21 2  1 0 0 0 0 0 0 0 1 0 1 0 1 0 1 0 0 0 1 0 1,"[0, 2, 20, 26, 28]"
84,20,0.00999000999000999,21 2  1 0 1 0 0 0 1 0 1 0 1 0 1 0 0 0 0 0 0 0 1,"[0, 2, 18, 24, 58]"
84,20,0.011280315848843767,21 2  1 0 1 0 0 0 1 0 1 0 1 0 1 0 0 0 0 0 0 0 1,"[0, 2, 28, 50, 68]"
84,20,0.0169061707523246,21 2  1 0 1 0 0 0 1 0 1 0 1 0 1 0 0 0 0 0 0 0 1,"[0, 2, 28, 74, 80]"
84,20,0.01023541453428864,21 2  1 0 1 0 0 0 1 0 1 0 1 0 1 0 0 0 0 0 0 0 1,"[0, 2, 28, 32, 38]"
84,20,0.007616146230007616,21 2  1 0 0 0 0 0 0 0 1 0 1 0 1 0 1 0 0 0 1 0 1,"[0, 2, 18, 36, 58]"
84,20,0.004470272686633884,21 2  1 0 1 0 0 1 0 1 0 0 1 0 1 1 1 1 1 1 0 1 1,"[0, 1, 29, 48, 60]"
84,20,0.013736263736263736,21 2  1 0 0 0 0 0 0 0 1 0 1 0 1 0 1 0 0 0 1 0 1,"[0, 2, 28, 62, 68]"
84,20,0.06514657980456026,21 2  1 1 0 1 0 1 1 1 1 0 1 0 1 1 1 1 0 1 0 1 1,"[0, 3, 7, 24, 35]"
84,20,0.012484394506866416,21 2  1 0 0 0 0 0 0 0 1 0 1 0 1 0 1 0 0 0 1 0 1,"[0, 2, 48, 54, 58]"
84,20,0.08547008547008547,21 2  1 1 0 1 0 1 1 1 1 0 1 0 1 1 1 1 0 1 0 1 1,"[0, 3, 52, 63, 80]"
84,20,0.07042253521126761,21 2  1 0 0 0 1 0 0 0 0 0 0 0 0 0 0 0 0 0 0 0 1,"[0, 4, 8, 12, 60]"
84,20,0.07662835249042145,21 2  1 0 0 0 0 0 0 0 0 0 0 0 0 0 0 0 1 0 0 0 1,"[0, 4, 8, 12, 36]"
84,20,0.08333333333333333,21 2  1 0 0 0 0 0 0 0 0 0 0 0 0 0 0 0 1 0 0 0 1,"[0, 4, 8, 16, 28]"
84,20,0.06711409395973154,21 2  1 0 0 0 1 0 0 0 0 0 0 0 0 0 0 0 0 0 0 0 1,"[0, 4, 8, 28, 52]"
84,20,0.07352941176470588,21 2  1 1 0 1 0 1 1 1 1 0 1 0 1 1 1 1 0 1 0 1 1,"[0, 4, 7, 56, 67]"
84,20,0.06535947712418301,21 2  1 0 0 0 0 0 0 0 0 0 0 0 0 0 0 0 1 0 0 0 1,"[0, 4, 8, 24, 60]"
84,20,0.06993006993006994,21 2  1 0 0 0 1 0 0 0 0 0 0 0 0 0 0 0 0 0 0 0 1,"[0, 4, 8, 32, 68]"
84,20,0.07407407407407407,21 2  1 0 0 0 1 0 0 0 0 0 0 0 0 0 0 0 0 0 0 0 1,"[0, 4, 8, 56, 80]"
84,20,0.057803468208092484,21 2  1 0 0 0 1 0 0 0 0 0 0 0 0 0 0 0 0 0 0 0 1,"[0, 4, 8, 36, 48]"
84,20,0.04950495049504951,21 2  1 0 0 0 0 0 0 0 0 0 0 0 0 0 0 0 1 0 0 0 1,"[0, 4, 8, 40, 64]"
84,20,0.07092198581560284,21 2  1 0 0 0 0 0 0 0 0 0 0 0 0 0 0 0 1 0 0 0 1,"[0, 4, 8, 32, 80]"
84,20,0.0053806833467850415,21 2  1 0 1 0 0 1 0 1 0 0 1 0 1 1 1 1 1 1 0 1 1,"[0, 5, 17, 28, 41]"
84,20,0.005288207297726071,21 2  1 1 0 1 1 1 1 1 1 0 1 0 0 1 0 1 0 0 1 0 1,"[0, 5, 48, 61, 72]"
84,20,0.00792393026941363,21 2  1 1 0 1 1 1 1 1 1 0 1 0 0 1 0 1 0 0 1 0 1,"[0, 11, 23, 28, 71]"
84,20,0.009053870529651425,21 2  1 0 1 0 0 1 0 1 0 0 1 0 1 1 1 1 1 1 0 1 1,"[0, 12, 36, 37, 65]"
84,20,0.004375410194705754,21 2  1 0 1 0 0 1 0 1 0 0 1 0 1 1 1 1 1 1 0 1 1,"[0, 11, 24, 67, 72]"
84,20,0.005973715651135006,21 2  1 0 1 0 0 1 0 1 0 0 1 0 1 1 1 1 1 1 0 1 1,"[0, 12, 23, 36, 79]"
84,20,0.004728132387706856,21 2  1 1 0 1 1 1 1 1 1 0 1 0 0 1 0 1 0 0 1 0 1,"[0, 12, 17, 60, 73]"
84,20,0.004481290611696168,21 2  1 1 0 1 1 1 1 1 1 0 1 0 0 1 0 1 0 0 1 0 1,"[0, 12, 31, 59, 60]"
105,25,0.06872852233676977,26 2  1 0 0 0 0 0 0 0 0 0 0 0 0 0 0 0 0 0 0 0 1 0 0 0 0 1,"[0, 5, 10, 15, 45]"
105,25,0.06329113924050633,26 2  1 0 0 0 0 1 0 0 0 0 0 0 0 0 0 0 0 0 0 0 0 0 0 0 0 1,"[0, 5, 10, 15, 75]"
105,25,0.0847457627118644,26 2  1 0 0 0 0 0 0 0 0 0 0 0 0 0 0 0 0 0 0 0 1 0 0 0 0 1,"[0, 5, 10, 20, 35]"
105,25,0.07326007326007326,26 2  1 0 0 0 0 0 0 0 0 0 0 0 0 0 0 0 0 0 0 0 1 0 0 0 0 1,"[0, 5, 10, 30, 75]"
105,25,0.06191950464396285,26 2  1 0 0 0 0 1 0 0 0 0 0 0 0 0 0 0 0 0 0 0 0 0 0 0 0 1,"[0, 5, 10, 35, 65]"
105,25,0.06557377049180328,26 2  1 0 0 0 0 1 0 0 0 0 0 0 0 0 0 0 0 0 0 0 0 0 0 0 0 1,"[0, 5, 10, 40, 85]"
105,25,0.06896551724137931,26 2  1 0 0 0 0 0 0 0 0 0 0 0 0 0 0 0 0 0 0 0 1 0 0 0 0 1,"[0, 5, 10, 40, 100]"
105,25,0.09523809523809523,26 2  1 0 0 0 0 1 0 0 0 0 0 0 0 0 0 0 0 0 0 0 0 0 0 0 0 1,"[0, 5, 10, 45, 60]"
105,25,0.06968641114982578,26 2  1 0 0 0 0 0 0 0 0 0 0 0 0 0 0 0 0 0 0 0 1 0 0 0 0 1,"[0, 5, 10, 50, 80]"
105,25,0.09216589861751152,26 2  1 0 0 0 0 1 0 0 0 0 0 0 0 0 0 0 0 0 0 0 0 0 0 0 0 1,"[0, 5, 10, 70, 100]"
