12,2,0.013192612137203167,1,3 2  1 1 1,4 2  0 0 0 1
12,2,0.019157088122605363,2,3 2  1 1 1,5 2  0 1 0 0 1
12,2,0.01095290251916758,2,3 2  1 1 1,4 2  1 0 0 1
12,2,0.009900990099009901,4,3 2  1 1 1,7 2  0 1 1 1 0 0 1
12,2,0.009794319294809012,1,3 2  1 1 1,3 2  0 0 1
24,4,0.018518518518518517,8,5 2  1 0 1 0 1,18 2  0 1 1 1 0 1 1 1 1 0 1 0 1 0 1 0 0 1
24,4,0.019704433497536946,1,5 2  1 0 1 0 1,9 2  0 0 0 0 0 0 0 0 1
24,4,0.012224938875305624,4,5 2  1 0 1 0 1,15 2  1 0 1 0 1 0 1 0 1 0 0 1 0 0 1
24,4,0.017921146953405017,2,5 2  1 0 1 0 1,12 2  1 0 1 0 0 0 0 0 0 0 0 1
24,4,0.024213075060532687,1,5 2  1 0 1 0 1,6 2  0 0 0 0 0 1
36,6,0.03656307129798903,2,7 2  1 0 0 1 0 0 1,18 2  0 1 0 0 1 0 0 0 0 0 0 0 0 0 0 0 0 1
36,6,0.0211864406779661,8,7 2  1 0 0 1 0 0 1,27 2  1 0 1 0 1 1 0 0 1 1 1 1 1 0 1 0 1 1 1 1 0 0 1 0 0 0 1
36,6,0.02702702702702703,1,7 2  1 0 0 1 0 0 1,9 2  0 0 0 0 0 0 0 0 1
36,6,0.028089887640449437,6,7 2  1 0 0 1 0 0 1,22 2  0 1 0 0 0 0 0 1 0 1 0 1 0 0 0 0 1 0 0 0 0 1
36,6,0.020768431983385256,1,7 2  1 0 0 1 0 0 1,13 2  0 0 0 0 0 0 0 0 0 0 0 0 1
36,6,0.004788125448886761,6,7 2  1 1 0 1 0 1 1,31 2  1 1 1 0 1 1 1 0 0 0 0 0 1 1 1 0 1 1 1 0 0 0 0 0 1 1 1 0 1 1 1
36,6,0.003117206982543641,4,7 2  1 1 0 1 0 1 1,19 2  1 1 0 1 0 1 0 0 0 0 0 0 0 0 0 0 0 0 1
36,6,0.0033858134416793633,5,7 2  1 1 0 1 0 1 1,20 2  0 0 1 1 0 1 0 0 1 0 0 0 0 0 0 0 0 0 0 1
36,6,0.002936857562408223,1,7 2  1 1 0 1 0 1 1,8 2  0 0 0 0 0 0 0 1
36,6,0.002898130705694827,1,7 2  1 1 0 1 0 1 1,7 2  0 0 0 0 0 0 1
48,8,0.05952380952380952,1,9 2  1 0 0 0 1 0 0 0 1,12 2  0 0 0 0 0 0 0 0 0 0 0 1
48,8,0.02877697841726619,1,9 2  1 0 0 0 1 0 0 0 1,5 2  0 0 0 0 1
48,8,0.03642987249544627,2,9 2  1 0 0 0 1 0 0 0 1,24 2  0 0 1 1 0 0 0 0 1 0 0 0 0 1 0 0 0 0 1 0 0 0 0 1
48,8,0.045351473922902494,2,9 2  1 0 0 0 1 0 0 0 1,24 2  0 0 1 0 0 0 1 0 0 0 0 0 0 0 0 0 0 0 0 0 0 0 0 1
48,8,0.040160642570281124,8,9 2  1 0 0 0 1 0 0 0 1,29 2  1 0 0 0 0 0 0 1 1 1 0 0 1 0 1 0 0 0 0 0 0 1 0 0 0 0 0 0 1
60,10,0.05970149253731343,1,11 2  1 0 0 0 0 1 0 0 0 0 1,15 2  0 0 0 0 0 0 0 0 0 0 0 0 0 0 1
60,10,0.055401662049861494,18,11 2  1 0 0 0 0 1 0 0 0 0 1,45 2  1 1 1 1 1 1 0 1 0 1 0 1 1 0 0 0 0 1 0 0 1 1 1 0 0 0 1 0 1 1 0 0 1 1 0 0 0 0 1 0 0 0 0 0 1
60,10,0.03937007874015748,2,11 2  1 0 0 0 0 1 0 0 0 0 1,30 2  0 0 0 1 0 0 0 0 1 0 0 0 0 0 0 0 0 0 0 0 0 0 0 0 0 0 0 0 0 1
60,10,0.05434782608695652,1,11 2  1 0 0 0 0 1 0 0 0 0 1,21 2  0 0 0 0 0 0 0 0 0 0 0 0 0 0 0 0 0 0 0 0 1
60,10,0.034013605442176874,7,11 2  1 0 0 0 0 1 0 0 0 0 1,36 2  0 0 0 0 0 0 0 0 1 0 1 1 0 0 0 1 0 1 0 0 0 0 0 0 0 0 1 0 0 0 0 0 0 0 0 1
60,10,0.000025253194844812804,2,11 2  1 0 0 1 1 1 1 1 0 0 1,19 2  0 0 0 0 0 1 0 0 0 0 0 0 0 0 0 0 0 0 1
60,10,0.000020733531615007345,2,11 2  1 1 0 0 0 0 0 1 1 0 1,7 2  1 1 1 1 1 1 1
60,10,0.000023056349718712533,1,11 2  1 0 0 1 1 1 1 1 0 0 1,7 2  0 0 0 0 0 0 1
60,10,0.000023145817492914487,1,11 2  1 0 1 1 0 0 0 0 0 1 1,19 2  0 0 0 0 0 0 0 0 0 0 0 0 0 0 0 0 0 0 1
60,10,0.00001885428185454487,2,11 2  1 0 1 1 0 0 0 0 0 1 1,19 2  1 0 0 1 0 0 1 0 0 1 0 0 1 0 0 1 0 0 1
60,10,0.00001805251295493461,1,11 2  1 0 1 1 0 0 0 0 0 1 1,7 2  0 0 0 0 0 0 1
60,10,0.000017036283023769874,1,11 2  1 0 1 1 0 0 0 0 0 1 1,8 2  0 0 0 0 0 0 0 1
60,10,0.0000134512469642217,14,11 2  1 1 0 0 0 0 0 1 1 0 1,44 2  1 1 0 0 0 1 0 1 0 1 1 1 0 0 0 1 0 0 0 0 0 1 0 0 0 0 1 1 0 1 0 0 1 0 0 0 0 0 0 0 0 0 0 1
60,10,0.00001682541445202149,1,11 2  1 0 1 1 0 0 0 0 0 1 1,3 2  0 0 1
60,10,0.000017192735725301344,2,11 2  1 0 0 1 1 1 1 1 0 0 1,27 2  1 0 0 0 0 0 0 0 0 0 0 0 0 0 0 0 0 0 0 0 0 0 0 0 0 0 1
60,10,0.00001353713031789243,20,11 2  1 1 0 0 0 0 0 1 1 0 1,51 2  1 1 1 1 1 1 1 0 0 0 1 0 1 0 0 1 0 1 0 1 1 1 1 0 1 1 0 1 1 0 0 0 1 0 0 1 0 1 0 1 0 0 0 1 0 0 1 1 1 0 1
60,10,0.000015796665323950114,1,11 2  1 1 0 0 0 0 0 1 1 0 1,5 2  0 0 0 0 1
60,10,0.00001710290475734399,1,11 2  1 0 0 1 1 1 1 1 0 0 1,3 2  0 0 1
60,10,0.00001672155517151717,1,11 2  1 1 0 0 0 0 0 1 1 0 1,6 2  0 0 0 0 0 1
60,10,0.0000144984479411479,10,11 2  1 0 0 1 1 1 1 1 0 0 1,39 2  1 0 1 0 1 0 1 1 1 0 0 0 1 0 1 0 1 0 1 0 1 0 0 1 1 0 1 0 0 1 0 0 1 0 0 1 0 0 1
72,12,0.045146726862302484,22,13 2  1 0 0 0 0 0 1 0 0 0 0 0 1,54 2  0 1 1 0 0 0 1 1 0 1 1 1 1 0 1 1 0 1 1 0 0 1 0 0 0 1 1 1 0 0 0 0 1 0 1 1 0 0 0 1 1 0 0 0 0 0 1 0 0 0 0 0 0 1
72,12,0.05361930294906166,1,13 2  1 0 0 0 0 0 1 0 0 0 0 0 1,18 2  0 0 0 0 0 0 0 0 0 0 0 0 0 0 0 0 0 1
72,12,0.06472491909385113,6,13 2  1 0 0 0 0 0 1 0 0 0 0 0 1,43 2  0 0 0 0 0 0 0 0 0 1 0 0 1 1 0 0 0 0 1 0 1 0 0 0 0 0 0 0 0 0 0 1 0 0 0 0 0 0 0 0 0 0 1
72,12,0.044444444444444446,2,13 2  1 0 0 0 0 0 1 0 0 0 0 0 1,36 2  0 0 0 0 1 0 0 0 0 0 1 0 0 0 0 0 0 0 0 0 0 0 0 0 0 0 0 0 0 0 0 0 0 0 0 1
72,12,0.06920415224913495,1,13 2  1 0 0 0 0 0 1 0 0 0 0 0 1,25 2  0 0 0 0 0 0 0 0 0 0 0 0 0 0 0 0 0 0 0 0 0 0 0 0 1
72,12,0.010706638115631691,8,13 2  1 0 1 0 0 0 1 0 0 0 1 0 1,61 2  1 0 1 0 1 0 0 0 1 0 1 0 1 0 0 0 0 0 0 0 0 0 0 0 1 0 1 0 1 0 0 0 1 0 1 0 1 0 0 0 0 0 0 0 0 0 0 0 1 0 1 0 1 0 0 0 1 0 1 0 1
72,12,0.007285974499089253,4,13 2  1 0 1 0 0 0 1 0 0 0 1 0 1,39 2  0 0 0 0 1 0 1 0 0 0 1 0 0 0 0 0 1 0 0 0 0 0 0 0 0 0 0 0 0 0 0 0 0 0 0 0 0 0 1
72,12,0.0062441461130190445,1,13 2  1 0 1 0 0 0 1 0 0 0 1 0 1,15 2  0 0 0 0 0 0 0 0 0 0 0 0 0 0 1
72,12,0.006169031462060457,1,13 2  1 0 1 0 0 0 1 0 0 0 1 0 1,13 2  0 0 0 0 0 0 0 0 0 0 0 0 1
72,12,0.006464124111182934,4,13 2  1 0 1 0 0 0 1 0 0 0 1 0 1,37 2  1 0 1 0 0 0 1 0 0 0 1 0 0 0 0 0 0 0 0 0 0 0 0 0 0 0 0 0 0 0 0 0 0 0 0 0 1
84,14,0.00966183574879227,11,15 2  1 1 1 0 1 1 1 0 0 0 0 0 1 1 1,57 2  1 0 1 1 0 0 0 0 0 0 1 1 0 0 0 0 0 0 0 0 0 0 0 0 0 0 1 0 1 1 0 0 0 1 0 0 0 0 0 0 0 1 0 0 0 0 0 0 0 0 0 0 0 0 0 0 1
84,14,0.004338394793926247,1,15 2  1 1 1 0 0 0 0 0 1 1 1 0 1 1 1,9 2  0 0 0 0 0 0 0 0 1
84,14,0.004172751929897768,8,15 2  1 1 1 0 1 1 1 0 0 0 0 0 1 1 1,45 2  1 0 0 0 1 1 0 0 1 0 0 1 0 0 0 0 0 0 0 0 0 0 1 0 0 0 0 0 0 0 0 0 0 1 0 0 0 0 0 0 0 0 0 0 1
84,14,0.006570302233902759,2,15 2  1 1 1 0 0 0 0 0 1 1 1 0 1 1 1,36 2  0 0 0 0 0 0 0 0 0 0 0 0 0 0 1 0 0 0 0 0 0 0 0 0 0 0 0 0 0 0 0 0 0 0 0 1
84,14,0.007112375533428165,2,15 2  1 1 1 0 1 1 1 0 0 0 0 0 1 1 1,29 2  0 0 0 0 0 0 0 0 0 0 0 0 0 1 0 0 0 0 0 0 0 0 0 0 0 0 0 0 1
84,14,0.004303851947493006,1,15 2  1 1 1 0 0 0 0 0 1 1 1 0 1 1 1,8 2  0 0 0 0 0 0 0 1
84,14,0.05763688760806916,2,15 2  1 0 0 0 0 0 0 1 0 0 0 0 0 0 1,42 2  0 0 0 0 0 1 0 0 0 0 0 0 1 0 0 0 0 0 0 0 0 0 0 0 0 0 0 0 0 0 0 0 0 0 0 0 0 0 0 0 0 1
84,14,0.07326007326007326,7,15 2  1 0 0 0 0 0 0 1 0 0 0 0 0 0 1,50 2  0 0 0 0 0 0 0 0 0 0 1 0 0 0 1 1 0 0 0 0 0 1 0 1 0 0 0 0 0 0 0 0 0 0 0 0 1 0 0 0 0 0 0 0 0 0 0 0 0 1
84,14,0.052770448548812667,1,15 2  1 0 0 0 0 0 0 1 0 0 0 0 0 0 1,8 2  0 0 0 0 0 0 0 1
84,14,0.06688963210702341,4,15 2  1 0 0 0 0 0 0 1 0 0 0 0 0 0 1,42 2  0 1 0 0 0 1 0 0 0 1 0 0 0 0 0 0 0 1 0 0 0 0 0 0 0 1 0 0 0 0 0 0 0 1 0 0 0 0 0 0 0 1
84,14,0.06329113924050633,1,15 2  1 0 0 0 0 0 0 1 0 0 0 0 0 0 1,21 2  0 0 0 0 0 0 0 0 0 0 0 0 0 0 0 0 0 0 0 0 1
84,14,0.005148005148005148,1,15 2  1 1 1 0 0 0 0 0 1 1 1 0 1 1 1,28 2  0 0 0 0 0 0 0 0 0 0 0 0 0 0 0 0 0 0 0 0 0 0 0 0 0 0 0 1
84,14,0.006379585326953748,1,15 2  1 1 1 0 1 1 1 0 0 0 0 0 1 1 1,28 2  0 0 0 0 0 0 0 0 0 0 0 0 0 0 0 0 0 0 0 0 0 0 0 0 0 0 0 1
84,14,0.0037537537537537537,1,15 2  1 1 1 0 0 0 0 0 1 1 1 0 1 1 1,17 2  0 0 0 0 0 0 0 0 0 0 0 0 0 0 0 0 1
84,14,0.004700352526439483,1,15 2  1 1 1 0 1 1 1 0 0 0 0 0 1 1 1,5 2  0 0 0 0 1
84,14,0.0004774181227919412,1,15 2  1 1 1 0 0 1 0 0 0 1 0 0 1 0 1,29 2  0 0 0 0 0 0 0 0 0 0 0 0 0 0 0 0 0 0 0 0 0 0 0 0 0 0 0 0 1
84,14,0.0005306869742882161,8,15 2  1 1 1 0 0 1 0 0 0 1 0 0 1 0 1,56 2  0 1 0 0 1 0 0 0 0 0 0 0 0 0 0 1 0 0 0 0 0 1 0 0 0 0 1 1 0 0 0 0 0 0 0 1 0 0 1 0 0 0 0 0 0 0 0 0 0 0 0 0 0 0 0 1
84,14,0.00048319683022879367,1,15 2  1 0 1 0 0 1 0 0 0 1 0 0 1 1 1,25 2  0 0 0 0 0 0 0 0 0 0 0 0 0 0 0 0 0 0 0 0 0 0 0 0 1
84,14,0.00043374539145521576,2,15 2  1 0 1 0 0 1 0 0 0 1 0 0 1 1 1,29 2  1 0 0 0 1 0 0 0 1 0 0 0 1 0 0 0 1 0 0 0 1 0 0 0 1 0 0 0 1
