try to look for a basis (eg 1 1 0 1 for n = 24), and understand how the addition works

24

 4 2  1 1 0 1
10 2  1 1 0 1|0 0 0 1 0 1
16 2  1 1 0 1|0 0 0 1 0 1|0 0 0 1 0 1

 7 2  1 1 0 1|1 0 1
13 2  1 1 0 1|1 0 1|0 0 0 1 0 1

36

1 2  1
13 2  1 0 0 0 0 0 1 1 1 0 1 1 1
25 2  1 0 0 0 0 0 1 1 1 0 1 1 1|0 0 0 0 0 1 1 1 0 1 1 1
12 2  1 0 0 0 0 1 1 1 0 1 1 1
24 2  1 0 0 0 0 1 1 1 0 1 1 1|0 0 0 0 0 1 1 1 0 1 1 1

-- 

 5 2  1 1 0 0 1
14 2  1 1 0 0 1|0 0 0 0 0|1 0 0 1
23 2  1 1 0 0 1|0 0 0 0 0|1 0 0 1|0 0 0 0 0 1 0 0 1
10 2  1 1 0 0 1|0 1 0 0 1
19 2  1 1 0 0 1|0 1 0 0 1|0 0 0 0 0 1 0 0 1


48

18 2  1 1 0 0 0 1 0 0 0 0 0 0 0 1 0 0 0 1
13 2  1 1 0 0 0 1 0 0 1 0 0 0 1
37 2  1 1 0 0 0 1 0 0 1 0 0 0 1 0 0 0 0 0 0 0 1 0 0 0 1 0 0 0 0 0 0 0 1 0 0 0 1
18 2  1 1 0 0 0 1 0 0 1 0 0 0 1 1 0 0 0 1
30 2  1 1 0 0 0 1 0 0 1 0 0 0 1 1 0 0 0 1 0 0 0 0 0 0 0 1 0 0 0 1

SOOOOOOOOOOOOOOOOOOOOOOOOO:

1 1 0 0 0 1 0 0 1 0 0 0 1
1 1 0 0 0 1 0 0 1 0 0 0 1 + 1 0 0 0 1
1 1 0 0 0 1 0 0 1 0 0 0 1 + 1 0 0 0 1 + 0 0 0 0 0 0 0 1 0 0 0 1

60
 7 2  1 1 0 0 0 0 1

22 2  1 1 0 0 0 0 1 0 0 0 0 0 0 0 0 0 1 0 0 0 0 1|0 0 0 0 0 0 0 0 0 1 0 0 0 0 1
37 2  1 1 0 0 0 0 1 0 0 0 0 0 0 0 0 0 1 0 0 0 0 1 0 0 0 0 0 0 0 0 0 1 0 0 0 0 1

16 2  1 1 0 0 0 0 1 0 0 0 1 0 0 0 0 1|0 0 0 0 0 0 0 0 0 1 0 0 0 0 1 (from above)
31 2  1 1 0 0 0 0 1 0 0 0 1 0 0 0 0 1 0 0 0 0 0 0 0 0 0 1 0 0 0 0 1


72
 8 2  1 1 0 0 0 0 0 1
26 2  1 1 0 0 0 0 0 1 0 0 0 0 0 0 0 0 0 0 0 1 0 0 0 0 0 1
44 2  1 1 0 0 0 0 0 1 0 0 0 0 0 0 0 0 0 0 0 1 0 0 0 0 0 1 0 0 0 0 0 0 0 0 0 0 0 1 0 0 0 0 0 1
19 2  1 1 0 0 0 0 0 1 0 0 0 0 1 0 0 0 0 0 1
37 2  1 1 0 0 0 0 0 1 0 0 0 0 1 0 0 0 0 0 1 0 0 0 0 0 0 0 0 0 0 0 1 0 0 0 0 0 1

84
15 2  1 1 1 0 0 1 0 1 0 1 1 0 1 0 1,54 2  1 0 1 1 0 0 0 0 1 1 0 0 1 1|0 1 1 1 1 0 0 1 0 1 0 1 1 0 1 1 1 1 1 0 1 1 1|0 1 0 0 1 1 1 0 1 1 1 1 0 0 1 0 1
15 2  1 1 1 0 0 1 0 1 0 1 1 0 1 0 1,66 2  1 0 1 1 0 0 0 0 1 1 0 0 1 1|0 1 1 1 1 0 0 1 0 1 0 1 1 0 1 1 1 1 1 0 1 1 1|1 0 0 1 0 0 0 1 1 0 0 0 0 1 1 0 0|1 1 0 1 1 1 1 0 0 1 0 1
15 2  1 1 1 0 0 1 0 1 0 1 1 0 1 0 1,66 2  1 0 1 1 0 0 0 0 1 1 0 0 1 1|1 0 1 0 0 1 1 0 0 0 1 1 0 1 0 0 1 1 1 0 1 1 1|0 1 0 0 1 0 1 1 0 1 1 1|0 1 0 0 1 1 1 0 1 1 1 1 0 0 1 0 1


15 2  1 0 0 0 0 0 1 0 0 0 1 0 1 0 1,55 2  1 0 1 0 1 0 1 0 1 0 0 0 1 0|1 0 1 0 0 0 1 0 1 0 0 0|0 0 1 0 0 0 0 0 1 0 1|0 1 0 0 0 0 0 0 0 0 0|1 0 0 0 1 0 1
15 2  1 0 0 0 0 0 1 0 0 0 1 0 1 0 1,43 2  1 0 1 0 1 0 1 0 1 0 0 0 1 0|0 0 1 0 0 0 0 0 1 0 1|0 1 0 0 0 0 0 0 0 0 0|1 0 0 0 1 0 1
15 2  1 0 0 0 0 0 1 0 0 0 1 0 1 0 1,25 2  1 0 1 0 1 0 1 0 1 0 0 0 1 0|0 0 1 0 0 0 0 0 1 0 1|
15 2  1 0 0 0 0 0 1 0 0 0 1 0 1 0 1,49 2  1 0 1 0 1 0 1 0 1 0 0 0 1 0|0 0 1 0 0 0 0 0 1 0 1|0 0 0 0 0 0 0 1 0 0 0 0 0 0 0 0 0|1 0 0 0 1 0 1
15 2  1 0 0 0 0 0 1 0 0 0 1 0 1 0 1,67 2  1 0 1 0 1 0 1 0 1 0 0 0 1 0|0 0 1 0 0 0 0 0 1 0 1|0 0 0 0 0 0 0 1 0 0 0 0 0 0 0 0 0|1 0 1 0 1 0 1 0 1 0 0 0 1 0|0 0 1 0 0 0 0 0 1 0 1

15 2  1 1 1 0 0 1 0 0 0 1 0 0 1 0 1,48 2  1 0 1 1 0 0 0 1 0 0 0 1 0 1 1 1 0 0 1 1 0 0 1 0 1 1 1 0 1 1 0 0 1 0 0 1 1 1 1 1 1 1 0 1 0 1 0 1
15 2  1 1 1 0 0 1 0 0 0 1 0 0 1 0 1,63 2  1 0 1 1 0 0 0 1 0 0 0 1 0 1 1 1 1 1 1 0 1 1 0 0 1 0 0 1 1 0 0 1 0 0 1 0 0 1 0 1 1 1 0 1 0 1 0 1 0 1 1 0 0 0 1 0 1 1 1 0 1 0 1
15 2  1 1 1 0 0 1 0 0 0 1 0 0 1 0 1,59 2  1 0 1 1 0 0 0 1 0 0 0 1 0 1 1 1 1 1 1 0 1 1 0 0 1 1 1 1 0 0 0 0 1 0 1 1 0 1 1 1 0 1 0 1 0 1 1 0 0 0 1 0 1 1 1 0 1 0 1

15 2  1 0 1 0 0 1 0 0 0 1 0 0 1 1 1,56 2  1 1 1 1 1 0 0 1 1 1 0 0 1 0 1 1 1 1 1 1 0 0 1 1|1 1 0 1 1 0 1 0 1 1 1 0 1 1 0 1 0 1 0 1 1 0 0 0 0 1 1 1 1 0 1 1
15 2  1 0 1 0 0 1 0 0 0 1 0 0 1 1 1,35 2  1 1 1 1 1 0 0 1 1 1 0 0 1 0 1 1 1 1 1 1 0 0 1 1|0 1 1 1 0 1 0 0 0 1 1
15 2  1 0 1 0 0 1 0 0 0 1 0 0 1 1 1,68 2  1 1 1 1 1 0 0 1 1 1 0 0 1 0 1 1 1 1 1 1 0 0 1 1|0 1 1 1 0 1 0 0 0 1 1|0 0 0 0 0 0 0 0 0 0 1 0 1 1 1 0 1 1 0 1 0 1 1 1 0 0 1 1 1 1 0 1 1

15 2  1 0 1 0 1 1 0 1 0 1 0 0 1 1 1,35 2  1 1 1 1 0 1 0 0 0 1 1 0 0 1 0 1 1 1 1 0 0 1 0 1 1 1 0 1 1 1 1 1 0 1 1

15 2  1 0 1 0 1 0 0 0 1 0 0 0 0 0 1,1 2  1
15 2  1 0 1 0 1 0 0 0 1 0 0 0 0 0 1,61 2  1 0 0 0 0 0 0 0 1 0 1 0 0 0 0 0 1 0 0 0|0 0 1 0 1 0 0 0 1 0 1 0 1 0 0 0 1 0 1 0 1 0 1 0 0 0 1 0 0 0|1 0 0 0 1 0 0 0 0 0 1
15 2  1 0 1 0 1 0 0 0 1 0 0 0 0 0 1,31 2  1 0 0 0 0 0 0 0 1 0 1 0 0 0 0 0 1 0 0 0|1 0 0 0 1 0 0 0 0 0 1
15 2  1 0 1 0 1 0 0 0 1 0 0 0 0 0 1,49 2  1 0 0 0 0 0 0 0 1 0 1 0 0 0 0 0 1 0 0 0|1 0 0 0 1 0 1 0 1 0 1 0|0 0 1 0 0 0|1 0 0 0 1 0 0 0 0 0 1
15 2  1 0 1 0 1 0 0 0 1 0 0 0 0 0 1,43 2  1 0 0 0 0 0 0 0 1 0 1 0 0 0 0 0 1 0 0 0|1 0 0 0 1 0 1 0 1 0 1 0|1 0 0 0 0 0 0 0 0 0 1



108
73 2  1 0 0 0 0 0 0 0 0 0 0 0 0 0 0 0 0 0 1 0 0 1 0 0 1 0 0 0 0 0 1 0 0 1 0 0 1 0 0 0 0 0 0 0 0 0 0 0 0 0 0 0 0 0 1 0 0 1 0 0 1 0 0 0 0 0 1 0 0 1 0 0 1
37 2  1 0 0 0 0 0 0 0 0 0 0 0 0 0 0 0 0 0 1 0 0 1 0 0 1 0 0 0 0 0 1 0 0 1 0 0 1

70 2  1 0 0 0 0 0 0 0 0 0 0 0 0 0 0 1 0 0 1 0 0 1 0 0 0 0 0 1 0 0 1 0 0 1 0 0 0 0 0 0 0 0 0 0 0 0 0 0 0 0 0 1 0 0 1 0 0 1 0 0 0 0 0 1 0 0 1 0 0 1
34 2  1 0 0 0 0 0 0 0 0 0 0 0 0 0 0 1 0 0 1 0 0 1 0 0 0 0 0 1 0 0 1 0 0 1|
