40,4,0.11267605633802817
46,6,0.2191780821917808
51,6,0.3076923076923077
66,6,0.2857142857142857
36,4,0.1797752808988764
79,2,0.006291781360597719
79,8,0.5333333333333333
93,2,0.004852896572641796
55,6,0.22857142857142856
96,2,0.0029482218536944905
62,2,0.0019726297620515348
48,6,0.2807017543859649
70,4,0.0367816091954023
80,2,0.0022985203275391465
56,2,0.004176455233620465
84,2,0.0026156612718652933
96,2,0.004354926510615134
42,4,0.09302325581395349
95,2,0.004305705059203444
57,6,0.24615384615384617
99,2,0.0022126953395104412
89,8,0.5517241379310345
55,4,0.0547945205479452
89,2,0.0027280477408354645
46,6,0.17777777777777778
38,4,0.19047619047619047
75,4,0.1415929203539823
75,4,0.1415929203539823
78,2,0.0030989734650397056
76,2,0.003552397868561279
101,2,0.002660016625103907
55,4,0.058394160583941604
71,2,0.0021511158913686476
94,4,0.04938271604938271
78,2,0.002959127057518032
84,2,0.005
68,4,0.1
83,8,0.5925925925925926
48,6,0.34782608695652173
59,4,0.03950617283950617
98,2,0.003518029903254178
83,2,0.0027610008628127696
62,4,0.08205128205128205
95,2,0.0030511060259344014
84,2,0.003825920612147298
55,4,0.05063291139240506
56,6,0.23529411764705882
80,2,0.002064516129032258
48,2,0.003734827264239029
91,2,0.0025007814942169426
106,4,0.06611570247933884
55,6,0.3404255319148936
46,6,0.27586206896551724
67,4,0.11428571428571428
106,2,0.0030137502354492373
103,2,0.002426448286320898
36,4,0.14545454545454545
91,2,0.003550821127385708
58,2,0.0025686305988120084
81,2,0.0023415776379335576
95,2,0.002479082739386427
60,4,0.12121212121212122
49,6,0.26229508196721313
58,4,0.034934497816593885
55,2,0.006074411541381929
63,2,0.0026787209107651095
73,4,0.06274509803921569
88,2,0.0018641500640801585
60,4,0.038461538461538464
81,2,0.0036739380022962113
77,2,0.002292920607623961
58,4,0.041884816753926704
95,2,0.0026560424966799467
57,4,0.0653061224489796
55,6,0.3404255319148936
76,2,0.003556345854634363
60,2,0.0036521342159324356
51,6,0.2962962962962963
96,2,0.00321285140562249
83,2,0.0031689443454149336
77,2,0.0025177025963808025
88,4,0.05194805194805195
51,2,0.0030429821224800305
105,2,0.00334518084883964
36,4,0.11267605633802817
46,6,0.2077922077922078
48,6,0.2857142857142857
38,4,0.12121212121212122
71,4,0.10526315789473684
66,2,0.0038186157517899762
97,4,0.05714285714285714
83,2,0.003885381253035454
88,2,0.0024949321690316546
51,6,0.3076923076923077
56,6,0.2191780821917808
62,2,0.003208985158443642
93,2,0.0029191753329684362
83,8,0.6153846153846154
61,4,0.045454545454545456
76,4,0.07048458149779736
86,2,0.0036815462494247586
79,4,0.11764705882352941
75,2,0.004708652148322542
68,2,0.0022056796250344637
46,6,0.23880597014925373
38,4,0.09523809523809523
