55,6,0.38095238095238093
98,2,0.0026113921984658073
79,8,0.6956521739130435
81,2,0.0030109145652992097
60,4,0.034782608695652174
56,4,0.06584362139917696
86,2,0.007262823422605538
67,4,0.10526315789473684
92,2,0.003076923076923077
90,2,0.003167062549485352
82,4,0.18823529411764706
85,2,0.002238388360380526
59,4,0.036281179138321996
86,2,0.002136181575433912
95,4,0.03007518796992481
50,6,0.24615384615384617
72,4,0.1568627450980392
85,2,0.0030160226201696515
60,2,0.0036133694670280035
60,4,0.13445378151260504
70,2,0.003569038590229757
66,4,0.06956521739130435
96,2,0.0031576869942766925
95,2,0.0026657780739753416
79,2,0.0019481310118105442
36,4,0.12403100775193798
46,6,0.3902439024390244
51,6,0.3404255319148936
36,4,0.11267605633802817
57,2,0.0028735632183908046
76,6,0.23529411764705882
66,6,0.18604651162790697
79,2,0.0032773453502662844
74,2,0.0023218691046292266
46,6,0.22857142857142856
38,4,0.10810810810810811
96,2,0.0027178528962119924
69,4,0.042328042328042326
94,4,0.05405405405405406
81,2,0.003610923042202663
78,2,0.002346385100454612
68,2,0.002524854031876282
48,2,0.0023884161815196296
70,2,0.0030366293414310114
89,4,0.043478260869565216
78,2,0.003396306516663129
80,2,0.002403846153846154
96,4,0.04145077720207254
46,6,0.2222222222222222
82,2,0.003140333660451423
86,2,0.0035971223021582736
75,4,0.04938271604938271
82,2,0.0033812341504649195
74,4,0.16
74,4,0.11764705882352941
98,2,0.00336417157275021
55,6,0.17582417582417584
54,4,0.05128205128205128
68,2,0.002346385100454612
95,2,0.0030663089306247606
85,8,0.5714285714285714
100,2,0.002981736861721953
46,6,0.32653061224489793
50,2,0.0023484514897989138
66,2,0.001850352723487915
54,4,0.056338028169014086
80,2,0.0023827252419955326
66,4,0.14545454545454545
97,2,0.0024879489970455605
84,2,0.0033250207813798837
57,6,0.3137254901960784
63,4,0.0893854748603352
96,2,0.002328627565128802
59,2,0.002731773945705993
38,4,0.08040201005025126
86,2,0.004471771939631079
85,2,0.002751031636863824
72,4,0.0486322188449848
59,4,0.06694560669456066
52,6,0.21052631578947367
