48,6,0.3018867924528302
63,2,0.0026341784655910436
94,2,0.002449104546150314
76,4,0.10596026490066225
94,2,0.00425418771603297
93,2,0.004659289458357601
63,4,0.18181818181818182
79,2,0.0033486814566764337
34,4,0.1797752808988764
69,2,0.002188183807439825
46,6,0.26229508196721313
94,2,0.002488722974023954
48,2,0.004892966360856269
98,4,0.04804804804804805
55,6,0.3137254901960784
80,2,0.0027247956403269754
89,2,0.0045045045045045045
85,2,0.0031164783794312427
91,4,0.05574912891986063
55,2,0.002168315489903781
48,6,0.25806451612903225
58,2,0.002112490097702667
92,4,0.07804878048780488
90,4,0.04113110539845758
76,2,0.00163015792154865
68,2,0.0033486814566764337
50,2,0.0034290612944706386
63,2,0.002219140083217753
95,2,0.001756504555933692
64,4,0.09467455621301775
46,6,0.34782608695652173
58,6,0.24615384615384617
55,2,0.002849002849002849
54,2,0.0022827792837779998
48,12,1
71,2,0.0021929824561403508
46,6,0.2318840579710145
60,2,0.0019163971733141695
63,4,0.1322314049586777
96,2,0.0025823111684958036
90,2,0.004401650618982118
78,4,0.060836501901140684
76,2,0.001593308105954989
57,6,0.24242424242424243
92,2,0.0035157108327840037
46,6,0.2962962962962963
38,4,0.11764705882352941
89,4,0.050955414012738856
97,2,0.0033126293995859213
73,2,0.005673758865248227
86,2,0.002386634844868735
60,4,0.034934497816593885
80,2,0.0029127981066812306
78,2,0.0035157108327840037
90,2,0.0020022525341008633
89,4,0.050156739811912224
68,2,0.004562303963501569
68,4,0.13675213675213677
46,6,0.2318840579710145
79,2,0.0024898848428260194
95,2,0.005961251862891207
94,2,0.003058688587268209
78,2,0.0025823111684958036
71,4,0.13445378151260504
46,6,0.25806451612903225
