57,2,0.0034737299174989146
82,2,0.002876663070837828
53,4,0.056338028169014086
76,2,0.0043799616753353405
67,4,0.058394160583941604
82,2,0.002211166390270868
50,6,0.4
72,2,0.003415154749199573
59,4,0.03368421052631579
77,2,0.002800630141781901
60,4,0.041884816753926704
84,2,0.00334518084883964
69,2,0.0030337504740235114
56,4,0.0425531914893617
84,8,0.7272727272727273
63,4,0.11267605633802817
90,2,0.005826656955571741
58,6,0.2318840579710145
77,2,0.0031583103039873666
82,2,0.0030651340996168583
59,4,0.052805280528052806
60,4,0.050473186119873815
89,2,0.0040100250626566416
78,4,0.128
86,2,0.0032303654350898446
79,2,0.0026836632002683663
36,4,0.08888888888888889
102,2,0.0043919846280538015
94,4,0.03950617283950617
50,6,0.2962962962962963
70,2,0.004330175913396482
51,6,0.3018867924528302
63,4,0.05714285714285714
83,2,0.00492156259612427
52,6,0.42105263157894735
58,4,0.0486322188449848
73,2,0.0030257186081694403
53,4,0.03686635944700461
34,4,0.10666666666666667
48,6,0.2909090909090909
87,4,0.056338028169014086
82,2,0.003411513859275053
76,2,0.0022717591935254864
94,2,0.003073967339097022
56,2,0.0037896731406916154
86,8,0.5925925925925926
