92,2,0.00230248956684415
75,2,0.005044136191677175
94,4,0.05904059040590406
50,2,0.00264331736329093
90,2,0.003594697820714446
85,2,0.003014318010550113
52,6,0.25396825396825395
91,2,0.003833253473885961
57,4,0.04819277108433735
56,6,0.3137254901960784
64,2,0.0026533996683250414
48,2,0.0026850142641382784
96,2,0.0022026431718061676
78,2,0.00420057757941717
78,2,0.003931203931203931
75,2,0.002616088947024199
59,4,0.0299625468164794
82,2,0.004290694556181282
88,2,0.002072538860103627
95,2,0.0020057665789143786
98,4,0.07048458149779736
50,2,0.002968460111317254
91,2,0.0035390400353904005
