57,6,0.2077922077922078
92,2,0.00280014000700035
32,4,0.13008130081300814
95,2,0.00393217006635537
71,4,0.1095890410958904
58,6,0.20253164556962025
91,4,0.05536332179930796
67,2,0.0029411764705882353
51,6,0.25806451612903225
38,4,0.10256410256410256
93,2,0.0025624599615631004
63,4,0.15841584158415842
79,2,0.0024253448537213886
50,6,0.3902439024390244
88,2,0.004325493376588267
64,4,0.08839779005524862
59,2,0.0015961691939345571
63,2,0.004072283023670145
51,6,0.38095238095238093
92,4,0.0440771349862259
64,4,0.2077922077922078
91,2,0.002627257799671593
68,2,0.0032753326509723643
82,2,0.0021376085504342017
94,2,0.002828854314002829
57,6,0.22857142857142856
