14,3,0.017094017094017096,6,4 2  1 1 0 1,"[0, 3, 8]"
14,3,0.030395136778115502,6,4 2  1 0 1 1,"[0, 1, 12]"
28,6,0.03460207612456748,12,7 2  1 0 0 0 1 0 1,"[0, 2, 10]"
28,6,0.002992220227408737,57,7 2  1 0 0 1 0 1 1,"[0, 1, 2, 19]"
28,6,0.04854368932038835,12,7 2  1 0 1 0 0 0 1,"[0, 2, 6]"
28,6,0.003527336860670194,56,7 2  1 1 0 1 0 0 1,"[0, 1, 2, 11]"
42,9,0.053475935828877004,22,10 2  1 0 0 1 0 0 0 0 0 1,"[0, 3, 9]"
42,9,0.03676470588235294,152,10 2  1 1 0 1 0 0 1 1 0 1,"[0, 1, 6, 25]"
42,9,0.08333333333333333,157,10 2  1 1 1 0 0 0 0 1 1 1,"[0, 1, 7, 15]"
42,9,0.04716981132075472,153,10 2  1 0 1 1 0 0 1 0 1 1,"[0, 1, 6, 31]"
42,9,0.07692307692307693,19,10 2  1 0 0 0 0 0 1 0 0 1,"[0, 3, 15]"
56,12,0.12903225806451613,28,13 2  1 0 0 0 0 0 0 0 1 0 0 0 1,"[0, 4, 20]"
56,12,0.07782101167315175,26,13 2  1 0 0 0 1 0 0 0 0 0 0 0 1,"[0, 4, 12]"
56,12,0.0074487895716946,117,13 2  1 0 1 0 0 0 1 0 0 0 0 0 1,"[0, 2, 4, 22]"
56,12,0.006193868070610096,116,13 2  1 0 0 0 0 0 1 0 0 0 1 0 1,"[0, 2, 4, 38]"
70,15,0.15267175572519084,34,16 2  1 0 0 0 0 1 0 0 0 0 0 0 0 0 0 1,"[0, 5, 15]"
70,15,0.10309278350515463,36,16 2  1 0 0 0 0 0 0 0 0 0 1 0 0 0 0 1,"[0, 5, 25]"
84,18,0.1724137931034483,38,19 2  1 0 0 0 0 0 1 0 0 0 0 0 0 0 0 0 0 0 1,"[0, 6, 18]"
84,18,0.09009009009009009,321,19 2  1 0 0 0 1 0 1 0 0 0 0 0 1 0 0 0 1 0 1,"[0, 2, 12, 62]"
84,18,0.17391304347826086,303,19 2  1 0 1 0 1 0 0 0 0 0 0 0 0 0 1 0 1 0 1,"[0, 2, 14, 30]"
84,18,0.08620689655172414,181,19 2  1 1 1 1 1 1 1 0 0 0 0 0 1 1 1 1 1 1 1,"[0, 1, 36, 49]"
84,18,0.006211180124223602,182,19 2  1 0 0 0 0 0 0 0 0 1 0 0 0 0 0 1 0 0 1,"[0, 3, 6, 57]"
84,18,0.006516780710329097,1753,19 2  1 0 1 0 1 1 1 0 1 0 1 0 0 1 0 0 1 1 1,"[0, 1, 12, 57, 64]"
84,18,0.1282051282051282,41,19 2  1 0 0 0 0 0 0 0 0 0 0 0 1 0 0 0 0 0 1,"[0, 6, 30]"
84,18,0.05813953488372093,310,19 2  1 0 1 0 0 0 1 0 0 0 0 0 1 0 1 0 0 0 1,"[0, 2, 12, 50]"
84,18,0.06172839506172839,1059,19 2  1 0 1 0 1 0 0 1 0 1 0 1 0 0 1 0 1 0 1,"[0, 1, 7, 22, 56]"
84,18,0.0061330880098129405,1844,19 2  1 1 1 0 0 1 0 0 1 0 1 0 1 1 1 0 1 0 1,"[0, 1, 21, 28, 73]"
84,18,0.010638297872340425,200,19 2  1 0 0 1 0 0 0 0 0 1 0 0 0 0 0 0 0 0 1,"[0, 3, 6, 33]"
98,21,0.19801980198019803,51,22 2  1 0 0 0 0 0 0 1 0 0 0 0 0 0 0 0 0 0 0 0 0 1,"[0, 7, 21]"
98,21,0.14925373134328357,52,22 2  1 0 0 0 0 0 0 0 0 0 0 0 0 0 1 0 0 0 0 0 0 1,"[0, 7, 35]"
112,24,0.2,58,25 2  1 0 0 0 0 0 0 0 0 0 0 0 0 0 0 0 1 0 0 0 0 0 0 0 1,"[0, 8, 40]"
112,24,0.13071895424836602,56,25 2  1 0 0 0 0 0 0 0 1 0 0 0 0 0 0 0 0 0 0 0 0 0 0 0 1,"[0, 8, 24]"
112,24,0.014958863126402393,245,25 2  1 0 0 0 1 0 0 0 0 0 0 0 1 0 0 0 0 0 0 0 0 0 0 0 1,"[0, 4, 8, 44]"
112,24,0.019821605550049554,246,25 2  1 0 0 0 0 0 0 0 0 0 0 0 1 0 0 0 0 0 0 0 1 0 0 0 1,"[0, 4, 8, 76]"
126,27,0.3125,462,28 2  1 0 0 1 0 0 1 0 0 0 0 0 0 0 0 0 0 0 0 0 0 1 0 0 1 0 0 1,"[0, 3, 21, 45]"
126,27,0.12658227848101267,471,28 2  1 0 0 1 0 0 0 0 0 1 0 0 0 0 0 0 0 0 1 0 0 1 0 0 0 0 0 1,"[0, 3, 18, 75]"
126,27,0.12345679012345678,60,28 2  1 0 0 0 0 0 0 0 0 0 0 0 0 0 0 0 0 0 1 0 0 0 0 0 0 0 0 1,"[0, 9, 45]"
126,27,0.15267175572519084,476,28 2  1 0 0 0 0 0 1 0 0 1 0 0 0 0 0 0 0 0 1 0 0 0 0 0 1 0 0 1,"[0, 3, 18, 93]"
126,27,0.20408163265306123,58,28 2  1 0 0 0 0 0 0 0 0 1 0 0 0 0 0 0 0 0 0 0 0 0 0 0 0 0 0 1,"[0, 9, 27]"
140,30,0.026917900403768506,321,31 2  1 0 0 0 0 1 0 0 0 0 0 0 0 0 0 1 0 0 0 0 0 0 0 0 0 0 0 0 0 0 1,"[0, 5, 10, 55]"
140,30,0.01818181818181818,313,31 2  1 0 0 0 0 0 0 0 0 0 0 0 0 0 0 1 0 0 0 0 0 0 0 0 0 1 0 0 0 0 1,"[0, 5, 10, 95]"
140,30,0.21978021978021978,69,31 2  1 0 0 0 0 0 0 0 0 0 1 0 0 0 0 0 0 0 0 0 0 0 0 0 0 0 0 0 0 0 1,"[0, 10, 30]"
140,30,0.20408163265306123,72,31 2  1 0 0 0 0 0 0 0 0 0 0 0 0 0 0 0 0 0 0 0 1 0 0 0 0 0 0 0 0 0 1,"[0, 10, 50]"
154,33,0.18691588785046728,77,34 2  1 0 0 0 0 0 0 0 0 0 0 0 0 0 0 0 0 0 0 0 0 0 1 0 0 0 0 0 0 0 0 0 0 1,"[0, 11, 55]"
154,33,0.14084507042253522,78,34 2  1 0 0 0 0 0 0 0 0 0 0 1 0 0 0 0 0 0 0 0 0 0 0 0 0 0 0 0 0 0 0 0 0 1,"[0, 11, 33]"
168,36,0.017985611510791366,377,37 2  1 0 0 0 0 0 0 0 0 0 0 0 0 0 0 0 0 0 1 0 0 0 0 0 0 0 0 0 0 0 1 0 0 0 0 0 1,"[0, 6, 12, 114]"
168,36,0.01834862385321101,378,37 2  1 0 0 0 0 0 1 0 0 0 0 0 0 0 0 0 0 0 1 0 0 0 0 0 0 0 0 0 0 0 0 0 0 0 0 0 1,"[0, 6, 12, 66]"
168,36,0.14814814814814814,2101,37 2  1 0 0 0 1 0 0 0 1 0 0 0 0 0 1 0 0 0 1 0 0 0 1 0 0 0 0 0 1 0 0 0 1 0 0 0 1,"[0, 2, 14, 44, 112]"
168,36,0.17699115044247787,380,37 2  1 0 1 0 1 0 1 0 1 0 1 0 1 0 0 0 0 0 0 0 0 0 0 0 1 0 1 0 1 0 1 0 1 0 1 0 1,"[0, 2, 72, 98]"
168,36,0.3448275862068966,604,37 2  1 0 0 0 1 0 0 0 1 0 0 0 0 0 0 0 0 0 0 0 0 0 0 0 0 0 0 0 1 0 0 0 1 0 0 0 1,"[0, 4, 28, 60]"
168,36,0.12658227848101267,621,37 2  1 0 0 0 1 0 0 0 0 0 0 0 1 0 0 0 0 0 0 0 0 0 0 0 1 0 0 0 1 0 0 0 0 0 0 0 1,"[0, 4, 24, 100]"
168,36,0.012070006035003017,3569,37 2  1 0 0 0 1 0 0 0 1 0 1 0 1 0 0 0 1 0 0 0 1 0 0 0 0 0 1 0 0 0 0 0 1 0 1 0 1,"[0, 2, 24, 114, 128]"
168,36,0.3076923076923077,91,37 2  1 0 0 0 0 0 0 0 0 0 0 0 0 0 0 0 0 0 0 0 0 0 0 0 1 0 0 0 0 0 0 0 0 0 0 0 1,"[0, 12, 60]"
168,36,0.013063357282821686,3619,37 2  1 0 1 0 1 0 0 0 0 0 1 0 0 0 0 0 1 0 0 0 1 0 0 0 1 0 1 0 1 0 0 0 1 0 0 0 1,"[0, 2, 42, 56, 146]"
168,36,0.19801980198019803,83,37 2  1 0 0 0 0 0 0 0 0 0 0 0 1 0 0 0 0 0 0 0 0 0 0 0 0 0 0 0 0 0 0 0 0 0 0 0 1,"[0, 12, 36]"
168,36,0.14925373134328357,619,37 2  1 0 0 0 0 0 0 0 1 0 0 0 1 0 0 0 0 0 0 0 0 0 0 0 1 0 0 0 0 0 0 0 1 0 0 0 1,"[0, 4, 24, 124]"
182,39,0.20833333333333334,97,40 2  1 0 0 0 0 0 0 0 0 0 0 0 0 0 0 0 0 0 0 0 0 0 0 0 0 0 1 0 0 0 0 0 0 0 0 0 0 0 0 1,"[0, 13, 65]"
182,39,0.2222222222222222,91,40 2  1 0 0 0 0 0 0 0 0 0 0 0 0 1 0 0 0 0 0 0 0 0 0 0 0 0 0 0 0 0 0 0 0 0 0 0 0 0 0 1,"[0, 13, 39]"
