6,2,0.29850746268656714,0,3 2  1 0 1,"[0, 4]"
6,2,0.13986013986013987,0,3 2  1 1 1,"[0, 4, 5]"
12,4,0.19801980198019803,0,5 2  1 0 1 0 1,"[0, 2, 4]"
12,4,0.3508771929824561,0,5 2  1 0 0 0 1,"[0, 4]"
12,4,0.21052631578947367,17,5 2  1 1 0 1 1,"[0, 1, 3, 4]"
18,6,0.29850746268656714,0,7 2  1 0 0 1 0 0 1,"[0, 3, 6]"
18,6,0.5882352941176471,0,7 2  1 0 0 0 0 0 1,"[0, 12]"
24,8,0.8695652173913043,0,9 2  1 0 0 0 0 0 0 0 1,"[0, 8]"
24,8,0.3225806451612903,32,9 2  1 0 1 0 0 0 1 0 1,"[0, 2, 6, 8]"
24,8,0.5263157894736842,2,9 2  1 0 0 0 1 0 0 0 1,"[0, 4, 8]"
30,10,0.4878048780487805,2,11 2  1 0 0 0 0 1 0 0 0 0 1,"[0, 5, 10]"
30,10,0.625,0,11 2  1 0 0 0 0 0 0 0 0 0 1,"[0, 10]"
30,10,0.22727272727272727,52,11 2  1 1 1 1 1 0 1 1 1 1 1,"[0, 1, 6, 25]"
30,10,0.17857142857142858,98,11 2  1 1 0 0 1 0 1 1 0 0 1,"[0, 1, 7, 18]"
30,10,0.2247191011235955,53,11 2  1 0 0 0 1 0 0 0 1 0 1,"[0, 2, 4, 20]"
30,10,0.18018018018018017,98,11 2  1 0 0 1 1 0 1 0 0 1 1,"[0, 1, 13, 24]"
30,10,0.18867924528301888,56,11 2  1 0 1 0 0 0 1 0 0 0 1,"[0, 2, 4, 14]"
36,12,0.9523809523809523,0,13 2  1 0 0 0 0 0 0 0 0 0 0 0 1,"[0, 12]"
36,12,0.8333333333333334,4,13 2  1 0 0 0 0 0 1 0 0 0 0 0 1,"[0, 6, 12]"
36,12,0.3508771929824561,56,13 2  1 1 1 1 0 0 0 0 0 1 1 1 1,"[0, 1, 9, 28]"
36,12,0.7142857142857143,54,13 2  1 0 0 1 0 0 0 0 0 1 0 0 1,"[0, 3, 9, 12]"
42,14,0.14285714285714285,153,15 2  1 0 1 0 1 0 1 0 1 0 0 0 0 0 1,"[0, 2, 16, 24]"
42,14,0.04524886877828054,405,15 2  1 0 1 0 1 1 0 1 0 1 0 0 1 1 1,"[0, 1, 6, 18, 29]"
42,14,0.14492753623188406,147,15 2  1 0 0 0 0 0 1 0 1 0 1 0 1 0 1,"[0, 2, 6, 16]"
42,14,0.03745318352059925,398,15 2  1 1 1 0 0 1 0 1 0 1 1 0 1 0 1,"[0, 1, 14, 25, 37]"
42,14,0.9523809523809523,0,15 2  1 0 0 0 0 0 0 0 0 0 0 0 0 0 1,"[0, 14]"
42,14,0.5714285714285714,2,15 2  1 0 0 0 0 0 0 1 0 0 0 0 0 0 1,"[0, 7, 14]"
48,16,0.6896551724137931,4,17 2  1 0 0 0 0 0 0 0 1 0 0 0 0 0 0 0 1,"[0, 8, 16]"
48,16,0.5555555555555556,69,17 2  1 0 0 0 1 0 0 0 0 0 0 0 1 0 0 0 1,"[0, 4, 12, 16]"
48,16,1,0,17 2  1 0 0 0 0 0 0 0 0 0 0 0 0 0 0 0 1,"[0, 16]"
54,18,0.7407407407407407,4,19 2  1 0 0 0 0 0 0 0 0 1 0 0 0 0 0 0 0 0 1,"[0, 9, 18]"
54,18,0.9523809523809523,0,19 2  1 0 0 0 0 0 0 0 0 0 0 0 0 0 0 0 0 0 1,"[0, 18]"
60,20,0.9090909090909091,2,21 2  1 0 0 0 0 0 0 0 0 0 1 0 0 0 0 0 0 0 0 0 1,"[0, 10, 20]"
60,20,0.3333333333333333,193,21 2  1 0 0 0 0 0 1 0 1 0 0 0 1 0 0 0 0 0 1 0 1,"[0, 2, 26, 48]"
60,20,0.3448275862068966,109,21 2  1 0 0 0 1 0 0 0 0 0 0 0 1 0 0 0 0 0 0 0 1,"[0, 4, 8, 28]"
60,20,0.3333333333333333,190,21 2  1 0 1 0 0 0 0 0 1 0 0 0 1 0 1 0 0 0 0 0 1,"[0, 2, 14, 36]"
60,20,0.6451612903225806,92,21 2  1 0 0 0 0 1 0 0 0 0 0 0 0 0 0 1 0 0 0 0 1,"[0, 5, 15, 20]"
60,20,0.47619047619047616,121,21 2  1 0 1 0 1 0 1 0 1 0 0 0 1 0 1 0 1 0 1 0 1,"[0, 2, 12, 50]"
60,20,0.3448275862068966,116,21 2  1 0 0 0 0 0 0 0 1 0 0 0 0 0 0 0 1 0 0 0 1,"[0, 4, 8, 40]"
60,20,0.9523809523809523,0,21 2  1 0 0 0 0 0 0 0 0 0 0 0 0 0 0 0 0 0 0 0 1,"[0, 20]"
66,22,0.8695652173913043,0,23 2  1 0 0 0 0 0 0 0 0 0 0 1 0 0 0 0 0 0 0 0 0 0 1,"[0, 11, 22]"
66,22,0.8695652173913043,0,23 2  1 0 0 0 0 0 0 0 0 0 0 0 0 0 0 0 0 0 0 0 0 0 1,"[0, 22]"
72,24,0.8695652173913043,6,25 2  1 0 0 0 0 0 0 0 0 0 0 0 1 0 0 0 0 0 0 0 0 0 0 0 1,"[0, 12, 24]"
72,24,1,0,25 2  1 0 0 0 0 0 0 0 0 0 0 0 0 0 0 0 0 0 0 0 0 0 0 0 1,"[0, 24]"
72,24,0.7692307692307693,120,25 2  1 0 1 0 1 0 1 0 0 0 0 0 0 0 0 0 0 0 1 0 1 0 1 0 1,"[0, 2, 18, 56]"
72,24,0.6451612903225806,112,25 2  1 0 0 0 0 0 1 0 0 0 0 0 0 0 0 0 0 0 1 0 0 0 0 0 1,"[0, 6, 18, 24]"
78,26,0.9090909090909091,0,27 2  1 0 0 0 0 0 0 0 0 0 0 0 0 0 0 0 0 0 0 0 0 0 0 0 0 0 1,"[0, 26]"
78,26,0.8695652173913043,2,27 2  1 0 0 0 0 0 0 0 0 0 0 0 0 1 0 0 0 0 0 0 0 0 0 0 0 0 1,"[0, 13, 26]"
84,28,0.05747126436781609,806,29 2  1 0 1 0 1 0 0 0 0 0 1 0 0 0 1 0 0 0 1 0 1 0 0 0 1 0 0 0 1,"[0, 2, 28, 50, 74]"
84,28,0.8,133,29 2  1 0 0 0 0 0 0 1 0 0 0 0 0 0 0 0 0 0 0 0 0 1 0 0 0 0 0 0 1,"[0, 7, 21, 28]"
84,28,0.425531914893617,314,29 2  1 0 0 0 1 0 0 0 1 0 0 0 1 0 0 0 1 0 0 0 0 0 0 0 0 0 0 0 1,"[0, 4, 32, 48]"
84,28,0.11428571428571428,829,29 2  1 0 0 0 1 0 0 0 1 0 1 0 0 0 1 0 0 0 1 0 0 0 0 0 1 0 1 0 1,"[0, 2, 12, 36, 58]"
84,28,0.37735849056603776,314,29 2  1 0 0 0 0 0 0 0 0 0 0 0 1 0 0 0 1 0 0 0 1 0 0 0 1 0 0 0 1,"[0, 4, 12, 32]"
84,28,0.9523809523809523,4,29 2  1 0 0 0 0 0 0 0 0 0 0 0 0 0 1 0 0 0 0 0 0 0 0 0 0 0 0 0 1,"[0, 14, 28]"
84,28,0.9523809523809523,0,29 2  1 0 0 0 0 0 0 0 0 0 0 0 0 0 0 0 0 0 0 0 0 0 0 0 0 0 0 0 1,"[0, 28]"
90,30,0.3508771929824561,152,31 2  1 0 0 0 0 0 0 0 0 0 0 0 1 0 0 0 0 0 0 0 0 0 0 0 1 0 0 0 0 0 1,"[0, 6, 30, 48]"
90,30,1,0,31 2  1 0 0 0 0 0 0 0 0 0 0 0 0 0 0 0 0 0 0 0 0 0 0 0 0 0 0 0 0 0 1,"[0, 30]"
90,30,0.5,299,31 2  1 0 0 0 0 0 0 0 0 1 0 0 1 0 0 0 0 0 1 0 0 0 0 0 0 0 0 1 0 0 1,"[0, 3, 39, 72]"
90,30,0.6666666666666666,166,31 2  1 0 0 1 0 0 1 0 0 1 0 0 1 0 0 0 0 0 1 0 0 1 0 0 1 0 0 1 0 0 1,"[0, 3, 18, 75]"
90,30,0.5,307,31 2  1 0 0 1 0 0 0 0 0 0 0 0 1 0 0 0 0 0 1 0 0 1 0 0 0 0 0 0 0 0 1,"[0, 3, 21, 54]"
90,30,0.5128205128205128,174,31 2  1 0 0 0 0 0 1 0 0 0 0 0 0 0 0 0 0 0 1 0 0 0 0 0 0 0 0 0 0 0 1,"[0, 6, 12, 42]"
90,30,1,0,31 2  1 0 0 0 0 0 0 0 0 0 0 0 0 0 0 1 0 0 0 0 0 0 0 0 0 0 0 0 0 0 1,"[0, 15, 30]"
96,32,0.9523809523809523,149,33 2  1 0 0 0 0 0 0 0 1 0 0 0 0 0 0 0 0 0 0 0 0 0 0 0 1 0 0 0 0 0 0 0 1,"[0, 8, 24, 32]"
96,32,0.8333333333333334,8,33 2  1 0 0 0 0 0 0 0 0 0 0 0 0 0 0 0 1 0 0 0 0 0 0 0 0 0 0 0 0 0 0 0 1,"[0, 16, 32]"
96,32,1,0,33 2  1 0 0 0 0 0 0 0 0 0 0 0 0 0 0 0 0 0 0 0 0 0 0 0 0 0 0 0 0 0 0 0 1,"[0, 32]"
102,34,1,0,35 2  1 0 0 0 0 0 0 0 0 0 0 0 0 0 0 0 0 0 0 0 0 0 0 0 0 0 0 0 0 0 0 0 0 0 1,"[0, 34]"
102,34,0.9523809523809523,6,35 2  1 0 0 0 0 0 0 0 0 0 0 0 0 0 0 0 0 1 0 0 0 0 0 0 0 0 0 0 0 0 0 0 0 0 1,"[0, 17, 34]"
