12,2,0.00964785335262904,2,3 2  1 1 1,"[0, 1, 5]"
12,2,0.0267022696929239,0,3 2  1 0 1,"[0, 2]"
24,4,0.01256281407035176,36,5 2  1 1 0 1 1,"[0, 1, 3, 4]"
24,4,0.013956734124214934,2,5 2  1 0 1 0 1,"[0, 2, 4]"
24,4,0.05025125628140704,0,5 2  1 0 0 0 1,"[0, 20]"
36,6,0.002667377967457989,166,7 2  1 1 0 1 0 1 1,"[0, 1, 3, 5, 6]"
36,6,0.026917900403768506,2,7 2  1 0 0 1 0 0 1,"[0, 3, 6]"
36,6,0.07092198581560284,0,7 2  1 0 0 0 0 0 1,"[0, 6]"
36,6,0.00927643784786642,65,7 2  1 1 1 0 1 1 1,"[0, 1, 4, 9]"
48,8,0.020618556701030927,81,9 2  1 0 1 0 0 0 1 0 1,"[0, 2, 6, 8]"
48,8,0.08097165991902834,0,9 2  1 0 0 0 0 0 0 0 1,"[0, 8]"
48,8,0.028050490883590462,0,9 2  1 0 0 0 1 0 0 0 1,"[0, 4, 8]"
60,10,0.0026917900403768506,126,11 2  1 0 1 0 0 0 1 0 0 0 1,"[0, 2, 4, 44]"
60,10,0.06230529595015576,2,11 2  1 0 0 0 0 1 0 0 0 0 1,"[0, 5, 10]"
60,10,0.005271481286241434,253,11 2  1 0 0 1 1 0 1 0 0 1 1,"[0, 1, 13, 54]"
60,10,0.000012177790875668409,534,11 2  1 1 0 0 0 0 0 1 1 0 1,"[0, 1, 3, 6, 17]"
60,10,0.000016218416660855066,369,11 2  1 0 0 1 1 1 1 1 0 0 1,"[0, 1, 3, 17, 54]"
60,10,0.001108770373655616,138,11 2  1 0 0 0 1 0 0 0 1 0 1,"[0, 2, 4, 20]"
60,10,0.006533812479581836,219,11 2  1 1 0 0 1 0 1 1 0 0 1,"[0, 1, 7, 48]"
60,10,0.0000217121082999962,485,11 2  1 0 1 1 0 0 0 0 0 1 1,"[0, 1, 3, 17, 42]"
60,10,0.13986013986013987,0,11 2  1 0 0 0 0 0 0 0 0 0 1,"[0, 10]"
60,10,0.004493372275893057,309,11 2  1 1 1 1 1 0 1 1 1 1 1,"[0, 1, 6, 25]"
60,10,0.0000901879968794953,407,11 2  1 0 0 1 0 1 1 1 1 1 1,"[0, 1, 33, 52]"
60,10,0.0009646922631680494,377,11 2  1 0 1 1 0 0 0 1 1 0 1,"[0, 3, 8, 35]"
60,10,0.0001157514584683767,397,11 2  1 1 1 1 1 1 0 1 0 0 1,"[0, 1, 9, 28]"
72,12,0.007855459544383346,356,13 2  1 0 1 0 0 0 1 0 0 0 1 0 1,"[0, 2, 6, 10, 12]"
72,12,0.022650056625141562,396,13 2  1 1 1 1 0 0 0 0 0 1 1 1 1,"[0, 1, 9, 28]"
72,12,0.19047619047619047,0,13 2  1 0 0 0 0 0 0 0 0 0 0 0 1,"[0, 12]"
72,12,0.066006600660066,4,13 2  1 0 0 0 0 0 1 0 0 0 0 0 1,"[0, 6, 12]"
72,12,0.025094102885821833,110,13 2  1 0 0 1 0 0 0 0 0 1 0 0 1,"[0, 3, 9, 12]"
72,12,0.016142050040355124,133,13 2  1 0 1 0 1 0 0 0 1 0 1 0 1,"[0, 2, 8, 18]"
84,14,0.0005338315761377286,322,15 2  1 0 1 0 1 0 1 0 1 0 0 0 0 0 1,"[0, 2, 16, 24]"
84,14,0.10869565217391304,6,15 2  1 0 0 0 0 0 0 1 0 0 0 0 0 0 1,"[0, 7, 14]"
84,14,0.000007258795664176174,835,15 2  1 1 1 0 0 1 0 1 0 1 1 0 1 0 1,"[0, 1, 14, 25, 37]"
84,14,0.0005499793757734085,427,15 2  1 0 1 0 1 0 0 0 1 0 0 0 0 0 1,"[0, 2, 4, 8, 14]"
84,14,0.0005884776084269993,435,15 2  1 0 0 0 0 0 1 0 0 0 1 0 1 0 1,"[0, 2, 4, 14, 68]"
84,14,0.0006540650140623978,314,15 2  1 0 0 0 0 0 1 0 1 0 1 0 1 0 1,"[0, 2, 6, 58]"
84,14,0.15151515151515152,0,15 2  1 0 0 0 0 0 0 0 0 0 0 0 0 0 1,"[0, 14]"
84,14,0.00044065481305219557,313,15 2  1 0 1 0 1 0 1 0 0 0 1 0 0 0 1,"[0, 2, 6, 68]"
84,14,0.0004688892014816899,323,15 2  1 0 0 0 1 0 0 0 1 0 1 0 1 0 1,"[0, 2, 8, 54]"
84,14,0.000013026337300070147,1014,15 2  1 0 1 0 1 1 0 1 0 1 0 0 1 1 1,"[0, 1, 6, 18, 29]"
96,16,0.08032128514056225,4,17 2  1 0 0 0 0 0 0 0 1 0 0 0 0 0 0 0 1,"[0, 8, 16]"
96,16,0.07633587786259542,135,17 2  1 0 0 0 1 0 0 0 0 0 0 0 1 0 0 0 1,"[0, 4, 12, 16]"
96,16,0.18867924528301888,0,17 2  1 0 0 0 0 0 0 0 0 0 0 0 0 0 0 0 1,"[0, 16]"
108,18,0.15748031496062992,0,19 2  1 0 0 0 0 0 0 0 0 0 0 0 0 0 0 0 0 0 1,"[0, 18]"
108,18,0.018315018315018316,207,19 2  1 0 0 1 0 0 1 0 0 0 0 0 1 0 0 1 0 0 1,"[0, 3, 12, 27]"
108,18,0.012239902080783354,537,19 2  1 0 0 1 0 0 0 0 0 1 0 0 0 0 0 1 0 0 1,"[0, 3, 9, 15, 18]"
108,18,0.07547169811320754,6,19 2  1 0 0 0 0 0 0 0 0 1 0 0 0 0 0 0 0 0 1,"[0, 9, 18]"