6,1,0.01586042823156225,0,2 2  1 1,"[0, 5]"
12,2,0.013183915622940013,0,3 2  1 1 1,"[0, 1, 5]"
12,2,0.02911208151382824,0,3 2  1 0 1,"[0, 10]"
18,3,0.047505938242280284,0,4 2  1 0 0 1,"[0, 3]"
24,4,0.014771048744460856,2,5 2  1 0 1 0 1,"[0, 2, 4]"
24,4,0.06172839506172839,0,5 2  1 0 0 0 1,"[0, 20]"
24,4,0.0149812734082397,38,5 2  1 1 0 1 1,"[0, 1, 3, 4]"
30,5,0.05063291139240506,0,6 2  1 0 0 0 0 1,"[0, 5]"
30,5,0.0010351431085347548,65,6 2  1 0 1 0 1 1,"[0, 1, 2, 10]"
30,5,0.0007600516835144789,62,6 2  1 1 0 1 0 1,"[0, 1, 2, 22]"
36,6,0.007803355442840421,61,7 2  1 1 1 0 1 1 1,"[0, 1, 4, 21]"
36,6,0.09174311926605505,0,7 2  1 0 0 0 0 0 1,"[0, 6]"
36,6,0.03642987249544627,2,7 2  1 0 0 1 0 0 1,"[0, 3, 6]"
36,6,0.003869220352099052,178,7 2  1 1 0 1 0 1 1,"[0, 1, 3, 5, 6]"
42,7,0.00028359944414508946,215,8 2  1 1 1 0 1 0 0 1,"[0, 1, 2, 4, 7]"
42,7,0.000282346297734171,224,8 2  1 0 0 1 0 1 1 1,"[0, 1, 2, 7, 34]"
42,7,0.1111111111111111,0,8 2  1 0 0 0 0 0 0 1,"[0, 35]"
42,7,0.00021090149845514654,158,8 2  1 1 1 1 0 1 0 1,"[0, 1, 3, 34]"
42,7,0.000288741951318107,158,8 2  1 0 0 1 1 1 1 1,"[0, 1, 3, 29]"
42,7,0.00030744162452154395,157,8 2  1 1 1 1 1 0 0 1,"[0, 1, 8, 12]"
42,7,0.00018623187731043922,160,8 2  1 0 1 0 1 1 1 1,"[0, 1, 4, 27]"
48,8,0.12422360248447205,0,9 2  1 0 0 0 0 0 0 0 1,"[0, 8]"
48,8,0.03110419906687403,2,9 2  1 0 0 0 1 0 0 0 1,"[0, 4, 8]"
48,8,0.028328611898016998,78,9 2  1 0 1 0 0 0 1 0 1,"[0, 2, 6, 8]"
54,9,0.13333333333333333,0,10 2  1 0 0 0 0 0 0 0 0 1,"[0, 9]"
60,10,0.00013347214436347133,424,11 2  1 0 0 1 0 1 1 1 1 1 1,"[0, 1, 33, 52]"
60,10,0.003441748408191361,122,11 2  1 0 0 0 1 0 0 0 1 0 1,"[0, 2, 4, 20]"
60,10,0.000014269996903410672,495,11 2  1 1 0 0 0 0 0 1 1 0 1,"[0, 1, 3, 6, 17]"
60,10,0.0008993210126354602,384,11 2  1 0 1 1 0 0 0 1 1 0 1,"[0, 3, 8, 35]"
60,10,0.05555555555555555,6,11 2  1 0 0 0 0 1 0 0 0 0 1,"[0, 5, 10]"
60,10,0.004604051565377533,221,11 2  1 0 0 1 1 0 1 0 0 1 1,"[0, 1, 13, 54]"
60,10,0.001318304660206974,119,11 2  1 0 1 0 0 0 1 0 0 0 1,"[0, 2, 4, 44]"
60,10,0.000015846717867412098,487,11 2  1 0 1 1 0 0 0 0 0 1 1,"[0, 1, 3, 17, 42]"
60,10,0.000017102626877975324,417,11 2  1 0 0 1 1 1 1 1 0 0 1,"[0, 1, 3, 17, 54]"
60,10,0.009411764705882352,228,11 2  1 1 0 0 1 0 1 1 0 0 1,"[0, 1, 7, 48]"
60,10,0.00013021765881671214,396,11 2  1 1 1 1 1 1 0 1 0 0 1,"[0, 1, 9, 28]"
60,10,0.11299435028248588,0,11 2  1 0 0 0 0 0 0 0 0 0 1,"[0, 10]"
60,10,0.008041817450743867,338,11 2  1 1 1 1 1 0 1 1 1 1 1,"[0, 1, 6, 25]"
66,11,0.1360544217687075,0,12 2  1 0 0 0 0 0 0 0 0 0 0 1,"[0, 11]"
72,12,0.04149377593360996,6,13 2  1 0 0 0 0 0 1 0 0 0 0 0 1,"[0, 6, 12]"
72,12,0.03759398496240601,356,13 2  1 1 1 1 0 0 0 0 0 1 1 1 1,"[0, 1, 9, 28]"
72,12,0.013377926421404682,138,13 2  1 0 1 0 1 0 0 0 1 0 1 0 1,"[0, 2, 8, 18]"
72,12,0.007538635506973238,351,13 2  1 0 1 0 0 0 1 0 0 0 1 0 1,"[0, 2, 6, 10, 12]"
72,12,0.030864197530864196,122,13 2  1 0 0 1 0 0 0 0 0 1 0 0 1,"[0, 3, 9, 12]"
72,12,0.14814814814814814,0,13 2  1 0 0 0 0 0 0 0 0 0 0 0 1,"[0, 12]"
78,13,0.18181818181818182,0,14 2  1 0 0 0 0 0 0 0 0 0 0 0 0 1,"[0, 13]"
84,14,0.0007779074290159471,326,15 2  1 0 1 0 1 0 1 0 1 0 0 0 0 0 1,"[0, 2, 16, 24]"
84,14,0.0000075048368673610145,1055,15 2  1 0 1 0 1 1 0 1 0 1 0 0 1 1 1,"[0, 1, 6, 18, 29]"
84,14,0.15267175572519084,0,15 2  1 0 0 0 0 0 0 0 0 0 0 0 0 0 1,"[0, 14]"
84,14,0.00038405407481373376,315,15 2  1 0 1 0 1 0 1 0 0 0 1 0 0 0 1,"[0, 2, 6, 68]"
84,14,0.000010197510481766087,837,15 2  1 1 1 0 0 1 0 1 0 1 1 0 1 0 1,"[0, 1, 14, 25, 37]"
84,14,0.0007102272727272727,425,15 2  1 0 0 0 0 0 1 0 0 0 1 0 1 0 1,"[0, 2, 4, 14, 68]"
84,14,0.08298755186721991,4,15 2  1 0 0 0 0 0 0 1 0 0 0 0 0 0 1,"[0, 7, 14]"
84,14,0.0005537558490461555,311,15 2  1 0 0 0 1 0 0 0 1 0 1 0 1 0 1,"[0, 2, 8, 54]"
84,14,0.00046585297680052176,339,15 2  1 0 0 0 0 0 1 0 1 0 1 0 1 0 1,"[0, 2, 6, 58]"
84,14,0.0004935834155972359,435,15 2  1 0 1 0 1 0 0 0 1 0 0 0 0 0 1,"[0, 2, 4, 8, 14]"
90,15,0.0028461647929415115,187,16 2  1 0 0 0 0 0 1 0 0 0 0 0 1 0 0 1,"[0, 3, 6, 30]"
90,15,0.0016450074025333114,193,16 2  1 0 0 1 0 0 0 0 0 1 0 0 0 0 0 1,"[0, 3, 6, 66]"
90,15,0.16,0,16 2  1 0 0 0 0 0 0 0 0 0 0 0 0 0 0 1,"[0, 15]"
96,16,0.05390835579514825,161,17 2  1 0 0 0 1 0 0 0 0 0 0 0 1 0 0 0 1,"[0, 4, 12, 16]"
96,16,0.06172839506172839,8,17 2  1 0 0 0 0 0 0 0 1 0 0 0 0 0 0 0 1,"[0, 8, 16]"
96,16,0.24691358024691357,0,17 2  1 0 0 0 0 0 0 0 0 0 0 0 0 0 0 0 1,"[0, 16]"
102,17,0.24390243902439024,0,18 2  1 0 0 0 0 0 0 0 0 0 0 0 0 0 0 0 0 1,"[0, 17]"
