9,2,0.03273322422258593,1,3 2  1 1 1,"[0, 4, 5]"
18,4,0.066006600660066,2,5 2  1 0 1 0 1,"[0, 2, 4]"
18,4,0.06191950464396285,25,5 2  1 1 0 1 1,"[0, 1, 3, 16]"
27,6,0.12345679012345678,3,7 2  1 0 0 1 0 0 1,"[0, 3, 6]"
36,8,0.11173184357541899,4,9 2  1 0 0 0 1 0 0 0 1,"[0, 4, 8]"
36,8,0.08771929824561403,48,9 2  1 0 1 0 0 0 1 0 1,"[0, 2, 6, 8]"
45,10,0.009857072449482503,322,11 2  1 1 0 1 0 0 1 0 0 0 1,"[0, 1, 3, 6, 10]"
45,10,0.00441598586884522,328,11 2  1 0 0 0 1 0 0 1 0 1 1,"[0, 1, 3, 10, 15]"
45,10,0.1834862385321101,5,11 2  1 0 0 0 0 1 0 0 0 0 1,"[0, 5, 10]"
45,10,0.006693440428380187,460,11 2  1 1 1 0 0 1 0 0 1 1 1,"[0, 1, 3, 19, 42]"
54,12,0.24691358024691357,6,13 2  1 0 0 0 0 0 1 0 0 0 0 0 1,"[0, 6, 12]"
54,12,0.136986301369863,76,13 2  1 0 0 1 0 0 0 0 0 1 0 0 1,"[0, 3, 9, 12]"
63,14,0.00004543905486765875,859,15 2  1 1 0 0 0 0 1 1 0 1 0 0 0 1 1,"[0, 1, 14, 22, 25]"
63,14,0.000060450355145836485,948,15 2  1 1 0 0 1 1 1 1 0 1 0 1 0 0 1,"[0, 1, 6, 8, 48]"
63,14,0.3333333333333333,7,15 2  1 0 0 0 0 0 0 1 0 0 0 0 0 0 1,"[0, 7, 14]"
63,14,0.00006626619794375987,884,15 2  1 0 0 1 0 1 0 1 1 1 1 0 0 1 1,"[0, 1, 4, 35, 43]"
63,14,0.00013869625520110957,383,15 2  1 1 1 1 0 1 0 1 1 1 0 1 0 1 1,"[0, 1, 8, 9, 54]"
63,14,0.00011302372367960035,377,15 2  1 0 0 0 1 0 1 0 1 0 1 1 1 1 1,"[0, 1, 8, 27, 45]"
63,14,0.00013173147855411528,383,15 2  1 0 1 0 1 1 1 1 1 1 1 1 0 0 1,"[0, 5, 18, 40, 45]"
63,14,0.0001770334504704664,388,15 2  1 1 1 1 1 0 1 0 1 0 1 0 0 0 1,"[0, 1, 19, 37, 56]"
63,14,0.0000844712312104305,344,15 2  1 0 1 1 0 1 1 1 1 1 0 1 1 0 1,"[0, 7, 14, 25, 52]"
63,14,0.00006161847075279286,870,15 2  1 0 0 1 1 1 0 0 0 0 1 1 1 1 1,"[0, 1, 4, 25, 56]"
63,14,0.00008039296079235302,998,15 2  1 1 1 1 1 0 0 0 0 1 1 1 0 0 1,"[0, 1, 8, 39, 60]"
63,14,0.00011182742791324428,381,15 2  1 0 0 1 1 1 1 1 1 1 1 0 1 0 1,"[0, 5, 23, 28, 50]"
63,14,0.000056209142979196994,382,15 2  1 1 1 1 0 1 1 1 1 1 0 1 1 1 1,"[0, 1, 8, 9, 36]"
63,14,0.00008052599580459562,1004,15 2  1 1 0 0 0 1 0 1 1 0 0 0 0 1 1,"[0, 1, 6, 21, 29]"
63,14,0.000058837373499646975,331,15 2  1 0 0 1 0 1 0 1 0 1 0 1 0 0 1,"[0, 5, 14, 23, 28]"
63,14,0.0001502065339842283,369,15 2  1 1 0 1 0 1 1 1 0 1 0 1 1 1 1,"[0, 1, 8, 9, 18]"
72,16,0.18181818181818182,106,17 2  1 0 0 0 1 0 0 0 0 0 0 0 1 0 0 0 1,"[0, 4, 12, 16]"
72,16,0.37735849056603776,8,17 2  1 0 0 0 0 0 0 0 1 0 0 0 0 0 0 0 1,"[0, 8, 16]"
72,16,0.04716981132075472,145,17 2  1 1 1 1 1 1 1 1 0 1 1 1 1 1 1 1 1,"[0, 1, 9, 64]"
81,18,0.45454545454545453,9,19 2  1 0 0 0 0 0 0 0 0 1 0 0 0 0 0 0 0 0 1,"[0, 9, 18]"
90,20,0.2777777777777778,127,21 2  1 0 0 0 0 1 0 0 0 0 0 0 0 0 0 1 0 0 0 0 1,"[0, 5, 15, 20]"
90,20,0.011621150493898896,650,21 2  1 0 1 0 0 0 1 0 0 0 0 0 1 0 0 0 0 0 0 0 1,"[0, 2, 6, 12, 20]"
90,20,0.01330671989354624,886,21 2  1 0 1 0 1 0 0 0 0 0 1 0 0 0 0 0 1 0 1 0 1,"[0, 2, 6, 38, 84]"
90,20,0.02040816326530612,736,21 2  1 0 0 0 0 0 0 0 1 0 0 0 0 0 1 0 0 0 1 0 1,"[0, 2, 6, 20, 30]"
90,20,0.40816326530612246,10,21 2  1 0 0 0 0 0 0 0 0 0 1 0 0 0 0 0 0 0 0 0 1,"[0, 10, 20]"
99,22,0.3448275862068966,11,23 2  1 0 0 0 0 0 0 0 0 0 0 1 0 0 0 0 0 0 0 0 0 0 1,"[0, 11, 22]"
108,24,0.3125,12,25 2  1 0 0 0 0 0 0 0 0 0 0 0 1 0 0 0 0 0 0 0 0 0 0 0 1,"[0, 12, 24]"
108,24,0.24096385542168675,163,25 2  1 0 0 0 0 0 1 0 0 0 0 0 0 0 0 0 0 0 1 0 0 0 0 0 1,"[0, 6, 18, 24]"
117,26,0.5714285714285714,13,27 2  1 0 0 0 0 0 0 0 0 0 0 0 0 1 0 0 0 0 0 0 0 0 0 0 0 0 1,"[0, 13, 26]"
126,28,0.00024775472282440383,784,29 2  1 0 0 0 0 0 0 0 1 0 0 0 1 0 0 0 1 0 0 0 1 0 1 0 1 0 1 0 1,"[0, 2, 16, 54, 90]"
126,28,0.00031004867764238984,826,29 2  1 0 1 0 0 0 1 0 0 0 1 0 1 0 1 0 0 0 1 0 0 0 1 0 1 0 1 0 1,"[0, 2, 16, 18, 36]"
126,28,0.00016446556913310198,2036,29 2  1 0 1 0 1 0 1 0 1 0 0 0 0 0 0 0 0 0 1 0 1 0 1 0 0 0 0 0 1,"[0, 2, 16, 78, 120]"
126,28,0.00023394822725730796,811,29 2  1 0 1 0 1 0 1 0 1 0 0 0 1 0 0 0 1 0 0 0 1 0 0 0 0 0 0 0 1,"[0, 2, 38, 74, 112]"
126,28,0.46511627906976744,14,29 2  1 0 0 0 0 0 0 0 0 0 0 0 0 0 1 0 0 0 0 0 0 0 0 0 0 0 0 0 1,"[0, 14, 28]"
126,28,0.0001505208019748329,2007,29 2  1 0 1 0 0 0 0 0 1 0 1 0 1 0 1 0 0 0 1 0 0 0 1 0 0 0 0 0 1,"[0, 2, 12, 16, 96]"
126,28,0.0003009464766691244,816,29 2  1 0 1 0 1 0 1 0 0 0 1 0 0 0 1 0 1 0 1 0 0 0 1 0 0 0 1 0 1,"[0, 2, 16, 18, 108]"
126,28,0.00011840835489352129,2010,29 2  1 0 1 0 0 0 0 0 0 0 1 0 0 0 1 0 1 0 0 0 0 0 0 0 0 0 1 0 1,"[0, 2, 12, 42, 58]"
126,28,0.00028227058458238065,864,29 2  1 0 0 0 1 0 0 0 1 0 1 0 1 0 1 0 1 0 1 0 1 0 1 0 0 0 0 0 1,"[0, 10, 36, 80, 90]"
126,28,0.00011251188406775465,638,29 2  1 0 1 0 1 0 1 0 0 0 1 0 1 0 1 0 1 0 1 0 0 0 1 0 1 0 1 0 1,"[0, 2, 16, 18, 72]"
126,28,0.00008943663861337436,1950,29 2  1 0 1 0 0 0 0 0 0 0 0 0 1 0 1 0 0 0 1 0 0 0 0 0 0 0 1 0 1,"[0, 2, 28, 44, 50]"
126,28,0.00012302392815402596,641,29 2  1 0 0 0 1 0 1 0 0 0 1 0 1 0 1 0 1 0 1 0 0 0 1 0 1 0 0 0 1,"[0, 14, 28, 50, 104]"
126,28,0.43478260869565216,180,29 2  1 0 0 0 0 0 0 1 0 0 0 0 0 0 0 0 0 0 0 0 0 1 0 0 0 0 0 0 1,"[0, 7, 21, 28]"
126,28,0.00024678561733422174,816,29 2  1 0 0 0 0 0 1 0 1 0 1 0 1 0 1 0 1 0 1 0 1 0 0 0 1 0 0 0 1,"[0, 10, 46, 56, 100]"
126,28,0.00011142433730375388,2050,29 2  1 0 0 0 0 0 1 0 1 0 1 0 0 0 0 0 0 0 0 0 1 0 1 0 1 0 1 0 1,"[0, 2, 8, 50, 112]"
126,28,0.00014038831407673624,649,29 2  1 0 0 0 0 0 1 0 0 0 1 0 0 0 1 0 0 0 1 0 0 0 1 0 0 0 0 0 1,"[0, 10, 28, 46, 56]"
126,28,0.00014036663765756155,1960,29 2  1 0 0 0 0 0 1 0 0 0 1 0 0 0 1 0 1 0 1 0 1 0 0 0 0 0 1 0 1,"[0, 2, 8, 70, 86]"
