5,1,0.02358490566037736,0,2 2  1 1,"[0, 3]"
10,2,0.046620046620046623,0,3 2  1 0 1,"[0, 2]"
15,3,0.09615384615384616,0,4 2  1 0 0 1,"[0, 3]"
20,4,0.026737967914438502,52,5 2  1 1 1 1 1,"[0, 1, 2, 3, 9]"
20,4,0.06389776357827476,0,5 2  1 0 0 0 1,"[0, 4]"
25,5,0.12269938650306748,0,6 2  1 0 0 0 0 1,"[0, 5]"
30,6,0.0035267148651031564,103,7 2  1 0 0 1 1 1 1,"[0, 1, 2, 3, 12]"
30,6,0.0017448961786773686,81,7 2  1 1 1 1 1 0 1,"[0, 1, 2, 25]"
30,6,0.17699115044247787,0,7 2  1 0 0 0 0 0 1,"[0, 12]"
30,6,0.0015505077913016514,76,7 2  1 0 1 1 1 1 1,"[0, 1, 2, 7]"
30,6,0.06230529595015576,71,7 2  1 1 0 0 0 1 1,"[0, 1, 5, 6]"
30,6,0.006067961165048544,92,7 2  1 1 1 1 0 0 1,"[0, 1, 2, 3, 6]"
30,6,0.005489980785067252,96,7 2  1 0 1 1 1 0 1,"[0, 1, 2, 3, 9]"
35,7,0.0013918853086505672,174,8 2  1 0 0 1 1 0 1 1,"[0, 1, 2, 3, 9]"
35,7,0.0008537522410996329,140,8 2  1 1 0 1 1 0 0 1,"[0, 1, 2, 3, 29]"
35,7,0.2,0,8 2  1 0 0 0 0 0 0 1,"[0, 7]"
40,8,0.022701475595913734,206,9 2  1 1 1 1 0 1 1 1 1,"[0, 1, 5, 16]"
40,8,0.17391304347826086,0,9 2  1 0 0 0 0 0 0 0 1,"[0, 8]"
40,8,0.07604562737642585,94,9 2  1 0 1 0 1 0 1 0 1,"[0, 2, 4, 6, 8]"
45,9,0.20618556701030927,0,10 2  1 0 0 0 0 0 0 0 0 1,"[0, 9]"
50,10,0.18018018018018017,0,11 2  1 0 0 0 0 0 0 0 0 0 1,"[0, 10]"
55,11,0.25316455696202533,0,12 2  1 0 0 0 0 0 0 0 0 0 0 1,"[0, 11]"
60,12,0.009086778736937756,551,13 2  1 0 0 1 0 0 0 1 0 0 0 1 1,"[0, 1, 4, 13, 44]"
60,12,0.00968054211035818,748,13 2  1 1 1 1 0 1 1 1 0 1 1 1 1,"[0, 1, 4, 8, 37]"
60,12,0.010224948875255624,190,13 2  1 0 1 0 1 0 1 0 0 0 0 0 1,"[0, 2, 4, 6, 12]"
60,12,0.001299545159194282,547,13 2  1 0 0 1 1 0 1 0 1 1 1 1 1,"[0, 1, 12, 31, 46]"
60,12,0.008733624454148471,511,13 2  1 1 0 0 0 1 0 0 0 1 0 0 1,"[0, 1, 5, 9, 12]"
60,12,0.0030525030525030525,149,13 2  1 0 0 0 1 0 1 0 1 0 1 0 1,"[0, 2, 4, 14]"
60,12,0.00835421888053467,194,13 2  1 0 0 0 1 0 1 0 1 0 0 0 1,"[0, 2, 4, 6, 18]"
60,12,0.32786885245901637,0,13 2  1 0 0 0 0 0 0 0 0 0 0 0 1,"[0, 12]"
60,12,0.05154639175257732,525,13 2  1 1 1 0 0 1 1 1 0 0 1 1 1,"[0, 1, 6, 11, 15]"
60,12,0.12345679012345678,209,13 2  1 1 1 0 0 0 0 0 0 0 1 1 1,"[0, 1, 10, 21]"
60,12,0.010582010582010581,191,13 2  1 0 0 0 0 0 1 0 1 0 1 0 1,"[0, 2, 4, 6, 24]"
60,12,0.12578616352201258,141,13 2  1 0 1 0 0 0 0 0 0 0 1 0 1,"[0, 2, 10, 12]"
60,12,0.0012067093037287317,569,13 2  1 1 1 1 1 0 1 0 1 1 0 0 1,"[0, 1, 4, 31, 46]"
60,12,0.0027210884353741495,167,13 2  1 0 1 0 1 0 1 0 1 0 0 0 1,"[0, 2, 4, 50]"
60,12,0.09049773755656108,144,13 2  1 0 0 1 0 0 1 0 0 1 0 0 1,"[0, 3, 6, 9, 12]"
65,13,0.28169014084507044,0,14 2  1 0 0 0 0 0 0 0 0 0 0 0 0 1,"[0, 13]"
70,14,0.0021128248468201987,355,15 2  1 0 0 0 0 0 1 0 1 0 0 0 1 0 1,"[0, 2, 4, 6, 18]"
70,14,0.0017040129504984239,305,15 2  1 0 1 0 0 0 1 0 1 0 0 0 0 0 1,"[0, 2, 4, 6, 58]"
70,14,0.5,0,15 2  1 0 0 0 0 0 0 0 0 0 0 0 0 0 1,"[0, 14]"
75,15,0.5128205128205128,0,16 2  1 0 0 0 0 0 0 0 0 0 0 0 0 0 0 1,"[0, 15]"
80,16,0.03913894324853229,425,17 2  1 0 1 0 1 0 1 0 0 0 1 0 1 0 1 0 1,"[0, 2, 10, 32]"
80,16,0.3225806451612903,0,17 2  1 0 0 0 0 0 0 0 0 0 0 0 0 0 0 0 1,"[0, 16]"
80,16,0.10050251256281408,192,17 2  1 0 0 0 1 0 0 0 1 0 0 0 1 0 0 0 1,"[0, 4, 8, 12, 16]"
85,17,0.37037037037037035,0,18 2  1 0 0 0 0 0 0 0 0 0 0 0 0 0 0 0 0 1,"[0, 17]"
90,18,0.13986013986013987,193,19 2  1 0 0 1 0 0 0 0 0 0 0 0 0 0 0 1 0 0 1,"[0, 3, 15, 18]"
90,18,0.003972983710766786,222,19 2  1 0 0 0 0 0 1 0 0 1 0 0 1 0 0 1 0 0 1,"[0, 3, 6, 21]"
90,18,0.02040816326530612,291,19 2  1 0 0 0 0 0 0 0 0 1 0 0 1 0 0 1 0 0 1,"[0, 3, 6, 9, 36]"
90,18,0.007704160246533128,224,19 2  1 0 0 1 0 0 1 0 0 1 0 0 1 0 0 0 0 0 1,"[0, 3, 6, 75]"
90,18,0.018867924528301886,279,19 2  1 0 0 1 0 0 1 0 0 1 0 0 0 0 0 0 0 0 1,"[0, 3, 6, 9, 18]"
90,18,0.011376564277588168,278,19 2  1 0 0 0 0 0 1 0 0 1 0 0 1 0 0 0 0 0 1,"[0, 3, 6, 9, 27]"
90,18,0.02554278416347382,235,19 2  1 1 1 1 1 1 1 1 1 0 1 1 1 1 1 1 1 1 1,"[0, 1, 10, 81]"
90,18,0.3125,0,19 2  1 0 0 0 0 0 0 0 0 0 0 0 0 0 0 0 0 0 1,"[0, 18]"
95,19,0.5,0,20 2  1 0 0 0 0 0 0 0 0 0 0 0 0 0 0 0 0 0 0 1,"[0, 19]"
100,20,0.36363636363636365,0,21 2  1 0 0 0 0 0 0 0 0 0 0 0 0 0 0 0 0 0 0 0 1,"[0, 20]"
100,20,0.16260162601626016,228,21 2  1 0 0 0 0 1 0 0 0 0 1 0 0 0 0 1 0 0 0 0 1,"[0, 5, 10, 15, 20]"
