8,2,0.09900990099009901,0,3 2  1 0 1,"[0, 2]"
16,4,0.2,0,5 2  1 0 0 0 1,"[0, 4]"
24,6,0.07380073800738007,93,7 2  1 1 1 0 1 1 1,"[0, 1, 4, 9]"
24,6,0.37735849056603776,0,7 2  1 0 0 0 0 0 1,"[0, 6]"
24,6,0.17699115044247787,19,7 2  1 0 1 0 1 0 1,"[0, 2, 4, 14]"
24,6,0.046620046620046623,110,7 2  1 1 0 1 0 1 1,"[0, 1, 3, 5, 6]"
32,8,0.273972602739726,0,9 2  1 0 0 0 0 0 0 0 1,"[0, 24]"
40,10,0.4,0,11 2  1 0 0 0 0 0 0 0 0 0 1,"[0, 10]"
48,12,0.6451612903225806,0,13 2  1 0 0 0 0 0 0 0 0 0 0 0 1,"[0, 12]"
48,12,0.08032128514056225,233,13 2  1 0 1 0 0 0 1 0 0 0 1 0 1,"[0, 2, 6, 10, 12]"
48,12,0.20833333333333334,36,13 2  1 0 0 0 1 0 0 0 1 0 0 0 1,"[0, 4, 8, 12]"
48,12,0.11049723756906077,188,13 2  1 0 1 0 1 0 0 0 1 0 1 0 1,"[0, 2, 8, 18]"
56,14,0.5555555555555556,0,15 2  1 0 0 0 0 0 0 0 0 0 0 0 0 0 1,"[0, 14]"
56,14,0.07604562737642585,233,15 2  1 0 0 0 1 0 1 0 1 0 0 0 1 0 1,"[0, 2, 8, 18]"
56,14,0.06514657980456026,231,15 2  1 0 1 0 0 0 1 0 1 0 1 0 0 0 1,"[0, 2, 8, 26]"
56,14,0.0749063670411985,109,15 2  1 1 1 1 1 1 1 0 1 1 1 1 1 1 1,"[0, 1, 8, 49]"
64,16,0.5555555555555556,0,17 2  1 0 0 0 0 0 0 0 0 0 0 0 0 0 0 0 1,"[0, 16]"
72,18,0.3333333333333333,56,19 2  1 0 0 0 0 0 1 0 0 0 0 0 1 0 0 0 0 0 1,"[0, 6, 12, 18]"
72,18,0.14084507042253522,332,19 2  1 0 0 1 0 0 0 0 0 1 0 0 0 0 0 1 0 0 1,"[0, 3, 9, 15, 18]"
72,18,0.6451612903225806,0,19 2  1 0 0 0 0 0 0 0 0 0 0 0 0 0 0 0 0 0 1,"[0, 18]"
72,18,0.18691588785046728,292,19 2  1 0 0 1 0 0 1 0 0 0 0 0 1 0 0 1 0 0 1,"[0, 3, 12, 27]"
80,20,0.37037037037037035,148,21 2  1 1 1 1 1 0 0 0 0 0 0 0 0 0 0 0 1 1 1 1 1,"[0, 1, 16, 65]"
80,20,0.6060606060606061,0,21 2  1 0 0 0 0 0 0 0 0 0 0 0 0 0 0 0 0 0 0 0 1,"[0, 20]"
88,22,0.7692307692307693,0,23 2  1 0 0 0 0 0 0 0 0 0 0 0 0 0 0 0 0 0 0 0 0 0 1,"[0, 22]"
96,24,0.425531914893617,75,25 2  1 0 0 0 0 0 0 0 1 0 0 0 0 0 0 0 1 0 0 0 0 0 0 0 1,"[0, 8, 16, 24]"
96,24,0.7407407407407407,0,25 2  1 0 0 0 0 0 0 0 0 0 0 0 0 0 0 0 0 0 0 0 0 0 0 0 1,"[0, 24]"
96,24,0.2247191011235955,390,25 2  1 0 0 0 1 0 0 0 1 0 0 0 0 0 0 0 1 0 0 0 1 0 0 0 1,"[0, 4, 16, 36]"
96,24,0.2,452,25 2  1 0 0 0 1 0 0 0 0 0 0 0 1 0 0 0 0 0 0 0 1 0 0 0 1,"[0, 4, 12, 20, 24]"
104,26,0.8333333333333334,0,27 2  1 0 0 0 0 0 0 0 0 0 0 0 0 0 0 0 0 0 0 0 0 0 0 0 0 0 1,"[0, 26]"
112,28,0.1360544217687075,465,29 2  1 0 0 0 0 0 0 0 1 0 0 0 1 0 0 0 1 0 0 0 0 0 0 0 1 0 0 0 1,"[0, 4, 16, 36]"
112,28,0.11764705882352941,203,29 2  1 0 1 0 1 0 1 0 1 0 1 0 1 0 0 0 1 0 1 0 1 0 1 0 1 0 1 0 1,"[0, 2, 16, 98]"
112,28,0.9090909090909091,0,29 2  1 0 0 0 0 0 0 0 0 0 0 0 0 0 0 0 0 0 0 0 0 0 0 0 0 0 0 0 1,"[0, 28]"
112,28,0.09852216748768473,486,29 2  1 0 0 0 1 0 0 0 0 0 0 0 1 0 0 0 1 0 0 0 1 0 0 0 0 0 0 0 1,"[0, 4, 16, 52]"
120,30,0.18018018018018017,558,31 2  1 0 0 0 0 1 0 0 0 0 0 0 0 0 0 1 0 0 0 0 0 0 0 0 0 1 0 0 0 0 1,"[0, 5, 15, 25, 30]"
120,30,0.6896551724137931,94,31 2  1 0 0 0 0 0 0 0 0 0 1 0 0 0 0 0 0 0 0 0 1 0 0 0 0 0 0 0 0 0 1,"[0, 10, 20, 30]"
120,30,0.9090909090909091,0,31 2  1 0 0 0 0 0 0 0 0 0 0 0 0 0 0 0 0 0 0 0 0 0 0 0 0 0 0 0 0 0 1,"[0, 30]"
120,30,0.4,481,31 2  1 0 0 0 0 1 0 0 0 0 1 0 0 0 0 0 0 0 0 0 1 0 0 0 0 1 0 0 0 0 1,"[0, 5, 20, 45]"
128,32,0.9090909090909091,0,33 2  1 0 0 0 0 0 0 0 0 0 0 0 0 0 0 0 0 0 0 0 0 0 0 0 0 0 0 0 0 0 0 0 1,"[0, 32]"
136,34,0.9523809523809523,0,35 2  1 0 0 0 0 0 0 0 0 0 0 0 0 0 0 0 0 0 0 0 0 0 0 0 0 0 0 0 0 0 0 0 0 0 1,"[0, 34]"
