15,4,0.05263157894736842,9,5 2  1 0 0 1 1,"[0, 2, 9]"
15,4,0.042283298097251586,9,5 2  1 1 0 0 1,"[0, 1, 4]"
15,4,0.14814814814814814,32,5 2  1 1 1 1 1,"[0, 1, 2, 3, 14]"
30,8,0.018281535648994516,203,9 2  1 1 1 1 0 1 1 0 1,"[0, 1, 3, 12, 17]"
30,8,0.015760441292356184,182,9 2  1 1 0 0 1 0 0 1 1,"[0, 1, 2, 4, 13]"
30,8,0.07246376811594203,198,9 2  1 1 1 0 1 0 0 0 1,"[0, 1, 2, 4, 8]"
30,8,0.09345794392523364,18,9 2  1 0 1 0 0 0 0 0 1,"[0, 2, 8]"
30,8,0.10752688172043011,18,9 2  1 0 0 0 0 0 1 0 1,"[0, 2, 24]"
30,8,0.02207505518763797,129,9 2  1 0 1 1 1 0 0 1 1,"[0, 1, 3, 22]"
30,8,0.09389671361502347,63,9 2  1 0 0 1 0 1 0 0 1,"[0, 2, 5, 27]"
30,8,0.02072538860103627,124,9 2  1 1 0 0 1 1 1 0 1,"[0, 1, 9, 28]"
30,8,0.0796812749003984,140,9 2  1 0 0 0 1 0 1 1 1,"[0, 1, 2, 9, 13]"
30,8,0.29411764705882354,72,9 2  1 0 1 0 1 0 1 0 1,"[0, 2, 4, 6, 8]"
30,8,0.016220600162206,204,9 2  1 0 1 1 0 1 1 1 1,"[0, 1, 3, 6, 17]"
45,12,0.11834319526627218,28,13 2  1 0 0 0 0 0 0 0 0 1 0 0 1,"[0, 3, 36]"
45,12,0.145985401459854,28,13 2  1 0 0 1 0 0 0 0 0 0 0 0 1,"[0, 3, 12]"
45,12,0.3225806451612903,104,13 2  1 0 0 1 0 0 1 0 0 1 0 0 1,"[0, 3, 6, 9, 12]"
60,16,0.5882352941176471,97,17 2  1 1 0 0 0 0 0 0 0 0 0 0 0 0 0 1 1,"[0, 1, 15, 16]"
60,16,0.06060606060606061,396,17 2  1 0 0 0 1 0 1 0 0 0 1 0 1 0 1 0 1,"[0, 2, 6, 12, 34]"
60,16,0.03418803418803419,256,17 2  1 0 1 0 0 0 0 0 1 0 1 0 1 0 0 0 1,"[0, 2, 18, 56]"
60,16,0.04056795131845842,246,17 2  1 0 0 0 1 0 1 0 1 0 0 0 0 0 1 0 1,"[0, 2, 6, 44]"
60,16,0.273972602739726,112,17 2  1 1 1 1 1 0 0 0 0 0 0 0 1 1 1 1 1,"[0, 1, 25, 36]"
60,16,0.12345679012345678,283,17 2  1 0 0 0 0 0 0 0 1 0 0 0 1 0 1 0 1,"[0, 2, 4, 18, 26]"
60,16,0.03546099290780142,384,17 2  1 0 1 0 1 0 1 0 0 0 1 0 1 0 0 0 1,"[0, 2, 6, 24, 34]"
60,16,0.1111111111111111,329,17 2  1 0 1 0 1 0 0 0 1 0 0 0 0 0 0 0 1,"[0, 2, 4, 8, 16]"
60,16,0.3333333333333333,146,17 2  1 0 0 0 1 0 0 0 1 0 0 0 1 0 0 0 1,"[0, 4, 8, 12, 16]"
60,16,0.26666666666666666,191,17 2  1 0 0 1 1 0 0 0 0 0 0 0 1 0 0 1 1,"[0, 1, 13, 24]"
60,16,0.028288543140028287,375,17 2  1 0 1 0 0 0 0 0 1 0 0 0 0 0 1 0 1,"[0, 2, 4, 8, 26]"
60,16,0.1652892561983471,38,17 2  1 0 0 0 0 0 0 0 0 0 0 0 1 0 0 0 1,"[0, 4, 48]"
60,16,0.36363636363636365,195,17 2  1 1 0 0 1 0 0 0 0 0 0 0 1 1 0 0 1,"[0, 1, 37, 48]"
60,16,0.16666666666666666,37,17 2  1 0 0 0 1 0 0 0 0 0 0 0 0 0 0 0 1,"[0, 4, 16]"
60,16,0.15503875968992248,142,17 2  1 0 0 0 0 0 1 0 0 0 1 0 0 0 0 0 1,"[0, 4, 10, 54]"
75,20,0.18691588785046728,47,21 2  1 0 0 0 0 0 0 0 0 0 0 0 0 0 0 1 0 0 0 0 1,"[0, 5, 60]"
75,20,0.31746031746031744,178,21 2  1 0 0 0 0 1 0 0 0 0 1 0 0 0 0 1 0 0 0 0 1,"[0, 5, 10, 15, 20]"
75,20,0.1834862385321101,48,21 2  1 0 0 0 0 1 0 0 0 0 0 0 0 0 0 0 0 0 0 0 1,"[0, 5, 20]"
90,24,0.5263157894736842,208,25 2  1 0 0 0 0 0 1 0 0 0 0 0 1 0 0 0 0 0 1 0 0 0 0 0 1,"[0, 6, 12, 18, 24]"
90,24,0.07272727272727272,372,25 2  1 0 0 0 0 0 1 0 0 1 0 0 1 0 0 0 0 0 0 0 0 1 0 0 1,"[0, 3, 9, 66]"
90,24,0.04405286343612335,646,25 2  1 0 0 1 0 0 1 0 0 1 0 0 0 0 0 1 0 0 1 0 0 0 0 0 1,"[0, 3, 9, 36, 51]"
90,24,0.21739130434782608,56,25 2  1 0 0 0 0 0 0 0 0 0 0 0 0 0 0 0 0 0 1 0 0 0 0 0 1,"[0, 6, 72]"
90,24,0.1834862385321101,455,25 2  1 0 0 0 0 0 0 0 0 0 0 0 1 0 0 0 0 0 1 0 0 1 0 0 1,"[0, 3, 6, 27, 39]"
90,24,0.054945054945054944,588,25 2  1 0 0 0 0 0 1 0 0 1 0 0 0 0 0 1 0 0 1 0 0 1 0 0 1,"[0, 3, 9, 18, 51]"
90,24,0.06060606060606061,377,25 2  1 0 0 1 0 0 0 0 0 0 0 0 1 0 0 1 0 0 1 0 0 0 0 0 1,"[0, 3, 27, 84]"
90,24,0.2702702702702703,54,25 2  1 0 0 0 0 0 1 0 0 0 0 0 0 0 0 0 0 0 0 0 0 0 0 0 1,"[0, 6, 24]"
90,24,0.1834862385321101,206,25 2  1 0 0 0 0 0 0 0 0 1 0 0 0 0 0 1 0 0 0 0 0 0 0 0 1,"[0, 6, 15, 81]"
90,24,0.1724137931034483,453,25 2  1 0 0 1 0 0 1 0 0 0 0 0 1 0 0 0 0 0 0 0 0 0 0 0 1,"[0, 3, 6, 12, 24]"
90,24,0.06872852233676977,537,25 2  1 0 0 1 0 0 0 0 0 0 0 0 1 0 0 0 0 0 0 0 0 1 0 0 1,"[0, 3, 6, 12, 39]"
105,28,0.5714285714285714,252,29 2  1 0 0 0 0 0 0 1 0 0 0 0 0 0 1 0 0 0 0 0 0 1 0 0 0 0 0 0 1,"[0, 7, 14, 21, 28]"
105,28,0.19047619047619047,69,29 2  1 0 0 0 0 0 0 1 0 0 0 0 0 0 0 0 0 0 0 0 0 0 0 0 0 0 0 0 1,"[0, 7, 28]"
105,28,0.28169014084507044,65,29 2  1 0 0 0 0 0 0 0 0 0 0 0 0 0 0 0 0 0 0 0 0 1 0 0 0 0 0 0 1,"[0, 7, 84]"
120,32,0.5,395,33 2  1 0 1 0 0 0 0 0 1 0 0 0 0 0 0 0 0 0 0 0 0 0 0 0 1 0 1 0 0 0 0 0 1,"[0, 2, 74, 96]"
120,32,0.055710306406685235,848,33 2  1 0 0 0 1 0 0 0 1 0 0 0 1 0 0 0 0 0 0 0 1 0 0 0 1 0 0 0 0 0 0 0 1,"[0, 4, 12, 48, 68]"
120,32,0.17857142857142858,630,33 2  1 0 0 0 1 0 0 0 1 0 0 0 0 0 0 0 1 0 0 0 0 0 0 0 0 0 0 0 0 0 0 0 1,"[0, 4, 8, 16, 32]"
120,32,0.45454545454545453,226,33 2  1 0 1 0 1 0 1 0 1 0 0 0 0 0 0 0 0 0 0 0 0 0 0 0 1 0 1 0 1 0 1 0 1,"[0, 2, 50, 72]"
120,32,0.6896551724137931,288,33 2  1 0 0 0 0 0 0 0 1 0 0 0 0 0 0 0 1 0 0 0 0 0 0 0 1 0 0 0 0 0 0 0 1,"[0, 8, 16, 24, 32]"
120,32,0.1941747572815534,607,33 2  1 0 0 0 0 0 0 0 0 0 0 0 0 0 0 0 1 0 0 0 0 0 0 0 1 0 0 0 1 0 0 0 1,"[0, 4, 8, 36, 52]"
120,32,0.3333333333333333,75,33 2  1 0 0 0 0 0 0 0 0 0 0 0 0 0 0 0 0 0 0 0 0 0 0 0 1 0 0 0 0 0 0 0 1,"[0, 8, 96]"
120,32,0.2564102564102564,80,33 2  1 0 0 0 0 0 0 0 1 0 0 0 0 0 0 0 0 0 0 0 0 0 0 0 0 0 0 0 0 0 0 0 1,"[0, 8, 32]"
120,32,0.0851063829787234,520,33 2  1 0 0 0 1 0 0 0 0 0 0 0 0 0 0 0 1 0 0 0 1 0 0 0 1 0 0 0 0 0 0 0 1,"[0, 4, 36, 112]"
120,32,0.06097560975609756,869,33 2  1 0 0 0 0 0 0 0 1 0 0 0 1 0 0 0 0 0 0 0 1 0 0 0 1 0 0 0 1 0 0 0 1,"[0, 4, 12, 24, 68]"
120,32,0.2564102564102564,274,33 2  1 0 0 0 0 0 0 0 0 0 0 0 1 0 0 0 0 0 0 0 1 0 0 0 0 0 0 0 0 0 0 0 1,"[0, 8, 20, 108]"
120,32,0.07751937984496124,745,33 2  1 0 0 0 1 0 0 0 0 0 0 0 0 0 0 0 1 0 0 0 0 0 0 0 0 0 0 0 1 0 0 0 1,"[0, 4, 8, 16, 52]"
120,32,0.40816326530612246,389,33 2  1 0 0 0 0 0 1 0 1 0 0 0 0 0 0 0 0 0 0 0 0 0 0 0 1 0 0 0 0 0 1 0 1,"[0, 2, 26, 48]"
120,32,0.8,219,33 2  1 0 1 0 0 0 0 0 0 0 0 0 0 0 0 0 0 0 0 0 0 0 0 0 0 0 0 0 0 0 1 0 1,"[0, 2, 30, 32]"
120,32,0.07017543859649122,509,33 2  1 0 0 0 0 0 0 0 1 0 0 0 1 0 0 0 1 0 0 0 0 0 0 0 0 0 0 0 1 0 0 0 1,"[0, 4, 12, 88]"
135,36,0.5882352941176471,316,37 2  1 0 0 0 0 0 0 0 0 1 0 0 0 0 0 0 0 0 1 0 0 0 0 0 0 0 0 1 0 0 0 0 0 0 0 0 1,"[0, 9, 18, 27, 36]"
135,36,0.3448275862068966,87,37 2  1 0 0 0 0 0 0 0 0 1 0 0 0 0 0 0 0 0 0 0 0 0 0 0 0 0 0 0 0 0 0 0 0 0 0 0 1,"[0, 9, 36]"
135,36,0.25316455696202533,85,37 2  1 0 0 0 0 0 0 0 0 0 0 0 0 0 0 0 0 0 0 0 0 0 0 0 0 0 0 1 0 0 0 0 0 0 0 0 1,"[0, 9, 108]"
150,40,0.07547169811320754,1004,41 2  1 0 0 0 0 0 0 0 0 0 1 0 0 0 0 1 0 0 0 0 0 0 0 0 0 1 0 0 0 0 1 0 0 0 0 1 0 0 0 0 1,"[0, 5, 15, 30, 85]"
150,40,0.3448275862068966,357,41 2  1 0 0 0 0 0 0 0 0 0 0 0 0 0 0 1 0 0 0 0 0 0 0 0 0 1 0 0 0 0 0 0 0 0 0 0 0 0 0 0 1,"[0, 10, 25, 135]"
150,40,0.32786885245901637,95,41 2  1 0 0 0 0 0 0 0 0 0 0 0 0 0 0 0 0 0 0 0 0 0 0 0 0 0 0 0 0 0 1 0 0 0 0 0 0 0 0 0 1,"[0, 10, 120]"
150,40,0.04357298474945534,1003,41 2  1 0 0 0 0 1 0 0 0 0 1 0 0 0 0 1 0 0 0 0 0 0 0 0 0 1 0 0 0 0 1 0 0 0 0 0 0 0 0 0 1,"[0, 5, 15, 60, 85]"
150,40,0.5128205128205128,352,41 2  1 0 0 0 0 0 0 0 0 0 1 0 0 0 0 0 0 0 0 0 1 0 0 0 0 0 0 0 0 0 1 0 0 0 0 0 0 0 0 0 1,"[0, 10, 20, 30, 40]"
150,40,0.3508771929824561,94,41 2  1 0 0 0 0 0 0 0 0 0 1 0 0 0 0 0 0 0 0 0 0 0 0 0 0 0 0 0 0 0 0 0 0 0 0 0 0 0 0 0 1,"[0, 10, 40]"
150,40,0.2222222222222222,795,41 2  1 0 0 0 0 1 0 0 0 0 1 0 0 0 0 0 0 0 0 0 1 0 0 0 0 0 0 0 0 0 0 0 0 0 0 0 0 0 0 0 1,"[0, 5, 10, 20, 40]"
150,40,0.08196721311475409,631,41 2  1 0 0 0 0 1 0 0 0 0 0 0 0 0 0 0 0 0 0 0 1 0 0 0 0 1 0 0 0 0 1 0 0 0 0 0 0 0 0 0 1,"[0, 5, 45, 140]"
150,40,0.21739130434782608,766,41 2  1 0 0 0 0 0 0 0 0 0 0 0 0 0 0 0 0 0 0 0 1 0 0 0 0 0 0 0 0 0 1 0 0 0 0 1 0 0 0 0 1,"[0, 5, 10, 65, 120]"
150,40,0.058997050147492625,844,41 2  1 0 0 0 0 1 0 0 0 0 0 0 0 0 0 0 0 0 0 0 1 0 0 0 0 0 0 0 0 0 0 0 0 0 0 1 0 0 0 0 1,"[0, 5, 10, 20, 65]"
150,40,0.1342281879194631,632,41 2  1 0 0 0 0 0 0 0 0 0 1 0 0 0 0 1 0 0 0 0 1 0 0 0 0 0 0 0 0 0 0 0 0 0 0 1 0 0 0 0 1,"[0, 5, 15, 110]"
165,44,0.30303030303030304,105,45 2  1 0 0 0 0 0 0 0 0 0 0 1 0 0 0 0 0 0 0 0 0 0 0 0 0 0 0 0 0 0 0 0 0 0 0 0 0 0 0 0 0 0 0 0 1,"[0, 11, 44]"
165,44,0.8,398,45 2  1 0 0 0 0 0 0 0 0 0 0 1 0 0 0 0 0 0 0 0 0 0 1 0 0 0 0 0 0 0 0 0 0 1 0 0 0 0 0 0 0 0 0 0 1,"[0, 11, 22, 33, 44]"
165,44,0.43478260869565216,105,45 2  1 0 0 0 0 0 0 0 0 0 0 0 0 0 0 0 0 0 0 0 0 0 0 0 0 0 0 0 0 0 0 0 0 1 0 0 0 0 0 0 0 0 0 0 1,"[0, 11, 132]"
180,48,0.8333333333333334,284,49 2  1 1 1 1 0 0 0 0 0 0 0 0 0 0 0 0 0 0 0 0 0 0 0 0 0 0 0 0 0 0 0 0 0 0 0 0 0 0 0 0 0 0 0 0 0 1 1 1 1,"[0, 1, 45, 136]"
180,48,0.425531914893617,417,49 2  1 0 0 0 0 0 0 0 0 0 0 0 0 0 0 0 0 0 1 0 0 0 0 0 0 0 0 0 0 0 1 0 0 0 0 0 0 0 0 0 0 0 0 0 0 0 0 0 1,"[0, 12, 30, 162]"
180,48,0.11695906432748537,1269,49 2  1 0 0 0 0 0 0 0 0 0 0 0 1 0 0 0 0 0 1 0 0 0 0 0 0 0 0 0 0 0 1 0 0 0 0 0 1 0 0 0 0 0 1 0 0 0 0 0 1,"[0, 6, 18, 36, 102]"
180,48,0.625,426,49 2  1 0 0 0 0 0 0 0 0 0 0 0 1 0 0 0 0 0 0 0 0 0 0 0 1 0 0 0 0 0 0 0 0 0 0 0 1 0 0 0 0 0 0 0 0 0 0 0 1,"[0, 12, 24, 36, 48]"
180,48,0.8,321,49 2  1 0 0 1 0 0 1 0 0 1 0 0 1 0 0 0 0 0 0 0 0 0 0 0 0 0 0 0 0 0 0 0 0 0 0 0 1 0 0 1 0 0 1 0 0 1 0 0 1,"[0, 3, 75, 108]"
180,48,0.273972602739726,887,49 2  1 0 0 0 0 0 0 0 0 0 0 0 0 0 0 0 0 0 0 0 0 0 0 0 1 0 0 0 0 0 0 0 0 0 0 0 1 0 0 0 0 0 1 0 0 0 0 0 1,"[0, 6, 12, 54, 78]"
180,48,0.8333333333333334,596,49 2  1 0 0 0 0 0 0 0 0 1 0 0 1 0 0 0 0 0 0 0 0 0 0 0 0 0 0 0 0 0 0 0 0 0 0 0 1 0 0 0 0 0 0 0 0 1 0 0 1,"[0, 3, 39, 72]"
180,48,0.145985401459854,778,49 2  1 0 0 0 0 0 0 0 0 0 0 0 1 0 0 0 0 0 1 0 0 0 0 0 1 0 0 0 0 0 0 0 0 0 0 0 0 0 0 0 0 0 1 0 0 0 0 0 1,"[0, 6, 18, 132]"
180,48,0.7692307692307693,597,49 2  1 0 0 1 0 0 0 0 0 0 0 0 1 0 0 0 0 0 0 0 0 0 0 0 0 0 0 0 0 0 0 0 0 0 0 0 1 0 0 1 0 0 0 0 0 0 0 0 1,"[0, 3, 111, 144]"
180,48,0.9523809523809523,316,49 2  1 0 0 1 0 0 0 0 0 0 0 0 0 0 0 0 0 0 0 0 0 0 0 0 0 0 0 0 0 0 0 0 0 0 0 0 0 0 0 0 0 0 0 0 0 1 0 0 1,"[0, 3, 45, 48]"
180,48,0.273972602739726,117,49 2  1 0 0 0 0 0 0 0 0 0 0 0 1 0 0 0 0 0 0 0 0 0 0 0 0 0 0 0 0 0 0 0 0 0 0 0 0 0 0 0 0 0 0 0 0 0 0 0 1,"[0, 12, 48]"
180,48,0.0823045267489712,1054,49 2  1 0 0 0 0 0 1 0 0 0 0 0 0 0 0 0 0 0 0 0 0 0 0 0 1 0 0 0 0 0 0 0 0 0 0 0 0 0 0 0 0 0 1 0 0 0 0 0 1,"[0, 6, 12, 24, 78]"
180,48,0.45454545454545453,113,49 2  1 0 0 0 0 0 0 0 0 0 0 0 0 0 0 0 0 0 0 0 0 0 0 0 0 0 0 0 0 0 0 0 0 0 0 0 1 0 0 0 0 0 0 0 0 0 0 0 1,"[0, 12, 144]"
180,48,0.09523809523809523,1246,49 2  1 0 0 0 0 0 1 0 0 0 0 0 1 0 0 0 0 0 1 0 0 0 0 0 0 0 0 0 0 0 1 0 0 0 0 0 1 0 0 0 0 0 0 0 0 0 0 0 1,"[0, 6, 18, 72, 102]"
180,48,0.3389830508474576,937,49 2  1 0 0 0 0 0 1 0 0 0 0 0 1 0 0 0 0 0 0 0 0 0 0 0 1 0 0 0 0 0 0 0 0 0 0 0 0 0 0 0 0 0 0 0 0 0 0 0 1,"[0, 6, 12, 24, 138]"
180,48,0.11627906976744186,766,49 2  1 0 0 0 0 0 1 0 0 0 0 0 0 0 0 0 0 0 0 0 0 0 0 0 1 0 0 0 0 0 1 0 0 0 0 0 1 0 0 0 0 0 0 0 0 0 0 0 1,"[0, 6, 54, 168]"
