112,5,0.016736401673640166
132,3,0.0009198574220995745
151,2,0.0001342450811763225
152,2,0.00018722209220688041
146,5,0.01927710843373494
181,3,0.0011123470522803114
119,2,0.0001422045256590291
169,3,0.0031570639305445935
169,5,0.0249609984399376
126,2,0.00017403789675201776
136,2,0.00021817685961682688
153,3,0.0014085746984769786
151,3,0.0019804431241490284
119,5,0.01685985247629083
175,3,0.002857142857142857
117,2,0.00017781531656683078
135,2,0.00026096033402922753
135,2,0.00016888860740787653
106,5,0.02064516129032258
161,2,0.00014831019076398287
129,2,0.00019166267369429804
117,3,0.0014010507880910684
147,2,0.0002003280371608509
144,3,0.002030972328002031
110,2,0.0001572033523614891
114,5,0.017718715393133997
