79,2,0.00020186727226848347
93,3,0.002739256976545112
113,5,0.019024970273483946
84,6,0.08791208791208792
72,2,0.00015079686719508402
93,6,0.053156146179401995
119,5,0.025078369905956112
99,3,0.0013188262446422684
70,2,0.00017792802811262843
88,6,0.05536332179930796
113,5,0.023289665211062592
143,2,0.00015340070180821076
119,2,0.00020464806927337145
145,3,0.0015945784333266893
126,2,0.0001806745937644681
69,2,0.0002717529765443212
140,2,0.00021439674116953422
128,3,0.001821078989301161
152,2,0.00025496788998135547
144,2,0.0001794969597702439
125,3,0.0016304901661061857
136,2,0.0001934984520123839
66,2,0.0002072377794471932
115,3,0.0016899028305872412
135,3,0.001156570767673847
174,2,0.00036983103344659406
116,2,0.000279280851806598
128,3,0.0017907106883044209
147,5,0.018285714285714287
116,2,0.00021685212040713987
191,2,0.0001374003847210772
140,3,0.0019040818755206475
155,5,0.011157601115760111
131,2,0.0002632141740832744
123,3,0.0017829284599955428
153,2,0.00012649921333301707
108,3,0.0019251594272650704
116,3,0.0014150526222693907
156,2,0.00034921535674531287
130,3,0.0015193239008641155
92,2,0.00016462260268334841
143,5,0.01582591493570722
118,5,0.019801980198019802
86,3,0.001349186272029682
110,5,0.017897091722595078
90,2,0.0001082280364728483
127,3,0.0017911116086421135
194,2,0.0001818326457786415
163,3,0.001962949331370384
103,2,0.00021085369389314988
136,3,0.0014739751266697374
150,5,0.01646090534979424
112,2,0.00019837333862328903
85,6,0.05423728813559322
114,5,0.01735357917570499
113,2,0.00020960241042771992
72,2,0.00012300974083385229
115,2,0.0001486035906342587
144,3,0.0018693772636990303
154,2,0.0002244133694264836
86,6,0.06956521739130435
96,3,0.0017391304347826088
115,3,0.002330323332362365
170,2,0.0001321243951180036
142,2,0.00015437161106072593
162,2,0.0002334641705455766
155,3,0.0010559662090813093
110,5,0.0243531202435312
129,3,0.002342263211828429
133,2,0.00018691807147279757
105,3,0.002196293754289636
118,3,0.0014214641080312722
109,5,0.015209125475285171
92,6,0.07174887892376682
71,2,0.00014854564529156726
111,3,0.0021630390698932
136,3,0.002054442732408834
158,3,0.001543507621068879
89,3,0.002179539572265359
114,2,0.00023204211564398938
147,2,0.00016799311228239642
148,3,0.0015071590052750565
154,5,0.02040816326530612
176,2,0.00017245095925846088
118,3,0.002974530581892545
119,2,0.00023211617414515965
84,3,0.0013557024233180816
116,6,0.08
134,8,0.26229508196721313
124,2,0.0002603065109166043
187,3,0.0014536204233669484
144,2,0.00016520562938182118
171,2,0.00027784048483164603
115,5,0.023809523809523808
129,3,0.0018661068346162819
119,3,0.001323955316508068
122,3,0.0028178936245156746
175,5,0.015533980582524271
197,2,0.00028140279292271977
129,5,0.023054755043227664
102,3,0.0015125732652675364
170,2,0.00011361941755846075
117,2,0.0002124128775307003
157,2,0.0001493275593343724
94,3,0.0018291985823710986
145,3,0.0018946121965660154
192,2,0.00020128318027424835
131,2,0.000273457528627585
93,3,0.0018494971679574616
126,3,0.0010925976509150504
125,3,0.001775410563692854
70,2,0.000252000252000252
117,3,0.0015746481645507332
171,2,0.00021591859868829453
136,5,0.01951219512195122
103,2,0.00018178099934104387
148,5,0.018433179723502304
146,3,0.001436265709156194
127,2,0.0002743060913096401
136,3,0.0023415776379335576
114,2,0.00015235048228449548
124,6,0.05387205387205387
159,5,0.025236593059936908
139,3,0.0012450392965527974
159,2,0.00019415119524329572
117,2,0.0001597779087068974
120,2,0.0001769265644178563
86,3,0.0013575428474461226
67,2,0.00016110680374170551
105,2,0.0001717733450711786
119,3,0.0012481472813792027
131,2,0.00021336462681193242
118,3,0.0019689884321929607
102,2,0.00010861964793656612
112,3,0.0017781729273171815
107,2,0.00025263290859425574
110,3,0.0014487504527345165
142,2,0.00015175514307664583
162,3,0.0016022431403965552
177,3,0.001995261254520514
112,2,0.00016241181545957468
173,3,0.0024894974327057725
110,3,0.0013146002793525593
87,2,0.00018671521262194837
111,2,0.0002576779991303367
125,3,0.002159535699824538
150,5,0.02275960170697013
167,2,0.0001248809728227783
183,2,0.0001683147485798443
102,3,0.0016493145036594165
114,5,0.020671834625323
153,2,0.00013438715258821257
136,5,0.02909090909090909
130,3,0.002540892488486581
138,3,0.0013316687473990845
86,6,0.045714285714285714
110,5,0.028933092224231464
145,5,0.029197080291970802
164,2,0.00017906906469989143
135,3,0.0017299167477565142
129,2,0.00017478888779645833
106,3,0.0020168914660279843
143,2,0.00019996250702993188
109,2,0.0001586609019872278
129,3,0.001460653642505021
153,5,0.022222222222222223
149,3,0.0021164021164021165
147,3,0.001671891327063741
116,8,0.15384615384615385
176,3,0.0011569889362932967
66,2,0.0002373253433801062
176,2,0.00012524363801457523
233,11,0.6153846153846154
138,3,0.0025902541686903028
172,2,0.00013636402376143115
127,3,0.0011633825347196975
138,3,0.0012892828364222402
125,2,0.0001568596694182467
113,2,0.0002116290143378657
107,3,0.0018665422305179655
126,2,0.00014183894188149357
117,3,0.0014348488924760111
66,2,0.00015268486797530322
103,3,0.0015865146256817055
114,2,0.00012076018536688454
102,2,0.00019817186454953057
119,3,0.002014098690835851
114,3,0.001438331535418914
108,2,0.00023957475481021189
113,2,0.00013198924287670554
114,3,0.0017626969262972347
176,2,0.00014404681521494486
144,5,0.02772963604852686
129,3,0.0011926058437686344
134,6,0.0730593607305936
131,2,0.00018738873793685
132,2,0.00010698906036857731
131,3,0.001436265709156194
133,5,0.01845444059976932
140,2,0.000266844563042028
130,3,0.0016713673874438526
108,2,0.00023816966611589933
125,3,0.0012224004889601957
119,6,0.06639004149377593
171,2,0.0002831507600828216
128,2,0.00015918972430329622
156,2,0.00020938297454688217
144,3,0.0012560841576385617
66,2,0.0001287664177182591
84,6,0.08080808080808081
132,3,0.0017417809710428913
123,2,0.0001698315483329972
78,2,0.00017653224471782423
109,3,0.00126232741617357
135,5,0.014611872146118721
169,2,0.00012448358761699512
95,3,0.001674515960230246
104,2,0.00028501193487477286
127,3,0.0017209852640636765
115,2,0.0002573919758051543
144,6,0.06504065040650407
140,2,0.00014808644546253876
113,3,0.0013286829430327188
171,2,0.00019070321811680572
125,3,0.0019767729182110206
87,3,0.00201333836667925
144,2,0.00017775012775790434
90,6,0.07511737089201878
173,2,0.000359752670039348
128,3,0.002136466817999733
106,2,0.00014924259383628088
158,5,0.027164685908319185
155,5,0.0223463687150838
158,2,0.00021453760441947464
110,3,0.001459188326493388
112,2,0.00018449120784087632
160,3,0.0016386726751331422
75,3,0.0012346631684543561
88,3,0.0021069265209375824
139,3,0.0015194681861348527
147,5,0.023121387283236993
148,3,0.0015661707126076742
164,2,0.0001627372403832462
108,2,0.0001346585983723142
117,3,0.0018357044515832951
231,11,0.6153846153846154
149,2,0.0001948036136070324
112,5,0.021739130434782608
99,3,0.0015541525012141815
138,2,0.00015222293048169043
177,2,0.00015136178304180423
91,6,0.06177606177606178
162,3,0.0023008340523439745
147,3,0.001776001776001776
73,2,0.00019897280290500293
105,5,0.02335766423357664
116,2,0.0001585461319698366
138,3,0.001679613688851564
140,5,0.017660044150110375
64,2,0.00016115873127788802
161,5,0.021739130434782608
124,3,0.0012192334069953516
150,3,0.001349527665317139
89,2,0.00016592002654720425
134,3,0.0012359029816159431
119,2,0.0003454604339846702
94,3,0.00103132654376692
84,3,0.0023415776379335576
149,2,0.00016890465332319906
125,3,0.0022925920618999856
121,2,0.00019576894370419313
120,2,0.00022496238910057226
153,3,0.0025915127955944283
105,2,0.00017044122973347252
100,3,0.0011302627860977678
149,2,0.0003315512453893655
93,2,0.00023556779199363967
93,2,0.00013531341970839957
136,2,0.0002272436762345723
127,3,0.0017254394478593766
128,3,0.0022387015530992023
199,3,0.001570320934340956
124,3,0.0017975508369846085
110,5,0.02091503267973856
133,5,0.02335766423357664
126,2,0.0001807072429721824
164,3,0.003716608594657375
114,2,0.0001302846720083382
149,2,0.00017811818141336776
113,5,0.022727272727272728
91,3,0.0014670823399963323
148,2,0.0001627637281031922
138,3,0.001860032550569635
121,3,0.0014367816091954023
147,3,0.0015438054805094559
64,2,0.00011486166348404141
104,3,0.0018512090709244474
169,2,0.00018759306374646796
108,3,0.0014371687775083086
87,2,0.00016647937736712865
136,2,0.00014477672714111208
129,3,0.001436265709156194
117,5,0.02030456852791878
159,6,0.09523809523809523
115,2,0.0001377623943104131
180,3,0.002244354046850891
161,5,0.014967259120673527
108,3,0.0016868740115972588
178,2,0.00021197668256491787
116,5,0.014719411223551058
91,3,0.002265326348577092
131,8,0.2962962962962963
98,3,0.003117085525034093
68,2,0.00014854702441741713
85,3,0.0013702149524706688
129,8,0.2857142857142857
94,3,0.0012454269479255857
174,2,0.00017734230389820552
120,3,0.0012233351173637128
161,5,0.02564102564102564
139,6,0.0903954802259887
104,2,0.00019611688566385565
111,3,0.0019358741681790683
135,3,0.0017520805957074025
122,2,0.00025842714777187344
178,2,0.00024408475843236565
114,3,0.0013914253413340291
114,5,0.024096385542168676
137,5,0.0239880059970015
145,5,0.020253164556962026
124,5,0.012441679626749611
137,3,0.0010275512170059727
154,2,0.00024663193266948237
135,2,0.00012467176262496397
88,2,0.0002029890132196595
133,3,0.001614042166851609
111,2,0.00023600908634982448
144,3,0.0012902185307636482
133,3,0.0014436524406749075
141,2,0.00011793582816749837
159,3,0.0011720753058384
171,2,0.00024894974327057724
132,3,0.0014446952595936794
159,3,0.0023494860499265785
146,3,0.0015849430411094601
153,3,0.0024427480916030535
68,2,0.00010643605521370364
160,3,0.001224833499196203
166,2,0.00010189135833917085
136,2,0.000211755052343202
177,2,0.00026879010852400633
175,3,0.001711229946524064
120,2,0.00019264110961279138
96,2,0.00022725981478325096
84,3,0.0017921146953405018
148,3,0.0016148566814695195
84,2,0.00017823326278266683
104,5,0.017241379310344827
145,3,0.0009337613072658302
152,5,0.03524229074889868
149,5,0.013816925734024179
117,3,0.0019569471624266144
188,3,0.002863790943261142
104,2,0.0003053784784517311
116,2,0.00018323827847637373
86,6,0.05714285714285714
74,2,0.00013785378882522723
92,3,0.0015631105900742479
101,2,0.00021865092380015305
96,3,0.0015034767900770532
66,2,0.0001896858328393598
139,3,0.0011267605633802818
95,3,0.0013388001004100076
116,8,0.21052631578947367
146,2,0.00023070046428468437
109,5,0.02831858407079646
181,2,0.0001817933918102077
101,3,0.002129641953946493
169,2,0.00014255294505474925
93,3,0.0011071898138537125
119,2,0.00014363559649170055
120,2,0.00020939393542814517
145,5,0.020075282308657464
77,2,0.00032928586128833093
117,5,0.01987577639751553
86,6,0.0898876404494382
89,6,0.06896551724137931
122,5,0.01582591493570722
124,3,0.002468754821786761
144,2,0.0001897083234526915
118,2,0.00011749328085300122
153,3,0.001512001512001512
162,5,0.02127659574468085
130,2,0.0001557132151859313
92,2,0.00020519397242705996
145,3,0.0018991097922848666
139,3,0.0014200763291026893
114,2,0.0001496767916779704
122,3,0.0015768207351926679
158,2,0.00031697604849733544
129,3,0.00245474071801166
86,6,0.08163265306122448
94,3,0.001268934887778571
98,3,0.001520767987833856
133,2,0.0002097287944526734
162,2,0.00015227943275911298
131,3,0.001669100771959107
157,2,0.00016377333770062233
93,3,0.002045774197672932
184,2,0.0001351613911486184
119,2,0.00041725342930162205
133,3,0.002006269592476489
141,2,0.00015244483402568695
148,5,0.02165087956698241
154,5,0.019704433497536946
139,3,0.002346041055718475
181,3,0.0015068751177246186
113,2,0.0002109649007146436
192,2,0.00014753614635585718
149,2,0.00017922351412505321
145,3,0.0017648356496801235
99,5,0.02072538860103627
121,2,0.00014551672078069722
156,3,0.0020273694880892043
121,8,0.3137254901960784
132,3,0.0019083969465648854
116,3,0.002197802197802198
165,2,0.0002173913043478261
106,3,0.0019524100061012813
109,3,0.0017419706042460534
106,3,0.0017783705679671
107,2,0.00021308331557639036
75,3,0.0019721434734376927
115,5,0.019184652278177457
99,2,0.0001187331176348363
88,6,0.0653061224489796
82,2,0.0001948344516019045
