134,2,0.00022227779167013976
164,2,0.0001880936706479827
137,3,0.0014635931211123307
94,3,0.0015807152736613318
127,3,0.0011770764364010889
113,2,0.00019089661755055778
93,3,0.0025133521834747093
189,2,0.0001522881291403335
182,2,0.00021438237776854742
155,2,0.00020687069288752698
86,3,0.0017319766183156527
151,5,0.015763546798029555
154,6,0.0761904761904762
119,2,0.00017157808947797367
159,2,0.00015774270193530577
98,3,0.001681202059472523
105,2,0.00012603883571625507
173,2,0.00019024970273483948
137,3,0.002058672156459084
126,3,0.0018693772636990303
136,3,0.0017269293038316245
175,2,0.00011431102601290286
93,3,0.0016086869093102755
204,2,0.00026074344474683443
157,2,0.0002384358607534573
98,3,0.0016242005887727134
143,6,0.05517241379310345
175,2,0.00015813558149418356
146,2,0.00015515001066656323
143,3,0.002359882005899705
134,5,0.01345668629100084
123,3,0.0014521691777092032
105,2,0.00018744581644368426
156,3,0.0011496730617230725
141,2,0.0003712038605201494
