86,6,0.08465608465608465
147,2,0.00017134840485344356
142,3,0.002031488065007618
111,2,0.00016710357288326772
138,3,0.0016469377251672672
123,2,0.00017789241955927152
139,3,0.0019095357441222102
134,2,0.00017061025154348962
115,3,0.002164209387258217
85,2,0.0001770166063703851
108,5,0.013949433304272014
145,5,0.0213903743315508
86,6,0.0642570281124498
136,3,0.0012781594503914362
140,2,0.0001389781630561298
86,6,0.03686635944700461
134,3,0.0017276751970629522
115,5,0.017777777777777778
162,3,0.0021825126176510706
176,2,0.00012036138505863856
108,3,0.0014787430683918669
108,2,0.00016450412288457979
126,3,0.0018611143422123998
140,5,0.0213903743315508
142,3,0.0019424547772247177
142,2,0.00010838639750711285
145,3,0.0013634426927993182
231,11,0.6153846153846154
127,2,0.00021258220952634027
176,2,0.00016724330765451715
121,3,0.0019564685742235266
234,11,0.5161290322580645
134,3,0.0015914064054107818
132,5,0.01920768307322929
136,5,0.018779342723004695
138,3,0.0014114326040931546
117,2,0.00027568145008442747
122,2,0.00013045569806028684
138,5,0.017057569296375266
160,5,0.015503875968992248
89,2,0.00018318583057600493
164,3,0.0023340627279358132
140,3,0.0022430954717510164
181,2,0.00016047178705393857
107,3,0.0013697457409468368
116,2,0.00015380770192067368
181,2,0.00015433289605679452
111,3,0.0015048908954100827
144,2,0.00032511734704244815
145,3,0.0013902163524198454
131,3,0.0018465089440276976
84,6,0.04747774480712166
