75,2,0.5925925925925926
110,2,0.3137254901960784
153,3,0.6153846153846154
129,2,0.5333333333333333
145,2,0.5333333333333333
110,5,0.42105263157894735
84,6,0.5333333333333333
84,3,0.4444444444444444
139,3,0.6666666666666666
149,3,0.5
85,3,0.43243243243243246
103,2,0.5517241379310345
142,5,0.47058823529411764
145,5,0.5333333333333333
173,2,0.4444444444444444
133,3,0.5714285714285714
111,2,0.5517241379310345
112,3,0.5925925925925926
154,2,0.36363636363636365
126,6,0.6956521739130435
140,5,0.5714285714285714
132,3,0.5714285714285714
179,2,0.5714285714285714
182,2,0.4444444444444444
110,3,0.6666666666666666
137,3,0.5714285714285714
156,3,0.4
109,3,0.6956521739130435
118,2,0.5
190,2,0.47058823529411764
101,3,0.48484848484848486
121,5,0.6666666666666666
175,2,0.5333333333333333
120,2,0.5333333333333333
117,3,0.45714285714285713
196,2,0.4444444444444444
125,3,0.5333333333333333
132,2,0.5925925925925926
131,3,0.5333333333333333
201,3,0.5714285714285714
65,2,0.7272727272727273
82,3,0.5333333333333333
166,2,0.5925925925925926
148,5,0.5714285714285714
125,2,0.5161290322580645
157,3,0.5714285714285714
123,2,0.47058823529411764
133,3,0.45714285714285713
152,3,0.45714285714285713
144,5,0.6666666666666666
131,2,0.5714285714285714
117,8,0.6153846153846154
96,3,0.43243243243243246
96,2,0.45714285714285713
86,6,0.5925925925925926
84,3,0.5
117,2,0.5714285714285714
116,3,0.6153846153846154
164,2,0.5333333333333333
146,5,0.5517241379310345
131,3,0.3333333333333333
150,2,0.42105263157894735
92,2,0.5
117,5,0.3902439024390244
108,3,0.3902439024390244
66,2,0.5517241379310345
64,2,0.42105263157894735
109,3,0.41025641025641024
124,5,0.41025641025641024
146,3,0.48484848484848486
175,2,0.6956521739130435
133,3,0.45714285714285713
169,2,0.6666666666666666
135,3,0.6956521739130435
85,2,0.5333333333333333
116,5,0.5
121,2,0.47058823529411764
84,6,0.5517241379310345
112,5,0.4444444444444444
78,2,0.47058823529411764
128,2,0.48484848484848486
158,5,0.64
124,3,0.4
155,2,0.5161290322580645
107,2,0.48484848484848486
99,3,0.3902439024390244
147,3,0.5
126,3,0.3902439024390244
136,2,0.5925925925925926
129,2,0.5517241379310345
127,3,0.47058823529411764
66,2,0.5161290322580645
116,3,0.43243243243243246
114,2,0.8
108,5,0.5714285714285714
150,5,0.5517241379310345
114,3,0.5333333333333333
132,2,0.48484848484848486
134,3,0.4444444444444444
157,2,0.6666666666666666
169,5,0.5925925925925926
93,6,0.7619047619047619
150,3,0.5
64,2,0.45714285714285713
144,3,0.42105263157894735
125,2,0.5925925925925926
92,3,0.5517241379310345
169,2,0.42105263157894735
161,2,0.5
112,5,0.5925925925925926
120,3,0.42105263157894735
160,3,0.43243243243243246
145,2,0.41025641025641024
99,3,0.43243243243243246
84,6,0.6153846153846154
190,3,0.42105263157894735
142,3,0.5161290322580645
133,8,0.5925925925925926
85,3,0.5333333333333333
155,5,0.3902439024390244
68,2,0.45714285714285713
146,5,0.5714285714285714
98,3,0.5
128,8,0.5517241379310345
183,3,0.38095238095238093
88,2,0.5161290322580645
65,2,0.5
111,5,0.8888888888888888
161,2,0.45714285714285713
142,3,0.48484848484848486
186,3,0.42105263157894735
129,3,0.7272727272727273
156,2,0.64
131,3,0.43243243243243246
138,5,0.43243243243243246
88,6,0.43243243243243246
177,2,0.5
134,3,0.5
120,2,0.5333333333333333
114,2,0.5714285714285714
98,3,0.5333333333333333
117,5,0.35555555555555557
165,2,0.35555555555555557
138,3,0.5714285714285714
161,3,0.47058823529411764
197,3,0.4444444444444444
149,2,0.42105263157894735
142,2,0.5333333333333333
118,3,0.45714285714285713
142,2,0.47058823529411764
76,2,0.5333333333333333
105,3,0.4444444444444444
140,3,0.4444444444444444
90,2,0.4444444444444444
156,3,0.6153846153846154
155,2,0.5333333333333333
84,3,0.43243243243243246
173,2,0.48484848484848486
101,5,0.5714285714285714
113,5,0.47058823529411764
139,3,0.41025641025641024
126,2,0.64
128,2,0.8888888888888888
132,6,0.45714285714285713
126,3,0.45714285714285713
135,5,0.5
184,2,0.37209302325581395
96,3,0.5
86,3,0.5333333333333333
172,2,0.5
148,3,0.45714285714285713
123,2,0.41025641025641024
132,5,0.6153846153846154
99,3,0.5
120,2,0.5517241379310345
98,2,0.5925925925925926
144,3,0.6666666666666666
119,2,0.5714285714285714
95,3,0.3902439024390244
142,2,0.36363636363636365
86,6,0.5333333333333333
162,3,0.42105263157894735
109,3,0.5
168,3,0.48484848484848486
162,2,0.4444444444444444
122,8,0.5925925925925926
106,5,0.45714285714285713
123,2,0.37209302325581395
85,3,0.5161290322580645
159,2,0.5
123,3,0.5161290322580645
156,3,0.47058823529411764
185,2,0.5714285714285714
74,2,0.47058823529411764
143,5,0.5161290322580645
133,3,0.48484848484848486
136,2,0.41025641025641024
224,11,0.9411764705882353
132,3,0.5
109,2,0.47058823529411764
180,2,0.47058823529411764
151,3,0.5714285714285714
148,5,0.5517241379310345
90,2,0.5925925925925926
122,2,0.4444444444444444
86,2,0.5517241379310345
111,3,0.7272727272727273
117,2,0.45714285714285713
129,3,0.64
136,2,0.5
147,5,0.5925925925925926
126,3,0.35555555555555557
106,2,0.5925925925925926
136,3,0.5
143,8,0.7619047619047619
138,3,0.7272727272727273
190,2,0.48484848484848486
112,2,0.47058823529411764
97,3,0.48484848484848486
117,5,0.47058823529411764
118,3,0.6666666666666666
108,3,0.41025641025641024
151,2,0.5161290322580645
156,2,0.41025641025641024
118,5,0.5714285714285714
117,5,0.42105263157894735
115,5,0.6666666666666666
88,3,0.5517241379310345
98,2,0.5
95,3,0.6153846153846154
157,2,0.36363636363636365
130,3,0.5161290322580645
126,3,0.7619047619047619
167,3,0.3902439024390244
132,3,0.5517241379310345
127,3,0.5161290322580645
116,2,0.4444444444444444
103,2,0.5333333333333333
115,3,0.5333333333333333
114,3,0.6153846153846154
101,2,0.5517241379310345
140,2,0.7272727272727273
138,2,0.5333333333333333
163,3,0.5517241379310345
120,2,0.6956521739130435
128,2,0.48484848484848486
148,3,0.4444444444444444
159,5,0.3404255319148936
115,3,0.41025641025641024
121,2,0.48484848484848486
86,6,0.8
154,2,0.64
124,2,0.3902439024390244
168,3,0.48484848484848486
143,2,0.3902439024390244
104,3,0.5
82,3,0.5714285714285714
155,3,0.5714285714285714
138,5,0.4444444444444444
121,3,0.5925925925925926
174,2,0.64
66,2,0.48484848484848486
144,2,0.4444444444444444
117,2,0.48484848484848486
156,6,0.5
134,5,0.4444444444444444
124,3,0.5
150,2,0.45714285714285713
75,3,0.4444444444444444
100,3,0.48484848484848486
120,3,0.5517241379310345
94,3,0.5925925925925926
165,2,0.5925925925925926
126,3,0.64
128,2,0.47058823529411764
93,3,0.7272727272727273
126,2,0.38095238095238093
131,6,0.5333333333333333
127,2,0.6153846153846154
133,3,0.47058823529411764
139,5,0.45714285714285713
130,2,0.6666666666666666
83,3,0.5
109,5,0.47058823529411764
134,3,0.45714285714285713
68,2,0.45714285714285713
118,3,0.5925925925925926
148,5,0.64
139,3,0.43243243243243246
141,2,0.5714285714285714
163,2,0.5925925925925926
135,3,0.45714285714285713
64,2,0.42105263157894735
112,3,0.42105263157894735
118,2,0.5161290322580645
105,2,0.5925925925925926
110,3,0.5161290322580645
116,2,0.5333333333333333
134,3,0.64
107,2,0.6153846153846154
108,3,0.43243243243243246
138,2,0.64
140,3,0.48484848484848486
153,2,0.7272727272727273
134,3,0.6666666666666666
71,2,0.64
120,6,0.5161290322580645
168,2,0.6153846153846154
142,5,0.5714285714285714
83,3,0.43243243243243246
134,3,0.42105263157894735
115,2,0.38095238095238093
116,3,0.5161290322580645
97,2,0.6956521739130435
114,3,0.5161290322580645
123,2,0.45714285714285713
191,3,0.6153846153846154
91,2,0.48484848484848486
151,5,0.5161290322580645
86,6,0.5517241379310345
148,2,0.47058823529411764
129,3,0.5333333333333333
164,5,0.5714285714285714
169,3,0.6666666666666666
76,2,0.7272727272727273
140,3,0.36363636363636365
130,2,0.6956521739130435
128,2,0.43243243243243246
137,2,0.5714285714285714
140,3,0.43243243243243246
142,3,0.47058823529411764
142,3,0.48484848484848486
231,11,0.64
110,2,0.5925925925925926
147,5,0.4444444444444444
101,3,0.5517241379310345
187,2,0.42105263157894735
141,3,0.47058823529411764
116,3,0.41025641025641024
181,2,0.5
134,2,0.5925925925925926
96,2,0.5161290322580645
86,3,0.5161290322580645
166,2,0.48484848484848486
123,6,0.7272727272727273
149,5,0.5925925925925926
190,3,0.48484848484848486
140,3,0.64
122,2,0.2962962962962963
156,2,0.6666666666666666
110,5,0.5517241379310345
118,3,0.48484848484848486
118,2,0.5
135,3,0.3902439024390244
129,8,0.5161290322580645
161,3,0.5
117,2,0.5714285714285714
108,2,0.5161290322580645
93,3,0.6153846153846154
84,3,0.5
88,6,0.5333333333333333
77,2,0.43243243243243246
