70,2,0.00018607031131888963
119,2,0.00028775425786378434
124,3,0.002606287669001466
157,2,0.00013541076007752266
139,2,0.00018285923267694488
131,3,0.0013165473545626593
145,2,0.00018835938971557733
83,3,0.0012394453482066775
120,2,0.0003482348844295477
123,3,0.001327580484566877
179,2,0.00012576540036629173
149,5,0.01646090534979424
145,5,0.030710172744721688
104,2,0.00019062596802249385
112,3,0.0018040365317397676
140,3,0.0022268615170494086
138,3,0.0018028169014084508
115,3,0.001702127659574468
110,2,0.00019529342837613513
120,3,0.0013135210573844511
80,2,0.00017196904557179707
134,3,0.001332556008994753
161,2,0.00012548330679884243
89,6,0.056338028169014086
158,5,0.02346041055718475
233,11,0.7619047619047619
125,2,0.0001620597798012742
145,2,0.00017425966868880492
120,3,0.0021147237642083
125,2,0.00017871104657656651
190,3,0.0014210853539390709
148,3,0.0016425418334873217
178,3,0.001543507621068879
118,3,0.0012523481527864746
137,8,0.2191780821917808
146,5,0.02200825309491059
138,3,0.001679437388474861
108,2,0.00033893278539199695
134,2,0.00032704453937820656
108,5,0.02040816326530612
97,2,0.000180635838150289
109,3,0.0015777536732077704
112,3,0.0017338534893801473
116,5,0.022566995768688293
94,2,0.00016186631865408157
116,3,0.0028607187555873413
175,2,0.00016162595712871487
98,3,0.0017503555409692593
107,2,0.0002459608614779173
183,3,0.0014695077149155032
104,2,0.00017245281798682893
157,3,0.002546148949713558
114,3,0.0012972271769093563
131,2,0.00017586475999956035
111,5,0.014967259120673527
157,2,0.00017015665046633558
146,2,0.00015792798483891344
196,3,0.00129680661371373
114,2,0.0002397722163944253
131,8,0.38095238095238093
136,5,0.025
86,2,0.00012348728081007656
139,3,0.0016271738025017796
171,2,0.00031991682162637713
131,3,0.0015327138614809849
160,2,0.00019302457444113355
149,3,0.0020022525341008633
95,3,0.002902757619738752
149,3,0.0015846290977518075
149,3,0.0014751982297621243
101,3,0.0015879317189360857
172,2,0.00021315428373499593
98,3,0.0014968659369445224
150,2,0.00015268486797530322
154,3,0.0019009148152548414
178,2,0.0002773732750849456
173,5,0.01593625498007968
157,3,0.0018654541214876996
92,2,0.00018533104758374646
121,5,0.019536019536019536
135,5,0.022727272727272728
91,6,0.1
178,3,0.0019706860450794434
163,2,0.000177279425614661
93,3,0.0015135748746570807
156,5,0.041025641025641026
66,2,0.00018942308830667597
154,3,0.002179242713157178
117,2,0.00017616682998799864
66,2,0.0002511892239822912
123,3,0.0014974262985493682
180,3,0.0019047619047619048
142,2,0.0001384705923079586
160,3,0.0014461315979754157
145,5,0.020356234096692113
98,2,0.0001761765288819397
84,3,0.0013887683360819373
175,3,0.0011388710940280447
117,8,0.26666666666666666
142,2,0.0001818574464941294
163,5,0.01853997682502897
125,3,0.0013141683778234085
125,2,0.00020438403760666293
89,2,0.00021549692243457647
93,3,0.0011856243052982586
188,3,0.0023178328263074024
102,2,0.00014348874958522784
154,2,0.0002668846224416607
108,5,0.0215633423180593
66,2,0.00018304960644334616
102,2,0.00020193096485139142
180,3,0.002121734517968439
109,3,0.0017740325978489854
101,3,0.0022343248149699763
100,3,0.00160787860516531
109,3,0.0017072129748186087
157,5,0.027491408934707903
96,2,0.00016808311710140664
134,3,0.0020647825525874305
70,2,0.00012405120213368067
99,3,0.0018390804597701149
85,2,0.00024180507488400912
104,2,0.00016924053310767928
80,3,0.0015611279149185286
72,2,0.00016935159508033618
138,3,0.0023550191345304682
65,2,0.0001980663769945903
126,3,0.0013263698914034651
106,2,0.00016155088852988692
135,3,0.0015854141894569957
93,3,0.001191983908217239
87,2,0.00020714655618850336
109,2,0.00021093708801349996
105,2,0.0001350963405778746
118,3,0.0014461315979754157
104,5,0.01875732708089097
127,3,0.0018819101387908728
140,5,0.019583843329253364
151,5,0.022068965517241378
110,3,0.0013956734124214933
175,2,0.0001695166656071875
174,2,0.00021734700808259186
153,2,0.00021946067539022852
151,6,0.06808510638297872
126,3,0.0013240648791790798
102,2,0.00012048555679387934
123,3,0.001567398119122257
115,2,0.00015103173554343105
140,5,0.01812004530011325
120,2,0.00020796235881305483
93,3,0.0018262755393219953
127,5,0.025078369905956112
119,2,0.00023738520199997033
155,3,0.0013833650354487291
182,2,0.000158144959623615
144,2,0.00017761003496697563
120,3,0.0010761366693570083
119,5,0.015340364333652923
94,2,0.00019232156165108061
99,3,0.002094514988872889
179,3,0.0018726591760299626
108,2,0.00014672976046366603
86,3,0.002012578616352201
121,2,0.00021572064176890926
111,5,0.03368421052631579
144,3,0.0013506668917778154
173,3,0.001701584600659364
129,5,0.028070175438596492
125,3,0.0020709293295366298
70,2,0.00017153945943627845
130,2,0.00020542844670415735
101,3,0.00096188529517855
122,2,0.0001525305776142311
139,3,0.0009133462724055258
80,2,0.0002532687498021338
150,5,0.023222060957910014
146,3,0.0012068185246643535
184,2,0.0001472225544953487
136,2,0.00018598812000883444
101,3,0.0018899125915426411
130,5,0.014705882352941176
139,2,0.00034110774740971306
163,5,0.014247551202137132
144,2,0.00020678246484698098
118,3,0.0014090708938793483
104,2,0.0002381909398121269
121,3,0.002012072434607646
88,3,0.0018190086402910413
77,3,0.002536059597400539
119,2,0.00018663462772224102
72,2,0.0002128027451554125
78,3,0.0013581190051778287
145,5,0.025806451612903226
143,2,0.0002712783994574432
72,2,0.00013150000410937514
88,6,0.0653061224489796
157,3,0.001331447116584838
120,3,0.0012902185307636482
116,5,0.016666666666666666
153,2,0.0002025752377093805
80,2,0.00017219483845971718
89,6,0.07766990291262135
137,3,0.0025449339907746144
116,2,0.0001500881768038723
173,2,0.00026496207730268605
138,3,0.00163015792154865
119,2,0.000203270107860201
125,5,0.02038216560509554
106,5,0.02263083451202263
137,2,0.00021516076543442303
135,2,0.00018225518003394504
144,3,0.002527246880429632
125,2,0.0002799846008469534
93,3,0.0012106537530266344
93,3,0.0016875856977112118
191,2,0.0001676832463476493
117,5,0.024024024024024024
146,5,0.0243531202435312
134,2,0.000137368534020176
123,5,0.015414258188824663
95,3,0.002068787173519524
114,2,0.00017357909239832062
159,2,0.0001804158585539669
153,2,0.00012781083995686384
141,3,0.002274665908444697
154,2,0.00022901637467078896
109,5,0.012441679626749611
107,3,0.001843955284084361
173,2,0.0001072723981415057
124,2,0.00014565183748896233
124,3,0.0017933198834342075
110,3,0.0017299167477565142
122,2,0.00021408978390312437
95,3,0.0017099497702254996
109,2,0.0001283686748341236
141,3,0.0016339869281045752
138,2,0.00015874905742747152
80,3,0.002494543186778921
75,3,0.001711229946524064
137,2,0.00016623549335577513
94,2,0.0003909399662814279
119,5,0.01875732708089097
149,3,0.001763668430335097
114,2,0.00017171803897999483
132,3,0.0016776764181608472
141,3,0.0026182294223531335
106,2,0.00017604665236287616
197,3,0.003054017942355411
149,5,0.021739130434782608
97,2,0.00017543859649122806
125,2,0.00012012282558916492
172,3,0.0021560436598841125
170,2,0.0001419723508846652
119,3,0.0017396977275198435
125,2,0.00013482540110556829
113,3,0.0017913121361397223
111,2,0.00012970484042251353
152,3,0.0010805700006753564
136,3,0.0013592727890578541
136,2,0.00014635529577490555
115,3,0.0008656603365254558
135,2,0.00019550819912510082
109,5,0.015281757402101241
155,3,0.0018583042973286876
143,3,0.0018608978832286578
141,2,0.00015483171727728425
108,5,0.02188782489740082
145,2,0.00017820547090795688
115,8,0.36363636363636365
155,5,0.022792022792022793
92,2,0.00016387901631620457
162,3,0.0018013960819635217
113,3,0.0017174753112924003
101,3,0.0014486192847442281
122,2,0.00022623474682917862
137,3,0.001362862010221465
68,2,0.00019734326627773597
136,3,0.001100715465052284
85,2,0.00017369215237144066
165,2,0.0002532487060573925
141,2,0.00022305247309429543
147,5,0.015625
149,3,0.0015248260745258744
115,2,0.0002292854890946089
231,11,0.6956521739130435
136,3,0.002168315489903781
129,3,0.0018799201033956056
159,5,0.023668639053254437
166,2,0.0002216741943528499
187,2,0.00017880691088710578
99,3,0.0012388695315524584
176,2,0.00024652173243147466
126,6,0.1111111111111111
174,2,0.0002984796194384852
84,3,0.0018744142455482662
165,2,0.00013487881981032667
132,3,0.0017043033659991478
119,3,0.0013463480309660047
169,2,0.0001923076923076923
135,2,0.00012389558699406076
128,5,0.028021015761821366
110,2,0.00013839274130071877
149,2,0.00018988844054118205
110,3,0.0011091085539997228
136,2,0.00023582124749439923
105,5,0.0199501246882793
100,3,0.0012536237561701794
66,2,0.00018902028423925242
