127,2,0.00018842593683020468
164,5,0.013582342954159592
155,3,0.0013003901170351106
117,2,0.0001597810998931464
153,2,0.00015170765934045095
130,3,0.0018450184501845018
120,3,0.0022029464408646563
118,3,0.001603045786995291
179,2,0.00024599867775710704
168,2,0.00023989084966340315
134,3,0.0012509773260359655
142,5,0.013757523645743766
117,6,0.06722689075630252
163,2,0.0002888816668472177
140,5,0.024024024024024024
91,6,0.11428571428571428
179,2,0.00019245342025812814
128,3,0.0014003150708909505
68,2,0.0003155569580309246
136,3,0.0015738736966358449
120,2,0.00021658206429780034
106,2,0.00019448867711232938
113,3,0.002044989775051125
102,2,0.0002578191720781837
102,3,0.00191433357262503
105,2,0.00021422450728363326
150,2,0.00023612402414368146
68,2,0.0002468831008517467
132,3,0.0015594541910331384
136,2,0.00020220657929657387
140,2,0.0002061961956801897
86,3,0.0023262576330328583
176,2,0.00016656256506350197
120,3,0.0021959923140269007
171,6,0.050793650793650794
100,2,0.00016301911399111546
90,3,0.0013851614578824344
126,6,0.0761904761904762
170,2,0.00021414709228401258
133,2,0.00023149487817582037
138,3,0.002304147465437788
119,3,0.002058407307345941
109,2,0.00019253910950661854
138,5,0.013828867761452032
112,3,0.0018739751698289998
127,3,0.0012482446559525667
146,2,0.00019037193917616544
109,2,0.0001470885657026237
91,6,0.05693950177935943
149,5,0.013256006628003313
160,2,0.00025446911381131113
123,2,0.00014091081226276343
112,3,0.001860248808278107
156,3,0.0018150879183210437
127,3,0.002143909955781857
156,3,0.0016597510373443983
148,2,0.00013760008256004955
71,2,0.00017998560115190784
106,5,0.02564102564102564
84,6,0.0761904761904762
121,2,0.0001657550140891762
145,5,0.0214190093708166
185,2,0.0001841641823685816
152,3,0.00190885230255309
151,2,0.00015099182756733292
111,3,0.0014641288433382138
165,2,0.00019411115289892875
84,3,0.0022041603526656564
92,3,0.00136787210395828
169,2,0.00011502598868431837
137,8,0.24242424242424243
108,3,0.002093692750588851
122,5,0.015223596574690771
146,3,0.0012432012432012432
109,2,0.00014785107700268903
115,2,0.00023443566938709725
75,3,0.0014274243911142832
136,5,0.02200825309491059
93,3,0.0016893675430260796
127,3,0.001316764052341371
153,2,0.00032554070276099206
119,3,0.001391667391493433
114,2,0.0002057983690479253
148,6,0.11428571428571428
94,2,0.0001974699166923789
142,2,0.0002622692849883618
137,3,0.001581183911453701
174,2,0.00015889409708429332
114,2,0.00015742918146664962
135,3,0.0016510164069755444
123,3,0.0010142630744849445
159,5,0.017524644030668127
123,2,0.00020694293548553986
113,5,0.01812004530011325
109,3,0.0015436565364206464
166,2,0.00023377799856810975
152,3,0.0018283624728602445
171,3,0.0014820303816228233
139,3,0.0012764260071798962
84,2,0.0001277261551234154
97,3,0.0012275586926499924
83,2,0.00021222973869213424
134,3,0.0017241379310344827
87,2,0.00015657568966698308
144,5,0.02275960170697013
145,2,0.00016886008886262178
115,2,0.0002762669429336096
151,2,0.00015341982375897747
129,3,0.0023532872481247242
93,3,0.0017969451931716084
118,5,0.014842300556586271
108,5,0.018475750577367205
128,2,0.0001302125720238289
111,2,0.00017043759853423664
124,5,0.021768707482993196
119,3,0.002027626409833988
172,3,0.0014633254069873788
124,3,0.002052334530528476
167,2,0.0002639567110993797
100,3,0.001786511835640911
104,2,0.00014229305254170966
133,2,0.0001828090901820093
135,3,0.0016732901066722444
121,6,0.054982817869415807
158,2,0.00018889308651303362
66,2,0.00015636605292990892
122,3,0.0034888791975577847
163,2,0.00021859715277208514
151,2,0.00015580571027928172
151,3,0.0014236142005516505
86,6,0.05423728813559322
139,2,0.00014538185452728182
107,3,0.0020512820512820513
120,2,0.00014811660479712653
126,3,0.0016161616161616162
103,2,0.00026472972749383677
110,3,0.0009650763013450751
88,2,0.0004117450268920971
129,5,0.015311004784688996
111,3,0.0018422567645365573
170,2,0.00019774814302134445
112,5,0.026402640264026403
118,5,0.023088023088023088
143,3,0.0011605977078195271
69,2,0.0002003882522387125
118,2,0.00014922310719814964
169,3,0.0016056196688409433
110,5,0.01432408236347359
177,2,0.00024726081379715343
89,2,0.00017915327682540395
85,3,0.0024132730015082957
157,3,0.001086439872343315
134,2,0.00015454457645127016
111,3,0.0018587360594795538
84,6,0.06956521739130435
66,2,0.0002394277676353515
151,3,0.002125680882157566
141,3,0.0016271738025017796
176,3,0.0024096385542168677
111,6,0.07079646017699115
179,2,0.00011198756937979884
133,3,0.0018514232816477668
118,8,0.24615384615384617
155,3,0.001423994304022784
118,2,0.00012174707046111703
125,3,0.0018522806205140078
160,5,0.018691588785046728
110,3,0.0016915107305211967
70,2,0.00022105554020447637
136,2,0.00014229178709591355
82,3,0.001570320934340956
109,3,0.0018830175356008003
112,5,0.019115890083632018
108,2,0.0001733196121973677
100,3,0.0015060240963855422
136,2,0.00016805310478111083
72,2,0.0002149122217894129
160,3,0.0016202531645569621
113,3,0.0025481764612199395
109,5,0.017410228509249184
145,5,0.023564064801178203
168,2,0.00015884834946636883
111,3,0.0013025073266037122
112,5,0.023088023088023088
156,2,0.00022593126041401903
141,3,0.001364954785872718
170,5,0.015311004784688996
123,5,0.020227560050568902
174,2,0.00020067728583970902
95,3,0.001329234859184182
122,8,0.26229508196721313
140,8,0.22857142857142856
84,3,0.0012423324792297538
152,3,0.00206052801030264
151,2,0.00012109836214465199
182,3,0.0014868506644363907
97,2,0.00013720008918005798
104,5,0.022988505747126436
130,3,0.00116941967548604
125,2,0.00015615088078856196
147,5,0.018912529550827423
144,5,0.01927710843373494
151,5,0.01309328968903437
129,3,0.0015701668302257115
130,2,0.00022269545005358608
159,6,0.0855614973262032
84,2,0.00019343295130325451
160,2,0.0002209456473707468
88,3,0.000946521533364884
70,2,0.00015056556189185628
96,3,0.0011010184420589045
138,3,0.0023501762632197414
182,2,0.00017038314910655336
115,3,0.002056555269922879
166,2,0.00012846762214460637
123,3,0.0013389121338912135
124,3,0.0016924053310767928
145,3,0.0017114129853460264
85,3,0.0012618296529968455
166,2,0.00016886899987334826
134,3,0.0013879250520471894
165,2,0.00015733010806611797
144,2,0.0001995584768699253
97,3,0.0015635688458907457
150,2,0.0002449554487277626
113,2,0.0002580437061527296
84,6,0.07920792079207921
169,2,0.00020397236174498354
136,3,0.001275103602167676
168,2,0.00018494330331857639
108,3,0.0013414940890416702
191,2,0.0001866019779809666
87,6,0.07511737089201878
74,2,0.00021067600663629422
126,3,0.002204464039680353
105,2,0.000176230862429783
99,2,0.00017932394871335067
158,5,0.013422818791946308
160,3,0.001712512041100289
136,3,0.0014444344136499052
94,2,0.00027564820397967096
161,5,0.034261241970021415
157,5,0.01893491124260355
157,5,0.0226628895184136
146,3,0.0019036287923854848
184,2,0.0002366023896841358
128,3,0.001451378809869376
144,2,0.00011442793185816658
132,3,0.0017869108778199687
133,2,0.00016699021019892708
