118,3,0.001463057790782736
130,2,0.00017326518236160444
120,3,0.0016428791457028442
117,2,0.00015789213993190902
136,5,0.0182648401826484
141,3,0.0015147211966297454
178,2,0.00024905049498785876
109,3,0.0023439789041898623
140,3,0.0012690355329949238
153,3,0.0017728531855955678
127,2,0.00018448695331327037
120,3,0.0014951873656667601
127,2,0.00016473277255552008
120,2,0.00012036410140675543
227,11,0.6956521739130435
137,2,0.00029671389362806916
136,3,0.0019490802777439396
71,2,0.00029749177249316697
143,2,0.0001713979646491698
99,3,0.0011174745076127951
129,3,0.001218769043266301
129,3,0.0017775802688590157
97,3,0.0017110469468506041
89,2,0.00012257530720436368
110,5,0.021917808219178082
105,3,0.0017781729273171815
109,2,0.00016840864357363142
156,5,0.019441069258809233
108,5,0.015640273704789834
156,3,0.0014166814237648309
170,3,0.0013160059220266491
97,2,0.0001746705821988843
203,2,0.00019301758872777283
95,3,0.0017321641225506116
86,6,0.06201550387596899
143,2,0.00014410130321616097
140,3,0.0013479359730412806
166,5,0.0199501246882793
158,3,0.0016364938120077735
164,2,0.0001522185858893371
111,3,0.002656924609764198
125,5,0.030710172744721688
188,2,0.00019059417734788202
167,5,0.015873015873015872
146,3,0.002770083102493075
103,3,0.0020442059537498403
90,2,0.00018654976214905325
128,2,0.00011504914755772231
145,3,0.002121171947500994
150,5,0.01927710843373494
112,5,0.018140589569160998
117,5,0.018779342723004695
82,2,0.00019552014468490707
139,3,0.0016976127320954908
125,5,0.014234875444839857
106,3,0.0012463000467362517
128,8,0.2857142857142857
178,2,0.00018512947492652673
130,2,0.00022368237103313296
142,2,0.00022421210465099983
103,3,0.0017453910766881205
117,2,0.0001240271619484667
154,3,0.0015810276679841897
124,2,0.00013701445502500514
117,3,0.0014358790271919591
108,2,0.0002096655833944858
127,3,0.001412928293889085
108,2,0.00027771991946122336
102,2,0.000141753490679708
122,3,0.0021647950209714517
126,3,0.00181797523008749
116,3,0.002777777777777778
89,2,0.00010445432408259725
228,11,0.9411764705882353
88,6,0.05423728813559322
134,3,0.0018658892128279884
116,2,0.00021727027063728085
130,3,0.0024275527234107115
175,2,0.00020243939470620983
90,6,0.060836501901140684
149,5,0.014184397163120567
119,3,0.0015631105900742479
136,2,0.00021320256909095755
76,2,0.00023114706732158335
142,3,0.0017667844522968198
69,2,0.0002620115940130351
80,3,0.0015177385695313982
109,2,0.0001688547427075858
79,3,0.0027567195037904893
125,3,0.0016611295681063123
114,5,0.018648018648018648
69,2,0.0002550898394528323
108,5,0.014598540145985401
120,2,0.00019266662652778614
131,2,0.00016965866796738311
93,3,0.0013077237433592153
97,3,0.001262128263784807
121,2,0.00016616125950234703
154,2,0.00023346757719021772
145,5,0.03855421686746988
180,2,0.00021995545901954853
148,5,0.015763546798029555
107,3,0.0020518081559374197
68,2,0.00024035572647518327
118,2,0.00016972165648336727
151,3,0.0017541936191207105
87,6,0.05755395683453238
141,3,0.0016644127743680433
99,3,0.0012942889500080893
113,5,0.019925280199252802
113,2,0.00015619661248596672
94,3,0.0015337423312883436
111,2,0.00019463062756212976
186,3,0.0015387574533564147
115,2,0.00020662491121585847
68,2,0.0002053282685693753
149,3,0.0017863123813776935
83,3,0.0019605440509741453
77,3,0.0013516938413449353
105,5,0.02250351617440225
115,8,0.2909090909090909
130,5,0.0243531202435312
126,3,0.0017488250081976171
171,2,0.00013282637931893274
140,3,0.0023249055507120024
109,2,0.00026737967914438503
109,5,0.016967126193001062
71,2,0.00023140113386555593
131,5,0.018691588785046728
110,3,0.0023141452126120912
120,2,0.00012546362731029507
161,3,0.0026917900403768506
87,6,0.09195402298850575
69,2,0.0001735979255047902
124,2,0.00017820547090795688
87,3,0.0014501948699356475
122,2,0.00016272234482898898
106,5,0.0160481444332999
93,3,0.0012696397397238533
72,2,0.0002046375996009567
111,3,0.0012718600953895071
84,6,0.07373271889400922
124,5,0.01853997682502897
137,3,0.0017907106883044209
153,2,0.00038895371450797355
126,3,0.0018881283927307056
127,3,0.0014288265761743168
166,3,0.0010715242432360033
177,2,0.00017158912982862535
85,6,0.16161616161616163
134,2,0.00021006196828064278
109,3,0.0015979227004893639
149,5,0.02476780185758514
120,5,0.021108179419525065
153,2,0.00023686158401184308
152,3,0.001665972511453561
64,2,0.00014935683214159027
70,2,0.0002010580680832883
143,2,0.00017361487879511274
150,5,0.01907032181168057
163,2,0.00020186217859756252
140,3,0.0015562688454430504
113,5,0.0239880059970015
114,2,0.0002150017468891935
147,3,0.001414552205817346
119,5,0.017543859649122806
107,3,0.0013855213023900243
158,2,0.000107095046854083
149,3,0.0019646365422396855
143,5,0.017448200654307525
157,3,0.0015873015873015873
143,3,0.00149574647097317
117,5,0.015238095238095238
92,2,0.00020305083885377803
77,2,0.00014846018947231682
144,3,0.00138217000691085
108,5,0.016824395373291272
86,6,0.11188811188811189
144,2,0.00012219337100962272
95,3,0.0010224295482139435
98,3,0.0016963528413910093
79,3,0.0010428208303460862
144,5,0.023054755043227664
147,3,0.0018443804034582133
173,2,0.000163397024131698
87,2,0.0001811963488935698
145,3,0.0011231222799382282
132,2,0.00018558901313042267
123,2,0.00018450397260116007
94,3,0.0014219694276573053
181,2,0.00019606401490086513
148,3,0.0019154794684544474
109,2,0.000223804394958806
132,3,0.0015586945932781295
121,2,0.00023023570380176705
94,3,0.0018810251587114979
