117,5,0.015108593012275733
141,5,0.012539184952978056
88,2,0.00018223234624145787
132,3,0.0011239901650860556
111,2,0.00013911591833895594
114,3,0.0022200638268350214
185,2,0.00019562772044798748
148,5,0.015625
93,3,0.0016554578375581996
154,2,0.0002345628335190289
160,2,0.0002621489661500147
134,3,0.0017415913791226734
183,3,0.002292920607623961
147,3,0.0016151827175449223
176,3,0.0028787333573227778
107,2,0.0002258005334537603
128,6,0.0642570281124498
133,3,0.0018169429934135816
156,2,0.00011839573775344088
95,3,0.0023749443372420957
114,2,0.00016660245530368504
115,2,0.0001997104198911578
108,3,0.001169248757673195
109,5,0.024427480916030534
84,2,0.00021635363000824847
73,2,0.0001872593424856337
136,3,0.001853138753764188
118,5,0.024242424242424242
143,3,0.0010918520540466768
154,2,0.00018038941565103668
152,3,0.0016685785796224841
100,2,0.00016648803887495708
116,5,0.018979833926453145
155,3,0.002753872633390706
114,2,0.00018715858180584638
133,2,0.0001889287738522577
190,2,0.0001581121410360298
160,3,0.0019646365422396855
95,3,0.0012726694241170856
176,2,0.00009529822387935244
117,2,0.00027220142905750254
64,2,0.000173737417610459
135,3,0.0014805218839640973
132,2,0.00020311270216061137
119,2,0.00020957770093262077
123,3,0.002516910492370615
178,3,0.001364140165401995
86,6,0.05693950177935943
149,5,0.02130492676431425
93,3,0.0015178825538373969
120,2,0.00019087384431852074
104,2,0.00017006621953423115
129,3,0.0018667600046669
121,2,0.00017811223297080074
148,3,0.001857225769007545
107,2,0.00024926777590826945
109,3,0.0019821605550049554
113,3,0.0016090104585679806
108,3,0.0023074704355350445
160,5,0.019417475728155338
138,3,0.0010607969236889213
105,2,0.0001914631373628346
115,2,0.00016351558507920287
188,3,0.0028607187555873413
116,2,0.00021359249222389833
134,3,0.0015446997489862908
138,2,0.0002192802127018063
151,3,0.0016085251834724037
166,2,0.00019479887016655303
148,5,0.01694915254237288
118,5,0.01737242128121607
160,2,0.0001312142236218406
129,5,0.02511773940345369
93,3,0.0013719773623735209
118,2,0.00020433444440187478
127,3,0.0022212966819380813
134,2,0.00018196499448418612
117,5,0.016985138004246284
133,5,0.021447721179624665
98,3,0.0013160059220266491
149,2,0.0001268401734539372
120,2,0.0001695364238410596
186,2,0.00013361169102296452
113,3,0.002863278453829635
139,2,0.0002217110550674833
125,2,0.00025338506611766566
140,3,0.0012335209313083031
111,2,0.00017567166964942523
138,2,0.00018593192567371272
131,3,0.0012468827930174563
103,2,0.00014741516717801302
108,3,0.001520478950869524
185,2,0.0002398548877928853
112,5,0.018285714285714287
120,8,0.20253164556962025
168,2,0.0001570120604888963
165,3,0.0020050125313283208
138,3,0.0017783705679671
145,2,0.00015980823012385137
112,5,0.01853997682502897
146,3,0.0023689665383476457
114,8,0.27586206896551724
112,5,0.021136063408190225
85,3,0.001188707280832095
84,3,0.0019408054342552159
146,5,0.03644646924829157
182,2,0.00017281603732826408
148,5,0.01034928848641656
70,2,0.00019461879044421738
150,5,0.017112299465240642
140,3,0.001667187662811295
165,2,0.00019683102056884165
126,2,0.00019305019305019305
106,3,0.0016346546791990192
130,3,0.002186389723968297
132,3,0.0018613308515588647
69,2,0.00020126292485345544
135,2,0.00018351359721059332
114,5,0.018867924528301886
87,6,0.09876543209876543
155,2,0.00019780437147660964
137,3,0.0012822567719185766
76,2,0.0002687449610319806
99,3,0.001301553729764907
155,2,0.0001975186716869329
100,3,0.001311582916632511
72,2,0.00018409002001978968
100,3,0.0010642543567912731
142,2,0.00011864507326333274
182,3,0.0015885623510722795
107,2,0.00013336445170539793
100,3,0.0011566543772139088
114,2,0.00011847727087606536
201,3,0.0016145307769929364
166,2,0.000224290680722216
166,2,0.0001462723408145541
93,3,0.0018617640214102862
99,3,0.001738374619730552
89,2,0.00018231748310714571
87,2,0.00022717269384220018
144,2,0.00013607293509320997
114,5,0.029906542056074768
81,3,0.0015585427625170465
109,2,0.0003261379155710471
129,3,0.0017126953543138515
130,3,0.0025340513145391194
150,2,0.00018459337540524014
134,3,0.0014460009037505649
123,5,0.019801980198019802
137,5,0.0128
149,5,0.013389121338912133
174,2,0.00015822315398079568
153,6,0.08247422680412371
138,3,0.00145441323516044
144,3,0.0008535609495865564
155,2,0.00014644638689304836
114,2,0.00016727827787012934
103,2,0.0002079002079002079
66,2,0.00010494142956462424
184,3,0.002028397565922921
143,5,0.0285204991087344
146,2,0.00013032075195073875
112,3,0.0016025641025641025
164,2,0.00017083796019475527
136,2,0.00014469947727313836
115,5,0.0194884287454324
