137,3,0.0017189514396218307
164,2,0.00015123445120798518
128,3,0.001894163608381674
89,2,0.00021865092380015305
111,5,0.014311270125223614
85,3,0.001716554017809248
125,3,0.0014335633007795
142,2,0.000214084054751997
119,3,0.0012998618896742221
176,2,0.0001716001716001716
109,3,0.0019004632379142415
129,2,0.00013074565883554649
108,2,0.0001375468518964272
138,3,0.002403846153846154
146,5,0.012924071082390954
115,8,0.2077922077922078
108,3,0.002391629297458894
128,3,0.0018165304268846503
131,2,0.00022124505655576757
183,2,0.00015498019159426187
126,6,0.06324110671936758
85,3,0.0017704990594223746
114,5,0.013781223083548665
174,5,0.024132730015082957
121,5,0.018823529411764704
130,3,0.002452483139178418
70,2,0.00013692768506632435
116,2,0.00019768706138183255
127,3,0.0012764260071798962
170,2,0.0001478360498207488
85,3,0.0015599103051574534
126,3,0.0012955465587044534
134,8,0.2
84,3,0.0019828975089850043
141,3,0.0018574413745066172
119,3,0.0020468210310860945
75,3,0.0016810254255095608
144,5,0.01982651796778191
109,5,0.015984015984015984
126,2,0.00019712201852946975
115,3,0.001627835995523451
73,2,0.0001876744786168391
147,5,0.020512820512820513
95,3,0.0017269293038316245
161,2,0.0003869594659959369
130,3,0.001318282936475241
79,3,0.002119486024639025
108,2,0.00016663368708276486
123,3,0.0017419706042460534
109,2,0.00010647217748911987
127,3,0.0012828736369467607
101,2,0.00013131006409572503
122,3,0.0015914064054107818
175,5,0.02384500745156483
148,6,0.05351170568561873
128,6,0.11347517730496454
162,2,0.0001577691442996036
112,3,0.0011304224954076585
93,3,0.0015684736790510733
103,2,0.00019827992167943093
151,5,0.019801980198019802
129,3,0.0013085793735176249
148,2,0.0002137465767149823
140,2,0.00010782615727792866
92,3,0.0011391143386017372
191,3,0.0018298261665141812
140,3,0.0023752969121140144
129,3,0.0020969855832241153
108,2,0.00022223148186730003
92,2,0.00016887256454098325
94,3,0.0024760136180748994
131,3,0.0016535758577924762
122,2,0.00024937655860349125
119,3,0.0017241379310344827
119,5,0.013710368466152529
109,2,0.00016188105789271333
95,3,0.0016692749087115284
166,2,0.00013219316726566696
93,3,0.0017777777777777779
175,2,0.00020649157901529328
128,2,0.00021233394821705838
110,3,0.001896633475580844
111,5,0.016260162601626018
131,3,0.0022785531187695814
150,2,0.00026838432635534085
111,3,0.0013466879892264961
149,2,0.00014940843597381617
163,6,0.07804878048780488
157,3,0.0026109660574412533
200,2,0.0002238200486808606
86,3,0.002218832339481348
115,2,0.00017196350074696645
68,2,0.00026159606297925214
128,3,0.0017959366932315637
126,5,0.012355212355212355
134,3,0.0018095453517303778
86,3,0.002024547640136657
90,2,0.00013199468721383965
140,5,0.020253164556962026
160,5,0.019441069258809233
141,3,0.001486160133754412
125,3,0.00144248106743599
127,5,0.03389830508474576
130,5,0.021917808219178082
158,2,0.00019240481974073452
125,5,0.017797552836484983
109,3,0.001899560726581978
140,3,0.0016713673874438526
124,2,0.00018218462134065108
137,3,0.0019127316198445906
171,2,0.00024337561984728179
130,5,0.013082583810302535
117,3,0.001950981587611267
122,2,0.0003191128662318754
171,3,0.0013489587724475171
75,3,0.001853782875680686
160,2,0.0002129528575611574
115,2,0.00013288815800401987
130,3,0.00145812448737811
106,5,0.0199501246882793
88,2,0.00013744641737322715
117,3,0.00236651382931519
109,2,0.0002146556119026537
127,3,0.0017239521603275509
129,3,0.0009937888198757764
64,2,0.0001731451822353043
137,3,0.0013677551718242434
115,2,0.00019152501795547042
133,3,0.002342263211828429
125,3,0.0016649323621227888
186,3,0.0012359984550019312
118,3,0.002145922746781116
146,5,0.015414258188824663
141,2,0.00013187936335237342
129,3,0.001811389109022982
136,5,0.013278008298755186
144,3,0.0016621649698732599
163,2,0.00018656716417910448
128,3,0.0015199012064215827
141,3,0.0028055409433631424
