86,6,0.0855614973262032
120,2,0.00020845547521334114
144,5,0.019656019656019656
141,3,0.0012909472325318702
96,2,0.00014015294189784604
172,3,0.002129641953946493
99,2,0.0001407719582259214
106,5,0.020330368487928845
170,2,0.0002245267397314099
113,3,0.001326150020721094
150,5,0.018823529411764704
116,2,0.00022578141536724758
178,3,0.001278363694471077
151,3,0.0017246954834537027
97,2,0.00023499346424427572
131,3,0.0010753410847503192
158,2,0.00019359210144226117
151,3,0.0014840923847509507
96,3,0.001400070003500175
148,2,0.00024083690825619025
147,3,0.0018499248468030985
64,2,0.00014088723737738407
137,5,0.018518518518518517
164,2,0.00021740902790988396
116,3,0.0014269151877285293
68,2,0.0001977945903179548
158,2,0.00021011162179908075
133,3,0.0010656720394298656
105,2,0.00011118600724098872
115,3,0.002108036890645586
67,2,0.00018693772636990303
134,2,0.00021329636196392625
123,3,0.001320023100404257
140,6,0.07407407407407407
113,2,0.0001515610791148833
116,3,0.001998001998001998
158,2,0.00014260757959285537
125,3,0.0017592083562396922
129,2,0.0001942997316234957
111,2,0.0001266093231940367
106,3,0.0021049861860281543
171,2,0.00019123201223884877
147,3,0.0018296169239565465
139,3,0.0018321309973663117
140,2,0.00020787319734961673
130,3,0.002343635564669694
142,2,0.0001418917720508682
170,2,0.00017580872011251758
110,5,0.026016260162601626
93,3,0.0017623086242978302
116,2,0.0001353202862024053
117,3,0.0011378182335371925
186,3,0.0015003750937734434
141,2,0.0002398369109005876
124,2,0.00021027453969589045
142,3,0.0018497109826589595
147,2,0.00025673940949935817
109,3,0.0018524950793099456
108,2,0.00010858794945230953
138,3,0.001582591493570722
159,2,0.000159618511756901
113,6,0.07920792079207921
129,2,0.00017307588295743416
109,3,0.001456531634046427
138,3,0.0016994158258098779
121,2,0.00018611576400521124
98,3,0.0024172835775796947
143,2,0.00016972345684250725
146,2,0.00018409849269359108
147,3,0.0022592487997740753
155,2,0.0001672363153658817
92,3,0.002112211221122112
117,2,0.00019718761168829567
124,3,0.001326259946949602
87,2,0.00020812737395285914
100,3,0.0011914513366594684
113,5,0.024427480916030534
86,6,0.047058823529411764
66,2,0.0001864541089824267
109,5,0.020671834625323
130,3,0.0012486343062275637
119,6,0.12030075187969924
152,2,0.00016519880643862348
130,3,0.0016829704428315978
160,5,0.02250351617440225
139,3,0.0013052700277369881
169,2,0.00010478610536242894
131,5,0.020050125313283207
143,3,0.001738374619730552
153,2,0.00011701124039228019
122,3,0.001364256480218281
147,5,0.02457757296466974
178,3,0.0015442524852813434
100,2,0.0001588278504635788
119,2,0.0002197560707614548
85,6,0.09142857142857143
