71,2,0.5925925925925926
114,2,0.41025641025641024
111,5,0.42105263157894735
158,5,0.7272727272727273
188,2,0.5925925925925926
81,3,0.5161290322580645
66,2,0.5161290322580645
92,3,0.64
97,3,0.5161290322580645
107,2,0.5
159,2,0.64
129,3,0.6153846153846154
77,3,0.5
170,2,0.6956521739130435
72,2,0.5333333333333333
122,8,0.8421052631578947
94,3,0.5333333333333333
69,2,0.5
126,2,0.5333333333333333
139,3,0.47058823529411764
144,5,0.48484848484848486
102,2,0.42105263157894735
72,2,0.5925925925925926
133,3,0.42105263157894735
108,6,0.37209302325581395
153,5,0.48484848484848486
192,3,0.45714285714285713
132,3,0.5517241379310345
141,2,0.5333333333333333
96,2,0.4444444444444444
91,2,0.47058823529411764
117,3,0.5925925925925926
126,3,0.6956521739130435
198,3,0.5925925925925926
104,2,0.5161290322580645
79,3,0.48484848484848486
171,2,0.5333333333333333
66,2,0.5
180,3,0.5925925925925926
117,8,0.5925925925925926
89,2,0.3902439024390244
138,3,0.5161290322580645
95,3,0.6153846153846154
92,2,0.48484848484848486
140,3,0.47058823529411764
119,2,0.6666666666666666
100,3,0.5
135,2,0.6153846153846154
140,5,0.37209302325581395
105,5,0.47058823529411764
146,5,0.5925925925925926
106,2,0.6153846153846154
69,2,0.43243243243243246
161,2,0.8
139,3,0.43243243243243246
69,2,0.5161290322580645
93,6,0.5714285714285714
108,3,0.45714285714285713
174,2,0.4444444444444444
121,2,0.5161290322580645
140,3,0.6153846153846154
166,2,0.5161290322580645
83,3,0.4
88,2,0.4444444444444444
131,3,0.5517241379310345
171,5,0.6153846153846154
148,5,0.45714285714285713
187,3,0.47058823529411764
121,2,0.6666666666666666
65,2,0.5714285714285714
126,2,0.42105263157894735
170,2,0.5925925925925926
142,3,0.5161290322580645
133,5,0.64
111,2,0.5925925925925926
69,2,0.5925925925925926
