9,3,0.3508771929824561,4,4 2  1 0 0 1,"[0, 1, 3, 7]"
18,6,0.5882352941176471,4,7 2  1 0 0 0 0 0 1,"[0, 1, 6, 7]"
18,6,0.36363636363636365,7,7 2  1 0 0 1 0 0 1,"[0, 1, 3, 6, 10]"
27,9,0.8695652173913043,5,10 2  1 0 0 0 0 0 0 0 0 1,"[0, 1, 9, 10]"
36,12,0.6451612903225806,4,13 2  1 0 0 0 0 0 0 0 0 0 0 0 1,"[0, 1, 12, 13]"
36,12,0.5555555555555556,10,13 2  1 0 0 0 0 0 1 0 0 0 0 0 1,"[0, 1, 6, 12, 19]"
36,12,0.5,5,13 2  1 1 1 1 0 0 0 0 0 1 1 1 1,"[0, 1, 9, 28]"
36,12,0.5,4,13 2  1 0 0 1 0 0 0 0 0 1 0 0 1,"[0, 3, 9, 12]"
45,15,0.3125,6,16 2  1 0 0 1 0 0 0 0 0 1 0 0 0 0 0 1,"[0, 3, 6, 21]"
45,15,0.8333333333333334,5,16 2  1 0 0 0 0 0 0 0 0 0 0 0 0 0 0 1,"[0, 1, 15, 16]"
45,15,0.3125,6,16 2  1 0 0 0 0 0 1 0 0 0 0 0 1 0 0 1,"[0, 3, 6, 30]"
54,18,0.9090909090909091,5,19 2  1 0 0 0 0 0 0 0 0 0 0 0 0 0 0 0 0 0 1,"[0, 1, 18, 19]"
54,18,0.7407407407407407,11,19 2  1 0 0 0 0 0 0 0 0 1 0 0 0 0 0 0 0 0 1,"[0, 1, 9, 18, 28]"
