6,2,0.2597402597402597,3,3 2  1 0 1,"[0, 1, 4, 5]"
6,2,0.22988505747126436,2,3 2  1 1 1,"[0, 1, 5]"
12,4,0.20408163265306123,4,5 2  1 1 0 1 1,"[0, 1, 3, 4]"
12,4,0.35714285714285715,3,5 2  1 0 0 0 1,"[0, 1, 4, 5]"
12,4,0.19047619047619047,5,5 2  1 0 1 0 1,"[0, 1, 2, 4, 7]"
18,6,0.4878048780487805,4,7 2  1 0 0 0 0 0 1,"[0, 1, 6, 7]"
18,6,0.43478260869565216,8,7 2  1 0 0 1 0 0 1,"[0, 1, 3, 6, 10]"
24,8,0.5882352941176471,4,9 2  1 0 0 0 0 0 0 0 1,"[0, 1, 8, 9]"
24,8,0.5714285714285714,4,9 2  1 0 1 0 0 0 1 0 1,"[0, 2, 6, 8]"
24,8,0.5405405405405406,8,9 2  1 0 0 0 1 0 0 0 1,"[0, 1, 4, 13, 20]"
30,10,0.7692307692307693,4,11 2  1 0 0 0 0 0 0 0 0 0 1,"[0, 1, 11, 20]"
30,10,0.20408163265306123,5,11 2  1 0 0 0 1 0 0 0 1 0 1,"[0, 2, 4, 20]"
30,10,0.15267175572519084,7,11 2  1 0 0 1 1 0 1 0 0 1 1,"[0, 1, 13, 24]"
30,10,0.18181818181818182,7,11 2  1 1 0 0 1 0 1 1 0 0 1,"[0, 1, 7, 18]"
30,10,0.5882352941176471,9,11 2  1 0 0 0 0 1 0 0 0 0 1,"[0, 1, 5, 10, 16]"
30,10,0.21739130434782608,6,11 2  1 0 1 0 0 0 1 0 0 0 1,"[0, 2, 4, 14]"
30,10,0.2247191011235955,4,11 2  1 1 1 1 1 0 1 1 1 1 1,"[0, 1, 6, 25]"
36,12,0.31746031746031744,5,13 2  1 1 1 1 0 0 0 0 0 1 1 1 1,"[0, 1, 9, 28]"
36,12,0.8,5,13 2  1 0 0 0 0 0 0 0 0 0 0 0 1,"[0, 1, 12, 13]"
36,12,0.5555555555555556,9,13 2  1 0 0 0 0 0 1 0 0 0 0 0 1,"[0, 1, 6, 12, 19]"
36,12,0.47619047619047616,4,13 2  1 0 0 1 0 0 0 0 0 1 0 0 1,"[0, 3, 9, 12]"
42,14,0.0468384074941452,13,15 2  1 0 1 0 1 1 0 1 0 1 0 0 1 1 1,"[0, 1, 6, 18, 29]"
42,14,0.6896551724137931,10,15 2  1 0 0 0 0 0 0 1 0 0 0 0 0 0 1,"[0, 1, 7, 22, 35]"
42,14,0.1388888888888889,8,15 2  1 0 1 0 1 0 1 0 1 0 0 0 0 0 1,"[0, 2, 16, 24]"
42,14,0.033444816053511704,13,15 2  1 1 1 0 0 1 0 1 0 1 1 0 1 0 1,"[0, 1, 14, 25, 37]"
42,14,0.7692307692307693,5,15 2  1 0 0 0 0 0 0 0 0 0 0 0 0 0 1,"[0, 1, 14, 15]"
42,14,0.20408163265306123,8,15 2  1 0 0 0 0 0 1 0 1 0 1 0 1 0 1,"[0, 2, 6, 16]"
48,16,0.7407407407407407,10,17 2  1 0 0 0 0 0 0 0 1 0 0 0 0 0 0 0 1,"[0, 1, 8, 16, 25]"
48,16,0.5555555555555556,5,17 2  1 0 0 0 1 0 0 0 0 0 0 0 1 0 0 0 1,"[0, 4, 12, 16]"
48,16,0.6666666666666666,5,17 2  1 0 0 0 0 0 0 0 0 0 0 0 0 0 0 0 1,"[0, 1, 16, 17]"
54,18,0.9090909090909091,5,19 2  1 0 0 0 0 0 0 0 0 0 0 0 0 0 0 0 0 0 1,"[0, 1, 18, 19]"
54,18,0.7692307692307693,10,19 2  1 0 0 0 0 0 0 0 0 1 0 0 0 0 0 0 0 0 1,"[0, 1, 9, 18, 28]"
60,20,0.7142857142857143,10,21 2  1 0 0 0 0 0 0 0 0 0 1 0 0 0 0 0 0 0 0 0 1,"[0, 1, 10, 31, 50]"
60,20,0.625,5,21 2  1 0 0 0 0 1 0 0 0 0 0 0 0 0 0 1 0 0 0 0 1,"[0, 5, 15, 20]"
60,20,0.39215686274509803,8,21 2  1 0 1 0 0 0 0 0 1 0 0 0 1 0 1 0 0 0 0 0 1,"[0, 2, 14, 36]"
60,20,0.3225806451612903,6,21 2  1 0 1 0 1 0 1 0 1 0 0 0 1 0 1 0 1 0 1 0 1,"[0, 2, 12, 50]"
60,20,0.3225806451612903,8,21 2  1 0 0 0 0 0 1 0 1 0 0 0 1 0 0 0 0 0 1 0 1,"[0, 2, 26, 48]"
60,20,0.30303030303030304,7,21 2  1 0 0 0 1 0 0 0 0 0 0 0 1 0 0 0 0 0 0 0 1,"[0, 4, 8, 28]"
60,20,0.36363636363636365,6,21 2  1 0 0 0 0 0 0 0 1 0 0 0 0 0 0 0 1 0 0 0 1,"[0, 4, 8, 40]"
60,20,0.9090909090909091,5,21 2  1 0 0 0 0 0 0 0 0 0 0 0 0 0 0 0 0 0 0 0 1,"[0, 1, 20, 21]"
