8,2,0.10752688172043011,3,3 2  1 0 1,"[0, 1, 2, 5]"
16,4,0.2564102564102564,4,5 2  1 0 0 0 1,"[0, 1, 4, 9]"
24,6,0.30303030303030304,6,7 2  1 0 0 0 0 0 1,"[0, 1, 6, 13]"
24,6,0.06309148264984227,7,7 2  1 1 1 0 1 1 1,"[0, 1, 4, 9]"
24,6,0.12195121951219512,4,7 2  1 0 1 0 1 0 1,"[0, 2, 4, 14]"
24,6,0.09852216748768473,7,7 2  1 1 0 1 0 1 1,"[0, 1, 3, 5, 6]"
32,8,0.43478260869565216,6,9 2  1 0 0 0 0 0 0 0 1,"[0, 1, 8, 17]"
40,10,0.35714285714285715,7,11 2  1 0 0 0 0 0 0 0 0 0 1,"[0, 1, 10, 21]"
48,12,0.23255813953488372,4,13 2  1 0 0 0 1 0 0 0 1 0 0 0 1,"[0, 4, 8, 12]"
48,12,0.15873015873015872,8,13 2  1 0 1 0 1 0 0 0 1 0 1 0 1,"[0, 2, 8, 18]"
48,12,0.46511627906976744,7,13 2  1 0 0 0 0 0 0 0 0 0 0 0 1,"[0, 1, 12, 25]"
48,12,0.08163265306122448,8,13 2  1 0 1 0 0 0 1 0 0 0 1 0 1,"[0, 2, 6, 10, 12]"
56,14,0.07662835249042145,9,15 2  1 0 1 0 0 0 1 0 1 0 1 0 0 0 1,"[0, 2, 8, 26]"
56,14,0.5128205128205128,7,15 2  1 0 0 0 0 0 0 0 0 0 0 0 0 0 1,"[0, 1, 14, 29]"
56,14,0.05698005698005698,9,15 2  1 0 0 0 1 0 1 0 1 0 0 0 1 0 1,"[0, 2, 8, 18]"
56,14,0.09259259259259259,6,15 2  1 1 1 1 1 1 1 0 1 1 1 1 1 1 1,"[0, 1, 8, 49]"
64,16,0.5,7,17 2  1 0 0 0 0 0 0 0 0 0 0 0 0 0 0 0 1,"[0, 1, 16, 33]"
72,18,0.11834319526627218,9,19 2  1 0 0 1 0 0 0 0 0 1 0 0 0 0 0 1 0 0 1,"[0, 3, 9, 15, 18]"
72,18,0.36363636363636365,5,19 2  1 0 0 0 0 0 1 0 0 0 0 0 1 0 0 0 0 0 1,"[0, 6, 12, 18]"
72,18,0.8333333333333334,7,19 2  1 0 0 0 0 0 0 0 0 0 0 0 0 0 0 0 0 0 1,"[0, 1, 18, 37]"
72,18,0.14184397163120568,9,19 2  1 0 0 1 0 0 1 0 0 0 0 0 1 0 0 1 0 0 1,"[0, 3, 12, 27]"
80,20,0.6666666666666666,7,21 2  1 0 0 0 0 0 0 0 0 0 0 0 0 0 0 0 0 0 0 0 1,"[0, 1, 20, 41]"
80,20,0.3389830508474576,6,21 2  1 1 1 1 1 0 0 0 0 0 0 0 0 0 0 0 1 1 1 1 1,"[0, 1, 16, 65]"
