60,16,0.2898550724637681,6,17 2  1 1 1 1 1 0 0 0 0 0 0 0 1 1 1 1 1,"[0, 1, 25, 36]"
105,28,0.23809523809523808,9,29 2  1 0 0 0 0 0 0 1 0 0 0 0 0 0 0 0 0 0 0 0 0 0 0 0 0 0 0 0 1,"[0, 7, 14, 42, 49]"
60,16,0.30303030303030304,9,17 2  1 0 0 1 1 0 0 0 0 0 0 0 1 0 0 1 1,"[0, 1, 13, 24]"
60,16,0.37735849056603776,8,17 2  1 1 0 0 1 0 0 0 0 0 0 0 1 1 0 0 1,"[0, 1, 37, 48]"
60,16,0.1652892561983471,6,17 2  1 0 0 0 0 0 1 0 0 0 1 0 0 0 0 0 1,"[0, 4, 10, 54]"
15,4,0.11976047904191617,5,5 2  1 1 1 1 1,"[0, 1, 2, 3, 14]"
30,8,0.04576659038901602,9,9 2  1 0 0 0 1 0 1 1 1,"[0, 1, 2, 9, 13]"
15,4,0.0447427293064877,6,5 2  1 0 0 1 1,"[0, 1, 2, 10, 11]"
60,16,0.044543429844097995,9,17 2  1 0 0 0 1 0 1 0 1 0 0 0 0 0 1 0 1,"[0, 2, 6, 44]"
90,24,0.06825938566552901,10,25 2  1 0 0 1 0 0 0 0 0 0 0 0 1 0 0 1 0 0 1 0 0 0 0 0 1,"[0, 3, 27, 84]"
90,24,0.21505376344086022,6,25 2  1 0 0 0 0 0 0 0 0 1 0 0 0 0 0 1 0 0 0 0 0 0 0 0 1,"[0, 6, 15, 81]"
30,8,0.01639344262295082,8,9 2  1 1 0 0 1 1 1 0 1,"[0, 1, 9, 28]"
45,12,0.12738853503184713,8,13 2  1 0 0 1 0 0 0 0 0 0 0 0 1,"[0, 3, 6, 18, 21]"
30,8,0.01455604075691412,9,9 2  1 1 0 0 1 0 0 1 1,"[0, 1, 2, 4, 13]"
105,28,0.24096385542168675,9,29 2  1 0 0 0 0 0 0 0 0 0 0 0 0 0 0 0 0 0 0 0 0 1 0 0 0 0 0 0 1,"[0, 7, 14, 70, 77]"
90,24,0.18018018018018017,9,25 2  1 0 0 0 0 0 0 0 0 0 0 0 0 0 0 0 0 0 1 0 0 0 0 0 1,"[0, 6, 12, 60, 66]"
30,8,0.09090909090909091,7,9 2  1 0 1 0 0 0 0 0 1,"[0, 2, 4, 12, 14]"
60,16,0.1282051282051282,10,17 2  1 0 0 0 0 0 0 0 1 0 0 0 1 0 1 0 1,"[0, 2, 4, 18, 26]"
30,8,0.31746031746031744,6,9 2  1 0 1 0 1 0 1 0 1,"[0, 2, 4, 6, 8]"
90,24,0.6060606060606061,7,25 2  1 0 0 0 0 0 1 0 0 0 0 0 1 0 0 0 0 0 1 0 0 0 0 0 1,"[0, 6, 12, 18, 24]"
30,8,0.017006802721088437,9,9 2  1 0 1 1 0 1 1 1 1,"[0, 1, 3, 6, 17]"
60,16,0.03546099290780142,9,17 2  1 0 1 0 0 0 0 0 1 0 1 0 1 0 0 0 1,"[0, 2, 18, 56]"
45,12,0.23255813953488372,6,13 2  1 0 0 1 0 0 1 0 0 1 0 0 1,"[0, 3, 6, 9, 12]"
30,8,0.0211864406779661,10,9 2  1 1 1 1 0 1 1 0 1,"[0, 1, 3, 12, 17]"
60,16,0.625,5,17 2  1 1 0 0 0 0 0 0 0 0 0 0 0 0 0 1 1,"[0, 1, 15, 16]"
30,8,0.08888888888888889,7,9 2  1 0 0 0 0 0 1 0 1,"[0, 2, 4, 20, 22]"
30,8,0.07326007326007326,5,9 2  1 0 0 1 0 1 0 0 1,"[0, 2, 5, 27]"
60,16,0.047058823529411764,10,17 2  1 0 1 0 0 0 0 0 1 0 0 0 0 0 1 0 1,"[0, 2, 4, 8, 26]"
60,16,0.04081632653061224,11,17 2  1 0 0 0 1 0 1 0 0 0 1 0 1 0 1 0 1,"[0, 2, 6, 12, 34]"
60,16,0.03115264797507788,11,17 2  1 0 1 0 1 0 1 0 0 0 1 0 1 0 0 0 1,"[0, 2, 6, 24, 34]"
90,24,0.048426150121065374,10,25 2  1 0 0 0 0 0 1 0 0 1 0 0 1 0 0 0 0 0 0 0 0 1 0 0 1,"[0, 3, 9, 66]"
30,8,0.049019607843137254,8,9 2  1 1 1 0 1 0 0 0 1,"[0, 1, 2, 4, 8]"
45,12,0.12903225806451613,8,13 2  1 0 0 0 0 0 0 0 0 1 0 0 1,"[0, 3, 6, 30, 33]"
60,16,0.37735849056603776,6,17 2  1 0 0 0 1 0 0 0 1 0 0 0 1 0 0 0 1,"[0, 4, 8, 12, 16]"
75,20,0.12269938650306748,8,21 2  1 0 0 0 0 1 0 0 0 0 0 0 0 0 0 0 0 0 0 0 1,"[0, 5, 10, 30, 35]"
60,16,0.12345679012345678,8,17 2  1 0 0 0 1 0 0 0 0 0 0 0 0 0 0 0 1,"[0, 4, 8, 24, 28]"
90,24,0.15151515151515152,10,25 2  1 0 0 1 0 0 1 0 0 0 0 0 1 0 0 0 0 0 0 0 0 0 0 0 1,"[0, 3, 6, 12, 24]"
30,8,0.024968789013732832,8,9 2  1 0 1 1 1 0 0 1 1,"[0, 1, 3, 22]"
90,24,0.05698005698005698,10,25 2  1 0 0 1 0 0 0 0 0 0 0 0 1 0 0 0 0 0 0 0 0 1 0 0 1,"[0, 3, 6, 12, 39]"
105,28,0.5555555555555556,7,29 2  1 0 0 0 0 0 0 1 0 0 0 0 0 0 1 0 0 0 0 0 0 1 0 0 0 0 0 0 1,"[0, 7, 14, 21, 28]"
90,24,0.05235602094240838,11,25 2  1 0 0 0 0 0 1 0 0 1 0 0 0 0 0 1 0 0 1 0 0 1 0 0 1,"[0, 3, 9, 18, 51]"
75,20,0.12903225806451613,8,21 2  1 0 0 0 0 0 0 0 0 0 0 0 0 0 0 1 0 0 0 0 1,"[0, 5, 10, 50, 55]"
90,24,0.16260162601626016,11,25 2  1 0 0 0 0 0 0 0 0 0 0 0 1 0 0 0 0 0 1 0 0 1 0 0 1,"[0, 3, 6, 27, 39]"
90,24,0.04962779156327544,12,25 2  1 0 0 1 0 0 1 0 0 1 0 0 0 0 0 1 0 0 1 0 0 0 0 0 1,"[0, 3, 9, 36, 51]"
90,24,0.22727272727272727,8,25 2  1 0 0 0 0 0 1 0 0 0 0 0 0 0 0 0 0 0 0 0 0 0 0 0 1,"[0, 6, 12, 36, 42]"
60,16,0.18691588785046728,8,17 2  1 0 0 0 0 0 0 0 0 0 0 0 1 0 0 0 1,"[0, 4, 8, 40, 44]"
15,4,0.031496062992125984,6,5 2  1 1 0 0 1,"[0, 1, 2, 6, 7]"
75,20,0.4166666666666667,7,21 2  1 0 0 0 0 1 0 0 0 0 1 0 0 0 0 1 0 0 0 0 1,"[0, 5, 10, 15, 20]"
60,16,0.08888888888888889,10,17 2  1 0 1 0 1 0 0 0 1 0 0 0 0 0 0 0 1,"[0, 2, 4, 8, 16]"
