10,2,0.05390835579514825,3,3 2  1 0 1,"[0, 1, 2, 9]"
15,3,0.06451612903225806,3,4 2  1 0 0 1,"[0, 1, 3, 4]"
20,4,0.10416666666666667,4,5 2  1 0 0 0 1,"[0, 1, 4, 9]"
20,4,0.04576659038901602,5,5 2  1 1 1 1 1,"[0, 1, 2, 3, 9]"
25,5,0.18518518518518517,4,6 2  1 0 0 0 0 1,"[0, 1, 5, 6]"
30,6,0.005577244841048522,6,7 2  1 0 1 1 1 0 1,"[0, 1, 2, 3, 9]"
30,6,0.13793103448275862,4,7 2  1 0 0 0 0 0 1,"[0, 1, 6, 7]"
30,6,0.005254860746190226,8,7 2  1 0 0 1 1 1 1,"[0, 1, 2, 3, 12]"
30,6,0.08333333333333333,4,7 2  1 1 0 0 0 1 1,"[0, 1, 5, 6]"
30,6,0.0014854426619132501,7,7 2  1 0 1 1 1 1 1,"[0, 1, 2, 7]"
30,6,0.001550267421130145,7,7 2  1 1 1 1 1 0 1,"[0, 1, 2, 25]"
30,6,0.004714757190004715,7,7 2  1 1 1 1 0 0 1,"[0, 1, 2, 3, 6]"
35,7,0.0007438262421898245,10,8 2  1 0 0 1 1 0 1 1,"[0, 1, 2, 3, 9]"
35,7,0.001001001001001001,8,8 2  1 1 0 1 1 0 0 1,"[0, 1, 2, 3, 29]"
35,7,0.14084507042253522,5,8 2  1 0 0 0 0 0 0 1,"[0, 1, 7, 8]"
40,8,0.031007751937984496,10,9 2  1 1 1 1 0 1 1 1 1,"[0, 1, 5, 16]"
40,8,0.055401662049861494,6,9 2  1 0 1 0 1 0 1 0 1,"[0, 2, 4, 6, 8]"
40,8,0.17391304347826086,6,9 2  1 0 0 0 0 0 0 0 1,"[0, 1, 8, 9]"
45,9,0.19801980198019803,6,10 2  1 0 0 0 0 0 0 0 0 1,"[0, 1, 9, 10]"
50,10,0.28169014084507044,6,11 2  1 0 0 0 0 0 0 0 0 0 1,"[0, 1, 10, 11]"
