9,2,0.03164556962025317,1,3 2  1 1 1,"[0, 2, 4]"
18,4,0.09216589861751152,3,5 2  1 1 0 1 1,"[0, 1, 3, 4]"
18,4,0.08,2,5 2  1 0 1 0 1,"[0, 2, 10]"
27,6,0.15503875968992248,3,7 2  1 0 0 1 0 0 1,"[0, 3, 15]"
36,8,0.11627906976744186,4,9 2  1 0 1 0 0 0 1 0 1,"[0, 2, 6, 8]"
36,8,0.14084507042253522,3,9 2  1 0 0 0 1 0 0 0 1,"[0, 4, 20]"
45,10,0.16129032258064516,3,11 2  1 0 0 0 0 1 0 0 0 0 1,"[0, 5, 10]"
45,10,0.008322929671244279,12,11 2  1 1 0 1 0 0 1 0 0 0 1,"[0, 1, 3, 6, 10]"
45,10,0.011376564277588168,11,11 2  1 0 0 0 1 0 0 1 0 1 1,"[0, 1, 3, 10, 15]"
45,10,0.006568144499178982,13,11 2  1 1 1 0 0 1 0 0 1 1 1,"[0, 1, 3, 19, 42]"
54,12,0.1834862385321101,3,13 2  1 0 0 0 0 0 1 0 0 0 0 0 1,"[0, 6, 12]"
54,12,0.13157894736842105,5,13 2  1 0 0 1 0 0 0 0 0 1 0 0 1,"[0, 3, 9, 12]"
