6,1,0.00859106529209622,3,2 2  1 1,"[0, 1, 2, 4]"
12,2,0.012077294685990338,5,3 2  1 1 1,"[0, 1, 2, 3, 6]"
12,2,0.042735042735042736,3,3 2  1 0 1,"[0, 1, 2, 9]"
18,3,0.0411522633744856,6,4 2  1 0 0 1,"[0, 1, 3, 13]"
24,4,0.0711743772241993,7,5 2  1 0 0 0 1,"[0, 1, 4, 17]"
24,4,0.012062726176115802,4,5 2  1 1 0 1 1,"[0, 1, 3, 4]"
24,4,0.024783147459727387,7,5 2  1 0 1 0 1,"[0, 1, 2, 4, 7]"
30,5,0.0008950548221078541,7,6 2  1 0 1 0 1 1,"[0, 1, 2, 10]"
30,5,0.000716306722538591,6,6 2  1 1 0 1 0 1,"[0, 1, 2, 22]"
30,5,0.06734006734006734,8,6 2  1 0 0 0 0 1,"[0, 1, 5, 11]"
36,6,0.11976047904191617,9,7 2  1 0 0 0 0 0 1,"[0, 1, 6, 13]"
36,6,0.004586104104563174,6,7 2  1 1 1 0 1 1 1,"[0, 1, 4, 9]"
36,6,0.02911208151382824,11,7 2  1 0 0 1 0 0 1,"[0, 1, 3, 6, 10]"
36,6,0.0028401022436807723,9,7 2  1 1 0 1 0 1 1,"[0, 1, 3, 5, 6]"
42,7,0.0003141986363779181,10,8 2  1 0 0 1 1 1 1 1,"[0, 1, 3, 29]"
42,7,0.0004532269760696157,9,8 2  1 1 1 0 1 0 0 1,"[0, 1, 2, 4, 7]"
42,7,0.0002933798829414267,9,8 2  1 1 1 1 1 0 0 1,"[0, 1, 8, 12]"
42,7,0.00026481648217785073,9,8 2  1 0 0 1 0 1 1 1,"[0, 1, 2, 7, 34]"
42,7,0.16129032258064516,8,8 2  1 0 0 0 0 0 0 1,"[0, 1, 7, 29]"
42,7,0.0002532030181799767,9,8 2  1 1 1 1 0 1 0 1,"[0, 1, 3, 34]"
42,7,0.00017724996676563124,9,8 2  1 0 1 0 1 1 1 1,"[0, 1, 4, 27]"
48,8,0.032948929159802305,13,9 2  1 0 0 0 1 0 0 0 1,"[0, 1, 4, 8, 25]"
48,8,0.01839926402943882,5,9 2  1 0 1 0 0 0 1 0 1,"[0, 2, 6, 8]"
48,8,0.12048192771084337,8,9 2  1 0 0 0 0 0 0 0 1,"[0, 1, 8, 17]"
54,9,0.15625,9,10 2  1 0 0 0 0 0 0 0 0 1,"[0, 1, 9, 19]"
60,10,0.11976047904191617,16,11 2  1 0 0 0 0 1 0 0 0 0 1,"[0, 1, 5, 16, 25]"
60,10,0.000014006592903279574,13,11 2  1 0 1 1 0 0 0 0 0 1 1,"[0, 1, 3, 17, 42]"
60,10,0.001670843776106934,7,11 2  1 0 1 0 0 0 1 0 0 0 1,"[0, 2, 4, 44]"
60,10,0.0045589240939138366,12,11 2  1 1 0 0 1 0 1 1 0 0 1,"[0, 1, 7, 48]"
60,10,0.0000138683848670958,12,11 2  1 0 0 1 1 1 1 1 0 0 1,"[0, 1, 3, 17, 54]"
60,10,0.0009876543209876543,12,11 2  1 0 1 1 0 0 0 1 1 0 1,"[0, 3, 8, 35]"
60,10,0.0001415408132935132,13,11 2  1 0 0 1 0 1 1 1 1 1 1,"[0, 1, 33, 52]"
60,10,0.000014682757010649403,13,11 2  1 1 0 0 0 0 0 1 1 0 1,"[0, 1, 3, 6, 17]"
60,10,0.004832085044696787,11,11 2  1 0 0 1 1 0 1 0 0 1 1,"[0, 1, 13, 54]"
60,10,0.005344735435595938,11,11 2  1 1 1 1 1 0 1 1 1 1 1,"[0, 1, 6, 25]"
60,10,0.00013606645485655193,13,11 2  1 1 1 1 1 1 0 1 0 0 1,"[0, 1, 9, 28]"
60,10,0.145985401459854,10,11 2  1 0 0 0 0 0 0 0 0 0 1,"[0, 1, 10, 41]"
60,10,0.0016969285593076533,8,11 2  1 0 0 0 1 0 0 0 1 0 1,"[0, 2, 4, 20]"
