21,3,0.0009445100354191264,7,4 2  1 0 1 1,"[0, 1, 2, 3, 8]"
21,3,0.0009720534629404617,7,4 2  1 1 0 1,"[0, 1, 2, 3, 16]"
21,3,0.02600780234070221,4,4 2  1 0 0 1,"[0, 1, 3, 4]"
42,6,0.0026079019428869475,13,7 2  1 0 1 0 0 0 1,"[0, 1, 2, 6, 29]"
42,6,0.00025623286442719146,8,7 2  1 0 1 0 0 1 1,"[0, 1, 3, 13]"
42,6,0.00021234578387446118,8,7 2  1 1 1 0 1 0 1,"[0, 1, 2, 3, 11]"
42,6,0.0001354196995036868,8,7 2  1 1 0 0 1 0 1,"[0, 1, 4, 6]"
42,6,0.00016648769239733952,10,7 2  1 0 1 0 1 1 1,"[0, 1, 2, 3, 13]"
42,6,0.03731343283582089,6,7 2  1 0 0 0 0 0 1,"[0, 1, 6, 7]"
42,6,0.0027905678805636948,13,7 2  1 0 0 0 1 0 1,"[0, 1, 2, 10, 15]"
