12,3,0.06042296072507553,3,4 2  1 1 1 1,"[0, 1, 2, 11]"
12,3,0.1652892561983471,5,4 2  1 0 0 1,"[0, 1, 3, 7]"
24,6,0.08583690987124463,7,7 2  1 1 1 0 1 1 1,"[0, 1, 4, 9]"
24,6,0.05763688760806916,7,7 2  1 1 0 1 0 1 1,"[0, 1, 3, 5, 6]"
24,6,0.18867924528301888,4,7 2  1 0 1 0 1 0 1,"[0, 2, 4, 14]"
24,6,0.2777777777777778,6,7 2  1 0 0 0 0 0 1,"[0, 1, 6, 13]"
36,9,0.36363636363636365,7,10 2  1 0 0 0 0 0 0 0 0 1,"[0, 1, 9, 19]"
36,9,0.1694915254237288,4,10 2  1 0 0 1 0 0 1 0 0 1,"[0, 3, 6, 9]"
48,12,0.3076923076923077,5,13 2  1 0 0 0 1 0 0 0 1 0 0 0 1,"[0, 4, 8, 12]"
48,12,0.1111111111111111,9,13 2  1 0 1 0 1 0 0 0 1 0 1 0 1,"[0, 2, 8, 18]"
48,12,0.7142857142857143,7,13 2  1 0 0 0 0 0 0 0 0 0 0 0 1,"[0, 1, 12, 25]"
48,12,0.09900990099009901,8,13 2  1 0 1 0 0 0 1 0 0 0 1 0 1,"[0, 2, 6, 10, 12]"
60,15,0.5263157894736842,7,16 2  1 0 0 0 0 0 0 0 0 0 0 0 0 0 0 1,"[0, 1, 15, 31]"
60,15,0.39215686274509803,5,16 2  1 0 0 0 0 1 0 0 0 0 1 0 0 0 0 1,"[0, 5, 10, 15]"
72,18,0.21978021978021978,9,19 2  1 0 0 1 0 0 0 0 0 1 0 0 0 0 0 1 0 0 1,"[0, 3, 9, 15, 18]"
72,18,0.5128205128205128,8,19 2  1 0 0 0 0 0 0 0 0 0 0 0 0 0 0 0 0 0 1,"[0, 1, 18, 37]"
72,18,0.24691358024691357,9,19 2  1 0 0 1 0 0 1 0 0 0 0 0 1 0 0 1 0 0 1,"[0, 3, 12, 27]"
72,18,0.37037037037037035,5,19 2  1 0 0 0 0 0 1 0 0 0 0 0 1 0 0 0 0 0 1,"[0, 6, 12, 18]"
84,21,0.10526315789473684,20,22 2  1 0 1 1 0 0 1 0 1 1 0 0 0 0 0 0 0 0 1 0 1 1,"[0, 1, 7, 42, 61]"
84,21,0.10869565217391304,9,22 2  1 0 0 1 0 0 0 0 0 1 0 0 1 0 0 1 0 0 0 0 0 1,"[0, 3, 12, 39]"
84,21,0.0970873786407767,20,22 2  1 1 0 1 0 0 0 0 0 0 0 0 1 1 0 1 0 0 1 1 0 1,"[0, 1, 7, 42, 73]"
84,21,0.8,8,22 2  1 0 0 0 0 0 0 0 0 0 0 0 0 0 0 0 0 0 0 0 0 1,"[0, 1, 21, 43]"
84,21,0.10256410256410256,10,22 2  1 0 0 0 0 0 1 0 0 1 0 0 1 0 0 0 0 0 1 0 0 1,"[0, 3, 12, 27]"
84,21,0.37735849056603776,5,22 2  1 0 0 0 0 0 0 1 0 0 0 0 0 0 1 0 0 0 0 0 0 1,"[0, 7, 14, 21]"
96,24,0.4,5,25 2  1 0 0 0 0 0 0 0 1 0 0 0 0 0 0 0 1 0 0 0 0 0 0 0 1,"[0, 8, 16, 24]"
96,24,0.6666666666666666,8,25 2  1 0 0 0 0 0 0 0 0 0 0 0 0 0 0 0 0 0 0 0 0 0 0 0 1,"[0, 1, 24, 49]"
96,24,0.1694915254237288,9,25 2  1 0 0 0 1 0 0 0 1 0 0 0 0 0 0 0 1 0 0 0 1 0 0 0 1,"[0, 4, 16, 36]"
96,24,0.20618556701030927,9,25 2  1 0 0 0 1 0 0 0 0 0 0 0 1 0 0 0 0 0 0 0 1 0 0 0 1,"[0, 4, 12, 20, 24]"
108,27,0.6060606060606061,5,28 2  1 0 0 0 0 0 0 0 0 1 0 0 0 0 0 0 0 0 1 0 0 0 0 0 0 0 0 1,"[0, 9, 18, 27]"
108,27,0.7142857142857143,8,28 2  1 0 0 0 0 0 0 0 0 0 0 0 0 0 0 0 0 0 0 0 0 0 0 0 0 0 0 1,"[0, 1, 27, 55]"
120,30,0.26666666666666666,10,31 2  1 0 0 0 0 1 0 0 0 0 1 0 0 0 0 0 0 0 0 0 1 0 0 0 0 1 0 0 0 0 1,"[0, 5, 20, 45]"
120,30,0.4,10,31 2  1 0 0 0 0 1 0 0 0 0 0 0 0 0 0 1 0 0 0 0 0 0 0 0 0 1 0 0 0 0 1,"[0, 5, 15, 25, 30]"
120,30,0.5882352941176471,6,31 2  1 0 0 0 0 0 0 0 0 0 1 0 0 0 0 0 0 0 0 0 1 0 0 0 0 0 0 0 0 0 1,"[0, 10, 20, 30]"
120,30,0.9090909090909091,8,31 2  1 0 0 0 0 0 0 0 0 0 0 0 0 0 0 0 0 0 0 0 0 0 0 0 0 0 0 0 0 0 1,"[0, 1, 30, 61]"
