12,2,0.04008016032064128,0,3 2  1 0 1,"[0, 10]"
12,2,0.008173273395995096,2,3 2  1 1 1,"[0, 1, 5]"
24,4,0.02677376171352075,2,5 2  1 0 1 0 1,"[0, 2, 4]"
24,4,0.015220700152207,5,5 2  1 1 0 1 1,"[0, 1, 3, 4]"
24,4,0.062111801242236024,0,5 2  1 0 0 0 1,"[0, 4]"
36,6,0.02617801047120419,2,7 2  1 0 0 1 0 0 1,"[0, 3, 6]"
36,6,0.06872852233676977,0,7 2  1 0 0 0 0 0 1,"[0, 6]"
36,6,0.0030129557095510697,12,7 2  1 1 0 1 0 1 1,"[0, 1, 3, 5, 6]"
36,6,0.005482456140350877,5,7 2  1 1 1 0 1 1 1,"[0, 1, 4, 9]"
48,8,0.0966183574879227,0,9 2  1 0 0 0 0 0 0 0 1,"[0, 8]"
48,8,0.056022408963585436,2,9 2  1 0 0 0 1 0 0 0 1,"[0, 4, 8]"
48,8,0.022701475595913734,5,9 2  1 0 1 0 0 0 1 0 1,"[0, 2, 6, 8]"
60,10,0.0044014084507042256,11,11 2  1 1 0 0 1 0 1 1 0 0 1,"[0, 1, 7, 48]"
60,10,0.17543859649122806,0,11 2  1 0 0 0 0 0 0 0 0 0 1,"[0, 50]"
60,10,0.00015993090984694612,13,11 2  1 0 0 1 0 1 1 1 1 1 1,"[0, 1, 33, 52]"
60,10,0.04405286343612335,2,11 2  1 0 0 0 0 1 0 0 0 0 1,"[0, 5, 10]"
60,10,0.005707762557077625,12,11 2  1 1 1 1 1 0 1 1 1 1 1,"[0, 1, 6, 25]"
60,10,0.00010924902222125112,12,11 2  1 1 1 1 1 1 0 1 0 0 1,"[0, 1, 9, 28]"
60,10,0.0011783420727037059,7,11 2  1 0 0 0 1 0 0 0 1 0 1,"[0, 2, 4, 20]"
60,10,0.00002317781790115588,14,11 2  1 1 0 0 0 0 0 1 1 0 1,"[0, 1, 3, 6, 17]"
60,10,0.0048484848484848485,11,11 2  1 0 0 1 1 0 1 0 0 1 1,"[0, 1, 13, 54]"
60,10,0.000011183005410338018,13,11 2  1 0 1 1 0 0 0 0 0 1 1,"[0, 1, 3, 17, 42]"
60,10,0.0013989927252378287,7,11 2  1 0 1 0 0 0 1 0 0 0 1,"[0, 2, 4, 44]"
60,10,0.0015446400988569664,12,11 2  1 0 1 1 0 0 0 1 1 0 1,"[0, 3, 8, 35]"
60,10,0.000017667782092642783,13,11 2  1 0 0 1 1 1 1 1 0 0 1,"[0, 1, 3, 17, 54]"
72,12,0.05333333333333334,3,13 2  1 0 0 0 0 0 1 0 0 0 0 0 1,"[0, 6, 12]"
72,12,0.16666666666666666,0,13 2  1 0 0 0 0 0 0 0 0 0 0 0 1,"[0, 12]"
72,12,0.04938271604938271,12,13 2  1 1 1 1 0 0 0 0 0 1 1 1 1,"[0, 1, 9, 28]"
72,12,0.018034265103697024,6,13 2  1 0 1 0 1 0 0 0 1 0 1 0 1,"[0, 2, 8, 18]"
72,12,0.004545454545454545,13,13 2  1 0 1 0 0 0 1 0 0 0 1 0 1,"[0, 2, 6, 10, 12]"
72,12,0.025157232704402517,5,13 2  1 0 0 1 0 0 0 0 0 1 0 0 1,"[0, 3, 9, 12]"