45,6,0.000051800185962667606,8,7 2  1 0 0 1 1 1 1,"[0, 1, 2, 3, 12]"
45,6,0.00004126118951883264,8,7 2  1 0 1 1 1 0 1,"[0, 1, 2, 3, 9]"
60,8,0.0007968127490039841,6,9 2  1 0 0 1 0 1 0 0 1,"[0, 2, 5, 57]"
105,14,0.000000999999000001,20,15 2  1 1 0 0 0 0 0 0 0 1 1 0 1 1 1,"[0, 1, 5, 40, 64]"
45,6,0.0000718081286801666,9,7 2  1 1 1 1 0 0 1,"[0, 1, 2, 3, 6]"
15,2,0.002754062241806665,6,3 2  1 1 1,"[0, 1, 2, 4, 7]"
90,12,0.012484394506866416,19,13 2  1 0 0 0 0 0 1 0 0 0 0 0 1,"[0, 1, 6, 12, 19]"
90,12,0.0037362226788716607,6,13 2  1 0 0 1 0 0 1 0 0 1 0 0 1,"[0, 3, 6, 9, 12]"
60,8,0.0007067387540195766,7,9 2  1 1 1 1 0 1 1 1 1,"[0, 1, 5, 16]"
60,8,0.0002098525785635591,11,9 2  1 1 1 0 1 0 0 0 1,"[0, 1, 2, 4, 23]"
60,8,0.00007491029492183111,10,9 2  1 0 0 1 0 0 0 1 1,"[0, 1, 4, 25]"
90,12,0.0004767239529950182,20,13 2  1 0 0 0 0 0 0 0 0 1 0 0 1,"[0, 1, 3, 36, 46]"
105,14,0.013577732518669382,21,15 2  1 0 0 0 0 0 0 1 0 0 0 0 0 0 1,"[0, 1, 7, 14, 22]"
105,14,0.000000999999000001,19,15 2  1 0 1 0 0 1 1 1 1 0 1 0 1 0 1,"[0, 1, 2, 13, 24]"
60,8,0.0002961558964638986,14,9 2  1 0 0 0 0 0 1 0 1,"[0, 1, 2, 24, 31]"
60,8,0.0000049410092900856675,13,9 2  1 1 0 0 1 0 0 1 1,"[0, 1, 2, 4, 13]"
90,12,0.02881844380403458,8,13 2  1 1 1 0 0 0 0 0 0 0 1 1 1,"[0, 1, 10, 21]"
105,14,0.0000010139181045166047,20,15 2  1 1 1 0 0 1 1 0 0 0 1 1 0 1 1,"[0, 1, 2, 69, 88]"
90,12,0.0005422258370611359,22,13 2  1 0 0 1 0 0 0 0 0 0 0 0 1,"[0, 1, 3, 12, 46]"
105,14,0.000000999999000001,21,15 2  1 0 0 0 0 1 0 1 0 1 1 1 1 1 1,"[0, 1, 3, 14, 99]"
60,8,0.00033745022609165147,15,9 2  1 0 1 0 0 0 0 0 1,"[0, 1, 2, 8, 31]"
105,14,0.000000999999000001,21,15 2  1 1 1 1 1 1 0 1 0 1 0 0 0 0 1,"[0, 1, 5, 64, 70]"
30,4,0.0001532719734532942,8,5 2  1 1 0 0 1,"[0, 1, 2, 4, 17]"
60,8,0.000015867311196847482,11,9 2  1 0 1 1 1 0 0 1 1,"[0, 1, 3, 52]"
105,14,0.000000999999000001,19,15 2  1 1 0 1 1 0 0 0 1 1 0 0 1 1 1,"[0, 1, 2, 19, 38]"
60,8,0.000014784107675613024,11,9 2  1 1 0 0 1 1 1 0 1,"[0, 1, 9, 58]"
30,4,0.0016777116013757234,6,5 2  1 1 1 1 1,"[0, 1, 2, 3, 19]"
75,10,0.009615384615384616,18,11 2  1 0 0 0 0 1 0 0 0 0 1,"[0, 1, 5, 10, 16]"
30,4,0.006209251785159888,8,5 2  1 0 1 0 1,"[0, 1, 2, 4, 7]"
90,12,0.00012778083031983543,9,13 2  1 0 1 0 1 0 1 0 0 0 0 0 1,"[0, 2, 4, 6, 12]"
90,12,0.0001386145475967703,10,13 2  1 0 0 0 0 0 1 0 1 0 1 0 1,"[0, 2, 4, 6, 24]"
105,14,0.000000999999000001,19,15 2  1 0 1 0 1 0 1 1 1 1 0 0 1 0 1,"[0, 1, 2, 83, 94]"
60,8,0.00590493061706525,5,9 2  1 0 1 0 0 0 1 0 1,"[0, 2, 6, 8]"
60,8,0.00000589568412339431,15,9 2  1 1 1 1 0 1 1 0 1,"[0, 1, 3, 12, 17]"
90,12,0.007254261878853826,6,13 2  1 0 0 1 0 0 0 0 0 1 0 0 1,"[0, 3, 9, 12]"
30,4,0.00011170376162417269,8,5 2  1 0 0 1 1,"[0, 1, 2, 9, 16]"
60,8,0.00019094719355362274,13,9 2  1 0 0 0 1 0 1 1 1,"[0, 1, 2, 9, 13]"
30,4,0.003663003663003663,5,5 2  1 1 0 1 1,"[0, 1, 3, 10]"
45,6,0.008532423208191127,13,7 2  1 0 0 1 0 0 1,"[0, 1, 3, 6, 19]"
60,8,0.007619047619047619,15,9 2  1 0 0 0 1 0 0 0 1,"[0, 1, 4, 8, 13]"
105,14,0.0000010251898369650853,21,15 2  1 1 1 0 1 1 0 0 0 0 0 0 0 1 1,"[0, 1, 7, 73, 92]"
60,8,0.00006579207073963446,10,9 2  1 1 0 0 0 1 0 0 1,"[0, 1, 5, 8]"
60,8,0.002972209838014564,6,9 2  1 0 1 0 1 0 1 0 1,"[0, 2, 4, 6, 8]"
90,12,0.0029717682020802376,18,13 2  1 1 1 0 0 1 1 1 0 0 1 1 1,"[0, 1, 6, 11, 15]"
90,12,0.00014610804690068306,9,13 2  1 0 0 0 1 0 1 0 1 0 0 0 1,"[0, 2, 4, 6, 18]"
60,8,0.000006181839424866387,15,9 2  1 0 1 1 0 1 1 1 1,"[0, 1, 3, 6, 47]"
