20,4,0.09523809523809523,4,5 2  1 0 0 0 1,"[0, 1, 4, 9]"
20,4,0.0333889816360601,5,5 2  1 1 1 1 1,"[0, 1, 2, 3, 9]"
40,8,0.05089058524173028,6,9 2  1 0 1 0 1 0 1 0 1,"[0, 2, 4, 6, 8]"
40,8,0.18518518518518517,5,9 2  1 0 0 0 0 0 0 0 1,"[0, 1, 8, 9]"
40,8,0.019065776930409915,10,9 2  1 1 1 1 0 1 1 1 1,"[0, 1, 5, 16]"
60,12,0.0012531328320802004,15,13 2  1 0 0 1 1 0 1 0 1 1 1 1 1,"[0, 1, 12, 31, 46]"
60,12,0.008565310492505354,8,13 2  1 0 1 0 1 0 1 0 0 0 0 0 1,"[0, 2, 4, 6, 12]"
60,12,0.009302325581395349,8,13 2  1 0 0 0 0 0 1 0 1 0 1 0 1,"[0, 2, 4, 6, 24]"
60,12,0.05141388174807198,15,13 2  1 1 1 0 0 1 1 1 0 0 1 1 1,"[0, 1, 6, 11, 15]"
60,12,0.13333333333333333,9,13 2  1 1 1 0 0 0 0 0 0 0 1 1 1,"[0, 1, 10, 21]"
60,12,0.2597402597402597,6,13 2  1 0 0 0 0 0 0 0 0 0 0 0 1,"[0, 1, 12, 13]"
60,12,0.0027835768963117608,8,13 2  1 0 1 0 1 0 1 0 1 0 0 0 1,"[0, 2, 4, 50]"
60,12,0.12987012987012986,6,13 2  1 0 1 0 0 0 0 0 0 0 1 0 1,"[0, 2, 10, 12]"
60,12,0.003938558487593541,8,13 2  1 0 0 0 1 0 1 0 1 0 1 0 1,"[0, 2, 4, 14]"
60,12,0.007401924500370096,8,13 2  1 0 0 0 1 0 1 0 1 0 0 0 1,"[0, 2, 4, 6, 18]"
60,12,0.010015022533800702,16,13 2  1 1 1 1 0 1 1 1 0 1 1 1 1,"[0, 1, 4, 8, 37]"
60,12,0.009376465072667605,15,13 2  1 0 0 1 0 0 0 1 0 0 0 1 1,"[0, 1, 4, 13, 44]"
60,12,0.0013053126223730584,14,13 2  1 1 1 1 1 0 1 0 1 1 0 0 1,"[0, 1, 4, 31, 46]"
60,12,0.008699434536755112,14,13 2  1 1 0 0 0 1 0 0 0 1 0 0 1,"[0, 1, 5, 9, 12]"
60,12,0.09852216748768473,6,13 2  1 0 0 1 0 0 1 0 0 1 0 0 1,"[0, 3, 6, 9, 12]"
80,16,0.4878048780487805,6,17 2  1 0 0 0 0 0 0 0 0 0 0 0 0 0 0 0 1,"[0, 1, 16, 17]"
80,16,0.10869565217391304,7,17 2  1 0 0 0 1 0 0 0 1 0 0 0 1 0 0 0 1,"[0, 4, 8, 12, 16]"
80,16,0.03773584905660377,11,17 2  1 0 1 0 1 0 1 0 0 0 1 0 1 0 1 0 1,"[0, 2, 10, 32]"
